
[38;2;0;0;0m            [38;2;49;49;49m██████[38;2;0;0;0m                            
[38;2;0;0;0m        [38;2;49;49;49m████[38;2;115;123;139m████[38;2;49;49;49m██[38;2;0;0;0m                            
[38;2;0;0;0m      [38;2;49;49;49m██[38;2;115;123;139m████[38;2;49;49;49m████[38;2;0;0;0m                              
[38;2;0;0;0m    [38;2;49;49;49m██[38;2;115;123;139m████[38;2;49;49;49m██[38;2;0;0;0m                              [38;2;49;49;49m████
[38;2;0;0;0m  [38;2;49;49;49m██[38;2;115;123;139m████[38;2;49;49;49m██[38;2;0;0;0m  [38;2;49;49;49m██████[38;2;0;0;0m                    [38;2;49;49;49m████[38;2;115;123;139m██[38;2;49;49;49m██
[38;2;0;0;0m  [38;2;49;49;49m██[38;2;115;123;139m██[38;2;82;82;82m██[38;2;49;49;49m████[38;2;255;255;255m██████[38;2;49;49;49m████[38;2;0;0;0m              [38;2;49;49;49m██[38;2;115;123;139m████[38;2;49;49;49m██[38;2;0;0;0m  
[38;2;49;49;49m██[38;2;98;98;106m████[38;2;82;82;82m██[38;2;255;255;255m████████████[38;2;189;189;189m██[38;2;49;49;49m██[38;2;0;0;0m          [38;2;49;49;49m██[38;2;115;123;139m████[38;2;49;49;49m██[38;2;0;0;0m    
[38;2;49;49;49m██[38;2;98;98;106m██[38;2;82;82;82m██[38;2;255;255;255m████[38;2;115;123;139m██[38;2;255;255;255m██████████[38;2;49;49;49m██[38;2;0;0;0m          [38;2;49;49;49m██[38;2;115;123;139m████[38;2;49;49;49m██[38;2;0;0;0m    
[38;2;49;49;49m██[38;2;98;98;106m██[38;2;82;82;82m██[38;2;255;255;255m████[38;2;115;123;139m██[38;2;255;255;255m████████[38;2;189;189;189m████[38;2;49;49;49m████[38;2;0;0;0m    [38;2;49;49;49m██[38;2;98;98;106m████[38;2;115;123;139m██[38;2;49;49;49m██[38;2;0;0;0m    
[38;2;49;49;49m██[38;2;98;98;106m████[38;2;82;82;82m██[38;2;255;255;255m██████[38;2;82;82;82m████[38;2;189;189;189m██████[38;2;82;82;82m██[38;2;255;255;255m██[38;2;49;49;49m████[38;2;82;82;82m██[38;2;98;98;106m██[38;2;82;82;82m██[38;2;49;49;49m████[38;2;0;0;0m    
[38;2;49;49;49m██[38;2;98;98;106m██[38;2;49;49;49m██[38;2;98;98;106m██[38;2;82;82;82m████[38;2;49;49;49m██[38;2;164;74;65m██[38;2;255;255;255m██[38;2;82;82;82m██[38;2;189;189;189m████[38;2;82;82;82m██[38;2;255;255;255m████[38;2;82;82;82m██[38;2;255;255;255m██[38;2;82;82;82m██[38;2;49;49;49m██[38;2;0;0;0m        
[38;2;0;0;0m  [38;2;49;49;49m██[38;2;0;0;0m  [38;2;49;49;49m██[38;2;115;123;139m████[38;2;230;82;74m████[38;2;98;98;106m██[38;2;82;82;82m██[38;2;189;189;189m████[38;2;82;82;82m██[38;2;255;255;255m██[38;2;115;123;139m██[38;2;255;255;255m██████[38;2;49;49;49m██[38;2;0;0;0m        
[38;2;0;0;0m      [38;2;49;49;49m██[38;2;115;123;139m████[38;2;98;98;106m████[38;2;82;82;82m██[38;2;189;189;189m████[38;2;82;82;82m██[38;2;189;189;189m██[38;2;255;255;255m████[38;2;98;98;106m██[38;2;255;255;255m██████[38;2;49;49;49m██[38;2;0;0;0m      
[38;2;0;0;0m        [38;2;49;49;49m██[38;2;98;98;106m████[38;2;82;82;82m████[38;2;189;189;189m██[38;2;82;82;82m██[38;2;189;189;189m████[38;2;115;123;139m██[38;2;82;82;82m████[38;2;255;255;255m██████[38;2;49;49;49m██[38;2;0;0;0m      
[38;2;0;0;0m          [38;2;49;49;49m██[38;2;82;82;82m██[38;2;189;189;189m██[38;2;82;82;82m████[38;2;189;189;189m████[38;2;255;255;255m████[38;2;82;82;82m██[38;2;189;189;189m██[38;2;255;255;255m██████[38;2;49;49;49m██[38;2;0;0;0m      
[38;2;0;0;0m        [38;2;49;49;49m██[38;2;255;255;255m████████[38;2;189;189;189m██████[38;2;82;82;82m████[38;2;189;189;189m██[38;2;49;49;49m██[38;2;189;189;189m██[38;2;255;255;255m████[38;2;189;189;189m██[38;2;49;49;49m████[38;2;0;0;0m  
[38;2;0;0;0m          [38;2;49;49;49m██[38;2;82;82;82m██[38;2;255;255;255m██████[38;2;189;189;189m████[38;2;82;82;82m██[38;2;189;189;189m██[38;2;49;49;49m██[38;2;0;0;0m  [38;2;49;49;49m████[38;2;189;189;189m██████[38;2;49;49;49m██[38;2;0;0;0m  
[38;2;0;0;0m            [38;2;49;49;49m██[38;2;82;82;82m██[38;2;255;255;255m████[38;2;189;189;189m████[38;2;82;82;82m██[38;2;189;189;189m██[38;2;49;49;49m██[38;2;0;0;0m      [38;2;49;49;49m██[38;2;189;189;189m████[38;2;49;49;49m██[38;2;0;0;0m  
[38;2;0;0;0m          [38;2;49;49;49m██[38;2;189;189;189m██[38;2;82;82;82m██[38;2;255;255;255m██[38;2;189;189;189m████[38;2;82;82;82m██[38;2;189;189;189m████[38;2;115;123;139m██[38;2;49;49;49m██[38;2;0;0;0m    [38;2;49;49;49m██[38;2;189;189;189m██[38;2;49;49;49m██[38;2;0;0;0m    
[38;2;0;0;0m        [38;2;49;49;49m██[38;2;189;189;189m██████[38;2;49;49;49m██[38;2;189;189;189m██[38;2;49;49;49m████[38;2;189;189;189m██████[38;2;49;49;49m██[38;2;0;0;0m  [38;2;49;49;49m██[38;2;115;123;139m████[38;2;49;49;49m██[38;2;0;0;0m    
[38;2;0;0;0m      [38;2;49;49;49m██[38;2;98;98;106m████[38;2;189;189;189m██[38;2;49;49;49m██[38;2;0;0;0m  [38;2;49;49;49m██[38;2;0;0;0m  [38;2;49;49;49m██[38;2;255;255;255m██[38;2;189;189;189m██[38;2;49;49;49m██[38;2;0;0;0m      [38;2;49;49;49m████[38;2;0;0;0m      
[38;2;0;0;0m        [38;2;49;49;49m██████[38;2;0;0;0m      [38;2;49;49;49m██[38;2;255;255;255m████[38;2;189;189;189m██[38;2;49;49;49m██[38;2;0;0;0m                
[38;2;0;0;0m                  [38;2;49;49;49m██[38;2;115;123;139m██[38;2;82;82;82m████[38;2;189;189;189m██[38;2;49;49;49m██[38;2;0;0;0m                
[38;2;0;0;0m                  [38;2;49;49;49m████[38;2;82;82;82m██[38;2;115;123;139m██[38;2;49;49;49m██[38;2;0;0;0m                  
[38;2;0;0;0m                      [38;2;49;49;49m████[38;2;0;0;0m                    [0m
