
[38;2;0;0;0m                    ████████                                      
[38;2;0;0;0m                ████[38;2;255;126;143m████████[38;2;0;0;0m████                                  
[38;2;0;0;0m            ████[38;2;255;165;151m████[38;2;255;126;143m████████[38;2;148;222;132m████[38;2;0;0;0m██                                
[38;2;0;0;0m          ██[38;2;255;165;154m████████[38;2;255;162;154m██[38;2;255;123;143m████[38;2;148;222;132m████[38;2;255;123;143m████[38;2;0;0;0m██                              
[38;2;0;0;0m        ██[38;2;255;165;151m██[38;2;255;165;154m████████[38;2;255;162;154m██[38;2;255;123;143m██[38;2;148;222;132m████[38;2;255;123;143m██████[38;2;0;0;0m██                              
[38;2;0;0;0m      ██[38;2;255;148;151m████[38;2;74;74;66m██[38;2;255;165;151m██[38;2;255;162;154m████[38;2;255;123;143m██[38;2;148;222;132m████[38;2;255;123;143m████[38;2;208;105;118m██[38;2;206;107;118m████[38;2;0;0;0m██                            
[38;2;0;0;0m      ██[38;2;255;148;151m██[38;2;82;82;66m██[38;2;74;74;66m██[38;2;255;165;151m██[38;2;255;123;143m██████[38;2;148;222;132m████[38;2;255;123;143m██[38;2;208;105;118m████[38;2;79;80;71m██[38;2;206;107;118m██[38;2;0;0;0m██                            
[38;2;0;0;0m    ██[38;2;255;123;143m██[38;2;66;66;66m████[38;2;74;70;66m████[38;2;255;126;143m████[38;2;148;225;129m████[38;2;148;222;132m██[38;2;222;111;126m██[38;2;206;107;118m██[38;2;79;80;71m██[38;2;206;107;118m████[38;2;0;0;0m██                            
[38;2;0;0;0m    ██[38;2;255;123;143m████[38;2;66;66;66m██[38;2;74;70;66m██[38;2;255;123;143m██[38;2;255;126;143m████[38;2;148;225;129m████[38;2;222;111;126m████[38;2;206;107;118m██[38;2;79;80;71m██[38;2;206;107;118m██[38;2;79;80;71m██[38;2;0;0;0m██    ████        ████        
[38;2;0;0;0m    ██[38;2;255;123;143m████[38;2;66;66;66m██[38;2;255;126;143m████████[38;2;148;225;129m████[38;2;209;107;118m████[38;2;206;107;118m████[38;2;71;77;77m██[38;2;0;0;0m██  ████[38;2;123;148;187m██[38;2;0;0;0m██      ██[38;2;99;115;127m████[38;2;0;0;0m██      
[38;2;0;0;0m    ██[38;2;255;123;143m████[38;2;66;66;66m██[38;2;255;126;143m████████[38;2;148;225;129m████[38;2;209;107;118m████[38;2;79;80;71m██[38;2;206;107;118m██[38;2;71;77;77m██[38;2;107;115;115m██[38;2;0;0;0m██[38;2;99;115;127m██[38;2;123;148;187m██[38;2;0;0;0m██    ████[38;2;99;115;127m████[38;2;0;0;0m██        
[38;2;0;0;0m      ██[38;2;255;123;143m████[38;2;255;126;143m████████[38;2;148;222;132m████[38;2;74;70;66m████[38;2;66;66;66m██[38;2;206;107;118m██[38;2;57;70;73m██[38;2;127;94;103m██[38;2;101;118;128m██[38;2;121;153;190m██[38;2;123;156;187m██[38;2;66;66;66m██[38;2;0;0;0m████[38;2;99;118;128m████[38;2;99;115;127m██[38;2;0;0;0m██          
[38;2;0;0;0m    ██[38;2;99;115;127m██[38;2;82;57;58m██[38;2;140;79;86m██[38;2;255;126;143m████████[38;2;55;74;49m██[38;2;8;0;8m██[38;2;255;255;255m██[38;2;74;70;66m██[38;2;66;66;66m██[38;2;206;107;118m██[38;2;198;119;134m██[38;2;57;70;73m██[38;2;121;153;190m████[38;2;66;66;66m██[38;2;94;111;126m██[38;2;99;115;127m████[38;2;99;118;128m████[38;2;99;115;127m██[38;2;0;0;0m██          
[38;2;0;0;0m  ██[38;2;99;115;127m██[38;2;66;66;66m██[38;2;255;140;143m████[38;2;255;123;143m██[38;2;140;79;86m██[38;2;66;66;66m████[38;2;255;255;255m██[38;2;0;0;0m██[38;2;255;255;255m██[38;2;66;66;66m██[38;2;209;107;118m████[38;2;164;127;152m██[38;2;74;74;66m██[38;2;123;156;187m██[38;2;46;57;62m██[38;2;0;0;0m██████████████    ██████  
[38;2;0;0;0m  ██[38;2;99;115;127m██[38;2;66;66;66m██[38;2;156;65;76m██[38;2;255;140;143m██[38;2;255;123;143m██[38;2;82;57;58m██[38;2;66;66;66m████[38;2;85;85;85m██[38;2;255;255;255m██[38;2;66;66;66m████[38;2;209;107;118m████[38;2;74;74;66m██[38;2;164;127;152m██[38;2;123;156;187m██[38;2;8;8;0m██[38;2;0;0;0m                ██[38;2;123;148;187m██████[38;2;0;0;0m██
[38;2;0;0;0m    [38;2;8;4;0m██[38;2;107;119;131m██[38;2;66;61;58m████[38;2;82;57;58m██[38;2;197;101;115m██[38;2;206;107;118m██[38;2;79;80;71m██[38;2;66;66;66m████[38;2;69;71;66m██[38;2;206;107;118m██[38;2;85;79;69m████[38;2;123;148;187m████[38;2;53;59;65m██[38;2;107;119;131m██[38;2;0;0;0m██████      ████[38;2;123;148;187m██████[38;2;0;0;0m██  
[38;2;0;0;0m  ██[38;2;57;61;65m████[38;2;160;88;96m██[38;2;255;115;135m██[38;2;255;123;143m██[38;2;140;79;86m██[38;2;206;107;118m██████[38;2;66;66;66m██[38;2;69;71;66m████[38;2;123;148;187m██████[38;2;0;0;0m██████[38;2;99;115;127m████[38;2;123;148;187m██[38;2;0;0;0m██████[38;2;123;148;187m██████[38;2;0;0;0m████    
[38;2;0;0;0m██[38;2;123;148;187m██[38;2;121;153;190m██[38;2;101;118;128m██[38;2;66;66;66m██████[38;2;206;107;118m██[38;2;66;66;66m████[38;2;66;70;66m██[38;2;123;156;187m██[38;2;121;153;190m██[38;2;101;118;128m██[38;2;123;156;187m████[38;2;0;0;0m██      ██[38;2;123;148;187m██████[38;2;121;151;188m████████[38;2;0;0;0m██        
[38;2;0;0;0m██[38;2;123;148;187m██[38;2;101;118;128m██[38;2;121;153;190m██[38;2;121;154;190m████[38;2;66;66;66m████[38;2;121;154;190m████[38;2;94;113;126m██[38;2;123;156;187m██[38;2;121;153;190m████[38;2;85;105;125m██[38;2;8;4;0m██[38;2;0;0;0m          ████[38;2;123;148;187m██[38;2;121;151;188m████████[38;2;0;0;0m██        
[38;2;0;0;0m  ██[38;2;88;104;125m██[38;2;132;156;188m██[38;2;98;115;128m██[38;2;74;74;68m██[38;2;121;154;190m████[38;2;121;153;190m████[38;2;101;118;128m██[38;2;121;153;190m██[38;2;121;154;190m████[38;2;123;148;187m██[38;2;0;0;0m██              ██████████          
[38;2;0;0;0m    ████[38;2;74;74;68m██[38;2;123;156;187m██[38;2;66;66;66m████[38;2;121;153;190m██[38;2;101;118;128m██[38;2;121;153;190m████[38;2;66;66;66m██[38;2;121;154;190m██[38;2;0;0;0m██                                    
[38;2;0;0;0m        ██[38;2;123;148;187m██[38;2;121;151;188m████[38;2;66;66;66m████████[38;2;132;156;188m██[38;2;0;0;0m██                                      
[38;2;0;0;0m        ██[38;2;123;148;187m██[38;2;121;151;188m████[38;2;121;154;190m████[38;2;123;156;187m██[38;2;94;111;126m██[38;2;88;104;125m██[38;2;0;0;0m██                                      
[38;2;0;0;0m      ██[38;2;121;153;190m██[38;2;101;118;128m████[38;2;121;153;190m██[38;2;101;118;128m██████[38;2;121;153;190m██[38;2;0;0;0m██                                        
[38;2;0;0;0m      ██[38;2;121;153;190m████[38;2;101;118;128m████[38;2;121;153;190m████████[38;2;66;66;66m██[38;2;0;0;0m██████                                  
[38;2;0;0;0m      ██[38;2;91;111;125m██[38;2;132;165;188m██[38;2;121;153;190m██████[38;2;101;118;128m██[38;2;96;112;125m██[38;2;68;68;63m██[38;2;99;115;127m████████[38;2;0;0;0m██                                
[38;2;0;0;0m        [38;2;8;4;0m██[38;2;91;111;125m██[38;2;101;118;128m██████[38;2;121;153;190m██[38;2;123;156;187m██[38;2;96;112;125m██[38;2;99;115;127m██[38;2;0;0;0m██████                                  
[38;2;0;0;0m        ██[38;2;66;66;66m██[38;2;123;148;187m████[38;2;123;156;187m██[38;2;46;55;62m██[38;2;0;0;0m██████                                        
[38;2;0;0;0m          ██████[38;2;8;4;0m████[38;2;0;0;0m                                              [0m
