
[38;2;0;0;0m                  [38;2;49;49;49m  [38;2;0;0;0m                    
[38;2;0;0;0m                [38;2;1;1;0m  [38;2;192;192;181m██[38;2;0;0;0m                    
[38;2;0;0;0m                [38;2;63;63;57m██[38;2;185;184;161m██[38;2;123;111;51m██[38;2;0;0;0m                  
[38;2;0;0;0m                [38;2;51;51;39m██[38;2;120;114;72m██[38;2;123;111;51m██[38;2;0;0;0m                  
[38;2;0;0;0m              [38;2;5;2;0m  [38;2;202;199;164m██[38;2;156;140;68m██[38;2;90;86;66m██[38;2;41;37;17m██[38;2;0;0;0m                
[38;2;0;0;0m              [38;2;0;0;10m  [38;2;194;180;93m██[38;2;97;91;66m██[38;2;133;122;68m██[38;2;19;19;16m██[38;2;0;0;0m                
[38;2;0;0;0m        [38;2;138;124;58m██[38;2;14;13;11m  [38;2;15;13;12m  [38;2;69;63;42m██[38;2;174;160;78m██[38;2;93;87;62m██[38;2;135;121;55m██[38;2;128;115;49m██[38;2;48;43;21m  [38;2;0;0;3m  [38;2;20;19;9m    [38;2;0;0;0m        
[38;2;0;0;0m        [38;2;143;129;63m██[38;2;172;159;82m██[38;2;74;66;48m██[38;2;172;158;75m██[38;2;185;171;78m██[38;2;182;168;77m██[38;2;161;144;66m██[38;2;96;91;66m██[38;2;92;88;68m██[38;2;91;84;50m██[38;2;200;185;87m██[38;2;53;49;23m██[38;2;0;0;0m        
[38;2;0;0;0m        [38;2;97;88;47m██[38;2;139;131;75m██[38;2;218;204;111m██[38;2;155;148;99m██[38;2;130;123;78m████[38;2;109;101;67m██[38;2;151;136;68m██[38;2;140;127;68m██[38;2;176;164;86m██[38;2;185;169;79m██[38;2;41;37;17m██[38;2;0;0;0m        
[38;2;0;0;0m      [38;2;0;2;0m  [38;2;82;81;56m██[38;2;90;82;43m██[38;2;192;192;166m██[38;2;224;212;126m██[38;2;214;198;94m██[38;2;214;197;94m██[38;2;165;147;69m██[38;2;93;89;66m██[38;2;92;88;66m██[38;2;165;148;69m██[38;2;142;129;69m██[38;2;18;18;17m██[38;2;0;0;0m        
[38;2;0;0;0m      [38;2;61;63;61m██[38;2;33;34;34m  [38;2;47;42;22m  [38;2;55;50;28m██[38;2;95;92;107m██[38;2;145;142;154m██[38;2;54;52;62m██[38;2;54;52;46m██[38;2;101;93;55m██[38;2;116;113;99m██[38;2;152;139;70m██[38;2;96;90;61m██[38;2;70;70;70m██[38;2;29;29;29m  [38;2;0;0;0m      
[38;2;0;0;0m    [38;2;20;20;20m  ██[38;2;0;0;0m    [38;2;20;18;15m██[38;2;106;95;137m██[38;2;149;139;188m██[38;2;27;26;39m██[38;2;102;92;50m██[38;2;90;86;68m██[38;2;123;123;125m██[38;2;0;0;8m██[38;2;0;0;0m    [38;2;81;81;81m██[38;2;20;20;20m  [38;2;0;0;0m    
[38;2;0;0;0m    [38;2;9;9;9m  [38;2;41;41;41m██[38;2;0;0;0m    [38;2;8;8;8m  [38;2;96;83;74m██[38;2;117;100;88m████[38;2;101;95;67m██[38;2;140;140;140m██[38;2;0;0;0m        [38;2;20;20;20m██[38;2;52;52;52m██[38;2;0;0;0m    
[38;2;0;0;0m      [38;2;58;58;58m  [38;2;62;62;62m██[38;2;6;5;4m██[38;2;157;140;97m██[38;2;99;95;85m██[38;2;162;131;107m██[38;2;202;182;97m██[38;2;165;134;107m██[38;2;103;85;70m██[38;2;0;0;0m      [38;2;2;2;2m  [38;2;81;81;81m██[38;2;78;78;78m██[38;2;0;0;0m    
[38;2;0;0;0m        [38;2;44;42;42m██[38;2;139;120;87m██[38;2;188;168;98m██[38;2;112;104;100m██[38;2;122;108;72m██[38;2;195;177;84m██[38;2;171;155;72m██[38;2;169;145;97m██[38;2;27;27;27m  [38;2;0;0;0m  [38;2;46;46;46m██[38;2;73;73;73m██[38;2;26;26;26m  [38;2;0;0;0m      
[38;2;26;24;39m  [38;2;33;31;50m██[38;2;7;6;11m  [38;2;0;0;0m  [38;2;45;40;26m██[38;2;202;178;92m██[38;2;100;95;88m██[38;2;222;216;199m██[38;2;129;118;107m██[38;2;151;136;78m██[38;2;198;182;85m██[38;2;167;143;88m██[38;2;138;116;87m██[38;2;76;73;76m██[38;2;56;56;56m  [38;2;0;0;0m          
[38;2;0;0;0m  [38;2;86;80;128m██[38;2;103;96;154m██[38;2;73;68;100m██[38;2;86;78;85m██[38;2;145;128;96m██[38;2;119;104;94m██[38;2;106;96;89m██[38;2;93;90;84m██[38;2;135;124;92m██[38;2;171;155;71m██[38;2;209;193;91m██[38;2;140;115;98m██[38;2;46;46;46m██[38;2;30;30;30m  [38;2;0;0;0m    [38;2;71;60;104m  [38;2;94;80;138m██[38;2;23;20;34m██
[38;2;0;0;0m    [38;2;59;54;76m██[38;2;103;98;151m██[38;2;102;99;144m██[38;2;133;111;95m██[38;2;217;212;201m██[38;2;113;105;95m██[38;2;168;159;128m██[38;2;168;156;143m██[38;2;116;109;90m██[38;2;177;146;107m██[38;2;132;110;97m██[38;2;104;98;148m██[38;2;114;110;171m██[38;2;145;126;213m██[38;2;151;128;220m██[38;2;146;124;210m██[38;2;106;97;156m██[38;2;0;1;0m  
[38;2;0;0;0m    [38;2;23;21;24m██[38;2;83;81;101m██[38;2;110;104;160m██[38;2;78;75;93m██[38;2;117;109;88m██[38;2;206;187;89m██[38;2;137;121;93m██[38;2;92;85;79m██[38;2;110;98;87m██[38;2;112;96;83m██[38;2;117;116;126m██[38;2;105;100;155m██[38;2;121;112;180m██[38;2;152;130;223m██[38;2;142;123;208m██[38;2;129;112;181m██[38;2;13;13;19m  [38;2;0;0;0m  
[38;2;0;0;0m      [38;2;71;66;105m  [38;2;71;67;105m  [38;2;0;3;0m  [38;2;69;69;72m██[38;2;136;116;97m██[38;2;148;120;95m██[38;2;149;121;98m██[38;2;98;98;98m██[38;2;126;126;126m██[38;2;4;3;4m  [38;2;71;69;104m  [38;2;135;114;198m██[38;2;130;116;192m██[38;2;83;76;121m██[38;2;16;15;15m  [38;2;0;0;0m    
[38;2;0;0;0m            [38;2;19;19;19m██[38;2;117;117;117m██[38;2;177;176;171m██[38;2;178;177;159m██[38;2;166;166;166m██[38;2;19;19;19m██[38;2;0;0;0m    [38;2;11;10;17m  [38;2;47;40;69m██[38;2;0;0;0m        
[38;2;0;0;0m                [38;2;213;213;213m████[38;2;0;0;0m                    
[38;2;0;0;0m                [38;2;16;16;16m    [38;2;0;0;0m                    [0m
