
[38;2;0;0;0m    [38;2;49;49;49m██████[38;2;0;0;0m  [38;2;49;49;49m██████[38;2;0;0;0m      [38;2;49;49;49m████████[38;2;0;0;0m                          
[38;2;0;0;0m    [38;2;49;49;49m██[38;2;255;255;255m██[38;2;189;197;197m██[38;2;49;49;49m████[38;2;255;255;255m████[38;2;49;49;49m██████[38;2;189;197;197m██[38;2;255;255;255m██████[38;2;49;49;49m████[38;2;0;0;0m                      
[38;2;0;0;0m      [38;2;49;49;49m██[38;2;255;255;255m██[38;2;189;197;197m██[38;2;123;123;123m██[38;2;82;82;82m██[38;2;255;255;255m██████[38;2;123;123;123m██[38;2;255;255;255m██████████[38;2;189;197;197m██[38;2;49;49;49m██[38;2;0;0;0m                    
[38;2;0;0;0m        [38;2;49;49;49m██[38;2;189;197;197m████[38;2;123;123;123m██[38;2;82;82;82m██[38;2;255;255;255m██████[38;2;123;123;123m██[38;2;255;255;255m██[38;2;82;82;82m████[38;2;255;255;255m████[38;2;189;197;197m██[38;2;49;49;49m████[38;2;0;0;0m                
[38;2;0;0;0m          [38;2;49;49;49m██[38;2;82;82;82m██[38;2;255;255;255m████[38;2;82;82;82m██[38;2;255;255;255m████[38;2;82;82;82m██[38;2;255;255;255m██[38;2;82;82;82m████[38;2;255;255;255m████[38;2;189;197;197m██[38;2;82;82;82m██[38;2;255;255;255m██[38;2;49;49;49m████[38;2;0;0;0m            
[38;2;0;0;0m          [38;2;49;49;49m██[38;2;255;255;255m██████[38;2;189;197;197m██[38;2;82;82;82m████[38;2;189;197;197m████[38;2;255;255;255m████[38;2;189;197;197m████[38;2;82;82;82m██[38;2;255;255;255m████████[38;2;49;49;49m██[38;2;0;0;0m          
[38;2;0;0;0m      [38;2;49;49;49m████[38;2;255;255;255m██████████[38;2;123;123;123m██████[38;2;189;197;197m████████[38;2;82;82;82m██[38;2;255;255;255m████[38;2;156;164;164m██[38;2;123;123;123m██[38;2;49;49;49m████[38;2;0;0;0m          
[38;2;0;0;0m  [38;2;49;49;49m████[38;2;255;255;255m████████[38;2;189;197;197m██[38;2;123;123;123m████[38;2;32;148;222m██[38;2;106;189;246m██[38;2;189;197;197m██[38;2;123;123;123m██████[38;2;82;82;82m████████[38;2;156;164;164m██[38;2;189;197;197m██[38;2;49;49;49m██[38;2;0;0;0m            
[38;2;49;49;49m██[38;2;255;255;255m██████[38;2;189;197;197m████[38;2;123;123;123m██[38;2;82;82;82m██[38;2;189;197;197m██[38;2;106;189;246m██[38;2;49;49;49m██[38;2;106;189;246m██[38;2;189;197;197m██[38;2;123;123;123m██[38;2;189;197;197m██[38;2;82;82;82m██████[38;2;123;123;123m██[38;2;82;82;82m████[38;2;189;197;197m████[38;2;49;49;49m██[38;2;0;0;0m          
[38;2;0;0;0m  [38;2;49;49;49m██████████[38;2;82;82;82m████[38;2;189;197;197m████████[38;2;123;123;123m██[38;2;189;197;197m████[38;2;82;82;82m████[38;2;123;123;123m██████[38;2;82;82;82m██[38;2;49;49;49m██████[38;2;0;0;0m    [38;2;49;49;49m██████
[38;2;0;0;0m          [38;2;49;49;49m██[38;2;82;82;82m██[38;2;189;197;197m██[38;2;123;123;123m████[38;2;189;197;197m██[38;2;123;123;123m██[38;2;189;197;197m████[38;2;82;82;82m████[38;2;123;123;123m██████████[38;2;49;49;49m██[38;2;0;0;0m      [38;2;49;49;49m██[38;2;82;82;82m██[38;2;123;123;123m██[38;2;49;49;49m██
[38;2;0;0;0m        [38;2;49;49;49m██[38;2;123;123;123m████[38;2;82;82;82m██[38;2;189;197;197m██[38;2;123;123;123m████[38;2;189;197;197m████[38;2;82;82;82m██████[38;2;123;123;123m██[38;2;82;82;82m██████[38;2;123;123;123m██[38;2;49;49;49m██[38;2;0;0;0m    [38;2;49;49;49m██[38;2;123;123;123m████[38;2;49;49;49m██[38;2;0;0;0m  
[38;2;0;0;0m      [38;2;49;49;49m██[38;2;255;255;255m██[38;2;123;123;123m██████[38;2;82;82;82m██[38;2;189;197;197m████[38;2;82;82;82m████[38;2;123;123;123m████[38;2;82;82;82m████[38;2;255;255;255m██████[38;2;49;49;49m██[38;2;0;0;0m      [38;2;49;49;49m██[38;2;82;82;82m██[38;2;49;49;49m██[38;2;0;0;0m    
[38;2;0;0;0m      [38;2;49;49;49m████[38;2;189;197;197m██[38;2;82;82;82m██[38;2;49;49;49m████[38;2;82;82;82m████[38;2;123;123;123m████[38;2;82;82;82m██████[38;2;189;197;197m██[38;2;123;123;123m████[38;2;189;197;197m██[38;2;255;255;255m██[38;2;49;49;49m██[38;2;0;0;0m  [38;2;49;49;49m██[38;2;123;123;123m████[38;2;49;49;49m██[38;2;0;0;0m    
[38;2;0;0;0m        [38;2;49;49;49m██████[38;2;0;0;0m    [38;2;49;49;49m██[38;2;82;82;82m████████[38;2;123;123;123m██[38;2;82;82;82m████[38;2;123;123;123m██████[38;2;189;197;197m██[38;2;49;49;49m████[38;2;82;82;82m██[38;2;123;123;123m██[38;2;82;82;82m████[38;2;49;49;49m██[38;2;0;0;0m  
[38;2;0;0;0m                  [38;2;49;49;49m██[38;2;82;82;82m██[38;2;123;123;123m████[38;2;82;82;82m██[38;2;123;123;123m██[38;2;82;82;82m██[38;2;255;255;255m██[38;2;82;82;82m██[38;2;255;255;255m██[38;2;123;123;123m██[38;2;82;82;82m████[38;2;123;123;123m██[38;2;82;82;82m████[38;2;123;123;123m████[38;2;82;82;82m██[38;2;49;49;49m██
[38;2;0;0;0m                [38;2;49;49;49m██[38;2;123;123;123m██[38;2;82;82;82m██[38;2;123;123;123m████[38;2;82;82;82m██[38;2;123;123;123m████[38;2;82;82;82m██████[38;2;255;255;255m██[38;2;82;82;82m██[38;2;123;123;123m██[38;2;82;82;82m██[38;2;123;123;123m██[38;2;82;82;82m██[38;2;123;123;123m██████[38;2;49;49;49m██
[38;2;0;0;0m              [38;2;49;49;49m██[38;2;255;255;255m████[38;2;123;123;123m██[38;2;82;82;82m██[38;2;123;123;123m██[38;2;82;82;82m██[38;2;123;123;123m██[38;2;82;82;82m████[38;2;123;123;123m██[38;2;82;82;82m████[38;2;123;123;123m████[38;2;82;82;82m██[38;2;123;123;123m████[38;2;82;82;82m██[38;2;123;123;123m████[38;2;49;49;49m██
[38;2;0;0;0m              [38;2;49;49;49m██[38;2;123;123;123m██[38;2;189;197;197m██[38;2;255;255;255m██[38;2;82;82;82m████████[38;2;123;123;123m████[38;2;82;82;82m██[38;2;189;197;197m██[38;2;255;255;255m████[38;2;82;82;82m██[38;2;123;123;123m██████[38;2;82;82;82m██[38;2;123;123;123m██[38;2;82;82;82m██[38;2;49;49;49m██
[38;2;0;0;0m            [38;2;49;49;49m██[38;2;189;197;197m██[38;2;82;82;82m██[38;2;123;123;123m████[38;2;49;49;49m████[38;2;123;123;123m████[38;2;82;82;82m████[38;2;189;197;197m██[38;2;255;255;255m██████[38;2;189;197;197m██[38;2;82;82;82m██[38;2;123;123;123m██[38;2;82;82;82m██████[38;2;49;49;49m██[38;2;0;0;0m  
[38;2;0;0;0m            [38;2;49;49;49m████[38;2;189;197;197m██[38;2;82;82;82m████[38;2;49;49;49m██[38;2;0;0;0m  [38;2;49;49;49m████[38;2;82;82;82m████[38;2;189;197;197m██[38;2;82;82;82m██████[38;2;123;123;123m██[38;2;82;82;82m██████[38;2;49;49;49m████[38;2;0;0;0m    
[38;2;0;0;0m              [38;2;49;49;49m████████[38;2;0;0;0m        [38;2;49;49;49m████[38;2;82;82;82m████[38;2;123;123;123m██[38;2;82;82;82m██[38;2;255;255;255m██[38;2;49;49;49m██████[38;2;0;0;0m        
[38;2;0;0;0m                                  [38;2;49;49;49m██[38;2;255;255;255m██[38;2;82;82;82m██[38;2;255;255;255m██[38;2;49;49;49m████[38;2;0;0;0m            
[38;2;0;0;0m                                  [38;2;49;49;49m██████████[38;2;0;0;0m              [0m
