
[38;2;0;0;0m    [38;2;49;49;49m████[38;2;0;0;0m                          
[38;2;0;0;0m  [38;2;49;49;49m██[38;2;180;115;106m██[38;2;222;148;131m██[38;2;49;49;49m██[38;2;0;0;0m      [38;2;49;49;49m████[38;2;0;0;0m              
[38;2;0;0;0m  [38;2;49;49;49m██[38;2;222;148;131m████[38;2;82;82;82m██[38;2;49;49;49m██[38;2;0;0;0m  [38;2;49;49;49m██[38;2;255;172;148m██[38;2;180;115;106m██[38;2;49;49;49m██[38;2;0;0;0m            
[38;2;0;0;0m  [38;2;49;49;49m██[38;2;222;148;131m████[38;2;180;115;106m██[38;2;222;148;131m██[38;2;49;49;49m████[38;2;255;172;148m████[38;2;49;49;49m██[38;2;0;0;0m            
[38;2;0;0;0m  [38;2;49;49;49m██[38;2;213;197;123m██[38;2;180;115;106m██[38;2;222;148;131m██[38;2;180;115;106m████[38;2;82;82;82m██[38;2;255;172;148m████[38;2;49;49;49m████[38;2;0;0;0m          
[38;2;0;0;0m  [38;2;49;49;49m██[38;2;213;197;123m██████[38;2;222;148;131m██[38;2;82;82;82m██[38;2;255;230;115m██[38;2;255;172;148m██[38;2;180;115;106m██[38;2;255;172;148m████[38;2;49;49;49m██[38;2;0;0;0m        
[38;2;49;49;49m██[38;2;213;197;123m██████[38;2;90;123;164m████[38;2;82;82;82m██[38;2;255;230;115m██████[38;2;255;172;148m██[38;2;180;115;106m██[38;2;49;49;49m██[38;2;0;0;0m        
[38;2;49;49;49m██[38;2;213;197;123m████[38;2;90;123;164m██[38;2;148;213;255m██[38;2;82;82;82m██[38;2;255;230;115m████████[38;2;180;115;106m██[38;2;49;49;49m██[38;2;0;0;0m          
[38;2;49;49;49m██[38;2;213;197;123m██[38;2;90;123;164m██[38;2;148;213;255m████[38;2;82;82;82m██[38;2;255;230;115m██████████[38;2;222;148;131m██[38;2;49;49;49m██[38;2;0;0;0m        
[38;2;49;49;49m██[38;2;213;197;123m██[38;2;90;123;164m██[38;2;148;213;255m██[38;2;90;123;164m██[38;2;255;230;115m████[38;2;213;180;24m██████[38;2;255;230;115m████[38;2;49;49;49m██[38;2;0;0;0m        
[38;2;0;0;0m  [38;2;49;49;49m██[38;2;148;213;255m████[38;2;90;123;164m██[38;2;255;255;255m██[38;2;49;49;49m██[38;2;255;255;255m██[38;2;82;82;82m██[38;2;115;172;246m██[38;2;49;49;49m████[38;2;0;0;0m          
[38;2;0;0;0m  [38;2;49;49;49m██[38;2;148;213;255m████[38;2;90;123;164m██[38;2;65;98;189m████[38;2;255;255;255m██[38;2;82;82;82m██[38;2;115;172;246m██[38;2;49;49;49m██[38;2;0;0;0m            
[38;2;0;0;0m  [38;2;49;49;49m██[38;2;90;123;164m██[38;2;148;213;255m████[38;2;82;82;82m██[38;2;65;98;189m██[38;2;82;82;82m██[38;2;115;172;246m████[38;2;49;49;49m██[38;2;0;0;0m            
[38;2;0;0;0m    [38;2;49;49;49m████[38;2;115;172;246m██████[38;2;90;123;164m████[38;2;115;172;246m██[38;2;49;49;49m██[38;2;0;0;0m            
[38;2;0;0;0m        [38;2;49;49;49m████████[38;2;115;172;246m██[38;2;148;213;255m██[38;2;82;82;82m██[38;2;49;49;49m████[38;2;0;0;0m    [38;2;49;49;49m██[38;2;0;0;0m  
[38;2;0;0;0m              [38;2;49;49;49m██[38;2;148;213;255m████[38;2;90;123;164m██[38;2;148;213;255m██[38;2;90;123;164m██[38;2;49;49;49m████[38;2;115;172;246m██[38;2;49;49;49m██
[38;2;0;0;0m            [38;2;49;49;49m██[38;2;148;213;255m████[38;2;115;172;246m██[38;2;90;123;164m██[38;2;148;213;255m████[38;2;90;123;164m██[38;2;115;172;246m████[38;2;49;49;49m██
[38;2;0;0;0m          [38;2;49;49;49m██[38;2;90;123;164m██[38;2;148;213;255m████[38;2;90;123;164m██[38;2;148;213;255m██[38;2;255;255;255m██[38;2;65;98;189m██[38;2;148;213;255m██[38;2;90;123;164m██[38;2;49;49;49m██[38;2;0;0;0m  
[38;2;0;0;0m          [38;2;49;49;49m██[38;2;148;213;255m██████████[38;2;90;123;164m██[38;2;65;98;189m██[38;2;148;213;255m██[38;2;90;123;164m██[38;2;49;49;49m██[38;2;0;0;0m  
[38;2;0;0;0m          [38;2;49;49;49m██[38;2;90;123;164m██[38;2;148;213;255m████████████[38;2;90;123;164m██[38;2;49;49;49m██[38;2;0;0;0m    
[38;2;0;0;0m            [38;2;49;49;49m██[38;2;90;123;164m██[38;2;222;222;222m██[38;2;148;213;255m████[38;2;90;123;164m████[38;2;115;172;246m██[38;2;49;49;49m██[38;2;0;0;0m    
[38;2;0;0;0m            [38;2;49;49;49m██[38;2;115;172;246m██[38;2;82;82;82m██[38;2;148;213;255m████[38;2;82;82;82m██[38;2;115;172;246m██[38;2;82;82;82m██[38;2;49;49;49m██[38;2;0;0;0m    
[38;2;0;0;0m              [38;2;49;49;49m████[38;2;148;213;255m████[38;2;49;49;49m██████[38;2;0;0;0m      
[38;2;0;0;0m                  [38;2;49;49;49m████[38;2;0;0;0m            [0m
