
[38;2;0;0;0m                [38;2;49;49;49m████[38;2;0;0;0m                                      
[38;2;0;0;0m                [38;2;49;49;49m██[38;2;115;90;164m██[38;2;49;49;49m██[38;2;0;0;0m                                    
[38;2;0;0;0m                  [38;2;49;49;49m██[38;2;115;90;164m██[38;2;49;49;49m██[38;2;0;0;0m    [38;2;49;49;49m██████[38;2;0;0;0m                        
[38;2;0;0;0m    [38;2;49;49;49m████[38;2;0;0;0m  [38;2;49;49;49m████[38;2;0;0;0m    [38;2;49;49;49m██[38;2;115;90;164m██[38;2;49;49;49m██[38;2;0;0;0m  [38;2;49;49;49m██[38;2;148;123;205m██████[38;2;49;49;49m██[38;2;0;0;0m                      
[38;2;0;0;0m  [38;2;49;49;49m██[38;2;197;82;90m██[38;2;164;65;74m██[38;2;49;49;49m██[38;2;197;82;90m██[38;2;164;65;74m██[38;2;49;49;49m██[38;2;0;0;0m  [38;2;49;49;49m██[38;2;82;82;82m██[38;2;115;90;164m██[38;2;82;82;82m██[38;2;148;123;205m████[38;2;49;49;49m████[38;2;0;0;0m                        
[38;2;0;0;0m  [38;2;49;49;49m██[38;2;164;65;74m██[38;2;197;82;90m██[38;2;82;82;82m██[38;2;197;82;90m██[38;2;82;82;82m██[38;2;197;82;90m██[38;2;49;49;49m██[38;2;0;0;0m  [38;2;49;49;49m██[38;2;115;90;164m██[38;2;148;123;205m████[38;2;49;49;49m██[38;2;0;0;0m                            
[38;2;0;0;0m    [38;2;49;49;49m██[38;2;213;180;98m██[38;2;82;82;82m██[38;2;213;180;98m██[38;2;82;82;82m██[38;2;197;82;90m██[38;2;49;49;49m██[38;2;0;0;0m  [38;2;49;49;49m██[38;2;82;82;82m██[38;2;148;123;205m██[38;2;49;49;49m██[38;2;0;0;0m              [38;2;49;49;49m████[38;2;0;0;0m  [38;2;49;49;49m████[38;2;0;0;0m      
[38;2;0;0;0m  [38;2;49;49;49m██[38;2;213;180;98m██████[38;2;82;82;82m██[38;2;115;90;164m██[38;2;49;49;49m██[38;2;0;0;0m    [38;2;49;49;49m██[38;2;115;90;164m██[38;2;148;123;205m██[38;2;49;49;49m████[38;2;0;0;0m          [38;2;49;49;49m██[38;2;246;98;106m██[38;2;197;82;90m██[38;2;49;49;49m██[38;2;197;82;90m██[38;2;246;98;106m██[38;2;49;49;49m████[38;2;0;0;0m  
[38;2;0;0;0m  [38;2;49;49;49m██[38;2;213;180;98m████[38;2;82;82;82m██[38;2;115;90;164m██████[38;2;49;49;49m████[38;2;148;123;205m████[38;2;115;90;164m██[38;2;148;123;205m██[38;2;82;82;82m██[38;2;49;49;49m██[38;2;0;0;0m        [38;2;49;49;49m██[38;2;197;82;90m██[38;2;246;98;106m██[38;2;49;49;49m██[38;2;246;98;106m██[38;2;82;82;82m██[38;2;197;82;90m██[38;2;246;98;106m██[38;2;49;49;49m██
[38;2;49;49;49m██[38;2;115;90;164m██[38;2;82;82;82m██[38;2;213;180;98m██[38;2;82;82;82m██[38;2;197;82;90m██[38;2;115;90;164m██[38;2;82;82;82m██[38;2;148;123;205m████████████████[38;2;49;49;49m██[38;2;0;0;0m  [38;2;49;49;49m████[38;2;0;0;0m  [38;2;49;49;49m██[38;2;246;222;139m██[38;2;82;82;82m██[38;2;246;222;139m██[38;2;82;82;82m██[38;2;246;98;106m████[38;2;49;49;49m██
[38;2;49;49;49m██[38;2;115;90;164m██████[38;2;82;82;82m██[38;2;197;82;90m██[38;2;82;82;82m██[38;2;148;123;205m██[38;2;246;222;139m██[38;2;148;123;205m████[38;2;213;180;98m██[38;2;246;222;139m██[38;2;148;123;205m████████[38;2;49;49;49m██[38;2;148;123;205m████[38;2;49;49;49m██[38;2;0;0;0m  [38;2;49;49;49m██[38;2;246;222;139m████[38;2;213;180;98m██[38;2;246;222;139m██[38;2;213;180;98m██[38;2;49;49;49m██
[38;2;0;0;0m  [38;2;49;49;49m██████[38;2;82;82;82m██[38;2;115;90;164m██[38;2;82;82;82m██[38;2;213;180;98m██[38;2;246;222;139m████████████[38;2;148;123;205m████[38;2;82;82;82m██[38;2;148;123;205m██████[38;2;82;82;82m██[38;2;49;49;49m██[38;2;246;222;139m██████████[38;2;49;49;49m██[38;2;0;0;0m  
[38;2;0;0;0m      [38;2;49;49;49m██[38;2;115;90;164m██[38;2;82;82;82m██[38;2;148;123;205m██[38;2;246;222;139m██████████[38;2;255;255;255m██[38;2;246;222;139m██[38;2;213;180;98m██[38;2;148;123;205m██[38;2;82;82;82m██[38;2;148;123;205m██[38;2;246;98;106m██[38;2;148;123;205m██[38;2;82;82;82m████[38;2;246;222;139m██████████[38;2;49;49;49m██[38;2;0;0;0m  
[38;2;0;0;0m        [38;2;49;49;49m████[38;2;148;123;205m██[38;2;246;222;139m██████████[38;2;49;49;49m██[38;2;255;255;255m██[38;2;246;222;139m██[38;2;148;123;205m████[38;2;246;98;106m████[38;2;148;123;205m██[38;2;49;49;49m██[38;2;148;123;205m██[38;2;115;90;164m██[38;2;246;222;139m██████[38;2;115;90;164m██[38;2;148;123;205m██[38;2;49;49;49m██
[38;2;0;0;0m            [38;2;49;49;49m██[38;2;213;180;98m██[38;2;148;123;205m████[38;2;246;222;139m████[38;2;49;49;49m██[38;2;255;255;255m██[38;2;246;222;139m██[38;2;148;123;205m██[38;2;82;82;82m██[38;2;246;98;106m██[38;2;148;123;205m██[38;2;49;49;49m██[38;2;0;0;0m  [38;2;49;49;49m██[38;2;148;123;205m██[38;2;115;90;164m██[38;2;82;82;82m██[38;2;115;90;164m██[38;2;148;123;205m██[38;2;115;90;164m██[38;2;49;49;49m██
[38;2;0;0;0m        [38;2;49;49;49m████[38;2;0;0;0m  [38;2;49;49;49m██[38;2;213;180;98m██[38;2;246;222;139m██████[38;2;255;255;255m██[38;2;246;222;139m████[38;2;148;123;205m████[38;2;49;49;49m████[38;2;0;0;0m      [38;2;49;49;49m████[38;2;115;90;164m██[38;2;82;82;82m██[38;2;49;49;49m████[38;2;0;0;0m  
[38;2;0;0;0m        [38;2;49;49;49m██[38;2;115;90;164m██[38;2;49;49;49m████[38;2;82;82;82m████[38;2;255;255;255m██[38;2;189;189;180m██[38;2;246;222;139m████[38;2;148;123;205m██[38;2;49;49;49m████[38;2;0;0;0m            [38;2;49;49;49m██[38;2;115;90;164m██[38;2;49;49;49m██[38;2;0;0;0m      
[38;2;0;0;0m          [38;2;49;49;49m██[38;2;115;90;164m████████[38;2;82;82;82m██████[38;2;49;49;49m████[38;2;0;0;0m              [38;2;49;49;49m██[38;2;115;90;164m██[38;2;148;123;205m██[38;2;49;49;49m██[38;2;0;0;0m      
[38;2;0;0;0m            [38;2;49;49;49m████████[38;2;82;82;82m██[38;2;148;123;205m████[38;2;49;49;49m██[38;2;0;0;0m              [38;2;49;49;49m██[38;2;115;90;164m██[38;2;148;123;205m██[38;2;49;49;49m██[38;2;0;0;0m        
[38;2;0;0;0m                  [38;2;49;49;49m██[38;2;246;222;139m██[38;2;148;123;205m██[38;2;82;82;82m██[38;2;148;123;205m██[38;2;49;49;49m██████████████[38;2;148;123;205m████[38;2;49;49;49m██[38;2;0;0;0m          
[38;2;0;0;0m                [38;2;49;49;49m██[38;2;115;90;164m██[38;2;213;180;98m██[38;2;246;222;139m██[38;2;82;82;82m██[38;2;148;123;205m██[38;2;82;82;82m██[38;2;115;90;164m████████[38;2;148;123;205m████[38;2;49;49;49m████[38;2;0;0;0m            
[38;2;0;0;0m                [38;2;49;49;49m██[38;2;82;82;82m██[38;2;213;180;98m██[38;2;82;82;82m██[38;2;148;123;205m██[38;2;82;82;82m██[38;2;115;90;164m██[38;2;82;82;82m██[38;2;49;49;49m██████████[38;2;0;0;0m                
[38;2;0;0;0m                  [38;2;49;49;49m████[38;2;148;123;205m██[38;2;49;49;49m██[38;2;115;90;164m████[38;2;49;49;49m██[38;2;0;0;0m                          
[38;2;0;0;0m                    [38;2;49;49;49m████[38;2;0;0;0m  [38;2;49;49;49m██[38;2;148;123;205m████[38;2;49;49;49m██[38;2;0;0;0m                        
[38;2;0;0;0m                            [38;2;49;49;49m████[38;2;0;0;0m                          [0m
