
[38;2;0;0;0m                                ████                                
[38;2;0;0;0m                              ██[38;2;173;49;69m████[38;2;0;0;0m██        ████                  
[38;2;0;0;0m                              ██[38;2;173;49;69m██[38;2;176;49;72m████[38;2;0;0;0m██  ████[38;2;173;222;122m████[38;2;0;0;0m██                
[38;2;0;0;0m                              ██[38;2;173;49;69m██[38;2;176;49;72m████[38;2;173;49;69m██[38;2;0;0;0m██[38;2;173;222;117m████[38;2;173;222;122m████[38;2;0;0;0m██                
[38;2;0;0;0m                                ██[38;2;176;49;75m████[38;2;66;66;66m██[38;2;165;222;125m██[38;2;173;214;109m██[38;2;255;206;135m██[38;2;165;222;125m██[38;2;129;170;105m██[38;2;0;0;0m██                
[38;2;0;0;0m                                ██[38;2;66;66;66m██[38;2;176;49;75m██[38;2;66;66;66m██[38;2;132;170;105m██[38;2;228;209;126m████[38;2;129;170;105m██[38;2;57;66;65m██[38;2;0;0;0m██                
[38;2;0;0;0m                            ██[38;2;8;0;0m██[38;2;231;165;87m██[38;2;189;123;45m██[38;2;66;61;58m██[38;2;63;93;84m██[38;2;126;117;73m██[38;2;239;206;111m██[38;2;164;142;68m██[38;2;82;66;50m██[38;2;197;165;101m██[38;2;231;165;87m██[38;2;0;0;0m████            
[38;2;0;0;0m                        ████[38;2;231;165;87m████[38;2;119;82;43m██[38;2;127;92;51m██[38;2;189;123;45m██[38;2;189;140;61m████[38;2;164;142;68m████[38;2;255;214;127m██[38;2;197;165;101m██[38;2;231;165;87m████[38;2;189;127;53m██[38;2;0;0;0m████        
[38;2;0;0;0m                      [38;2;8;0;0m██[38;2;231;165;87m██[38;2;247;206;135m██[38;2;126;79;46m██[38;2;156;90;28m██[38;2;189;145;93m██[38;2;255;255;255m████[38;2;255;255;247m██[38;2;239;195;135m██[38;2;242;198;119m██[38;2;231;165;87m██[38;2;132;82;44m██[38;2;255;214;135m██[38;2;230;162;82m████[38;2;231;165;87m██[38;2;189;127;53m██[38;2;206;140;70m██[38;2;0;0;0m██      
[38;2;0;0;0m                    ██[38;2;231;165;87m██[38;2;119;82;43m██[38;2;126;79;46m██[38;2;247;206;135m██[38;2;222;200;158m██[38;2;255;255;223m██[38;2;231;165;87m████[38;2;231;165;79m████[38;2;231;165;87m████[38;2;214;170;105m██[38;2;132;82;44m██[38;2;255;214;151m██[38;2;230;162;82m██[38;2;231;165;87m████[38;2;206;140;70m██[38;2;137;93;47m██[38;2;0;0;0m██    
[38;2;0;0;0m                  ██[38;2;189;127;53m██[38;2;127;82;43m██[38;2;231;165;87m██[38;2;231;165;84m████[38;2;230;162;82m████[38;2;214;169;107m██[38;2;255;214;143m██[38;2;255;214;151m████████[38;2;247;206;127m██[38;2;126;82;44m██[38;2;255;214;143m██[38;2;214;169;107m██[38;2;231;165;84m████[38;2;127;82;43m██[38;2;231;165;87m██[38;2;126;85;35m██[38;2;0;0;0m██  
[38;2;0;0;0m                  ██[38;2;126;85;35m██[38;2;231;165;87m████[38;2;231;165;84m████[38;2;255;214;151m████[38;2;255;214;143m██[38;2;132;78;36m██[38;2;132;82;44m████████[38;2;247;206;127m████[38;2;132;78;36m██[38;2;255;214;143m██[38;2;231;165;84m████[38;2;231;165;87m██[38;2;127;82;43m██[38;2;189;127;53m██[38;2;0;0;0m██  
[38;2;0;0;0m                ██[38;2;127;82;43m██[38;2;231;165;87m██[38;2;230;162;82m████[38;2;255;214;151m████[38;2;132;82;44m████████[38;2;231;165;87m████[38;2;231;165;84m████[38;2;127;82;43m████[38;2;132;82;44m██[38;2;255;214;151m██[38;2;231;165;84m████[38;2;231;165;87m██[38;2;127;82;43m██[38;2;189;127;53m████[38;2;0;0;0m██
[38;2;0;0;0m                ██[38;2;231;165;87m████[38;2;230;162;82m██[38;2;255;214;151m██[38;2;132;82;44m████[38;2;255;214;151m████████[38;2;127;82;43m██[38;2;231;165;87m██[38;2;231;165;84m████[38;2;231;165;87m████[38;2;132;82;44m██[38;2;255;214;151m██[38;2;231;165;84m████[38;2;231;165;87m██[38;2;127;82;43m██[38;2;231;165;87m██[38;2;189;127;53m██[38;2;0;0;0m██
[38;2;0;0;0m                ██[38;2;255;222;151m██[38;2;231;165;87m██[38;2;255;214;135m██[38;2;132;82;44m██[38;2;231;165;84m████[38;2;132;82;44m██[38;2;255;214;151m██[38;2;231;165;84m████[38;2;255;214;135m██[38;2;132;82;44m██[38;2;231;165;84m████████[38;2;231;165;87m██[38;2;127;82;43m██[38;2;255;214;151m██[38;2;230;162;82m██[38;2;214;170;105m██[38;2;132;82;44m██[38;2;119;82;43m██[38;2;0;0;0m██  
[38;2;0;0;0m                ██[38;2;243;193;119m██[38;2;255;222;151m██[38;2;132;82;44m██[38;2;214;170;105m██[38;2;231;165;84m████[38;2;132;82;44m██[38;2;255;214;151m██[38;2;231;165;84m████[38;2;214;170;105m██[38;2;132;82;44m██[38;2;231;165;84m████████[38;2;231;165;87m██[38;2;127;82;43m██[38;2;255;214;151m██[38;2;230;162;82m██[38;2;255;214;135m██[38;2;132;82;44m██[38;2;239;165;87m██[38;2;0;0;0m██  
[38;2;0;0;0m                  ██[38;2;123;94;55m██[38;2;231;165;87m████[38;2;242;198;119m██[38;2;231;165;87m██[38;2;255;198;119m██[38;2;132;82;44m██[38;2;230;162;82m████████[38;2;127;82;43m██[38;2;231;165;87m██████[38;2;217;159;89m██[38;2;140;82;44m██[38;2;255;214;151m████[38;2;132;82;44m██[38;2;209;159;94m██[38;2;222;214;134m██[38;2;0;4;0m██[38;2;0;0;0m  
[38;2;0;0;0m                  ██[38;2;247;189;111m██[38;2;242;198;119m████[38;2;231;165;87m██[38;2;242;198;119m██[38;2;214;159;94m██[38;2;132;82;44m██[38;2;255;214;151m██[38;2;230;162;82m████[38;2;255;214;151m██[38;2;127;82;43m██[38;2;231;165;87m██[38;2;242;198;119m████[38;2;217;159;89m██[38;2;255;198;111m██[38;2;132;82;44m████[38;2;247;198;119m████[38;2;148;144;89m██[38;2;0;4;0m██[38;2;0;0;0m  
[38;2;0;0;0m            ██████[38;2;99;61;67m██[38;2;115;168;110m██[38;2;239;206;127m████[38;2;239;198;119m████[38;2;242;198;119m██[38;2;231;165;87m██[38;2;126;79;46m██[38;2;247;206;135m██████[38;2;129;82;41m██[38;2;239;198;119m██[38;2;231;165;87m██[38;2;242;198;119m██[38;2;239;198;119m████████[38;2;118;170;113m████[38;2;0;0;0m██    
[38;2;0;0;0m        ████[38;2;173;49;69m██████[38;2;99;61;67m████[38;2;49;82;73m██[38;2;144;144;100m██[38;2;119;169;111m██[38;2;239;198;119m██[38;2;242;198;119m████[38;2;247;206;135m██[38;2;126;79;46m██████[38;2;239;198;119m████[38;2;242;198;119m████[38;2;239;198;119m██[38;2;119;169;111m██████[38;2;118;170;113m██[38;2;96;126;93m██[38;2;66;66;66m██[38;2;0;0;0m██  
[38;2;0;0;0m      [38;2;8;0;0m██[38;2;162;57;74m██[38;2;177;49;73m████[38;2;176;49;72m████[38;2;255;222;231m██[38;2;222;94;118m██[38;2;176;49;75m██[38;2;66;66;66m██[38;2;121;170;110m████[38;2;118;170;113m████████████████████████████[38;2;121;170;110m██[38;2;66;66;66m██[38;2;99;126;93m████[38;2;0;0;0m██
[38;2;0;0;0m    ██[38;2;162;57;74m██[38;2;239;86;111m██[38;2;222;94;118m██[38;2;177;49;73m██[38;2;176;49;72m████[38;2;222;94;118m████[38;2;176;49;75m████[38;2;66;66;66m██[38;2;121;170;110m██[38;2;118;170;113m████████████████████████████[38;2;121;170;110m██[38;2;66;66;66m██[38;2;99;126;93m██[38;2;0;0;0m██  
[38;2;0;0;0m    ██[38;2;220;94;119m████████[38;2;176;49;72m████████████[38;2;176;49;75m██[38;2;66;66;66m██[38;2;118;170;113m████████████████[38;2;121;171;110m██[38;2;93;121;88m██[38;2;118;170;113m████████[38;2;132;173;124m██[38;2;55;60;52m██[38;2;0;0;0m██    
[38;2;0;0;0m  ██[38;2;222;94;118m██[38;2;220;94;119m████████[38;2;176;49;72m████████████[38;2;176;49;75m██[38;2;66;66;66m██[38;2;118;170;113m████[38;2;96;126;93m██[38;2;118;170;113m██████████[38;2;121;171;110m██[38;2;66;70;66m██[38;2;118;170;113m████████[38;2;93;117;88m██[38;2;16;4;16m██[38;2;0;0;0m      
[38;2;0;0;0m  [38;2;0;8;8m██[38;2;222;103;126m██[38;2;222;94;118m████[38;2;220;94;119m████████[38;2;222;86;110m██[38;2;170;76;93m██[38;2;176;49;75m████[38;2;66;66;66m██[38;2;96;126;93m██[38;2;66;66;66m██[38;2;96;126;93m████[38;2;118;170;113m██████████[38;2;121;170;110m██[38;2;66;66;66m██[38;2;96;126;93m██[38;2;118;170;113m████[38;2;96;126;93m██[38;2;0;0;0m██        
[38;2;0;0;0m  [38;2;0;8;8m██[38;2;74;40;47m██[38;2;66;66;66m██[38;2;222;94;118m██[38;2;220;94;119m████████[38;2;222;86;110m██[38;2;66;57;58m██[38;2;66;66;66m████[38;2;96;126;93m████████████[38;2;118;170;113m████████[38;2;93;118;88m██[38;2;66;66;66m██[38;2;96;126;93m████████[38;2;0;0;0m██        
[38;2;0;0;0m██[38;2;118;170;113m████[38;2;121;170;110m██[38;2;66;66;66m██[38;2;57;74;65m██[38;2;198;132;126m██[38;2;222;94;118m████[38;2;66;66;66m██[38;2;121;170;110m██[38;2;118;170;113m████[38;2;66;66;66m██[38;2;93;118;88m██[38;2;115;103;62m████[38;2;98;107;80m████[38;2;118;170;113m████████[38;2;66;77;66m██[38;2;99;115;99m██[38;2;96;126;93m████[38;2;99;126;93m██[38;2;0;0;0m██          
[38;2;0;0;0m██[38;2;118;170;113m████[38;2;121;170;110m████[38;2;151;113;106m██[38;2;57;74;65m██[38;2;66;66;66m████[38;2;93;118;88m██[38;2;66;66;66m██[38;2;118;170;113m████[38;2;121;170;110m██[38;2;66;66;66m██[38;2;0;12;16m██[38;2;173;148;85m██[38;2;181;140;61m██[38;2;57;90;89m██[38;2;118;170;113m████████[38;2;0;0;0m██[38;2;66;77;66m██[38;2;96;126;93m██[38;2;66;66;66m██[38;2;99;126;93m██[38;2;0;0;0m██          
[38;2;0;0;0m██[38;2;123;173;115m████[38;2;66;66;66m██[38;2;121;170;110m██[38;2;96;126;93m████[38;2;239;198;119m██████[38;2;0;0;0m██[38;2;121;170;110m████[38;2;115;173;107m██[38;2;0;0;0m██  ██[38;2;66;66;66m██[38;2;121;170;110m████████[38;2;0;0;0m██  ████████            
[38;2;0;0;0m  [38;2;8;4;8m██[38;2;85;117;79m██[38;2;66;66;66m██[38;2;93;118;88m██[38;2;96;126;93m██[38;2;239;198;119m██[38;2;0;0;0m██████  ██████    ██[38;2;121;170;110m██[38;2;66;66;66m██[38;2;121;170;110m██[38;2;66;66;66m██[38;2;121;170;110m██[38;2;0;0;0m██                      
[38;2;0;0;0m    ██████████                  ████████████                        [0m
