
[38;2;0;0;0m      ████                    
[38;2;0;0;0m    ██[38;2;173;222;117m████[38;2;0;0;0m██    ██████        
[38;2;0;0;0m  ██[38;2;173;222;117m██[38;2;184;197;98m████[38;2;173;222;117m██[38;2;0;0;8m██[38;2;0;0;0m██[38;2;173;222;117m██████[38;2;0;0;0m██      
[38;2;0;0;0m  ██[38;2;173;222;117m██[38;2;247;255;111m██[38;2;57;82;73m██[38;2;173;222;117m██[38;2;58;74;44m██[38;2;173;222;117m████████[38;2;0;0;0m██      
[38;2;0;0;0m  ██[38;2;173;222;117m██[38;2;137;177;92m██[38;2;66;70;58m██[38;2;173;222;117m██[38;2;131;177;75m██[38;2;247;247;87m██[38;2;57;74;65m██[38;2;181;231;117m██[38;2;123;157;78m██[38;2;0;0;0m██      
[38;2;0;0;0m    ██[38;2;173;231;109m████[38;2;90;132;34m██[38;2;173;222;117m██[38;2;152;160;76m██[38;2;57;74;65m██[38;2;181;231;117m██[38;2;8;8;0m██[38;2;0;0;0m        
[38;2;0;0;0m    ██[38;2;137;177;92m██[38;2;173;231;109m██[38;2;132;181;68m██[38;2;173;222;117m██[38;2;173;231;109m████[38;2;0;0;0m██          
[38;2;0;0;0m    ██[38;2;66;70;58m██[38;2;173;231;109m██[38;2;173;222;117m████[38;2;137;177;92m██[38;2;66;70;58m██[38;2;0;0;0m██          
[38;2;0;0;0m  ██[38;2;239;123;119m██[38;2;197;150;144m██[38;2;82;53;50m██[38;2;66;66;66m██████[38;2;239;123;119m████[38;2;0;0;0m██        
[38;2;0;0;0m██[38;2;239;123;119m████[38;2;255;198;191m██[38;2;197;150;144m██[38;2;239;123;119m████████████[38;2;0;0;0m██      
[38;2;0;0;0m██[38;2;206;49;78m██[38;2;239;123;119m████[38;2;206;49;78m████[38;2;239;123;119m██████[38;2;206;49;78m████[38;2;0;0;0m██      
[38;2;0;0;0m██[38;2;206;49;78m██████████████████[38;2;165;24;53m██[38;2;66;66;66m██[38;2;0;0;0m██  ██
[38;2;0;0;0m██[38;2;159;104;69m██[38;2;231;156;103m██[38;2;206;50;78m████████[38;2;195;60;75m████[38;2;165;24;53m████[38;2;60;71;49m██[38;2;132;189;52m██[38;2;0;0;0m██  
[38;2;0;0;0m  [38;2;16;0;0m██[38;2;231;156;103m██[38;2;206;50;78m████████[38;2;222;165;102m██[38;2;181;8;61m██[38;2;165;24;53m██[38;2;66;65;66m██[38;2;96;130;51m████[38;2;132;181;68m██[38;2;0;0;0m██
[38;2;0;0;0m  ██[38;2;165;132;77m██[38;2;222;181;102m████[38;2;214;173;102m████[38;2;165;132;77m██████[38;2;0;0;0m████████  
[38;2;0;0;0m    ██[38;2;8;4;0m██[38;2;151;122;68m██[38;2;165;132;77m██████[38;2;0;0;0m████          
[38;2;0;0;0m        ████████              [0m
