
[38;2;0;0;0m                ██████████                              
[38;2;0;0;0m            ████[38;2;176;144;200m██████████[38;2;0;0;0m████                          
[38;2;0;0;0m          ██[38;2;176;144;200m██████████████████[38;2;0;0;0m████                      
[38;2;0;0;0m          ██[38;2;176;144;200m██████████████████████[38;2;0;0;0m████                  
[38;2;0;0;0m        ██[38;2;176;144;200m████████████████████████████[38;2;0;0;0m████              
[38;2;0;0;0m      ██[38;2;176;144;200m██████████████████████████████████[38;2;0;0;0m██            
[38;2;0;0;0m      ██[38;2;176;144;200m████████████[38;2;104;72;112m████[38;2;176;144;200m████[38;2;64;64;64m██[38;2;128;96;128m████████[38;2;176;144;200m██████[38;2;0;0;0m██          
[38;2;0;0;0m    ██[38;2;176;144;200m██████████[38;2;128;96;128m██[38;2;0;0;0m██[38;2;248;248;248m██[38;2;192;192;192m██[38;2;176;144;200m██[38;2;128;96;128m██[38;2;64;64;64m██[38;2;128;96;128m████████████[38;2;176;144;200m████[38;2;0;0;0m██        
[38;2;0;0;0m    ██[38;2;176;144;200m████████[38;2;64;64;64m██[38;2;192;192;192m██[38;2;64;64;64m██[38;2;248;248;248m██[38;2;128;96;128m████[38;2;64;64;64m██[38;2;128;96;128m██████[38;2;104;72;112m██[38;2;64;64;64m████[38;2;128;96;128m████[38;2;176;144;200m██[38;2;0;0;0m██        
[38;2;0;0;0m    ██[38;2;176;144;200m████████[38;2;128;96;128m██████████[38;2;64;64;64m████[38;2;128;96;128m██[38;2;64;64;64m██████[38;2;152;64;64m██[38;2;64;64;64m██[38;2;128;96;128m████[38;2;176;144;200m████[38;2;0;0;0m██      
[38;2;0;0;0m      ██[38;2;176;144;200m██[38;2;104;72;112m██[38;2;128;96;128m██████[38;2;64;64;64m██████████████[38;2;152;64;64m██████[38;2;64;64;64m██[38;2;128;96;128m██████[38;2;176;144;200m██[38;2;0;0;0m██      
[38;2;0;0;0m        ████[38;2;128;96;128m████[38;2;64;64;64m██[38;2;144;144;88m██[38;2;152;64;64m██[38;2;64;64;64m████████[38;2;152;64;64m██[38;2;144;144;88m████[38;2;152;64;64m██[38;2;64;64;64m██[38;2;128;96;128m██████[38;2;176;144;200m██[38;2;0;0;0m██      
[38;2;0;0;0m            ████[38;2;64;64;64m████[38;2;232;80;80m████[38;2;64;64;64m██[38;2;176;144;200m██[38;2;64;64;64m██[38;2;232;80;80m██[38;2;248;248;0m██[38;2;144;144;88m██[38;2;152;64;64m██[38;2;64;64;64m██[38;2;128;96;128m████[38;2;176;144;200m████[38;2;0;0;0m██      
[38;2;0;0;0m                ██[38;2;176;144;200m██[38;2;64;64;64m████[38;2;128;96;128m██[38;2;176;144;200m██[38;2;104;72;112m██[38;2;64;64;64m██[38;2;232;80;80m████[38;2;64;64;64m██[38;2;104;72;112m██[38;2;176;144;200m██[38;2;128;96;128m██[38;2;176;144;200m██[38;2;0;0;0m██        
[38;2;0;0;0m                  ██[38;2;176;144;200m██████[38;2;64;64;64m██[38;2;176;144;200m██[38;2;104;72;112m██[38;2;64;64;64m████[38;2;104;72;112m██[38;2;176;144;200m████████[38;2;0;0;0m██        
[38;2;0;0;0m                    ██[38;2;176;144;200m██[38;2;104;72;112m██[38;2;64;64;64m██[38;2;104;72;112m██[38;2;176;144;200m████[38;2;128;96;128m██[38;2;64;64;64m████[38;2;176;144;200m████[38;2;0;0;0m██          
[38;2;0;0;0m                      ██[38;2;64;64;64m████████████[38;2;104;72;112m██[38;2;176;144;200m████[38;2;0;0;0m██            
[38;2;0;0;0m      ██████          ██[38;2;64;64;64m██████[38;2;104;72;112m██[38;2;176;144;200m██████[38;2;64;64;64m██[38;2;0;0;0m██              
[38;2;0;0;0m  ████[38;2;128;96;128m██████[38;2;0;0;0m██      ██[38;2;176;144;200m██[38;2;64;64;64m██[38;2;104;72;112m██[38;2;176;144;200m████████[38;2;64;64;64m██[38;2;128;96;128m████[38;2;0;0;0m██████        
[38;2;0;0;0m██[38;2;64;64;64m██[38;2;128;96;128m██[38;2;104;72;112m██[38;2;64;64;64m██[38;2;0;0;0m██      ██[38;2;176;144;200m██████████████[38;2;64;64;64m██[38;2;128;96;128m██████[38;2;176;144;200m██████[38;2;0;0;0m████    
[38;2;0;0;0m██[38;2;128;96;128m██[38;2;104;72;112m██[38;2;128;96;128m██████[38;2;0;0;0m██████[38;2;64;64;64m██[38;2;128;96;128m██[38;2;176;144;200m██████████[38;2;128;96;128m██[38;2;64;64;64m██[38;2;128;96;128m████[38;2;176;144;200m██████████[38;2;64;64;64m██[38;2;0;0;0m██  
[38;2;0;0;0m██[38;2;104;72;112m██[38;2;128;96;128m██████[38;2;104;72;112m██[38;2;128;96;128m██████[38;2;64;64;64m██[38;2;176;144;200m██[38;2;128;96;128m██████████[38;2;64;64;64m██[38;2;128;96;128m██████[38;2;176;144;200m████████[38;2;128;96;128m████[38;2;64;64;64m██[38;2;0;0;0m██
[38;2;0;0;0m  ██[38;2;128;96;128m████[38;2;104;72;112m██[38;2;128;96;128m██████[38;2;64;64;64m██[38;2;176;144;200m██████████████[38;2;64;64;64m██[38;2;128;96;128m██████[38;2;104;72;112m██[38;2;176;144;200m██[38;2;128;96;128m██████████[38;2;0;0;0m██
[38;2;0;0;0m    ██[38;2;128;96;128m██[38;2;104;72;112m██[38;2;128;96;128m██████[38;2;64;64;64m██[38;2;176;144;200m████████████████[38;2;64;64;64m██[38;2;104;72;112m████[38;2;176;144;200m██[38;2;104;72;112m██[38;2;128;96;128m██████████[38;2;0;0;0m██
[38;2;0;0;0m      ██████[38;2;128;96;128m████[38;2;64;64;64m██[38;2;128;96;128m██[38;2;176;144;200m██████████[38;2;128;96;128m████[38;2;176;144;200m██[38;2;104;72;112m██[38;2;176;144;200m██[38;2;128;96;128m██[38;2;176;144;200m██[38;2;104;72;112m██[38;2;128;96;128m████████[38;2;0;0;0m██
[38;2;0;0;0m            ██████[38;2;176;144;200m██[38;2;128;96;128m██████████[38;2;176;144;200m████████[38;2;104;72;112m██[38;2;176;144;200m██[38;2;128;96;128m██[38;2;176;144;200m██[38;2;104;72;112m██[38;2;128;96;128m████[38;2;0;0;0m██  
[38;2;0;0;0m                  ██[38;2;176;144;200m██████████████████[38;2;104;72;112m██[38;2;128;96;128m██[38;2;176;144;200m██[38;2;128;96;128m██[38;2;104;72;112m██[38;2;128;96;128m██[38;2;0;0;0m██    
[38;2;0;0;0m                    ██[38;2;176;144;200m██████████████[38;2;104;72;112m██[38;2;128;96;128m██[38;2;176;144;200m██[38;2;128;96;128m██[38;2;176;144;200m██[38;2;0;0;0m████      
[38;2;0;0;0m                      ████[38;2;176;144;200m██████[38;2;104;72;112m████[38;2;128;96;128m██[38;2;176;144;200m██[38;2;128;96;128m██[38;2;0;0;0m████          
[38;2;0;0;0m                          ████████████████              [0m
