
[38;2;0;0;0m                                    [38;2;69;62;49m██[38;2;30;27;21m  [38;2;0;0;0m        
[38;2;0;0;0m                                  [38;2;207;187;148m██[38;2;250;227;179m██[38;2;20;18;15m  [38;2;0;0;0m        
[38;2;0;0;0m          [38;2;88;80;63m  [38;2;169;153;121m██[38;2;0;0;0m    [38;2;77;69;55m  [38;2;0;0;0m          [38;2;90;81;64m██[38;2;244;218;172m██[38;2;255;225;177m██[38;2;130;122;116m██[38;2;103;89;71m██[38;2;0;0;0m        
[38;2;0;0;0m        [38;2;129;109;93m██[38;2;250;227;180m██[38;2;255;228;180m██[38;2;214;194;153m  [38;2;138;123;97m  [38;2;217;195;154m██[38;2;0;0;0m        [38;2;195;176;140m  [38;2;255;228;180m████[38;2;255;227;179m██[38;2;249;222;176m██[38;2;241;215;170m██[38;2;139;124;97m  [38;2;2;1;0m  [38;2;0;0;0m    
[38;2;0;0;0m      [38;2;183;149;120m██[38;2;239;209;166m██[38;2;255;229;181m██[38;2;255;227;179m██[38;2;255;229;181m████[38;2;247;222;175m██[38;2;125;106;85m██[38;2;0;0;0m    [38;2;79;71;56m██[38;2;255;229;181m██[38;2;255;227;179m██████████[38;2;255;229;181m██[38;2;162;146;116m██[38;2;0;0;0m    
[38;2;0;0;0m    [38;2;88;80;63m  [38;2;207;175;138m██[38;2;255;229;181m██[38;2;255;227;179m██████[38;2;255;229;181m██[38;2;204;170;134m██[38;2;205;164;133m██[38;2;49;49;49m  [38;2;0;0;0m  [38;2;251;226;179m██[38;2;255;227;179m██████████████[38;2;255;229;181m██[38;2;0;0;0m    
[38;2;27;22;14m  [38;2;75;61;38m██[38;2;255;227;179m██████████████[38;2;251;223;176m██[38;2;210;179;141m██[38;2;189;153;125m██[38;2;131;118;102m██[38;2;232;205;163m██[38;2;255;227;179m██████[38;2;255;229;181m██[38;2;228;199;158m██[38;2;239;213;168m██[38;2;248;225;177m██[38;2;199;170;132m██[38;2;164;136;106m██[38;2;0;0;0m  
[38;2;0;0;0m  [38;2;160;120;76m██[38;2;176;159;122m██[38;2;255;228;180m██[38;2;255;227;179m████████[38;2;248;218;158m██[38;2;81;72;62m██[38;2;77;72;67m██[38;2;109;92;77m██[38;2;108;92;78m██[38;2;193;160;131m██[38;2;241;210;167m██[38;2;253;228;181m██[38;2;255;231;183m██[38;2;229;201;159m██[38;2;250;226;179m██[38;2;231;203;161m██[38;2;80;76;73m██[38;2;204;166;132m██[38;2;201;165;129m██[38;2;52;41;34m  
[38;2;0;0;0m  [38;2;63;47;30m  [38;2;224;201;157m██[38;2;255;228;180m██[38;2;255;227;179m████[38;2;255;229;181m██[38;2;248;213;154m██[38;2;156;129;94m██[38;2;209;163;101m██[38;2;255;203;143m██[38;2;230;170;111m██[38;2;134;113;94m██[38;2;150;125;107m██[38;2;120;109;96m██[38;2;211;178;139m██[38;2;223;192;151m██[38;2;212;180;141m██[38;2;203;169;132m██[38;2;213;177;142m██[38;2;80;76;73m██[38;2;205;165;133m██[38;2;189;153;123m██[38;2;33;26;21m  
[38;2;0;0;0m    [38;2;230;206;162m██[38;2;255;228;180m██[38;2;255;229;184m██[38;2;218;195;154m██[38;2;93;93;93m██[38;2;187;157;108m██[38;2;209;155;90m██[38;2;255;214;162m██[38;2;255;218;166m██[38;2;195;150;103m██[38;2;178;145;120m██[38;2;148;124;105m██[38;2;185;150;124m██[38;2;203;167;131m████[38;2;203;168;131m██[38;2;203;167;131m██[38;2;121;103;90m██[38;2;175;140;114m████[38;2;0;0;0m    
[38;2;0;0;0m    [38;2;69;60;45m██[38;2;211;173;120m██[38;2;178;164;135m██[38;2;87;87;81m██[38;2;255;255;255m██[38;2;142;121;90m██[38;2;176;123;78m██[38;2;125;96;72m████[38;2;172;141;117m██[38;2;206;165;134m██[38;2;162;134;112m██[38;2;117;102;90m██[38;2;147;123;105m██[38;2;203;167;131m██[38;2;203;168;131m██[38;2;200;165;129m██[38;2;28;22;18m  [38;2;0;0;0m        
[38;2;0;0;0m  [38;2;12;12;12m  [38;2;227;206;165m██[38;2;255;231;183m██[38;2;223;164;101m██[38;2;241;160;87m████[38;2;218;167;102m██[38;2;240;203;148m██[38;2;255;227;179m████[38;2;248;225;178m██[38;2;200;156;114m██[38;2;105;88;74m██[38;2;233;153;84m██[38;2;197;134;80m██[38;2;169;138;115m██[38;2;183;146;119m██[38;2;0;0;0m            
[38;2;0;0;0m  [38;2;171;156;126m██[38;2;227;204;163m██[38;2;255;228;180m██[38;2;249;221;172m██[38;2;241;211;161m████[38;2;244;210;158m██[38;2;255;227;179m██[38;2;255;228;180m██[38;2;255;230;182m██[38;2;248;225;171m██[38;2;215;196;155m██[38;2;155;116;88m██[38;2;255;165;87m████[38;2;109;91;79m██[38;2;24;19;22m  [38;2;0;0;0m            
[38;2;0;0;0m    [38;2;189;169;133m██[38;2;217;193;152m██[38;2;216;196;161m██[38;2;161;136;103m██[38;2;168;147;112m██[38;2;255;227;179m████[38;2;252;225;178m██[38;2;182;158;123m██[38;2;108;101;84m██[38;2;111;96;82m██[38;2;133;108;87m██[38;2;237;157;87m██[38;2;189;136;93m██[38;2;151;116;85m██[38;2;101;83;66m██[38;2;127;119;104m██[38;2;156;140;111m██[38;2;228;206;163m██[38;2;0;0;0m      
[38;2;0;0;0m    [38;2;6;6;4m  [38;2;177;143;115m██[38;2;203;167;137m██[38;2;206;167;131m██[38;2;218;189;148m██[38;2;255;227;179m████[38;2;247;218;173m██[38;2;164;137;109m██[38;2;157;128;96m██[38;2;101;96;96m██[38;2;221;155;89m██[38;2;252;165;84m██[38;2;245;160;87m██[38;2;209;151;91m██[38;2;86;84;85m██[38;2;255;230;182m██[38;2;255;227;179m██[38;2;33;30;23m  [38;2;0;0;0m      
[38;2;0;0;0m      [38;2;146;136;109m  [38;2;180;162;128m██[38;2;254;230;182m██[38;2;255;227;179m██[38;2;210;190;148m██[38;2;227;200;158m██[38;2;162;138;108m██[38;2;192;156;126m██[38;2;150;125;107m██[38;2;92;87;87m██[38;2;106;100;97m██[38;2;122;100;77m██[38;2;202;148;92m██[38;2;92;95;106m██[38;2;100;91;84m██[38;2;230;202;161m██[38;2;243;217;172m██[38;2;138;125;99m  [38;2;0;0;0m      
[38;2;0;0;0m      [38;2;1;1;0m  [38;2;174;145;116m██[38;2;207;168;136m██[38;2;229;201;158m██[38;2;197;159;129m██[38;2;177;149;116m██[38;2;203;167;131m██[38;2;115;101;90m██[38;2;86;91;101m██[38;2;167;132;96m██[38;2;5;5;5m██[38;2;169;127;80m██[38;2;195;146;94m██[38;2;183;144;100m██[38;2;87;81;74m██[38;2;205;165;134m██[38;2;98;79;64m██[38;2;0;0;0m        
[38;2;0;0;0m        [38;2;46;37;30m  [38;2;135;115;100m██[38;2;204;167;134m██[38;2;204;166;132m██[38;2;203;167;131m██[38;2;202;166;129m██[38;2;158;131;108m██[38;2;131;108;83m██[38;2;63;56;50m██[38;2;0;1;5m  [38;2;0;0;0m  [38;2;134;112;88m██[38;2;65;68;69m██[38;2;165;138;117m██[38;2;203;163;132m██[38;2;46;37;30m  [38;2;0;0;0m        
[38;2;0;0;0m        [38;2;1;1;0m  [38;2;88;92;96m██[38;2;137;116;101m██[38;2;202;167;130m██[38;2;201;166;129m██[38;2;180;151;120m██[38;2;157;128;96m██[38;2;171;134;97m██[38;2;88;85;83m██[38;2;175;158;131m██[38;2;0;0;0m  [38;2;80;69;57m  [38;2;203;163;132m██[38;2;203;162;132m██[38;2;0;0;0m            
[38;2;0;0;0m        [38;2;86;64;41m██[38;2;150;124;99m██[38;2;146;117;89m██[38;2;84;67;54m  [38;2;54;47;38m  [38;2;38;37;37m██[38;2;139;114;98m██[38;2;111;102;101m██[38;2;238;208;162m██[38;2;76;69;55m  [38;2;0;0;0m  [38;2;11;11;11m  [38;2;133;106;78m██[38;2;140;109;76m██[38;2;109;84;58m  [38;2;0;0;0m          
[38;2;0;0;0m      [38;2;0;3;7m  [38;2;171;121;79m██[38;2;194;146;90m██[38;2;187;139;88m██[38;2;0;0;0m    [38;2;37;24;12m██[38;2;153;120;97m██[38;2;252;164;84m██[38;2;233;197;145m██[38;2;0;0;0m    [38;2;55;41;30m██[38;2;191;143;89m██[38;2;173;120;73m██[38;2;173;129;82m  [38;2;0;0;0m          
[38;2;0;0;0m      [38;2;0;1;2m  [38;2;43;33;21m██[38;2;69;52;32m██[38;2;33;25;15m  [38;2;0;0;0m    [38;2;159;110;60m██[38;2;255;165;87m██[38;2;253;165;85m██[38;2;58;37;19m██[38;2;0;0;0m    [38;2;10;8;7m  [38;2;66;49;31m██[38;2;61;42;26m██[38;2;0;0;0m            
[38;2;0;0;0m                  [38;2;175;122;68m██[38;2;215;141;77m██[38;2;151;103;58m██[38;2;37;24;13m  [38;2;0;0;0m                      
[38;2;0;0;0m                  [38;2;5;3;2m  [38;2;49;35;20m██[38;2;30;19;10m  [38;2;0;0;0m                        [0m
