
[38;2;0;0;0m            [38;2;36;36;24m██[38;2;0;0;0m                    
[38;2;0;0;0m          [38;2;176;176;119m  [38;2;138;138;93m██[38;2;0;0;0m                    
[38;2;0;0;0m    [38;2;79;79;54m██[38;2;53;53;41m██[38;2;28;28;19m  [38;2;231;231;156m██[38;2;136;136;105m██[38;2;74;74;51m██[38;2;209;209;142m██[38;2;0;0;0m                
[38;2;0;0;0m    [38;2;79;79;54m██[38;2;92;92;80m██[38;2;220;220;149m██[38;2;110;110;90m██[38;2;215;215;149m██[38;2;246;246;166m██[38;2;157;157;109m██[38;2;0;0;0m                
[38;2;0;0;0m    [38;2;175;171;103m██[38;2;247;245;160m██[38;2;251;231;87m██[38;2;249;239;126m██[38;2;222;210;104m██[38;2;130;130;102m██[38;2;187;187;134m██[38;2;244;244;165m██[38;2;71;71;48m  [38;2;0;0;0m            
[38;2;0;0;0m    [38;2;104;93;27m██[38;2;254;224;53m██[38;2;254;223;45m██[38;2;254;222;40m██[38;2;240;224;98m██[38;2;253;225;58m██[38;2;168;168;123m██[38;2;31;31;21m  [38;2;0;0;0m              
[38;2;0;0;0m    [38;2;37;27;0m  [38;2;234;201;33m██[38;2;242;210;31m██[38;2;124;94;13m██[38;2;212;182;34m██[38;2;198;215;119m██[38;2;204;227;173m██[38;2;135;135;104m██[38;2;42;42;28m  [38;2;0;0;0m            
[38;2;0;0;0m    [38;2;75;65;11m  [38;2;251;219;38m██[38;2;119;100;10m██[38;2;214;185;41m██[38;2;232;196;35m██[38;2;110;205;244m██[38;2;105;131;116m██[38;2;21;21;14m██[38;2;9;9;6m  [38;2;0;0;0m            
[38;2;67;58;10m██[38;2;161;138;46m██[38;2;255;216;33m██[38;2;184;164;49m██[38;2;223;196;43m██[38;2;75;126;141m██[38;2;146;158;90m██[38;2;175;156;50m██[38;2;0;0;0m                  
[38;2;2;2;0m  [38;2;198;197;196m██[38;2;89;78;13m██[38;2;39;35;8m██[38;2;74;123;143m██[38;2;48;119;157m██[38;2;170;153;52m██[38;2;180;134;9m██[38;2;39;40;39m  [38;2;0;0;0m                
[38;2;32;32;32m  [38;2;227;227;227m██[38;2;112;112;112m██[38;2;0;0;0m  [38;2;53;104;134m██[38;2;111;150;148m██[38;2;163;145;48m██[38;2;218;178;22m██[38;2;150;151;131m██[38;2;255;255;255m██[38;2;180;180;180m██[38;2;111;111;111m  [38;2;0;0;0m          
[38;2;0;0;0m  [38;2;202;202;202m  [38;2;0;0;0m    [38;2;164;170;86m██[38;2;88;81;47m██[38;2;171;171;131m██[38;2;66;66;66m██[38;2;164;162;116m██[38;2;254;254;254m████[38;2;255;255;255m██[38;2;97;97;97m██[38;2;0;0;0m        
[38;2;0;0;0m    [38;2;11;11;13m  [38;2;115;124;138m██[38;2;186;200;213m██[38;2;245;245;246m██[38;2;255;255;255m██[38;2;226;234;246m██[38;2;224;233;245m██[38;2;198;217;238m██[38;2;198;215;238m██[38;2;226;234;246m██[38;2;168;174;174m██[38;2;0;0;0m        
[38;2;0;0;0m  [38;2;8;7;1m  [38;2;255;222;39m████[38;2;112;127;141m██[38;2;187;219;250m██[38;2;135;152;165m██[38;2;74;72;64m██[38;2;185;217;248m██[38;2;131;181;227m██[38;2;83;143;183m██[38;2;183;210;240m██[38;2;198;217;238m██[38;2;0;0;0m        
[38;2;28;20;0m  [38;2;224;192;31m██[38;2;182;162;49m██[38;2;163;146;52m██[38;2;111;149;180m██[38;2;103;117;130m██[38;2;206;185;49m██[38;2;255;222;39m██[38;2;134;133;89m██[38;2;125;189;234m██[38;2;111;163;203m██[38;2;93;150;191m██[38;2;109;154;185m██[38;2;0;0;0m    [38;2;14;40;50m██[38;2;0;0;0m  
[38;2;45;33;1m  [38;2;238;202;31m██[38;2;116;106;52m██[38;2;85;81;56m██[38;2;63;99;111m██[38;2;236;208;41m██[38;2;245;214;40m██[38;2;239;208;41m██[38;2;160;144;52m██[38;2;53;123;157m██[38;2;77;149;190m██[38;2;124;175;221m██[38;2;124;171;215m██[38;2;0;0;0m  [38;2;22;60;76m██[38;2;26;72;90m██[38;2;1;1;1m  
[38;2;0;0;0m  [38;2;79;68;12m  [38;2;0;0;0m    [38;2;127;172;181m██[38;2;238;208;41m██[38;2;149;134;54m██[38;2;71;70;65m██[38;2;160;144;52m██[38;2;163;238;252m██[38;2;83;178;218m██[38;2;58;137;174m██[38;2;49;77;97m██[38;2;5;5;5m  [38;2;48;63;70m██[38;2;53;83;96m██[38;2;20;33;37m██
[38;2;0;0;0m        [38;2;62;90;103m██[38;2;84;100;104m██[38;2;115;127;106m██[38;2;102;96;68m██[38;2;121;163;171m██[38;2;94;186;225m██[38;2;74;151;184m██[38;2;65;156;194m████████[38;2;45;107;133m  [38;2;0;0;0m  
[38;2;0;0;0m    [38;2;5;18;23m  [38;2;59;93;109m██[38;2;58;98;111m██[38;2;142;218;241m██[38;2;143;206;221m██[38;2;183;242;226m██[38;2;124;177;191m██[38;2;49;94;117m██[38;2;57;95;114m██[38;2;60;156;198m██[38;2;65;156;194m██[38;2;59;141;175m██[38;2;22;54;67m██[38;2;0;0;0m    
[38;2;0;0;0m    [38;2;159;176;198m██[38;2;38;89;108m██[38;2;43;108;132m██[38;2;3;6;7m  [38;2;38;75;91m  [38;2;88;170;207m██[38;2;93;130;145m██[38;2;52;126;162m██[38;2;55;119;150m██[38;2;47;48;51m  [38;2;0;0;0m          
[38;2;0;0;0m                [38;2;60;92;109m██[38;2;61;138;178m██[38;2;74;152;187m██[38;2;0;0;0m            
[38;2;0;0;0m                [38;2;227;227;227m██[38;2;255;255;255m██[38;2;159;202;222m██[38;2;0;0;0m            
[38;2;0;0;0m                [38;2;33;33;33m  [38;2;66;66;66m██[38;2;29;29;29m  [38;2;0;0;0m            [0m
