
[38;2;0;0;0m                      [38;2;49;49;49m██[38;2;0;0;0m                          
[38;2;0;0;0m                    [38;2;49;49;49m██[38;2;246;205;41m██[38;2;49;49;49m██[38;2;0;0;0m                        
[38;2;0;0;0m                    [38;2;49;49;49m██[38;2;246;205;41m██[38;2;49;49;49m██[38;2;0;0;0m                        
[38;2;0;0;0m                    [38;2;49;49;49m██[38;2;131;106;255m██[38;2;205;139;41m██[38;2;49;49;49m██[38;2;0;0;0m              [38;2;49;49;49m██████[38;2;0;0;0m  
[38;2;0;0;0m                    [38;2;49;49;49m██[38;2;131;106;255m████[38;2;49;49;49m██[38;2;0;0;0m          [38;2;49;49;49m████[38;2;246;205;41m████[38;2;49;49;49m██[38;2;0;0;0m  
[38;2;0;0;0m                    [38;2;49;49;49m██[38;2;131;106;255m████[38;2;82;82;82m██[38;2;49;49;49m██████████[38;2;131;106;255m██[38;2;246;205;41m████[38;2;49;49;49m██[38;2;0;0;0m    
[38;2;0;0;0m              [38;2;49;49;49m████[38;2;0;0;0m    [38;2;49;49;49m██[38;2;246;205;41m██[38;2;82;82;82m██[38;2;255;115;106m██████[38;2;82;82;82m██[38;2;131;106;255m██████[38;2;49;49;49m██[38;2;0;0;0m      
[38;2;0;0;0m            [38;2;49;49;49m██[38;2;131;106;255m████[38;2;49;49;49m██[38;2;0;0;0m  [38;2;49;49;49m██[38;2;246;205;41m████[38;2;82;82;82m██████[38;2;246;205;41m██[38;2;131;106;255m████[38;2;49;49;49m██[38;2;0;0;0m        
[38;2;0;0;0m          [38;2;49;49;49m██[38;2;246;205;41m██[38;2;49;49;49m████████[38;2;255;115;106m██[38;2;82;82;82m██████[38;2;205;139;41m██[38;2;246;205;41m████[38;2;82;82;82m████[38;2;255;115;106m██[38;2;49;49;49m██[38;2;0;0;0m      
[38;2;0;0;0m          [38;2;49;49;49m████[38;2;255;115;106m██████[38;2;82;82;82m████[38;2;255;115;106m████[38;2;82;82;82m████[38;2;246;205;41m██[38;2;82;82;82m██[38;2;131;106;255m██[38;2;82;82;82m██[38;2;246;65;82m██[38;2;180;49;65m██[38;2;49;49;49m██[38;2;0;0;0m    
[38;2;0;0;0m        [38;2;49;49;49m████[38;2;246;65;82m██[38;2;255;115;106m██████[38;2;246;65;82m██[38;2;82;82;82m████[38;2;246;65;82m██████[38;2;82;82;82m████[38;2;131;106;255m████[38;2;82;82;82m██[38;2;246;65;82m██[38;2;82;82;82m██[38;2;49;49;49m██[38;2;0;0;0m  
[38;2;0;0;0m    [38;2;49;49;49m████[38;2;255;255;255m██████[38;2;82;82;82m██[38;2;255;115;106m██[38;2;246;65;82m██████[38;2;82;82;82m██[38;2;246;65;82m████████[38;2;180;49;65m██[38;2;82;82;82m██[38;2;131;106;255m██[38;2;246;205;41m██[38;2;82;82;82m████[38;2;205;139;41m██[38;2;49;49;49m██
[38;2;0;0;0m  [38;2;49;49;49m██[38;2;255;255;255m██████[38;2;189;189;189m████[38;2;82;82;82m██[38;2;246;65;82m████████[38;2;82;82;82m██[38;2;246;65;82m██[38;2;82;82;82m████[38;2;246;65;82m████[38;2;82;82;82m██[38;2;246;205;41m████[38;2;205;139;41m██[38;2;49;49;49m██[38;2;205;139;41m██[38;2;49;49;49m██
[38;2;0;0;0m    [38;2;49;49;49m████[38;2;82;82;82m██████[38;2;246;65;82m████[38;2;98;65;197m████[38;2;246;65;82m██[38;2;82;82;82m██[38;2;246;65;82m██[38;2;82;82;82m██[38;2;131;106;255m██[38;2;82;82;82m██[38;2;246;65;82m██[38;2;180;49;65m██[38;2;82;82;82m██[38;2;246;205;41m████[38;2;98;65;197m██[38;2;49;49;49m██[38;2;0;0;0m  
[38;2;0;0;0m  [38;2;49;49;49m██[38;2;246;205;41m██[38;2;205;139;41m██[38;2;98;65;197m██[38;2;255;115;106m██[38;2;246;65;82m████[38;2;131;106;255m██[38;2;255;255;255m██[38;2;98;65;197m██[38;2;246;65;82m██[38;2;82;82;82m██[38;2;246;65;82m██[38;2;98;65;197m██[38;2;131;106;255m██[38;2;246;205;41m██[38;2;82;82;82m██[38;2;180;49;65m██[38;2;82;82;82m██[38;2;49;49;49m██[38;2;131;106;255m████[38;2;49;49;49m██[38;2;0;0;0m  
[38;2;49;49;49m██[38;2;246;205;41m██[38;2;49;49;49m██[38;2;82;82;82m██[38;2;255;255;255m██[38;2;255;115;106m██[38;2;246;65;82m████[38;2;82;82;82m██[38;2;49;49;49m██[38;2;98;65;197m██[38;2;246;65;82m██[38;2;82;82;82m██[38;2;49;49;49m██[38;2;82;82;82m██[38;2;246;205;41m██████[38;2;82;82;82m██[38;2;49;49;49m████[38;2;131;106;255m████[38;2;49;49;49m██[38;2;0;0;0m  
[38;2;49;49;49m████[38;2;0;0;0m  [38;2;49;49;49m██[38;2;255;255;255m██[38;2;49;49;49m██[38;2;180;49;65m██[38;2;246;65;82m██[38;2;82;82;82m████[38;2;246;65;82m██[38;2;82;82;82m██[38;2;49;49;49m██[38;2;0;0;0m  [38;2;49;49;49m██[38;2;205;139;41m██[38;2;246;205;41m██[38;2;131;106;255m██[38;2;49;49;49m██[38;2;0;0;0m    [38;2;49;49;49m██[38;2;246;205;41m██[38;2;49;49;49m██[38;2;0;0;0m  
[38;2;0;0;0m        [38;2;49;49;49m██[38;2;0;0;0m  [38;2;49;49;49m██[38;2;82;82;82m██[38;2;255;255;255m████[38;2;49;49;49m████[38;2;0;0;0m      [38;2;49;49;49m██[38;2;131;106;255m████[38;2;49;49;49m██[38;2;0;0;0m    [38;2;49;49;49m██[38;2;246;205;41m██[38;2;49;49;49m██[38;2;0;0;0m  
[38;2;0;0;0m            [38;2;49;49;49m██[38;2;255;255;255m████[38;2;49;49;49m██[38;2;0;0;0m          [38;2;49;49;49m██[38;2;98;65;197m██[38;2;131;106;255m██[38;2;49;49;49m██[38;2;0;0;0m      [38;2;49;49;49m██[38;2;0;0;0m    
[38;2;0;0;0m              [38;2;49;49;49m████[38;2;0;0;0m              [38;2;49;49;49m██[38;2;246;205;41m██[38;2;49;49;49m██[38;2;0;0;0m            
[38;2;0;0;0m                                [38;2;49;49;49m██[38;2;246;205;41m██[38;2;49;49;49m██[38;2;0;0;0m            
[38;2;0;0;0m                                  [38;2;49;49;49m██[38;2;0;0;0m              [0m
