
[38;2;0;0;4m            [38;2;17;31;45m██[38;2;60;92;130m██[38;2;54;96;138m██[38;2;0;0;2m  [38;2;0;0;4m                    [38;2;21;33;46m  [38;2;111;171;231m██[38;2;94;142;190m██[38;2;4;4;6m  [38;2;54;83;112m██[38;2;95;146;197m██[38;2;0;0;1m  [38;2;24;37;50m    [38;2;0;0;3m  
[38;2;0;0;4m          [38;2;0;0;1m  [38;2;58;99;142m██[38;2;66;111;159m██[38;2;10;18;27m  [38;2;0;0;3m  [38;2;0;0;4m                    [38;2;0;0;3m  [38;2;89;137;185m██[38;2;117;178;239m██[38;2;66;79;91m██[38;2;120;184;248m██[38;2;30;46;62m██[38;2;24;37;50m  [38;2;114;175;236m██[38;2;90;138;186m██[38;2;0;0;2m  
[38;2;0;0;4m          [38;2;0;0;1m  [38;2;72;128;184m██[38;2;53;94;136m██[38;2;0;0;2m  [38;2;0;0;4m                        [38;2;0;0;1m  [38;2;120;183;247m██[38;2;88;144;204m██[38;2;115;173;232m██[38;2;73;83;94m██[38;2;120;184;247m████[38;2;0;0;0m  [38;2;0;0;4m  
[38;2;0;0;4m        [38;2;0;0;3m  [38;2;47;84;122m  [38;2;72;128;184m██[38;2;18;32;46m██[38;2;0;0;4m                          [38;2;0;0;1m  [38;2;120;183;247m██[38;2;120;184;248m██[38;2;106;154;202m██[38;2;101;143;186m██[38;2;120;184;248m██[38;2;40;61;83m██[38;2;0;0;3m  [38;2;0;0;4m  
[38;2;0;0;4m        [38;2;0;0;3m  [38;2;54;96;138m██[38;2;72;128;184m██[38;2;18;32;46m██[38;2;0;0;4m                            [38;2;29;45;61m██[38;2;120;184;247m██[38;2;92;149;209m██[38;2;120;184;247m██[38;2;88;115;143m██[38;2;54;74;94m██[38;2;38;58;79m  [38;2;0;0;3m  
[38;2;0;0;4m        [38;2;0;0;3m  [38;2;54;96;138m██[38;2;72;128;184m██[38;2;18;32;46m██[38;2;0;0;4m        [38;2;0;0;3m  [38;2;0;0;0m  [38;2;0;0;4m                [38;2;29;45;61m██[38;2;120;184;248m████[38;2;79;97;115m██[38;2;117;179;240m██[38;2;119;182;246m██[38;2;90;138;186m██[38;2;0;0;2m  
[38;2;0;0;4m        [38;2;0;0;3m  [38;2;89;138;186m██[38;2;65;118;174m██[38;2;18;32;46m██[38;2;0;0;3m    [38;2;0;0;4m  [38;2;0;0;2m  [38;2;6;112;133m██[38;2;0;38;50m██[38;2;0;0;4m                [38;2;29;45;61m██[38;2;120;184;248m████████[38;2;99;139;179m██[38;2;24;24;24m  [38;2;0;0;3m  
[38;2;0;0;4m        [38;2;0;0;3m  [38;2;86;132;178m  [38;2;107;169;231m██[38;2;71;127;183m██[38;2;5;51;57m████[38;2;0;0;3m  [38;2;12;149;167m██[38;2;0;150;198m██[38;2;0;36;48m  [38;2;0;0;3m      [38;2;0;0;4m        [38;2;0;0;3m  [38;2;33;51;69m██[38;2;120;184;248m██[38;2;119;183;247m████[38;2;104;153;201m██[38;2;64;66;68m██[38;2;72;128;184m██[38;2;18;32;46m██
[38;2;0;0;4m          [38;2;0;0;1m  [38;2;104;164;226m██[38;2;67;121;177m██[38;2;52;97;103m██[38;2;24;136;162m██[38;2;36;63;66m██[38;2;9;149;189m██[38;2;0;114;150m██[38;2;0;0;1m  [38;2;0;21;30m  [38;2;0;87;115m██[38;2;0;65;86m  [38;2;0;0;3m  [38;2;0;0;4m      [38;2;0;0;1m  [38;2;120;183;247m██[38;2;120;184;247m██[38;2;94;153;213m████[38;2;92;152;211m██[38;2;72;128;184m██[38;2;58;81;105m██[38;2;7;13;21m  
[38;2;0;0;4m  [38;2;0;0;3m    [38;2;0;0;4m    [38;2;0;0;1m  [38;2;109;168;226m██[38;2;72;124;182m██[38;2;50;88;104m██[38;2;1;149;196m██[38;2;47;109;117m██[38;2;4;163;206m██[38;2;20;126;158m██[38;2;25;165;186m██[38;2;10;183;215m██[38;2;0;138;182m██[38;2;0;0;1m  [38;2;0;0;4m        [38;2;0;0;1m  [38;2;120;183;247m██[38;2;73;126;184m██[38;2;103;165;226m████[38;2;71;120;170m██[38;2;60;72;85m██[38;2;0;0;1m  [38;2;0;0;4m  
[38;2;0;0;4m  [38;2;0;0;0m  [38;2;0;74;98m  [38;2;0;0;3m  [38;2;0;0;4m    [38;2;29;45;61m██[38;2;103;163;225m██[38;2;62;100;142m██[38;2;16;129;165m██[38;2;13;192;220m██[38;2;32;113;135m██[38;2;18;133;166m██[38;2;1;156;202m██[38;2;0;127;167m██[38;2;0;13;19m  [38;2;0;0;4m        [38;2;0;0;3m  [38;2;58;90;121m  [38;2;109;170;233m██[38;2;73;128;185m██[38;2;72;128;184m████[38;2;69;105;142m██[38;2;52;89;125m██[38;2;0;0;2m  [38;2;0;0;4m  
[38;2;0;0;4m    [38;2;2;34;45m██[38;2;2;56;74m██[38;2;0;0;3m  [38;2;0;0;4m  [38;2;0;0;3m  [38;2;89;137;185m██[38;2;105;155;206m██[38;2;63;65;68m██[38;2;22;121;152m██[38;2;12;134;172m██[38;2;3;147;193m██[38;2;12;135;173m██[38;2;56;65;74m██[38;2;0;0;2m  [38;2;0;0;4m        [38;2;5;8;14m  [38;2;95;146;197m██[38;2;95;153;214m██[38;2;68;123;179m██[38;2;71;124;178m██[38;2;70;115;160m██[38;2;58;103;148m██[38;2;53;64;75m██[38;2;0;0;1m  [38;2;0;0;4m  
[38;2;0;0;4m    [38;2;3;5;9m  [38;2;3;119;157m██[38;2;0;0;1m  [38;2;0;0;4m  [38;2;0;0;3m  [38;2;24;37;50m  [38;2;115;178;242m██[38;2;73;88;104m██[38;2;112;118;125m██[38;2;46;87;100m██[38;2;163;189;193m██[38;2;176;172;166m██[38;2;111;171;231m██[38;2;21;33;46m  [38;2;0;0;4m      [38;2;0;0;1m  [38;2;95;146;197m██[38;2;120;183;247m██[38;2;59;109;165m██[38;2;72;128;183m██[38;2;71;123;175m██[38;2;69;110;151m██[38;2;0;0;0m  [38;2;0;0;2m  [38;2;0;0;4m    
[38;2;0;0;4m  [38;2;0;0;3m  [38;2;0;68;90m██[38;2;0;121;159m██[38;2;0;0;1m  [38;2;0;0;4m      [38;2;11;11;12m  [38;2;131;125;131m██[38;2;138;134;144m██[38;2;82;81;84m██[38;2;64;72;77m██[38;2;190;196;200m██[38;2;93;153;212m██[38;2;89;118;147m██[38;2;24;37;50m  [38;2;0;0;2m  [38;2;32;49;66m██[38;2;98;150;202m██[38;2;116;180;243m██[38;2;72;125;182m██[38;2;72;128;183m██[38;2;67;92;118m██[38;2;67;88;110m██[38;2;56;97;138m██[38;2;39;70;101m  [38;2;0;0;3m  [38;2;0;0;4m    
[38;2;0;0;3m  [38;2;0;92;121m  [38;2;11;137;182m██[38;2;11;23;32m██[38;2;0;0;4m        [38;2;0;0;3m  [38;2;23;21;23m  [38;2;125;121;129m██[38;2;98;137;177m██[38;2;117;181;244m██[38;2;110;173;235m██[38;2;120;183;247m████[38;2;69;78;87m██[38;2;85;124;163m██[38;2;120;183;247m██[38;2;81;135;194m██[38;2;69;121;178m██[38;2;72;128;183m██[38;2;65;76;87m██[38;2;70;115;159m██[38;2;57;99;141m██[38;2;3;3;5m  [38;2;0;0;3m  [38;2;0;0;4m      
[38;2;4;8;14m  [38;2;46;80;120m██[38;2;19;106;145m██[38;2;4;6;11m  [38;2;0;0;4m      [38;2;0;0;2m  [38;2;4;8;14m  [38;2;19;33;49m██[38;2;51;59;61m██[38;2;133;173;204m██[38;2;193;230;247m██[38;2;115;174;231m██[38;2;120;183;247m██[38;2;120;184;248m██[38;2;120;183;247m██[38;2;103;163;225m██[38;2;92;151;211m██[38;2;69;124;180m██[38;2;65;116;168m██[38;2;47;83;120m██[38;2;70;117;164m██[38;2;16;21;26m██[38;2;4;47;64m██[38;2;4;8;14m  [38;2;0;0;2m  [38;2;0;0;4m      
[38;2;14;24;36m██[38;2;56;96;144m██[38;2;56;95;143m██[38;2;51;76;109m██[38;2;0;0;0m      [38;2;37;63;95m  [38;2;51;87;131m██[38;2;18;32;48m██[38;2;189;219;226m██[38;2;208;240;247m████[38;2;196;230;242m██[38;2;77;130;189m██[38;2;120;183;247m██[38;2;109;171;233m██[38;2;72;127;183m██[38;2;72;128;183m████[38;2;6;11;16m  [38;2;0;0;3m  [38;2;8;14;21m██[38;2;2;104;137m██[38;2;38;113;161m██[38;2;1;137;181m██[38;2;37;63;95m  [38;2;0;0;3m  [38;2;0;0;4m    
[38;2;0;0;3m  [38;2;24;41;62m  [38;2;38;65;98m██[38;2;56;96;144m██████[38;2;50;85;128m██[38;2;32;55;83m██[38;2;24;41;62m  [38;2;0;0;0m  [38;2;208;240;247m████████[38;2;170;206;226m██[38;2;88;146;205m██[38;2;72;128;183m██[38;2;69;107;145m██[38;2;31;55;80m  [38;2;0;0;1m  [38;2;0;0;4m      [38;2;0;0;2m  [38;2;13;89;122m██[38;2;14;137;185m██[38;2;13;138;186m██[38;2;14;72;99m██[38;2;0;0;2m  [38;2;0;0;4m  
[38;2;0;0;4m  [38;2;0;0;3m  [38;2;0;0;4m  [38;2;2;3;5m██████[38;2;1;2;5m  [38;2;0;0;3m      [38;2;57;66;69m██[38;2;208;240;248m██[38;2;208;240;247m██[38;2;208;240;248m██[38;2;152;192;216m██[38;2;79;125;174m██[38;2;72;128;183m██[38;2;71;126;180m██[38;2;0;0;0m  [38;2;0;0;4m        [38;2;0;0;1m  [38;2;40;106;153m██[38;2;0;151;199m██[38;2;40;111;159m██[38;2;0;151;199m██[38;2;0;0;0m  [38;2;0;0;4m  
[38;2;0;0;4m                    [38;2;26;30;32m  [38;2;161;192;205m██[38;2;173;210;228m██[38;2;152;192;216m██[38;2;140;181;209m██[38;2;74;124;176m██[38;2;77;134;191m██[38;2;75;111;147m██[38;2;62;104;146m██[38;2;28;43;61m██[38;2;27;47;71m██████[38;2;27;104;146m██[38;2;27;124;172m██[38;2;28;123;171m██[38;2;0;76;100m██[38;2;0;19;26m  [38;2;0;0;4m    
[38;2;0;0;4m                      [38;2;0;0;1m  [38;2;146;185;208m██[38;2;151;190;214m██[38;2;123;163;194m██[38;2;68;122;178m██[38;2;120;183;247m██[38;2;120;184;248m██[38;2;46;46;46m  [38;2;0;0;0m  [38;2;13;23;34m  [38;2;53;92;138m████[38;2;13;23;34m  [38;2;0;0;0m    [38;2;0;0;4m        
[38;2;0;0;4m                        [38;2;6;6;8m  [38;2;82;95;102m██[38;2;0;0;0m  [38;2;38;58;79m  [38;2;120;183;247m██[38;2;68;104;140m██[38;2;0;0;2m  [38;2;0;0;4m  [38;2;0;0;3m  [38;2;0;0;2m    [38;2;0;0;3m  [38;2;0;0;4m            
[38;2;0;0;4m                    [38;2;3;3;5m  [38;2;8;8;8m██[38;2;40;37;37m██[38;2;115;107;107m██[38;2;0;0;0m  [38;2;0;0;4m  [38;2;15;15;15m██[38;2;29;29;29m██[38;2;0;0;3m  [38;2;0;0;4m                      
[38;2;0;0;4m                  [38;2;0;0;2m  [38;2;134;137;141m██[38;2;96;91;91m██[38;2;100;93;93m██[38;2;27;26;26m██[38;2;0;0;2m  [38;2;0;0;1m  [38;2;31;30;31m██[38;2;151;144;151m██[38;2;0;0;0m  [38;2;0;0;4m                      
[38;2;0;0;4m                    [38;2;0;0;0m  [38;2;140;145;150m  [38;2;0;0;1m  [38;2;0;0;3m  [38;2;65;65;68m██[38;2;114;107;109m██[38;2;155;147;155m██[38;2;35;33;35m██[38;2;0;0;4m                        
[38;2;0;0;4m                      [38;2;0;0;3m  [38;2;0;0;4m  [38;2;0;0;1m  [38;2;46;48;50m  [38;2;12;12;13m  [38;2;163;166;172m██[38;2;4;4;6m  [38;2;0;0;4m                        [0m
