
[38;2;0;0;0m                      ██            
[38;2;0;0;0m                    ██[38;2;82;115;50m██[38;2;0;0;0m██          
[38;2;0;0;0m                  ██[38;2;99;156;51m██[38;2;82;115;50m██[38;2;0;0;0m██          
[38;2;0;0;0m                ██[38;2;99;156;43m██[38;2;82;111;53m██[38;2;82;115;50m██[38;2;0;0;0m██          
[38;2;0;0;0m            ████[38;2;99;156;51m██[38;2;82;111;53m██[38;2;66;65;63m██[38;2;82;115;50m██[38;2;0;0;0m██          
[38;2;0;0;0m          [38;2;0;4;0m██[38;2;107;156;51m██[38;2;82;118;50m████[38;2;57;70;49m██[38;2;79;118;66m██[38;2;66;115;50m██[38;2;0;0;0m██          
[38;2;0;0;0m        ██[38;2;107;156;51m██[38;2;71;105;34m██[38;2;82;118;50m████[38;2;101;166;82m██[38;2;123;214;99m██[38;2;99;173;75m██[38;2;0;0;0m██          
[38;2;0;0;0m      ██[38;2;82;115;50m████████[38;2;132;206;108m████████[38;2;91;173;75m██[38;2;0;0;0m██        
[38;2;0;0;0m      ██[38;2;82;115;50m████[38;2;91;173;75m██[38;2;132;206;108m██[38;2;82;115;50m██████[38;2;91;173;75m██[38;2;132;206;108m██[38;2;0;0;0m██        
[38;2;0;0;0m  ████[38;2;132;206;108m██[38;2;82;115;50m██[38;2;99;156;51m██[38;2;132;205;108m██[38;2;152;119;116m██[38;2;255;239;231m██[38;2;197;203;187m██[38;2;82;115;50m██[38;2;79;118;47m██[38;2;123;214;107m██[38;2;0;0;0m██        
[38;2;0;0;0m██[38;2;214;247;174m██[38;2;71;82;58m██[38;2;132;206;108m████[38;2;132;205;108m██[38;2;99;156;51m██[38;2;49;0;1m██[38;2;152;119;116m██[38;2;255;247;255m██[38;2;82;115;50m██[38;2;79;118;47m██[38;2;101;166;77m██[38;2;0;0;0m██        
[38;2;0;0;0m  ████[38;2;132;206;108m██████[38;2;99;156;51m██[38;2;24;4;0m██[38;2;131;129;83m██[38;2;247;255;247m██[38;2;66;99;42m██[38;2;90;173;74m██[38;2;123;255;19m██[38;2;132;255;52m██[38;2;8;0;32m██[38;2;0;0;0m  ██  
[38;2;0;0;0m    ██[38;2;132;206;108m██[38;2;91;173;75m██[38;2;132;206;108m████[38;2;131;129;83m██[38;2;239;255;167m██[38;2;126;151;110m██[38;2;66;99;42m██[38;2;123;255;19m████[38;2;49;85;39m██[38;2;91;170;45m██[38;2;0;0;0m██[38;2;132;206;108m██[38;2;0;0;0m██
[38;2;0;0;0m      ██████[38;2;66;66;66m██[38;2;214;247;174m████████[38;2;66;66;66m████[38;2;123;214;99m██[38;2;66;66;66m██[38;2;132;206;108m████[38;2;0;0;0m██
[38;2;0;0;0m            ████[38;2;71;82;58m██[38;2;66;66;66m████[38;2;132;206;108m████[38;2;104;165;88m██[38;2;66;66;66m██[38;2;132;206;108m██[38;2;91;173;75m██[38;2;0;0;0m██
[38;2;0;0;0m              [38;2;8;0;8m██[38;2;96;170;80m██[38;2;90;173;74m██[38;2;66;66;66m████[38;2;132;206;108m██[38;2;66;66;66m██[38;2;90;173;74m██[38;2;66;66;66m██[38;2;0;0;0m██  
[38;2;0;0;0m            ██[38;2;96;170;80m██[38;2;52;85;44m██[38;2;90;173;74m████[38;2;66;66;66m████[38;2;90;173;74m████[38;2;0;0;0m██    
[38;2;0;0;0m              ████████[38;2;88;158;72m████[38;2;88;149;72m██[38;2;0;4;0m██[38;2;0;0;0m      
[38;2;0;0;0m                      [38;2;0;12;0m██[38;2;132;231;108m██[38;2;132;222;108m██[38;2;0;4;0m██[38;2;0;0;0m      
[38;2;0;0;0m                        ████        [0m
