
[38;2;0;0;0m          [38;2;49;49;49m██████[38;2;0;0;0m              
[38;2;0;0;0m    [38;2;49;49;49m██████[38;2;189;189;180m████[38;2;82;82;82m██[38;2;49;49;49m██[38;2;0;0;0m            
[38;2;0;0;0m  [38;2;49;49;49m██[38;2;139;139;139m██[38;2;82;82;82m██[38;2;189;189;180m████████[38;2;49;49;49m████[38;2;0;0;0m          
[38;2;49;49;49m██[38;2;139;139;139m██[38;2;82;82;82m██[38;2;189;189;180m██████[38;2;139;139;139m████[38;2;189;189;180m████[38;2;49;49;49m██[38;2;0;0;0m        
[38;2;49;49;49m██[38;2;139;139;139m██[38;2;82;82;82m██[38;2;189;189;180m████[38;2;82;82;82m██[38;2;189;189;180m████████[38;2;139;139;139m██[38;2;49;49;49m██[38;2;0;0;0m      
[38;2;0;0;0m  [38;2;49;49;49m██[38;2;82;82;82m██[38;2;189;189;180m██[38;2;82;82;82m██[38;2;189;189;180m██████[38;2;82;82;82m████[38;2;139;139;139m██[38;2;49;49;49m██[38;2;0;0;0m      
[38;2;0;0;0m  [38;2;49;49;49m██[38;2;131;180;246m██[38;2;82;82;82m████[38;2;189;189;180m██[38;2;82;82;82m████[38;2;255;255;255m██[38;2;139;139;139m██[38;2;49;49;49m██[38;2;0;0;0m        
[38;2;49;49;49m██[38;2;131;180;246m██████[38;2;82;82;82m████[38;2;255;255;255m██[38;2;49;49;49m██[38;2;255;255;255m██[38;2;98;139;205m██[38;2;246;213;139m██[38;2;49;49;49m██[38;2;0;0;0m      
[38;2;49;49;49m██[38;2;131;180;246m██████████[38;2;189;189;180m██[38;2;255;255;255m██[38;2;98;139;205m████[38;2;230;189;90m██[38;2;49;49;49m██[38;2;0;0;0m      
[38;2;49;49;49m██[38;2;98;139;205m██[38;2;131;180;246m██████[38;2;98;139;205m████[38;2;82;82;82m██[38;2;98;139;205m████[38;2;82;82;82m██[38;2;139;139;139m██[38;2;49;49;49m██[38;2;0;0;0m    
[38;2;0;0;0m  [38;2;49;49;49m██[38;2;98;139;205m████████[38;2;82;82;82m██[38;2;255;255;255m██[38;2;82;82;82m██[38;2;98;139;205m██[38;2;82;82;82m██[38;2;139;139;139m██[38;2;82;82;82m██[38;2;49;49;49m██[38;2;0;0;0m  
[38;2;0;0;0m    [38;2;49;49;49m████[38;2;230;189;90m██████[38;2;82;82;82m██[38;2;74;98;164m██[38;2;82;82;82m██[38;2;98;139;205m██[38;2;82;82;82m██[38;2;139;139;139m██[38;2;49;49;49m██[38;2;0;0;0m  
[38;2;0;0;0m        [38;2;49;49;49m████[38;2;82;82;82m██[38;2;74;98;164m██[38;2;82;82;82m██[38;2;131;180;246m████[38;2;82;82;82m██[38;2;49;49;49m██[38;2;0;0;0m    
[38;2;0;0;0m          [38;2;49;49;49m██[38;2;98;139;205m██[38;2;82;82;82m██[38;2;131;180;246m████[38;2;74;98;164m██[38;2;131;180;246m██[38;2;74;98;164m██[38;2;49;49;49m██[38;2;0;0;0m  
[38;2;0;0;0m        [38;2;49;49;49m██[38;2;98;139;205m██[38;2;82;82;82m██[38;2;131;180;246m██[38;2;82;82;82m████[38;2;98;139;205m██[38;2;131;180;246m████[38;2;49;49;49m██[38;2;0;0;0m  
[38;2;0;0;0m        [38;2;49;49;49m██[38;2;98;139;205m██[38;2;82;82;82m██[38;2;246;213;139m██[38;2;98;139;205m██[38;2;74;98;164m██[38;2;131;180;246m██████[38;2;98;139;205m██[38;2;49;49;49m██
[38;2;0;0;0m          [38;2;49;49;49m██[38;2;98;139;205m██[38;2;82;82;82m██[38;2;230;189;90m██[38;2;74;98;164m██[38;2;98;139;205m██[38;2;131;180;246m██[38;2;98;139;205m████[38;2;49;49;49m██
[38;2;0;0;0m            [38;2;49;49;49m████████[38;2;98;139;205m██████[38;2;49;49;49m██[38;2;0;0;0m  
[38;2;0;0;0m                    [38;2;49;49;49m██[38;2;131;180;246m████[38;2;49;49;49m██[38;2;0;0;0m  
[38;2;0;0;0m                      [38;2;49;49;49m████[38;2;0;0;0m    [0m
