
[38;2;0;0;0m                                    [38;2;33;33;33m██[38;2;0;0;0m████                                      
[38;2;0;0;0m                                  [38;2;33;33;33m██[38;2;231;247;255m██████[38;2;0;0;0m██                                    
[38;2;0;0;0m                              ████[38;2;136;148;148m██[38;2;231;247;255m██[38;2;228;247;255m████[38;2;0;0;0m██                                    
[38;2;0;0;0m                            ██[38;2;165;189;189m████[38;2;136;148;148m██[38;2;231;247;255m██[38;2;228;247;255m████[38;2;231;247;255m██[38;2;0;0;0m██████                              
[38;2;0;0;0m                            ██[38;2;154;165;170m████[38;2;228;247;255m████[38;2;231;247;255m██████[38;2;136;148;148m██[38;2;231;247;255m██[38;2;165;193;189m██[38;2;0;0;0m██                            
[38;2;0;0;0m                              ██[38;2;231;247;255m██[38;2;228;247;255m████[38;2;231;247;255m██[38;2;136;148;148m██[38;2;231;247;255m████████[38;2;0;0;0m██                            
[38;2;0;0;0m                              ██[38;2;231;247;255m████[38;2;136;148;148m██[38;2;66;66;66m██[38;2;170;187;191m██[38;2;228;247;255m████[38;2;140;148;148m██[38;2;0;0;0m██                              
[38;2;0;0;0m                            ██[38;2;231;247;255m████[38;2;136;148;148m██[38;2;231;247;255m██[38;2;66;66;66m██[38;2;222;247;254m██[38;2;228;247;255m████[38;2;0;0;0m██                                
[38;2;0;0;0m                          [38;2;8;8;8m██[38;2;239;255;255m██[38;2;231;247;255m██[38;2;136;148;148m██[38;2;228;247;255m████████████[38;2;231;247;255m██[38;2;0;0;0m██                              
[38;2;0;0;0m      ████              ██[38;2;85;90;90m████[38;2;231;247;255m████[38;2;228;247;255m████████████[38;2;231;247;255m██[38;2;0;0;0m██                  ████        
[38;2;0;0;0m    ██[38;2;165;189;189m████[38;2;0;0;0m██            ██[38;2;189;239;253m████[38;2;82;165;210m██[38;2;231;255;255m██[38;2;189;231;253m████[38;2;66;66;66m██[38;2;173;231;253m██[38;2;231;247;255m████[38;2;228;247;255m████[38;2;0;0;0m██              [38;2;8;4;0m██[38;2;231;247;255m██[38;2;148;159;159m██[38;2;0;0;0m████    
[38;2;0;0;0m  ██[38;2;165;189;189m██[38;2;82;79;69m████[38;2;94;99;94m██[38;2;0;0;0m██            ██[38;2;63;80;84m██[38;2;181;225;240m████[38;2;66;66;66m████[38;2;173;231;253m████[38;2;156;206;252m██[38;2;231;247;255m██[38;2;228;247;255m████[38;2;66;66;66m██[38;2;0;0;0m██          ██[38;2;82;85;85m████[38;2;148;159;159m██[38;2;222;239;238m██[38;2;231;247;255m██[38;2;0;0;0m██  
[38;2;0;0;0m  [38;2;16;8;0m██[38;2;68;71;63m██[38;2;93;97;96m████[38;2;82;94;90m██[38;2;0;0;0m██          ██[38;2;74;123;162m██[38;2;181;247;253m██████[38;2;186;247;253m████████[38;2;74;123;162m██[38;2;231;247;255m██[38;2;228;247;255m████████[38;2;0;0;0m████      ██[38;2;82;80;69m██[38;2;66;66;66m██[38;2;82;82;74m████[38;2;148;159;164m██[38;2;0;0;0m██  
[38;2;0;0;0m██[38;2;173;198;189m██[38;2;68;71;63m██[38;2;80;79;69m████[38;2;165;189;181m██[38;2;0;0;0m██      ████[38;2;165;189;189m██[38;2;74;123;162m██[38;2;181;247;253m██[38;2;82;156;202m██[38;2;181;247;253m██[38;2;186;247;253m████████[38;2;74;123;162m██[38;2;231;247;255m██[38;2;228;247;255m████████[38;2;231;247;255m████[38;2;0;0;0m██████[38;2;165;189;189m██[38;2;66;66;66m████[38;2;99;99;91m██[38;2;66;66;58m██[38;2;222;239;246m████[38;2;0;0;0m██
[38;2;0;0;0m██[38;2;82;74;66m██[38;2;110;112;107m████[38;2;82;74;66m██[38;2;165;189;189m████[38;2;0;0;0m██████[38;2;165;189;189m████[38;2;77;123;165m██[38;2;198;247;254m████[38;2;74;126;165m██[38;2;206;247;254m████[38;2;74;126;165m██[38;2;198;247;254m████[38;2;206;247;254m██[38;2;74;126;165m██[38;2;231;247;255m██[38;2;66;66;66m██[38;2;231;247;255m████[38;2;228;247;255m████████[38;2;231;247;255m██[38;2;165;193;189m██[38;2;165;189;189m██[38;2;82;79;69m██[38;2;66;66;66m██[38;2;94;99;94m██[38;2;66;70;66m██[38;2;222;247;254m██[38;2;0;0;0m██
[38;2;0;0;0m██[38;2;165;189;189m██[38;2;82;74;66m████[38;2;165;189;189m████████████████[38;2;77;123;165m██[38;2;198;247;254m██[38;2;74;123;162m██[38;2;74;126;165m██[38;2;206;247;254m████[38;2;74;126;165m██[38;2;74;123;162m██[38;2;198;247;254m██[38;2;206;247;254m██[38;2;74;126;165m██[38;2;231;247;255m████[38;2;66;66;66m████[38;2;228;247;255m████████[38;2;231;247;255m████[38;2;165;189;189m████[38;2;66;66;66m████[38;2;170;188;191m████[38;2;0;0;0m██
[38;2;0;0;0m██[38;2;165;189;189m████████████████████[38;2;0;0;0m██[38;2;82;78;70m██[38;2;74;123;162m████[38;2;247;255;255m████[38;2;255;255;255m██[38;2;74;123;162m██[38;2;231;247;255m██[38;2;74;123;162m██[38;2;239;255;255m██[38;2;74;123;162m██[38;2;228;247;255m████[38;2;165;189;189m████[38;2;74;80;82m██[38;2;222;239;246m██[38;2;231;247;255m████[38;2;228;247;255m████[38;2;231;247;255m██[38;2;165;193;189m██████[38;2;165;189;189m██[38;2;0;0;0m██  
[38;2;0;0;0m  ██[38;2;165;189;189m██████████████[38;2;0;0;0m████  ██[38;2;231;247;255m████[38;2;74;123;162m██[38;2;247;255;255m██[38;2;255;255;255m██[38;2;74;123;162m██[38;2;231;247;255m████[38;2;74;123;162m██[38;2;239;255;255m██[38;2;228;247;255m████[38;2;231;247;255m██[38;2;165;189;189m██[38;2;74;80;82m██[38;2;0;0;0m████[38;2;231;247;255m██[38;2;228;247;255m████[38;2;231;247;255m████████[38;2;0;0;0m██    
[38;2;0;0;0m    ████[38;2;165;189;189m██████[38;2;0;0;0m████      ██[38;2;228;247;255m████[38;2;231;247;255m██[38;2;74;123;162m██[38;2;239;255;255m██[38;2;74;123;162m██[38;2;228;247;255m████████████████[38;2;0;0;0m██    ████[38;2;231;247;255m██████[38;2;0;0;0m████      
[38;2;0;0;0m        ██████        ██[38;2;231;247;255m██[38;2;228;247;255m████[38;2;231;247;255m████[38;2;74;123;162m██[38;2;239;255;255m██[38;2;228;247;255m████████████████[38;2;231;247;255m██[38;2;0;0;0m██      ██████          
[38;2;0;0;0m                      [38;2;0;8;8m██[38;2;231;255;255m██[38;2;228;247;255m████[38;2;82;82;66m████[38;2;231;247;255m████[38;2;228;247;255m████████████████[38;2;231;247;255m██[38;2;0;0;0m██                      
[38;2;0;0;0m                    ██[38;2;154;173;173m██[38;2;231;255;255m██[38;2;228;247;255m████[38;2;82;82;66m██[38;2;231;247;255m██[38;2;136;148;148m██[38;2;231;247;255m██[38;2;228;247;255m████████████████[38;2;231;247;255m██[38;2;0;0;0m██                      
[38;2;0;0;0m                    ██[38;2;165;189;189m████[38;2;222;247;254m██[38;2;82;82;66m██[38;2;132;148;148m██[38;2;165;181;184m██[38;2;228;247;255m████[38;2;231;247;255m████[38;2;228;247;255m████[38;2;231;247;255m████[38;2;228;247;255m████████[38;2;0;0;0m██                    
[38;2;0;0;0m                  ██[38;2;165;189;189m██████[38;2;175;192;191m██[38;2;82;82;66m██[38;2;231;247;255m████[38;2;228;247;255m████[38;2;165;193;189m██[38;2;231;247;255m██[38;2;228;247;255m████[38;2;231;247;255m██[38;2;165;193;189m██[38;2;228;247;255m████████[38;2;0;0;0m██                    
[38;2;0;0;0m                  ██[38;2;165;189;189m██████████[38;2;82;79;69m██[38;2;165;189;189m██[38;2;222;247;254m██[38;2;173;192;191m██[38;2;165;189;189m████[38;2;231;247;255m████[38;2;165;193;189m██[38;2;231;247;255m██[38;2;228;247;255m████████[38;2;0;0;0m██                    
[38;2;0;0;0m                  ██[38;2;165;189;189m██████████████[38;2;173;192;191m██[38;2;74;82;66m██[38;2;0;0;0m██[38;2;165;189;189m██[38;2;82;82;66m██[38;2;231;247;255m██████[38;2;228;247;255m████████[38;2;231;247;255m██[38;2;0;0;0m██                  
[38;2;0;0;0m                    ██[38;2;165;189;189m████████████[38;2;0;0;0m████  ████[38;2;165;189;189m██[38;2;228;247;255m████████████[38;2;231;247;255m██[38;2;0;0;0m██                  
[38;2;0;0;0m                    ██[38;2;165;189;189m██████████[38;2;0;0;0m██          ██[38;2;228;247;255m████████████[38;2;231;247;255m██[38;2;0;0;0m██                  
[38;2;0;0;0m                    ██[38;2;115;133;131m██[38;2;173;198;197m████[38;2;115;133;131m██[38;2;165;189;189m██[38;2;0;0;0m██            ██[38;2;231;247;255m██████████[38;2;0;0;0m██                    
[38;2;0;0;0m                      [38;2;0;4;0m████████[38;2;0;0;0m██              ██[38;2;231;247;255m████[38;2;0;0;0m██[38;2;231;247;255m██[38;2;165;193;189m██[38;2;231;247;255m██[38;2;0;0;0m██                  
[38;2;0;0;0m                                                ████  ██████                    [0m
