
[38;2;0;0;0m                          [38;2;49;49;49m████[38;2;0;0;0m                    
[38;2;0;0;0m                          [38;2;49;49;49m████[38;2;0;0;0m                    
[38;2;0;0;0m        [38;2;49;49;49m████[38;2;0;0;0m            [38;2;82;82;82m██[38;2;49;49;49m██[38;2;0;0;0m    [38;2;49;49;49m████[38;2;0;0;0m              
[38;2;0;0;0m      [38;2;49;49;49m██[38;2;82;82;82m██[38;2;189;148;65m██[38;2;49;49;49m██[38;2;0;0;0m        [38;2;82;82;82m██[38;2;49;49;49m██[38;2;0;0;0m    [38;2;82;82;82m██[38;2;49;49;49m████[38;2;0;0;0m              
[38;2;0;0;0m      [38;2;49;49;49m██[38;2;115;115;115m████[38;2;189;148;65m██[38;2;49;49;49m██[38;2;0;0;0m    [38;2;49;49;49m████[38;2;0;0;0m    [38;2;82;82;82m██[38;2;49;49;49m████[38;2;0;0;0m                
[38;2;0;0;0m      [38;2;49;49;49m██[38;2;115;115;115m████[38;2;189;148;65m██[38;2;82;82;82m██[38;2;49;49;49m██████[38;2;0;0;0m    [38;2;49;49;49m████[38;2;0;0;0m        [38;2;49;49;49m████████[38;2;0;0;0m    
[38;2;0;0;0m        [38;2;49;49;49m██[38;2;115;115;115m██[38;2;82;82;82m████[38;2;115;115;115m██████[38;2;49;49;49m████[38;2;0;0;0m        [38;2;49;49;49m████[38;2;255;189;57m████████[38;2;49;49;49m██[38;2;0;0;0m  
[38;2;0;0;0m        [38;2;49;49;49m██[38;2;82;82;82m██[38;2;115;115;115m██████[38;2;82;82;82m██[38;2;49;49;49m██[38;2;0;0;0m        [38;2;49;49;49m████[38;2;255;189;57m████[38;2;115;115;115m██████[38;2;255;189;57m████[38;2;49;49;49m██
[38;2;0;0;0m      [38;2;49;49;49m██[38;2;255;255;255m██[38;2;115;115;115m██████[38;2;255;255;255m████[38;2;49;49;49m██[38;2;0;0;0m      [38;2;49;49;49m██[38;2;255;189;57m████[38;2;115;115;115m████████████[38;2;255;189;57m██[38;2;49;49;49m██
[38;2;0;0;0m    [38;2;49;49;49m██[38;2;255;255;255m████[38;2;115;115;115m██[38;2;255;255;255m██████████[38;2;49;49;49m██[38;2;0;0;0m  [38;2;49;49;49m██[38;2;255;189;57m██[38;2;115;115;115m████[38;2;238;115;106m████[38;2;115;115;115m████████[38;2;49;49;49m██[38;2;0;0;0m  
[38;2;0;0;0m    [38;2;49;49;49m██[38;2;74;106;205m██[38;2;255;255;255m████████[38;2;74;164;255m████[38;2;255;255;255m██[38;2;213;213;213m██[38;2;49;49;49m██[38;2;255;189;57m██[38;2;115;115;115m████████[38;2;238;115;106m██[38;2;115;115;115m████████[38;2;49;49;49m██[38;2;0;0;0m  
[38;2;0;0;0m    [38;2;49;49;49m██[38;2;74;164;255m██[38;2;255;255;255m██████[38;2;74;164;255m██[38;2;255;255;255m██[38;2;74;106;205m██[38;2;213;213;213m██[38;2;189;189;189m██[38;2;82;82;82m██[38;2;115;115;115m██[38;2;189;148;65m██[38;2;255;189;57m████[38;2;115;115;115m████[38;2;255;189;57m██[38;2;115;115;115m████[38;2;49;49;49m██[38;2;0;0;0m    
[38;2;0;0;0m    [38;2;49;49;49m██[38;2;213;213;213m██[38;2;255;255;255m██████[38;2;74;164;255m██[38;2;49;49;49m██[38;2;74;106;205m██[38;2;189;189;189m████[38;2;82;82;82m██[38;2;189;148;65m██[38;2;255;189;57m████[38;2;189;148;65m██[38;2;115;115;115m██[38;2;255;189;57m████[38;2;115;115;115m██[38;2;49;49;49m██[38;2;0;0;0m      
[38;2;0;0;0m      [38;2;49;49;49m██[38;2;115;115;115m██[38;2;213;213;213m████[38;2;74;164;255m██[38;2;74;106;205m██[38;2;74;164;255m██[38;2;189;189;189m██[38;2;82;82;82m██[38;2;189;148;65m██[38;2;255;189;57m██[38;2;189;148;65m██[38;2;115;115;115m████[38;2;255;189;57m████[38;2;115;115;115m██[38;2;49;49;49m██[38;2;0;0;0m        
[38;2;0;0;0m    [38;2;49;49;49m██████[38;2;189;189;189m████████[38;2;82;82;82m████[38;2;115;115;115m██████████[38;2;255;189;57m██[38;2;189;148;65m██[38;2;115;115;115m██[38;2;49;49;49m██[38;2;0;0;0m          
[38;2;0;0;0m  [38;2;49;49;49m██[38;2;0;0;0m      [38;2;49;49;49m██[38;2;82;82;82m██[38;2;115;115;115m████[38;2;213;213;213m██[38;2;189;189;189m██[38;2;82;82;82m██████[38;2;115;115;115m██████████[38;2;49;49;49m██[38;2;0;0;0m          
[38;2;49;49;49m██[38;2;0;0;0m  [38;2;82;82;82m██[38;2;49;49;49m██[38;2;0;0;0m    [38;2;49;49;49m██[38;2;213;213;213m████[38;2;115;115;115m████[38;2;82;82;82m██[38;2;115;115;115m██[38;2;74;164;255m██[38;2;74;106;205m██[38;2;82;82;82m████[38;2;49;49;49m████[38;2;0;0;0m            
[38;2;49;49;49m██[38;2;0;0;0m  [38;2;82;82;82m██[38;2;0;0;0m  [38;2;49;49;49m██[38;2;0;0;0m  [38;2;49;49;49m██[38;2;115;115;115m██[38;2;213;213;213m████[38;2;115;115;115m██[38;2;82;82;82m██[38;2;115;115;115m██[38;2;74;164;255m██████[38;2;115;115;115m██[38;2;49;49;49m██[38;2;0;0;0m              
[38;2;49;49;49m██[38;2;82;82;82m██[38;2;0;0;0m    [38;2;49;49;49m██[38;2;0;0;0m  [38;2;49;49;49m██[38;2;189;189;189m██[38;2;115;115;115m██[38;2;82;82;82m██[38;2;189;189;189m██[38;2;213;213;213m██[38;2;82;82;82m██[38;2;238;115;106m██[38;2;205;98;65m██[38;2;115;115;115m██████[38;2;49;49;49m██[38;2;0;0;0m            
[38;2;0;0;0m  [38;2;49;49;49m██████[38;2;0;0;0m      [38;2;49;49;49m██████[38;2;189;189;189m████[38;2;49;49;49m████[38;2;238;115;106m████[38;2;115;115;115m████[38;2;49;49;49m██[38;2;0;0;0m            
[38;2;0;0;0m                    [38;2;49;49;49m████[38;2;0;0;0m    [38;2;49;49;49m██[38;2;115;115;115m████[38;2;49;49;49m████[38;2;0;0;0m            
[38;2;0;0;0m                              [38;2;49;49;49m████[38;2;0;0;0m  [38;2;49;49;49m████[38;2;0;0;0m          
[38;2;0;0;0m                                      [38;2;49;49;49m██████[38;2;0;0;0m      
[38;2;0;0;0m                                        [38;2;49;49;49m████[38;2;0;0;0m      [0m
