
[38;2;0;0;0m                              ████                
[38;2;0;0;0m                  ████      ██[38;2;128;136;152m████[38;2;0;0;0m██              
[38;2;0;0;0m    ████      ██████████    ██[38;2;128;136;152m████[38;2;0;0;0m██              
[38;2;0;0;0m██████████    ████    ██  ██[38;2;128;136;152m██████[38;2;0;0;0m██              
[38;2;0;0;0m████    ████          ██  ██[38;2;128;136;152m██████[38;2;0;0;0m██              
[38;2;0;0;0m          ████        ██  ██[38;2;128;136;152m██████[38;2;0;0;0m██      ██████  
[38;2;0;0;0m            ██  ████████  ██[38;2;128;136;152m████[38;2;0;0;0m██    ████[38;2;248;248;248m██████[38;2;0;0;0m██
[38;2;0;0;0m            ████[38;2;240;224;48m████[38;2;64;64;64m██[38;2;0;0;0m██  ██[38;2;128;136;152m████[38;2;0;0;0m██  ██[38;2;248;248;248m██[38;2;160;168;240m██[38;2;248;248;248m██████[38;2;0;0;0m██
[38;2;0;0;0m          ██[38;2;240;224;48m██[38;2;64;64;64m██[38;2;240;224;48m██[38;2;64;64;64m████[38;2;240;224;48m██[38;2;0;0;0m██[38;2;64;64;64m██[38;2;128;136;152m██[38;2;0;0;0m██  ██[38;2;248;248;248m██[38;2;160;168;240m████████[38;2;0;0;0m██  
[38;2;0;0;0m        ██[38;2;240;96;80m██[38;2;240;224;48m██████[38;2;64;64;64m██[38;2;240;224;48m██████[38;2;64;64;64m██[38;2;128;136;152m██[38;2;64;64;64m██[38;2;0;0;0m██[38;2;160;168;240m████[38;2;248;248;248m██████[38;2;0;0;0m██    
[38;2;0;0;0m        ██[38;2;248;248;248m██[38;2;240;224;48m██████████████[38;2;192;168;40m██[38;2;64;64;64m████[38;2;248;248;248m██████[38;2;160;168;240m██[38;2;64;64;64m██[38;2;0;0;0m██      
[38;2;0;0;0m      ██[38;2;64;64;64m██[38;2;240;96;80m██[38;2;240;224;48m████████[38;2;192;80;64m████[38;2;240;224;48m██[38;2;192;168;40m████[38;2;64;64;64m██[38;2;248;248;248m██[38;2;64;64;64m██████[38;2;160;168;240m████[38;2;0;0;0m██    
[38;2;0;0;0m    ██[38;2;160;168;240m██[38;2;64;64;64m██[38;2;240;96;80m██[38;2;240;224;48m██████[38;2;192;80;64m██[38;2;248;248;248m██[38;2;192;80;64m████[38;2;64;64;64m██[38;2;192;168;40m████[38;2;64;64;64m██[38;2;160;168;240m████[38;2;128;136;152m██████[38;2;0;0;0m██    
[38;2;0;0;0m  ██[38;2;160;168;240m██████[38;2;64;64;64m██[38;2;240;224;48m██████[38;2;192;80;64m████[38;2;240;96;80m████[38;2;64;64;64m██[38;2;192;168;40m████[38;2;64;64;64m████[38;2;160;168;240m██[38;2;128;136;152m██[38;2;160;168;240m██[38;2;0;0;0m██      
[38;2;0;0;0m██[38;2;160;168;240m████[38;2;0;0;0m██████[38;2;192;168;40m██[38;2;240;224;48m████[38;2;192;80;64m████[38;2;240;96;80m██[38;2;64;64;64m██[38;2;192;168;40m██[38;2;0;0;0m████[38;2;112;112;88m████[38;2;0;0;0m██████        
[38;2;0;0;0m██████      ██[38;2;192;168;40m██████[38;2;0;0;0m████[38;2;192;168;40m████[38;2;0;0;0m██████[38;2;192;168;40m██[38;2;0;0;0m██            
[38;2;0;0;0m              ████████  ██[38;2;112;112;88m████[38;2;0;0;0m████[38;2;192;168;40m██[38;2;112;112;88m██[38;2;0;0;0m██          
[38;2;0;0;0m                  ████████[38;2;192;168;40m██[38;2;0;0;0m██████[38;2;112;112;88m████[38;2;0;0;0m██          
[38;2;0;0;0m                    ██[38;2;248;248;248m████[38;2;0;0;0m████[38;2;192;168;40m██[38;2;0;0;0m██████            
[38;2;0;0;0m                  ██[38;2;248;248;248m████[38;2;160;168;240m████[38;2;0;0;0m██[38;2;112;112;88m██[38;2;0;0;0m████              
[38;2;0;0;0m                ██[38;2;248;248;248m██[38;2;160;168;240m██████[38;2;0;0;0m████████████            
[38;2;0;0;0m                ██████████        ████████        
[38;2;0;0;0m                                        ██        [0m
