
[38;2;0;0;0m              [38;2;48;42;37m  [38;2;65;56;49m████[38;2;0;0;0m            
[38;2;0;0;0m            [38;2;195;168;150m██[38;2;228;196;177m██[38;2;239;206;185m██[38;2;243;206;183m██[38;2;104;80;60m██[38;2;33;25;19m  [38;2;0;0;0m        
[38;2;0;0;0m          [38;2;174;149;130m██[38;2;239;207;184m██[38;2;239;207;185m██[38;2;232;199;175m██[38;2;143;118;96m██[38;2;162;125;98m██[38;2;41;30;23m██[38;2;0;0;0m        
[38;2;0;0;0m        [38;2;50;42;35m  [38;2;216;184;154m██[38;2;223;191;160m████[38;2;193;168;143m██[38;2;148;115;93m██[38;2;166;121;92m██[38;2;153;114;86m██[38;2;0;0;0m        
[38;2;0;0;0m        [38;2;23;24;23m██[38;2;192;164;142m██[38;2;224;187;158m██[38;2;179;157;136m██[38;2;110;108;103m██[38;2;164;127;100m██[38;2;168;123;93m████[38;2;0;0;0m        
[38;2;0;0;0m        [38;2;26;23;20m██[38;2;98;97;92m██[38;2;190;166;142m██[38;2;96;98;96m██[38;2;221;188;157m██[38;2;139;117;95m██[38;2;167;121;92m██[38;2;167;123;93m██[38;2;0;0;0m        
[38;2;0;0;0m        [38;2;53;47;41m██[38;2;177;157;138m██[38;2;113;110;104m██[38;2;207;178;150m██[38;2;138;129;117m██[38;2;152;133;114m██[38;2;149;117;93m██[38;2;198;157;128m██[38;2;138;113;95m██[38;2;0;0;0m      
[38;2;0;0;0m        [38;2;26;23;21m██[38;2;193;165;139m██[38;2;127;120;111m████[38;2;136;126;115m██[38;2;222;188;158m██[38;2;199;166;137m██[38;2;149;114;90m██[38;2;170;134;111m██[38;2;5;4;3m  [38;2;0;0;0m    
[38;2;0;0;0m        [38;2;128;115;103m██[38;2;193;165;140m██[38;2;127;120;111m████[38;2;201;174;148m██[38;2;204;173;148m██[38;2;224;187;158m██[38;2;191;162;135m████[38;2;161;137;114m██[38;2;0;0;0m    
[38;2;0;0;0m    [38;2;25;20;17m  [38;2;176;150;125m██[38;2;127;123;115m██[38;2;217;189;168m██[38;2;151;138;127m██[38;2;131;123;115m██[38;2;189;168;148m██[38;2;182;160;138m██[38;2;222;188;158m██[38;2;225;187;158m████[38;2;222;188;158m██[38;2;201;171;143m██[38;2;50;42;35m██
[38;2;0;0;0m    [38;2;148;115;90m██[38;2;142;119;97m██[38;2;208;183;164m██[38;2;209;182;164m██[38;2;239;206;183m██[38;2;209;183;164m██[38;2;241;208;183m██[38;2;210;184;165m██[38;2;233;196;171m██[38;2;157;144;112m██[38;2;142;118;97m██[38;2;141;115;90m██[38;2;120;94;71m██[38;2;7;6;5m  
[38;2;0;0;0m    [38;2;30;22;16m  [38;2;155;113;85m██[38;2;90;125;77m██[38;2;75;100;62m██[38;2;98;113;74m██[38;2;126;101;77m██[38;2;90;126;77m██[38;2;66;112;62m██[38;2;103;159;89m██[38;2;124;133;93m██[38;2;155;113;85m██[38;2;120;91;67m██[38;2;0;2;0m  [38;2;0;0;0m  
[38;2;0;0;0m      [38;2;22;16;12m  [38;2;31;60;34m██[38;2;128;188;106m██[38;2;140;202;115m██[38;2;90;136;77m██[38;2;137;210;124m██[38;2;138;202;114m██[38;2;148;214;120m██[38;2;112;155;91m██[38;2;22;16;12m  [38;2;0;0;0m      
[38;2;0;0;0m            [38;2;67;92;56m██[38;2;129;102;83m██[38;2;71;110;71m████[38;2;79;72;70m██[38;2;85;67;63m██[38;2;0;0;0m        
[38;2;0;0;0m            [38;2;43;38;33m██[38;2;93;88;82m██[38;2;155;117;90m██[38;2;88;78;72m██[38;2;226;200;170m██[38;2;118;102;90m██[38;2;53;43;38m  [38;2;0;0;1m  [38;2;0;0;0m    
[38;2;25;12;10m  [38;2;63;42;32m██[38;2;189;157;125m██[38;2;206;185;147m██[38;2;102;84;71m██[38;2;56;45;37m██[38;2;132;103;84m██[38;2;136;120;101m██[38;2;110;91;78m██[38;2;156;134;114m██[38;2;92;83;75m██[38;2;101;92;83m██[38;2;122;95;75m██[38;2;160;93;73m██[38;2;154;130;107m██[38;2;25;21;17m  
[38;2;37;19;18m██[38;2;121;86;67m██[38;2;120;105;79m██[38;2;116;119;74m██[38;2;225;186;158m██[38;2;235;188;158m██[38;2;12;9;6m██[38;2;173;160;137m██[38;2;205;159;137m██[38;2;242;200;165m██[38;2;166;141;118m██[38;2;102;158;84m██[38;2;113;93;73m██[38;2;112;92;72m██[38;2;139;116;93m██[38;2;55;47;39m██
[38;2;12;10;8m  [38;2;143;123;77m██[38;2;121;96;77m██[38;2;160;117;90m██[38;2;75;55;42m██[38;2;18;13;10m  [38;2;36;30;26m  [38;2;167;142;124m██[38;2;219;185;155m██[38;2;221;185;158m██[38;2;197;160;138m██[38;2;105;91;81m██[38;2;147;120;83m██[38;2;150;117;86m██[38;2;144;104;79m██[38;2;18;13;10m  
[38;2;0;0;0m            [38;2;41;33;27m██[38;2;186;146;121m██[38;2;207;177;149m██[38;2;208;166;138m██[38;2;217;172;143m██[38;2;225;187;158m██[38;2;82;72;66m██[38;2;16;15;14m  [38;2;0;0;0m    
[38;2;0;0;0m            [38;2;151;114;88m██[38;2;120;96;80m██[38;2;113;93;78m██[38;2;115;93;76m██[38;2;105;90;81m██[38;2;173;135;112m██[38;2;165;130;105m██[38;2;26;19;15m  [38;2;0;0;0m    
[38;2;0;0;0m            [38;2;0;0;1m  [38;2;47;39;34m  [38;2;124;97;77m██[38;2;155;123;99m██[38;2;165;126;98m██[38;2;33;24;24m  [38;2;0;0;0m        
[38;2;0;0;0m                [38;2;15;12;10m  [38;2;60;51;43m██[38;2;45;38;32m  [38;2;0;0;0m          [0m
