
[38;2;0;0;0m      ████                      
[38;2;0;0;0m████  ██[38;2;173;166;95m██[38;2;8;4;0m██[38;2;0;0;0m                    
[38;2;0;0;0m██[38;2;231;231;151m██[38;2;0;0;0m████[38;2;255;247;143m██[38;2;8;4;0m██[38;2;0;0;0m  ██                
[38;2;0;0;0m██[38;2;140;107;60m██[38;2;206;181;86m██[38;2;140;107;60m██[38;2;231;231;151m██[38;2;206;181;86m██[38;2;8;0;0m██[38;2;239;231;151m██[38;2;0;0;0m██              
[38;2;0;0;0m  ██[38;2;206;181;86m██[38;2;140;107;60m██[38;2;231;231;151m████[38;2;123;115;75m██[38;2;239;231;151m██[38;2;0;0;0m██              
[38;2;0;0;0m  ██[38;2;195;109;72m██[38;2;74;74;58m██[38;2;231;231;151m██[38;2;165;102;64m██[38;2;206;181;86m██[38;2;231;231;151m██[38;2;0;0;0m██    ██        
[38;2;0;0;0m██[38;2;140;107;60m██[38;2;134;92;65m██[38;2;255;127;79m██[38;2;165;102;64m████[38;2;231;231;151m██[38;2;206;181;86m██[38;2;0;0;0m██  ██[38;2;206;181;86m██[38;2;0;0;0m██      
[38;2;0;0;0m██[38;2;170;170;170m██[38;2;115;90;59m██[38;2;140;108;60m██[38;2;151;107;60m██[38;2;239;132;79m██[38;2;198;115;78m██[38;2;0;12;0m██[38;2;0;0;0m  ██[38;2;66;66;66m██[38;2;231;231;151m██[38;2;0;0;8m██[38;2;0;0;0m  ██  
[38;2;0;0;0m██[38;2;255;255;255m██[38;2;140;108;60m██[38;2;115;90;59m██[38;2;107;94;51m██[38;2;151;107;60m██[38;2;132;81;52m████[38;2;0;0;0m██[38;2;206;181;86m██[38;2;66;66;66m██[38;2;231;231;151m██[38;2;198;173;94m██[38;2;99;86;51m██[38;2;231;231;151m██[38;2;0;0;0m██
[38;2;0;4;0m██[38;2;159;95;53m██[38;2;239;132;79m██[38;2;228;203;196m██[38;2;255;255;247m██[38;2;101;90;82m██[38;2;115;93;62m████[38;2;74;61;66m██[38;2;231;156;79m██[38;2;74;66;58m██[38;2;239;231;143m██[38;2;247;239;135m██[38;2;66;66;66m██[38;2;255;247;143m██[38;2;8;4;0m██
[38;2;0;4;0m██[38;2;239;140;79m██[38;2;239;132;79m██[38;2;222;239;254m██[38;2;24;8;0m██[38;2;101;90;82m██[38;2;140;107;60m██[38;2;66;66;66m██[38;2;179;124;75m██[38;2;74;61;66m██[38;2;184;176;115m██[38;2;239;231;143m██[38;2;66;66;66m██[38;2;187;181;112m██[38;2;173;166;95m██[38;2;8;4;0m██
[38;2;0;0;0m  ██[38;2;239;140;71m██[38;2;148;105;64m██[38;2;140;107;60m██[38;2;247;132;79m██[38;2;140;107;60m██[38;2;66;66;66m██[38;2;132;103;60m████[38;2;255;123;79m██[38;2;197;113;69m██[38;2;156;104;76m██[38;2;255;214;127m██[38;2;0;0;0m██  
[38;2;0;0;0m  ██[38;2;57;70;57m██[38;2;148;105;64m██[38;2;140;107;60m████[38;2;115;93;62m██[38;2;66;66;66m██[38;2;181;181;197m██[38;2;132;103;60m██[38;2;140;103;60m████[38;2;206;159;102m██[38;2;107;49;51m██[38;2;206;90;70m██[38;2;0;0;0m██
[38;2;0;0;0m    ██[38;2;60;60;66m██[38;2;66;66;66m████████[38;2;255;247;247m██[38;2;156;103;44m██[38;2;96;88;82m████[38;2;115;103;59m██[38;2;206;99;70m██[38;2;127;99;59m██[38;2;0;0;0m██
[38;2;0;0;0m    ██[38;2;181;181;197m██[38;2;206;90;70m████[38;2;181;181;197m██[38;2;66;66;66m██[38;2;156;103;44m██[38;2;189;151;112m██[38;2;16;4;0m██[38;2;255;255;247m██[38;2;145;102;63m████[38;2;127;99;59m██[38;2;0;0;0m██
[38;2;0;0;0m  ██[38;2;66;66;66m██[38;2;247;132;79m██[38;2;255;255;255m████[38;2;247;132;79m██[38;2;66;66;66m██[38;2;247;132;79m████[38;2;239;247;255m██[38;2;206;200;190m██[38;2;148;105;64m████[38;2;0;0;0m██  
[38;2;0;0;0m  ██[38;2;66;66;66m████[38;2;247;132;79m████[38;2;66;66;66m██████[38;2;247;132;79m██[38;2;140;107;60m████[38;2;239;140;71m██[38;2;57;70;57m██[38;2;0;0;0m██  
[38;2;0;0;0m  ██[38;2;123;123;147m██[38;2;66;66;66m████████[38;2;189;189;205m██[38;2;206;90;70m██[38;2;66;66;66m██████[38;2;69;48;45m██[38;2;0;20;24m██[38;2;0;0;0m    
[38;2;0;0;0m  ██[38;2;123;123;147m████[38;2;189;189;205m████████[38;2;66;66;66m██[38;2;206;90;70m██[38;2;189;189;205m████[38;2;206;103;86m██[38;2;69;48;45m██[38;2;0;0;0m██  
[38;2;0;0;0m    ██[38;2;123;123;147m████[38;2;189;189;205m██[38;2;63;63;71m██[38;2;189;189;213m██[38;2;66;66;66m████[38;2;206;90;70m████[38;2;66;66;66m████[38;2;0;0;0m██  
[38;2;0;0;0m    ██[38;2;123;123;147m██████[38;2;126;126;142m████[38;2;189;189;205m██[38;2;66;66;66m████████[38;2;123;123;147m██[38;2;0;0;0m██  
[38;2;0;0;0m      ████████[38;2;123;123;147m██[38;2;123;126;147m████████[38;2;123;123;147m██[38;2;0;0;0m██    
[38;2;0;0;0m              ██[38;2;123;126;147m████████[38;2;0;0;0m██      
[38;2;0;0;0m                ████████        [0m
