
[38;2;0;0;0m          [38;2;49;49;49m██[38;2;0;0;0m                                      
[38;2;0;0;0m        [38;2;49;49;49m██[38;2;255;115;82m██[38;2;49;49;49m██[38;2;0;0;0m              [38;2;49;49;49m████[38;2;0;0;0m                  
[38;2;0;0;0m        [38;2;49;49;49m██[38;2;255;115;82m██[38;2;49;49;49m██[38;2;0;0;0m            [38;2;49;49;49m██[38;2;255;115;82m██[38;2;49;49;49m██[38;2;0;0;0m                  
[38;2;0;0;0m        [38;2;49;49;49m██[38;2;255;115;82m██[38;2;49;49;49m██[38;2;0;0;0m    [38;2;49;49;49m████████[38;2;255;115;82m██[38;2;49;49;49m██[38;2;0;0;0m                    
[38;2;0;0;0m          [38;2;49;49;49m██[38;2;255;115;82m██[38;2;49;49;49m████[38;2;255;255;197m████[38;2;82;82;82m██[38;2;255;115;82m██[38;2;148;65;65m██[38;2;255;255;197m██[38;2;49;49;49m██[38;2;0;0;0m                  
[38;2;0;0;0m          [38;2;49;49;49m██[38;2;255;115;82m██[38;2;82;82;82m██[38;2;255;255;197m████[38;2;82;82;82m██[38;2;255;115;82m██[38;2;197;82;57m██[38;2;148;65;65m██[38;2;255;255;197m████[38;2;49;49;49m██[38;2;0;0;0m                
[38;2;0;0;0m          [38;2;49;49;49m██[38;2;255;115;82m██[38;2;197;82;57m██[38;2;213;197;123m██[38;2;82;82;82m██[38;2;255;115;82m████[38;2;148;65;65m██[38;2;213;197;123m██[38;2;255;255;197m██████[38;2;49;49;49m████[38;2;0;0;0m            
[38;2;0;0;0m          [38;2;49;49;49m██[38;2;197;82;57m██[38;2;255;115;82m██[38;2;82;82;82m██[38;2;255;115;82m████[38;2;148;65;65m██[38;2;213;197;123m██[38;2;148;65;65m████[38;2;255;255;197m██████[38;2;213;197;123m██[38;2;49;49;49m██[38;2;0;0;0m          
[38;2;0;0;0m            [38;2;49;49;49m██[38;2;255;115;82m██████[38;2;148;65;65m██[38;2;197;82;57m████[38;2;255;115;82m████[38;2;148;65;65m██[38;2;255;255;197m████████[38;2;49;49;49m██[38;2;0;0;0m        
[38;2;0;0;0m          [38;2;49;49;49m████[38;2;255;115;82m████[38;2;197;82;57m██[38;2;148;65;65m██[38;2;82;131;222m██[38;2;255;205;65m██[38;2;255;115;82m██[38;2;148;65;65m██[38;2;213;197;123m██████[38;2;255;255;197m██████[38;2;49;49;49m████[38;2;0;0;0m    
[38;2;0;0;0m    [38;2;49;49;49m██████[38;2;197;82;57m██[38;2;82;82;82m██[38;2;148;65;65m██[38;2;255;115;82m██[38;2;148;65;65m██[38;2;255;205;65m██[38;2;49;49;49m██[38;2;255;205;65m██[38;2;255;115;82m██[38;2;197;82;57m██[38;2;82;82;82m██[38;2;213;197;123m████████[38;2;255;255;197m████[38;2;213;197;123m██[38;2;49;49;49m██[38;2;0;0;0m  
[38;2;0;0;0m  [38;2;49;49;49m██[38;2;197;189;164m████[38;2;156;139;131m██[38;2;197;189;164m██[38;2;156;139;131m██[38;2;49;49;49m██[38;2;255;115;82m████[38;2;197;82;57m██[38;2;255;205;65m██[38;2;82;82;82m██████[38;2;213;197;123m██[38;2;148;65;65m██[38;2;156;139;131m██[38;2;213;197;123m████[38;2;156;139;131m██[38;2;255;255;197m██████[38;2;49;49;49m██
[38;2;49;49;49m██[38;2;197;189;164m██[38;2;156;139;131m██[38;2;197;189;164m██[38;2;82;82;82m████[38;2;49;49;49m██[38;2;0;0;0m  [38;2;49;49;49m██[38;2;255;115;82m██[38;2;82;82;82m████[38;2;197;82;57m████[38;2;82;82;82m██[38;2;148;65;65m██[38;2;255;115;82m██[38;2;148;65;65m████[38;2;213;197;123m████[38;2;156;139;131m██[38;2;255;255;197m████[38;2;49;49;49m██
[38;2;49;49;49m████[38;2;197;189;164m██[38;2;82;82;82m██[38;2;156;139;131m██[38;2;49;49;49m██[38;2;0;0;0m      [38;2;49;49;49m██[38;2;82;82;82m██[38;2;213;197;123m██[38;2;82;82;82m████[38;2;213;197;123m██[38;2;197;82;57m██[38;2;255;115;82m██████[38;2;82;82;82m██[38;2;213;197;123m████[38;2;82;82;82m██[38;2;49;49;49m██[38;2;0;0;0m  
[38;2;0;0;0m  [38;2;49;49;49m████████[38;2;0;0;0m        [38;2;49;49;49m██[38;2;213;197;123m██[38;2;148;65;65m██[38;2;255;255;197m██████[38;2;213;197;123m██[38;2;148;65;65m██[38;2;82;82;82m██[38;2;255;115;82m██[38;2;156;139;131m██[38;2;82;82;82m██[38;2;213;197;123m████[38;2;49;49;49m██[38;2;0;0;0m  
[38;2;0;0;0m                [38;2;49;49;49m██[38;2;213;197;123m██[38;2;148;65;65m██[38;2;255;205;65m██[38;2;148;65;65m██[38;2;255;255;197m██████[38;2;213;197;123m████[38;2;82;82;82m██[38;2;197;189;164m██[38;2;156;139;131m██[38;2;82;82;82m██[38;2;49;49;49m██[38;2;0;0;0m    
[38;2;0;0;0m            [38;2;49;49;49m████[38;2;197;82;57m██[38;2;82;82;82m██[38;2;255;115;82m██[38;2;197;82;57m██[38;2;255;115;82m██[38;2;148;65;65m██[38;2;255;255;197m██[38;2;197;82;57m██[38;2;213;197;123m██[38;2;148;65;65m██[38;2;82;82;82m██[38;2;156;139;131m██[38;2;197;189;164m██████[38;2;49;49;49m██[38;2;0;0;0m  
[38;2;0;0;0m          [38;2;49;49;49m██[38;2;197;82;57m████████[38;2;148;65;65m██[38;2;255;115;82m██████[38;2;148;65;65m██[38;2;255;115;82m██[38;2;148;65;65m██[38;2;255;115;82m██[38;2;82;82;82m██[38;2;197;189;164m██[38;2;82;82;82m██[38;2;197;189;164m██[38;2;82;82;82m██[38;2;49;49;49m██[38;2;0;0;0m  
[38;2;0;0;0m          [38;2;49;49;49m██[38;2;197;82;57m████[38;2;148;65;65m██[38;2;197;82;57m██[38;2;148;65;65m████[38;2;49;49;49m██[38;2;148;65;65m██[38;2;255;115;82m████████[38;2;82;82;82m██[38;2;49;49;49m████[38;2;156;139;131m██[38;2;197;189;164m██[38;2;49;49;49m██[38;2;0;0;0m  
[38;2;0;0;0m            [38;2;49;49;49m██[38;2;197;82;57m██[38;2;197;156;24m██[38;2;148;65;65m██[38;2;197;156;24m██[38;2;49;49;49m██[38;2;0;0;0m  [38;2;49;49;49m██[38;2;148;65;65m██[38;2;255;115;82m██[38;2;197;82;57m████[38;2;255;115;82m██[38;2;49;49;49m██[38;2;0;0;0m  [38;2;49;49;49m████[38;2;0;0;0m    
[38;2;0;0;0m              [38;2;49;49;49m██[38;2;197;156;24m████████[38;2;49;49;49m██[38;2;0;0;0m  [38;2;49;49;49m██[38;2;255;115;82m██[38;2;197;82;57m██[38;2;255;205;65m██[38;2;197;82;57m██[38;2;255;205;65m██[38;2;49;49;49m██[38;2;0;0;0m        
[38;2;0;0;0m              [38;2;49;49;49m██[38;2;197;156;24m██████[38;2;49;49;49m██[38;2;0;0;0m      [38;2;49;49;49m██[38;2;255;205;65m██████████[38;2;49;49;49m████[38;2;0;0;0m    
[38;2;0;0;0m                [38;2;49;49;49m██████[38;2;0;0;0m          [38;2;49;49;49m██[38;2;255;205;65m████████[38;2;197;156;24m██[38;2;255;205;65m██[38;2;49;49;49m██[38;2;0;0;0m  
[38;2;0;0;0m                              [38;2;49;49;49m██[38;2;255;205;65m██[38;2;197;156;24m██[38;2;255;205;65m████████[38;2;49;49;49m██[38;2;0;0;0m    
[38;2;0;0;0m                                [38;2;49;49;49m██[38;2;82;82;82m██[38;2;255;205;65m██[38;2;49;49;49m██[38;2;255;205;65m██[38;2;82;82;82m██[38;2;49;49;49m██[38;2;0;0;0m    
[38;2;0;0;0m                                  [38;2;49;49;49m████[38;2;0;0;0m  [38;2;49;49;49m████[38;2;0;0;0m      [0m
