
[38;2;0;0;0m                    [38;2;49;49;49m████[38;2;0;0;0m  [38;2;49;49;49m██████[38;2;0;0;0m                    
[38;2;0;0;0m                  [38;2;49;49;49m██[38;2;156;131;123m████[38;2;49;49;49m██[38;2;156;131;123m████[38;2;123;98;90m██[38;2;49;49;49m████████[38;2;0;0;0m            
[38;2;0;0;0m              [38;2;49;49;49m████[38;2;156;131;123m██████[38;2;123;98;90m██[38;2;156;131;123m██████[38;2;123;98;90m██[38;2;82;82;82m██[38;2;172;139;65m████[38;2;49;49;49m██[38;2;0;0;0m          
[38;2;0;0;0m            [38;2;49;49;49m██[38;2;123;98;90m██[38;2;156;131;123m██████████████[38;2;123;98;90m██████[38;2;82;82;82m██[38;2;172;139;65m████[38;2;49;49;49m██[38;2;0;0;0m        
[38;2;0;0;0m            [38;2;49;49;49m██[38;2;156;131;123m██████████████[38;2;123;98;90m██[38;2;156;131;123m████[38;2;123;98;90m████[38;2;82;82;82m██[38;2;172;139;65m██[38;2;49;49;49m██[38;2;0;0;0m        
[38;2;0;0;0m          [38;2;49;49;49m██[38;2;156;131;123m████████████████████████[38;2;123;98;90m██[38;2;82;82;82m██[38;2;172;139;65m████[38;2;49;49;49m██[38;2;0;0;0m  [38;2;49;49;49m██[38;2;0;0;0m  
[38;2;0;0;0m      [38;2;49;49;49m██████[38;2;156;131;123m████████████████[38;2;123;98;90m██[38;2;156;131;123m██████[38;2;123;98;90m████[38;2;82;82;82m██[38;2;172;139;65m██[38;2;139;106;32m██[38;2;49;49;49m██[38;2;172;139;65m██[38;2;49;49;49m██
[38;2;49;49;49m██████[38;2;255;197;41m██[38;2;205;164;115m██[38;2;255;197;41m██[38;2;123;98;90m██[38;2;156;131;123m████████████████[38;2;123;98;90m██[38;2;156;131;123m██[38;2;123;98;90m██████[38;2;82;82;82m██[38;2;172;139;65m████[38;2;139;106;32m██[38;2;172;139;65m██[38;2;49;49;49m██
[38;2;49;49;49m██[38;2;246;213;139m██[38;2;205;164;115m██[38;2;255;197;41m██[38;2;205;164;115m██[38;2;255;197;41m██[38;2;123;98;90m████[38;2;156;131;123m██████████████[38;2;123;98;90m██[38;2;82;82;82m████[38;2;123;98;90m████[38;2;82;82;82m██[38;2;172;139;65m████████[38;2;49;49;49m██
[38;2;0;0;0m  [38;2;49;49;49m██[38;2;123;98;90m██[38;2;213;164;49m██[38;2;164;131;90m██[38;2;82;82;82m██[38;2;156;131;123m██████████████████[38;2;82;82;82m██[38;2;246;213;139m████[38;2;82;82;82m██████[38;2;172;139;65m██████[38;2;139;106;32m██[38;2;49;49;49m██
[38;2;0;0;0m    [38;2;49;49;49m████████[38;2;156;131;123m████████████████[38;2;82;82;82m██[38;2;246;213;139m████[38;2;205;164;115m██[38;2;255;197;41m██[38;2;205;164;115m██[38;2;255;197;41m██[38;2;82;82;82m██████[38;2;139;106;32m██[38;2;49;49;49m██
[38;2;0;0;0m          [38;2;49;49;49m██[38;2;82;82;82m██[38;2;156;131;123m████████████[38;2;123;98;90m██[38;2;82;82;82m██[38;2;205;164;115m██[38;2;246;213;139m██[38;2;205;164;115m██[38;2;255;197;41m██[38;2;205;164;115m██[38;2;255;197;41m██[38;2;205;164;115m██[38;2;246;213;139m██[38;2;82;82;82m██[38;2;139;106;32m██[38;2;49;49;49m██
[38;2;0;0;0m            [38;2;49;49;49m██[38;2;156;131;123m████[38;2;123;98;90m██[38;2;156;131;123m████[38;2;123;98;90m██[38;2;213;164;49m██[38;2;123;98;90m██[38;2;82;82;82m██[38;2;205;164;115m██[38;2;164;131;90m██[38;2;213;164;49m██[38;2;164;131;90m██[38;2;213;164;49m██[38;2;82;82;82m████[38;2;189;189;189m██[38;2;49;49;49m██[38;2;0;0;0m  
[38;2;0;0;0m              [38;2;49;49;49m██[38;2;82;82;82m██[38;2;123;98;90m████[38;2;255;197;41m██[38;2;49;49;49m██[38;2;255;197;41m██[38;2;82;82;82m██[38;2;123;98;90m██[38;2;82;82;82m████████[38;2;49;49;49m████[38;2;189;189;189m████[38;2;49;49;49m██[38;2;0;0;0m  
[38;2;0;0;0m                [38;2;49;49;49m██[38;2;189;189;189m██████[38;2;213;164;49m██[38;2;123;123;123m██[38;2;82;82;82m██[38;2;123;98;90m████[38;2;82;82;82m██[38;2;172;139;65m██[38;2;139;106;32m██[38;2;49;49;49m██[38;2;0;0;0m  [38;2;49;49;49m██[38;2;123;123;123m██[38;2;49;49;49m██[38;2;0;0;0m  
[38;2;0;0;0m                [38;2;49;49;49m██[38;2;189;189;189m████[38;2;123;123;123m██[38;2;189;189;189m██[38;2;82;82;82m██[38;2;139;106;32m██[38;2;82;82;82m████[38;2;172;139;65m████[38;2;49;49;49m██[38;2;0;0;0m    [38;2;49;49;49m████[38;2;0;0;0m    
[38;2;0;0;0m                  [38;2;49;49;49m████[38;2;82;82;82m████[38;2;139;106;32m██[38;2;123;98;90m██[38;2;172;139;65m██████[38;2;139;106;32m██[38;2;49;49;49m██[38;2;0;0;0m            
[38;2;0;0;0m                    [38;2;49;49;49m██[38;2;123;123;123m██[38;2;49;49;49m██████[38;2;172;139;65m██[38;2;189;189;189m██[38;2;172;139;65m██[38;2;49;49;49m██[38;2;0;0;0m              
[38;2;0;0;0m                    [38;2;49;49;49m████[38;2;0;0;0m      [38;2;49;49;49m██[38;2;189;189;189m████[38;2;49;49;49m██[38;2;0;0;0m              
[38;2;0;0;0m                                [38;2;49;49;49m██[38;2;123;123;123m██[38;2;49;49;49m██[38;2;0;0;0m              
[38;2;0;0;0m                                [38;2;49;49;49m████[38;2;0;0;0m                [0m
