
[38;2;0;0;0m        [38;2;49;49;49m██████████[38;2;0;0;0m                            
[38;2;0;0;0m    [38;2;49;49;49m████[38;2;82;156;90m██[38;2;115;197;98m██████[38;2;82;156;90m██[38;2;49;49;49m████[38;2;0;0;0m                        
[38;2;0;0;0m  [38;2;49;49;49m██[38;2;82;156;90m██[38;2;148;213;131m████[38;2;115;197;98m██████████[38;2;82;156;90m██[38;2;49;49;49m██[38;2;0;0;0m                      
[38;2;49;49;49m██[38;2;115;197;98m██[38;2;148;213;131m██████[38;2;115;197;98m████████████[38;2;82;156;90m██[38;2;49;49;49m██[38;2;0;0;0m                    
[38;2;49;49;49m██[38;2;115;197;98m██[38;2;148;213;131m████[38;2;115;197;98m██████████████[38;2;82;156;90m████[38;2;49;49;49m██[38;2;0;0;0m                  
[38;2;49;49;49m██[38;2;82;156;90m██[38;2;115;197;98m██████████████[38;2;82;156;90m██[38;2;65;115;74m████[38;2;82;156;90m██[38;2;49;49;49m██[38;2;0;0;0m                  
[38;2;0;0;0m  [38;2;49;49;49m██[38;2;82;156;90m██[38;2;115;197;98m██████████[38;2;82;156;90m██[38;2;180;57;65m██[38;2;230;82;82m██[38;2;180;57;65m██[38;2;65;115;74m██[38;2;82;156;90m██[38;2;49;49;49m██[38;2;0;0;0m        [38;2;49;49;49m██[38;2;0;0;0m      
[38;2;0;0;0m    [38;2;49;49;49m██[38;2;82;82;82m████[38;2;82;156;90m██[38;2;115;197;98m██[38;2;82;156;90m██[38;2;65;115;74m██[38;2;255;148;164m██[38;2;49;49;49m██[38;2;230;82;82m██[38;2;82;82;82m██[38;2;82;156;90m██[38;2;49;49;49m██[38;2;0;0;0m    [38;2;49;49;49m████[38;2;213;197;123m██[38;2;49;49;49m██[38;2;0;0;0m    
[38;2;0;0;0m    [38;2;49;49;49m██[38;2;213;197;123m████[38;2;82;82;82m██[38;2;49;49;49m████[38;2;82;82;82m██[38;2;180;57;65m██[38;2;230;82;82m██[38;2;180;57;65m██[38;2;82;82;82m██[38;2;82;156;90m██[38;2;49;49;49m██[38;2;0;0;0m  [38;2;49;49;49m██[38;2;82;156;90m██[38;2;82;82;82m██[38;2;213;197;123m██[38;2;49;49;49m████[38;2;0;0;0m  
[38;2;0;0;0m  [38;2;49;49;49m██[38;2;189;164;90m██[38;2;255;255;255m██[38;2;230;222;156m██[38;2;213;197;123m██[38;2;255;255;255m██[38;2;49;49;49m██[38;2;189;164;90m██[38;2;82;82;82m████[38;2;65;115;74m██[38;2;49;49;49m████[38;2;0;0;0m    [38;2;49;49;49m██[38;2;65;115;74m██[38;2;82;82;82m████[38;2;82;156;90m██[38;2;115;197;98m██[38;2;49;49;49m██
[38;2;0;0;0m  [38;2;49;49;49m██[38;2;255;255;255m██[38;2;230;222;156m██████[38;2;49;49;49m██[38;2;82;82;82m██[38;2;213;197;123m████[38;2;189;164;90m██[38;2;49;49;49m██[38;2;0;0;0m          [38;2;49;49;49m██[38;2;148;213;131m██[38;2;115;197;98m██[38;2;65;115;74m██[38;2;82;156;90m██[38;2;49;49;49m██
[38;2;0;0;0m  [38;2;49;49;49m██[38;2;230;222;156m██[38;2;189;164;90m██[38;2;49;49;49m██[38;2;156;131;65m██[38;2;213;197;123m████████[38;2;49;49;49m██[38;2;0;0;0m            [38;2;49;49;49m██[38;2;115;197;98m████[38;2;49;49;49m████[38;2;0;0;0m  
[38;2;0;0;0m    [38;2;49;49;49m████[38;2;0;0;0m  [38;2;49;49;49m████[38;2;213;197;123m████[38;2;189;164;90m██[38;2;49;49;49m████[38;2;0;0;0m            [38;2;49;49;49m██[38;2;82;82;82m██[38;2;49;49;49m██[38;2;0;0;0m    
[38;2;0;0;0m            [38;2;49;49;49m██[38;2;230;222;156m████[38;2;213;197;123m██[38;2;189;164;90m██[38;2;156;131;65m██[38;2;49;49;49m██[38;2;0;0;0m          [38;2;49;49;49m██[38;2;230;222;156m██[38;2;49;49;49m██[38;2;0;0;0m    
[38;2;0;0;0m          [38;2;49;49;49m██[38;2;156;131;65m██[38;2;230;222;156m████[38;2;189;164;90m██[38;2;213;197;123m██████[38;2;49;49;49m██[38;2;0;0;0m      [38;2;49;49;49m██[38;2;230;222;156m████[38;2;49;49;49m██[38;2;0;0;0m    
[38;2;0;0;0m        [38;2;49;49;49m██[38;2;230;222;156m████████[38;2;156;131;65m██[38;2;189;164;90m██[38;2;213;197;123m██[38;2;230;222;156m██[38;2;49;49;49m██[38;2;0;0;0m    [38;2;49;49;49m██[38;2;230;222;156m████[38;2;49;49;49m██[38;2;0;0;0m      
[38;2;0;0;0m      [38;2;49;49;49m████[38;2;230;222;156m████[38;2;82;82;82m██[38;2;230;222;156m████[38;2;82;82;82m████████[38;2;49;49;49m████[38;2;230;222;156m████[38;2;189;164;90m██[38;2;49;49;49m██[38;2;0;0;0m      
[38;2;0;0;0m    [38;2;49;49;49m██[38;2;230;82;82m██[38;2;180;57;65m██[38;2;82;82;82m██████[38;2;230;222;156m████[38;2;82;82;82m██[38;2;65;115;74m██[38;2;82;156;90m██[38;2;82;82;82m██[38;2;189;164;90m██[38;2;213;197;123m████[38;2;189;164;90m██[38;2;49;49;49m██[38;2;0;0;0m        
[38;2;0;0;0m    [38;2;49;49;49m██[38;2;230;82;82m██[38;2;82;82;82m██[38;2;82;156;90m████[38;2;65;115;74m██[38;2;82;82;82m██[38;2;230;82;82m████[38;2;65;115;74m██[38;2;82;156;90m██[38;2;65;115;74m██[38;2;82;82;82m██[38;2;189;164;90m████[38;2;49;49;49m██[38;2;0;0;0m          
[38;2;0;0;0m      [38;2;49;49;49m██[38;2;65;115;74m████[38;2;82;156;90m████[38;2;82;82;82m██[38;2;230;82;82m██[38;2;82;82;82m██[38;2;115;197;98m████[38;2;82;156;90m██[38;2;82;82;82m██[38;2;49;49;49m████[38;2;0;0;0m            
[38;2;0;0;0m      [38;2;49;49;49m██[38;2;82;156;90m████[38;2;49;49;49m████[38;2;65;115;74m██[38;2;82;82;82m██[38;2;65;115;74m██[38;2;115;197;98m████[38;2;82;156;90m██[38;2;49;49;49m██[38;2;0;0;0m                
[38;2;0;0;0m    [38;2;49;49;49m██[38;2;230;82;82m██[38;2;180;57;65m██[38;2;82;82;82m██[38;2;49;49;49m██[38;2;0;0;0m  [38;2;49;49;49m██████[38;2;82;156;90m████[38;2;82;82;82m██[38;2;49;49;49m██[38;2;0;0;0m                
[38;2;0;0;0m    [38;2;49;49;49m████████[38;2;0;0;0m        [38;2;49;49;49m██[38;2;82;82;82m██[38;2;180;57;65m██[38;2;82;82;82m██[38;2;180;57;65m██[38;2;49;49;49m██[38;2;0;0;0m              
[38;2;0;0;0m                      [38;2;49;49;49m██[38;2;230;82;82m██[38;2;49;49;49m██[38;2;230;82;82m██[38;2;49;49;49m██[38;2;0;0;0m              
[38;2;0;0;0m                      [38;2;49;49;49m████[38;2;0;0;0m  [38;2;49;49;49m████[38;2;0;0;0m              [0m
