
[38;2;0;0;0m    [38;2;49;49;49m██████[38;2;0;0;0m                          
[38;2;0;0;0m  [38;2;49;49;49m██[38;2;255;238;148m██[38;2;205;189;90m██[38;2;255;238;148m██[38;2;49;49;49m██[38;2;0;0;0m                        
[38;2;49;49;49m██[38;2;255;238;148m██████████[38;2;49;49;49m██[38;2;0;0;0m                      
[38;2;49;49;49m██[38;2;255;238;148m██████████[38;2;189;131;98m██[38;2;49;49;49m██[38;2;0;0;0m                    
[38;2;0;0;0m  [38;2;49;49;49m██[38;2;255;238;148m██[38;2;205;189;90m██[38;2;255;238;148m██[38;2;148;98;65m██[38;2;189;131;98m██[38;2;49;49;49m██[38;2;0;0;0m                    
[38;2;0;0;0m    [38;2;49;49;49m██████[38;2;255;139;139m██[38;2;148;98;65m████[38;2;49;49;49m██[38;2;0;0;0m    [38;2;49;49;49m██████[38;2;0;0;0m        
[38;2;0;0;0m          [38;2;49;49;49m██[38;2;255;139;139m██[38;2;148;98;65m██[38;2;49;49;49m██[38;2;0;0;0m  [38;2;49;49;49m██[38;2;189;131;98m████[38;2;148;98;65m██[38;2;49;49;49m████[38;2;0;0;0m    
[38;2;0;0;0m          [38;2;49;49;49m██[38;2;148;98;65m██████[38;2;49;49;49m██[38;2;189;131;98m████[38;2;148;98;65m██[38;2;205;189;90m██[38;2;255;238;148m████[38;2;49;49;49m██[38;2;0;0;0m  
[38;2;0;0;0m        [38;2;49;49;49m██[38;2;148;98;65m██[38;2;189;131;98m██████[38;2;82;82;82m██[38;2;189;131;98m██[38;2;148;98;65m██[38;2;205;189;90m██[38;2;255;238;148m████████[38;2;49;49;49m██
[38;2;0;0;0m      [38;2;49;49;49m██[38;2;189;131;98m██████████[38;2;82;82;82m██[38;2;189;131;98m████[38;2;148;98;65m██[38;2;255;238;148m████████[38;2;49;49;49m██
[38;2;0;0;0m    [38;2;49;49;49m██[38;2;255;255;255m██[38;2;189;131;98m██████████[38;2;205;189;90m██[38;2;82;82;82m██[38;2;148;98;65m██[38;2;205;189;90m██[38;2;255;238;148m██████[38;2;49;49;49m██[38;2;0;0;0m  
[38;2;0;0;0m    [38;2;49;49;49m████[38;2;189;131;98m████████████[38;2;82;82;82m██[38;2;189;131;98m██[38;2;148;98;65m████[38;2;255;238;148m██[38;2;205;189;90m██[38;2;49;49;49m██[38;2;0;0;0m  
[38;2;0;0;0m    [38;2;49;49;49m██[38;2;189;131;98m████[38;2;255;139;139m██[38;2;189;131;98m████[38;2;255;255;255m██[38;2;49;49;49m██[38;2;189;131;98m██[38;2;82;82;82m██[38;2;189;131;98m████[38;2;49;49;49m████[38;2;0;0;0m    
[38;2;0;0;0m      [38;2;49;49;49m██[38;2;189;131;98m██[38;2;148;98;65m██[38;2;189;131;98m████[38;2;49;49;49m██[38;2;82;82;82m██[38;2;148;98;65m████[38;2;82;82;82m██[38;2;49;49;49m██[38;2;0;0;0m        
[38;2;0;0;0m        [38;2;49;49;49m██[38;2;148;98;65m██[38;2;189;131;98m██[38;2;148;98;65m████████[38;2;49;49;49m████[38;2;0;0;0m          
[38;2;0;0;0m          [38;2;49;49;49m██[38;2;82;82;82m██[38;2;148;98;65m████[38;2;82;82;82m██[38;2;49;49;49m██[38;2;0;0;0m              
[38;2;0;0;0m        [38;2;49;49;49m██[38;2;148;98;65m██[38;2;82;82;82m██[38;2;148;98;65m████[38;2;189;131;98m██[38;2;82;82;82m██[38;2;49;49;49m██[38;2;0;0;0m            
[38;2;0;0;0m        [38;2;49;49;49m██[38;2;82;82;82m██[38;2;205;189;90m██[38;2;255;238;148m██[38;2;205;189;90m██[38;2;82;82;82m██[38;2;189;131;98m████[38;2;49;49;49m██[38;2;0;0;0m          
[38;2;0;0;0m          [38;2;49;49;49m██[38;2;255;238;148m████████[38;2;82;82;82m██[38;2;148;98;65m██[38;2;189;131;98m██[38;2;49;49;49m██[38;2;0;0;0m        
[38;2;0;0;0m        [38;2;49;49;49m██[38;2;205;189;90m██[38;2;49;49;49m██[38;2;255;238;148m████[38;2;82;82;82m████[38;2;49;49;49m████[38;2;0;0;0m          
[38;2;0;0;0m        [38;2;49;49;49m██[38;2;82;82;82m██[38;2;205;189;90m██[38;2;49;49;49m████[38;2;205;189;90m████[38;2;49;49;49m██[38;2;0;0;0m            
[38;2;0;0;0m          [38;2;49;49;49m██████[38;2;0;0;0m  [38;2;49;49;49m████[38;2;0;0;0m              [0m
