
[38;2;49;49;49m██████[38;2;0;0;0m      [38;2;49;49;49m████[38;2;0;0;0m            
[38;2;49;49;49m██[38;2;156;156;172m████[38;2;49;49;49m██[38;2;0;0;0m  [38;2;49;49;49m██[38;2;255;255;255m██[38;2;106;164;205m██[38;2;49;49;49m██[38;2;0;0;0m          
[38;2;0;0;0m  [38;2;49;49;49m██[38;2;123;123;148m████[38;2;49;49;49m██[38;2;156;238;255m████[38;2;123;123;148m██[38;2;49;49;49m██[38;2;0;0;0m  [38;2;49;49;49m████████
[38;2;0;0;0m    [38;2;49;49;49m██[38;2;148;197;255m██[38;2;156;156;172m██[38;2;156;238;255m██[38;2;156;156;172m████[38;2;123;123;148m██[38;2;49;49;49m██[38;2;123;123;148m██[38;2;156;156;172m████[38;2;49;49;49m██
[38;2;0;0;0m  [38;2;49;49;49m██[38;2;255;255;255m██[38;2;8;74;172m██[38;2;156;156;172m████[38;2;148;197;255m██[38;2;156;156;172m████[38;2;123;123;148m████[38;2;82;82;82m██[38;2;49;49;49m██[38;2;0;0;0m  
[38;2;49;49;49m██[38;2;255;255;255m██[38;2;197;197;197m██[38;2;255;255;255m████[38;2;156;156;172m██[38;2;8;74;172m██[38;2;156;156;172m██[38;2;255;255;255m████[38;2;82;82;82m██[38;2;49;49;49m██[38;2;0;0;0m    
[38;2;49;49;49m██[38;2;82;82;82m██[38;2;255;255;255m██████████████████[38;2;197;197;197m██[38;2;49;49;49m██[38;2;0;0;0m  
[38;2;49;49;49m██[38;2;123;123;148m████[38;2;255;255;255m████[38;2;197;197;197m██[38;2;123;123;148m██[38;2;255;255;255m████[38;2;197;197;197m██[38;2;123;123;148m██[38;2;82;82;82m██[38;2;49;49;49m██[38;2;0;0;0m  
[38;2;49;49;49m██[38;2;82;82;82m██[38;2;123;123;148m████[38;2;156;156;172m██████████[38;2;123;123;148m██[38;2;106;164;205m██[38;2;123;123;148m██[38;2;49;49;49m██[38;2;0;0;0m  
[38;2;0;0;0m  [38;2;49;49;49m██[38;2;156;238;255m██[38;2;106;164;205m██[38;2;123;123;148m████████████[38;2;156;238;255m██[38;2;49;49;49m██[38;2;0;0;0m    
[38;2;0;0;0m    [38;2;49;49;49m██[38;2;82;82;82m██[38;2;123;123;148m██████[38;2;106;164;205m████[38;2;82;82;82m██[38;2;49;49;49m██[38;2;0;0;0m      
[38;2;0;0;0m      [38;2;49;49;49m████[38;2;106;164;205m██[38;2;156;238;255m████[38;2;49;49;49m████[38;2;0;0;0m        
[38;2;0;0;0m          [38;2;49;49;49m██████[38;2;0;0;0m            [0m
