
[38;2;0;0;0m                      [38;2;32;27;39m  [38;2;0;0;0m                        
[38;2;0;0;0m                      [38;2;120;101;144m██[38;2;0;0;0m                        
[38;2;0;0;0m                      [38;2;133;112;160m██[38;2;12;10;15m  [38;2;0;0;0m                      
[38;2;0;0;0m                      [38;2;46;39;56m██[38;2;35;30;43m██[38;2;0;0;0m                      
[38;2;0;0;0m                      [38;2;35;30;43m██[38;2;156;131;188m██[38;2;0;0;0m                      
[38;2;0;0;0m                      [38;2;159;136;191m██[38;2;156;132;188m██[38;2;0;0;0m                      
[38;2;0;0;0m                    [38;2;107;90;129m██[38;2;159;136;191m██[38;2;36;31;43m██[38;2;0;0;0m                      
[38;2;0;0;0m                  [38;2;22;19;27m██[38;2;155;132;189m██[38;2;155;136;193m██[38;2;36;31;43m██[38;2;0;0;0m                      
[38;2;0;0;0m                  [38;2;20;20;29m██[38;2;134;141;210m██[38;2;140;139;206m██[38;2;106;97;141m██[38;2;0;0;0m                      
[38;2;0;0;0m                  [38;2;16;21;33m██[38;2;112;147;227m██[38;2;145;191;246m██[38;2;114;147;227m██[38;2;0;0;0m                      
[38;2;0;0;0m                  [38;2;5;5;9m  [38;2;114;143;184m██[38;2;153;202;250m██[38;2;57;74;103m██[38;2;0;0;0m                      
[38;2;0;0;0m                  [38;2;13;15;16m██[38;2;126;150;171m██[38;2;98;107;102m██[38;2;111;119;116m██[38;2;15;15;13m  [38;2;0;0;0m                    
[38;2;0;0;0m          [38;2;124;105;150m  [38;2;0;0;0m      [38;2;119;154;186m██[38;2;77;77;72m██[38;2;95;98;87m██[38;2;74;74;70m██[38;2;97;107;113m██[38;2;58;72;86m██[38;2;0;0;0m                  
[38;2;42;35;50m██[38;2;29;24;35m██[38;2;0;0;0m    [38;2;21;22;35m  [38;2;130;138;217m██[38;2;0;0;0m  [38;2;8;8;9m██[38;2;190;205;212m██[38;2;220;238;244m██[38;2;148;156;150m██[38;2;107;128;160m██[38;2;97;106;108m██[38;2;150;201;252m██[38;2;156;209;252m██[38;2;62;77;87m██[38;2;0;0;0m      [38;2;31;27;38m  [38;2;0;0;0m    [38;2;29;24;35m██[38;2;42;35;50m██
[38;2;42;36;51m██[38;2;147;124;176m██[38;2;0;0;0m    [38;2;67;87;108m██[38;2;153;200;249m██[38;2;28;28;28m  [38;2;69;70;66m██[38;2;198;229;218m██[38;2;93;94;80m██[38;2;132;159;194m██[38;2;147;181;252m██[38;2;97;103;110m██[38;2;109;124;137m██[38;2;156;198;252m██[38;2;124;154;176m██[38;2;4;4;3m  [38;2;0;0;0m    [38;2;87;74;105m██[38;2;0;0;0m  [38;2;4;2;0m  [38;2;128;166;219m██[38;2;36;47;64m██
[38;2;17;22;33m  [38;2;124;160;217m██[38;2;51;62;71m  [38;2;29;28;26m  [38;2;72;72;65m██[38;2;76;76;65m██[38;2;51;51;51m██[38;2;218;219;115m██[38;2;112;125;127m██[38;2;91;97;93m██[38;2;127;154;193m██[38;2;132;157;209m██[38;2;135;129;66m██[38;2;127;122;66m██[38;2;144;183;224m██[38;2;156;206;252m██[38;2;9;12;15m██[38;2;0;0;0m    [38;2;94;99;133m██[38;2;129;133;173m██[38;2;54;56;59m██[38;2;112;134;160m██[38;2;29;36;44m██
[38;2;2;1;0m  [38;2;50;60;68m██[38;2;65;70;81m██[38;2;70;70;67m██[38;2;31;31;28m  [38;2;1;1;1m██[38;2;0;0;0m  [38;2;73;69;65m██[38;2;118;137;178m██[38;2;82;82;66m████[38;2;74;70;66m██[38;2;213;200;67m██[38;2;195;184;67m██[38;2;142;185;224m██[38;2;120;150;178m██[38;2;4;4;4m  [38;2;0;0;0m  [38;2;64;64;64m  [38;2;82;103;132m  [38;2;140;191;233m██[38;2;68;67;68m██[38;2;66;64;56m██[38;2;0;0;0m  
[38;2;0;0;0m    [38;2;24;22;20m  [38;2;0;0;0m    ██  [38;2;13;7;9m██[38;2;127;154;213m██[38;2;86;88;78m██[38;2;116;133;162m██[38;2;145;176;252m██[38;2;121;140;186m██[38;2;99;113;124m██[38;2;156;209;252m██[38;2;68;84;97m██[38;2;0;0;0m        [38;2;81;79;68m██[38;2;68;68;66m██[38;2;24;24;24m  [38;2;0;0;0m  
[38;2;0;0;0m                  [38;2;126;152;205m██[38;2;80;78;68m██[38;2;140;170;235m██[38;2;80;89;116m██[38;2;121;135;172m██[38;2;10;10;9m  [38;2;0;0;0m      [38;2;58;58;58m██[38;2;0;0;0m  [38;2;60;60;60m██[38;2;23;23;23m██[38;2;0;0;0m    
[38;2;0;0;0m                  [38;2;3;3;3m  [38;2;59;58;54m██[38;2;76;74;67m██[38;2;35;35;38m██[38;2;3;1;0m  [38;2;0;0;0m            [38;2;40;40;40m██[38;2;8;8;8m  [38;2;0;0;0m    
[38;2;0;0;0m                      [38;2;63;61;53m██[38;2;0;0;0m            ██          
[38;2;0;0;0m                      [38;2;17;16;14m  [38;2;0;0;0m                        [0m
