
[38;2;0;0;0m                                                  [38;2;12;4;2m  [38;2;18;7;4m  [38;2;0;0;0m    
[38;2;0;0;0m                                                  [38;2;48;18;11m██[38;2;209;81;51m██[38;2;0;0;0m    
[38;2;0;0;0m                                                [38;2;42;16;10m  [38;2;255;99;65m██[38;2;209;81;52m██[38;2;0;0;0m    
[38;2;0;0;0m                                                [38;2;171;66;42m██[38;2;255;141;72m██[38;2;74;29;20m██[38;2;0;0;0m    
[38;2;0;0;0m          [38;2;43;23;23m  [38;2;0;0;0m      [38;2;36;15;16m  [38;2;22;9;10m  [38;2;0;0;0m                        [38;2;39;15;10m██[38;2;255;122;64m██[38;2;255;197;78m██[38;2;255;98;65m██[38;2;106;59;31m██[38;2;65;47;21m██
[38;2;0;0;0m          [38;2;174;93;92m██[38;2;0;0;0m      [38;2;36;15;16m  [38;2;141;58;66m██[38;2;119;49;55m██[38;2;0;0;0m                      [38;2;39;23;11m██[38;2;255;210;71m██[38;2;255;151;83m██[38;2;255;96;65m██[38;2;255;168;79m██[38;2;65;61;18m██
[38;2;0;0;0m        [38;2;67;36;36m██[38;2;162;87;86m██[38;2;0;0;0m    [38;2;25;16;8m  [38;2;238;154;81m██[38;2;106;65;70m██[38;2;159;65;76m██[38;2;103;42;48m██[38;2;0;0;0m  [38;2;95;61;32m  [38;2;253;164;86m██[38;2;127;79;53m██[38;2;0;0;0m            [38;2;29;27;8m  [38;2;234;219;65m██[38;2;255;228;73m██[38;2;255;223;73m██[38;2;197;185;52m██[38;2;0;0;0m  
[38;2;0;0;0m        [38;2;169;91;89m██[38;2;31;17;16m██[38;2;0;0;0m    [38;2;216;140;73m██[38;2;125;97;72m██[38;2;77;37;41m██[38;2;159;65;74m██[38;2;159;65;75m██[38;2;2;1;1m██[38;2;0;0;0m  [38;2;65;42;22m██[38;2;210;124;91m██[38;2;181;117;61m  [38;2;0;0;0m            [38;2;171;160;47m██[38;2;255;239;71m██[38;2;255;221;74m██[38;2;49;46;13m  [38;2;0;0;0m  
[38;2;0;0;0m      [38;2;51;33;17m  [38;2;228;138;97m██[38;2;255;165;87m██[38;2;185;120;64m██[38;2;231;150;79m██[38;2;214;132;84m██[38;2;13;7;6m  [38;2;0;0;0m  [38;2;113;46;52m  [38;2;159;65;76m██[38;2;156;65;75m██[38;2;19;8;9m  [38;2;0;0;0m  [38;2;120;67;55m██[38;2;207;140;81m██[38;2;213;131;94m██[38;2;220;126;103m██[38;2;134;84;49m██[38;2;63;41;22m██[38;2;23;15;8m  [38;2;0;0;0m    [38;2;203;143;71m██[38;2;209;173;65m██[38;2;0;0;0m    
[38;2;0;0;0m    [38;2;56;36;19m  [38;2;242;157;82m██[38;2;255;168;89m████████[38;2;229;148;78m██[38;2;16;10;5m  [38;2;0;0;0m    [38;2;159;65;76m██[38;2;159;65;74m██[38;2;78;33;37m██[38;2;2;1;1m  [38;2;182;98;97m██[38;2;65;67;70m██[38;2;89;95;107m██[38;2;124;95;73m██[38;2;226;134;98m██[38;2;255;168;89m██[38;2;214;139;74m██[38;2;0;0;0m    [38;2;36;23;22m██[38;2;56;36;25m██[38;2;0;0;0m    
[38;2;0;0;0m    [38;2;255;165;87m██[38;2;255;168;89m████[38;2;255;165;87m██[38;2;242;151;91m██[38;2;253;163;87m██[38;2;255;168;89m██[38;2;207;116;105m██[38;2;137;79;77m██[38;2;100;61;61m██[38;2;147;65;74m██[38;2;2;1;1m██[38;2;0;0;0m  [38;2;205;110;109m██[38;2;114;92;107m██[38;2;56;118;185m██[38;2;73;135;176m██[38;2;93;153;158m██[38;2;149;130;99m██[38;2;207;114;105m██[38;2;250;161;90m██[38;2;215;141;76m██[38;2;0;0;0m  [38;2;29;15;15m  [38;2;190;102;101m██[38;2;0;0;0m    
[38;2;0;0;0m    [38;2;119;77;41m██[38;2;255;165;87m████[38;2;161;114;86m██[38;2;237;189;174m██[38;2;241;150;93m██[38;2;239;149;93m██[38;2;206;112;108m██[38;2;204;111;108m██[38;2;203;112;107m██[38;2;127;85;80m██[38;2;115;61;67m██[38;2;77;47;47m  [38;2;203;110;109m██[38;2;62;89;123m██[38;2;56;115;185m████[38;2;63;117;166m██[38;2;20;23;22m██[38;2;73;42;34m██[38;2;225;134;98m██[38;2;245;159;84m██[38;2;62;40;21m  [38;2;0;0;0m  [38;2;145;78;77m██[38;2;0;0;0m    
[38;2;0;0;0m    [38;2;119;77;40m██[38;2;212;120;103m██[38;2;205;121;79m██[38;2;77;38;34m██[38;2;250;242;241m██[38;2;231;148;112m██[38;2;203;110;107m██[38;2;62;54;54m██[38;2;175;95;93m██[38;2;203;111;107m██[38;2;216;131;99m██[38;2;123;79;62m██[38;2;146;89;80m██[38;2;65;66;67m██[38;2;63;104;159m██[38;2;40;81;131m  [38;2;0;0;0m        [38;2;122;78;42m  [38;2;204;118;97m██[38;2;126;81;43m██[38;2;3;3;3m  [38;2;149;83;82m██[38;2;159;86;84m██[38;2;0;0;0m  
[38;2;0;0;0m  [38;2;148;96;50m  [38;2;255;165;87m██[38;2;244;153;91m██[38;2;193;110;86m██[38;2;173;132;109m██[38;2;202;150;136m██[38;2;203;112;106m██[38;2;144;77;77m██[38;2;4;2;2m  [38;2;22;11;11m  [38;2;198;106;105m██[38;2;203;112;106m██[38;2;254;167;90m██[38;2;231;154;85m██[38;2;207;140;82m██[38;2;106;89;87m██[38;2;0;0;0m          [38;2;0;0;5m  [38;2;230;146;102m██[38;2;242;151;91m██[38;2;52;52;52m██[38;2;162;98;94m██[38;2;192;105;101m██[38;2;39;21;21m  
[38;2;65;42;22m██[38;2;255;165;87m██[38;2;237;148;85m██[38;2;255;168;89m██[38;2;250;160;88m██[38;2;182;107;97m██[38;2;144;87;89m██[38;2;89;65;71m██[38;2;150;93;92m██[38;2;42;20;22m██[38;2;91;37;43m██[38;2;70;65;66m██[38;2;203;112;107m██[38;2;203;110;107m██[38;2;255;165;87m██[38;2;208;140;81m██[38;2;255;168;89m██[38;2;59;44;28m██[38;2;8;7;6m  [38;2;0;0;0m        [38;2;29;19;12m  [38;2;193;123;79m██[38;2;114;81;81m██[38;2;193;108;104m██[38;2;203;111;107m██[38;2;53;28;28m██
[38;2;16;10;5m  [38;2;183;105;85m██[38;2;211;119;102m██[38;2;203;132;85m██[38;2;59;36;23m██[38;2;63;60;59m██[38;2;163;63;83m██[38;2;188;93;100m██[38;2;115;72;75m██[38;2;155;65;75m██[38;2;62;31;33m██[38;2;172;97;96m██[38;2;167;77;83m██[38;2;240;149;91m██[38;2;255;166;88m██[38;2;206;141;83m██[38;2;113;91;72m██[38;2;250;165;88m██[38;2;200;133;72m██[38;2;0;2;10m  [38;2;0;0;0m        [38;2;43;27;17m██[38;2;227;144;95m██[38;2;117;88;78m██[38;2;205;111;109m██[38;2;53;28;28m██
[38;2;0;0;0m    [38;2;0;0;1m  [38;2;0;0;6m  [38;2;148;149;148m██[38;2;167;61;83m██[38;2;181;66;86m██[38;2;170;90;93m██[38;2;94;63;66m██[38;2;10;4;4m  [38;2;0;3;5m  [38;2;162;110;102m██[38;2;254;231;191m██[38;2;181;109;106m██[38;2;206;124;95m██[38;2;247;169;100m██[38;2;255;165;87m██[38;2;75;71;67m██[38;2;255;167;92m██[38;2;77;57;46m██[38;2;20;11;10m  [38;2;0;0;1m  [38;2;0;0;0m  [38;2;65;31;32m██[38;2;205;110;110m██[38;2;121;84;83m██[38;2;132;95;79m██[38;2;159;86;85m██[38;2;0;0;0m  
[38;2;0;0;0m        [38;2;40;41;40m██[38;2;182;109;120m██[38;2;168;144;144m██[38;2;116;65;67m██[38;2;116;95;100m██[38;2;0;0;0m    [38;2;241;219;181m██[38;2;252;231;194m████[38;2;242;210;168m██[38;2;178;93;85m██[38;2;113;90;71m██[38;2;210;141;82m██[38;2;174;119;80m██[38;2;164;108;86m██[38;2;174;94;93m██[38;2;64;34;41m██[38;2;117;52;59m██[38;2;160;67;75m██[38;2;192;97;101m██[38;2;159;89;93m██[38;2;196;106;106m██[38;2;39;21;21m  [38;2;0;0;0m  
[38;2;0;0;0m                    [38;2;118;63;63m██[38;2;73;68;68m██[38;2;252;231;194m████[38;2;253;231;192m██[38;2;68;66;66m██[38;2;186;94;85m██[38;2;242;151;91m██[38;2;147;108;75m██[38;2;251;161;88m██[38;2;208;115;105m██[38;2;105;71;76m██[38;2;150;70;78m██[38;2;164;70;79m██[38;2;177;82;90m██[38;2;175;115;106m██[38;2;37;24;22m  [38;2;0;0;0m    
[38;2;0;0;0m                    [38;2;205;111;109m██[38;2;170;101;97m██[38;2;172;142;127m██[38;2;254;230;191m██[38;2;243;214;178m██[38;2;183;155;133m██[38;2;177;154;141m██[38;2;113;81;75m██[38;2;147;135;113m██[38;2;255;165;87m██[38;2;247;156;90m██[38;2;189;102;102m██[38;2;155;124;111m██[38;2;206;158;137m██[38;2;101;69;63m██[38;2;50;33;30m  [38;2;0;0;0m      
[38;2;0;0;0m                    [38;2;175;95;93m██[38;2;203;111;107m██[38;2;146;103;99m██[38;2;181;156;133m██[38;2;203;172;146m██[38;2;223;187;158m██[38;2;129;123;116m██[38;2;205;175;135m██[38;2;196;131;77m██[38;2;255;165;87m██[38;2;223;131;99m██[38;2;187;103;102m██[38;2;17;17;17m  [38;2;0;0;0m            
[38;2;0;0;0m                    [38;2;24;11;11m  [38;2;151;80;79m██[38;2;203;112;106m██[38;2;171;99;99m██[38;2;140;97;90m██[38;2;55;47;45m██[38;2;35;30;26m██[38;2;218;125;101m██[38;2;255;165;87m██[38;2;183;93;80m██[38;2;208;115;105m██[38;2;45;24;24m  [38;2;0;0;0m              
[38;2;0;0;0m                    [38;2;101;80;79m██[38;2;183;147;146m██[38;2;170;74;84m██[38;2;117;49;57m██[38;2;0;0;0m      [38;2;157;84;83m██[38;2;204;111;108m██[38;2;203;112;107m████[38;2;45;24;24m  [38;2;0;0;0m              
[38;2;0;0;0m                    [38;2;48;41;41m██[38;2;61;59;59m██[38;2;50;27;27m██[38;2;0;0;0m        [38;2;2;1;1m  [38;2;137;74;74m██[38;2;203;109;109m██[38;2;203;112;107m██[38;2;181;97;96m██[38;2;0;0;0m              
[38;2;0;0;0m                                  [38;2;9;9;9m  [38;2;161;121;126m██[38;2;180;110;117m██[38;2;197;130;125m██[38;2;0;0;0m                
[38;2;0;0;0m                                    [38;2;11;12;11m  [38;2;58;60;58m██[38;2;45;46;45m██[38;2;0;0;0m                [0m
