
[38;2;0;0;0m        [38;2;15;17;15m  [38;2;207;207;207m██[38;2;0;2;0m  [38;2;0;0;0m      [38;2;0;1;0m  [38;2;191;192;191m██[38;2;0;3;0m  [38;2;0;0;0m  
[38;2;0;0;0m      [38;2;0;2;0m  [38;2;207;207;207m██[38;2;111;113;111m██[38;2;0;1;0m  [38;2;115;61;39m  [38;2;0;2;0m  [38;2;0;0;0m  [38;2;0;1;0m  [38;2;191;192;191m██[38;2;0;3;0m  [38;2;0;0;0m  
[38;2;0;0;0m    [38;2;10;12;10m  [38;2;186;187;186m██[38;2;170;174;173m██[38;2;59;59;54m██[38;2;12;8;4m  [38;2;167;87;56m██[38;2;0;2;0m  [38;2;0;0;0m  [38;2;111;113;111m██[38;2;255;255;255m██[38;2;191;192;191m██[38;2;0;1;0m  
[38;2;0;0;0m    [38;2;43;46;43m██[38;2;170;176;173m██[38;2;176;175;167m██[38;2;102;87;80m██[38;2;169;87;55m██[38;2;90;49;30m██[38;2;0;1;0m  [38;2;143;144;143m  [38;2;255;255;255m████[38;2;191;192;191m██[38;2;0;1;0m  
[38;2;0;0;0m  [38;2;0;3;0m  [38;2;172;174;173m██[38;2;153;147;87m██[38;2;134;131;124m██[38;2;156;111;91m██[38;2;209;106;68m██[38;2;90;49;30m██[38;2;15;19;18m  [38;2;207;207;207m██[38;2;252;250;244m████[38;2;191;192;191m██[38;2;0;1;0m  
[38;2;0;0;0m  [38;2;0;3;0m  [38;2;165;171;151m██[38;2;146;139;64m██[38;2;101;76;66m██[38;2;177;83;72m██[38;2;209;106;68m██[38;2;206;110;69m██[38;2;102;93;85m██[38;2;255;255;255m██[38;2;228;201;117m██[38;2;246;238;212m██[38;2;191;192;191m██[38;2;0;1;0m  
[38;2;0;0;0m  [38;2;0;2;0m  [38;2;140;141;97m██[38;2;81;81;71m██[38;2;193;96;71m██[38;2;193;136;79m██[38;2;168;76;73m██[38;2;206;107;69m██[38;2;113;113;113m██[38;2;230;205;128m████[38;2;255;255;255m██[38;2;0;3;0m  [38;2;0;0;0m  
[38;2;32;34;32m    [38;2;59;59;55m██[38;2;69;69;67m██[38;2;180;97;76m██[38;2;168;89;77m██[38;2;196;99;70m██[38;2;127;83;67m██[38;2;219;219;219m██[38;2;230;205;128m██[38;2;248;242;223m██[38;2;111;113;111m██[38;2;0;0;0m    
[38;2;32;34;32m  [38;2;162;162;162m██[38;2;109;105;88m██[38;2;110;101;71m██[38;2;157;97;76m██[38;2;155;97;76m██[38;2;154;96;69m██[38;2;104;96;70m██[38;2;130;124;105m██[38;2;243;243;243m██[38;2;172;172;172m██[38;2;101;101;101m██[38;2;113;113;113m██[38;2;40;40;40m  
[38;2;0;1;0m  [38;2;65;67;65m██[38;2;163;169;163m██[38;2;106;103;88m██[38;2;197;170;82m██[38;2;192;165;82m██[38;2;163;142;78m██[38;2;105;96;71m██[38;2;130;124;105m██[38;2;136;136;136m██[38;2;207;207;207m██[38;2;243;243;243m██[38;2;219;219;219m██[38;2;40;40;40m  
[38;2;32;34;32m  [38;2;129;130;129m██[38;2;138;145;150m██[38;2;205;207;205m██[38;2;133;88;63m██[38;2;125;96;70m██[38;2;152;102;84m██[38;2;231;220;215m██[38;2;179;183;185m██[38;2;207;209;221m██[38;2;219;219;219m██[38;2;113;113;113m██[38;2;84;85;84m  [38;2;0;0;0m  
[38;2;0;0;0m  [38;2;0;1;0m  [38;2;36;41;39m██[38;2;99;103;108m██[38;2;161;142;144m██[38;2;213;192;174m██[38;2;249;244;242m██[38;2;151;148;159m██[38;2;82;84;97m██[38;2;159;162;173m██[38;2;255;255;255m██[38;2;111;113;111m██[38;2;47;50;47m  [38;2;0;0;0m  
[38;2;0;0;0m      [38;2;0;2;4m  [38;2;40;36;35m  [38;2;192;191;198m██[38;2;191;192;192m██[38;2;128;130;142m██[38;2;0;0;9m  [38;2;0;2;0m  [38;2;0;3;0m  [38;2;0;0;0m      
[38;2;0;0;0m      [38;2;0;2;0m  [38;2;12;16;24m  [38;2;49;56;99m██[38;2;143;148;143m██[38;2;59;67;97m██[38;2;0;2;0m  [38;2;0;0;0m          
[38;2;0;0;0m    [38;2;49;52;47m██[38;2;160;161;154m██[38;2;43;55;113m██[38;2;164;170;192m████[38;2;56;66;118m██[38;2;61;70;115m██[38;2;30;30;38m██[38;2;0;0;0m        
[38;2;0;0;0m  [38;2;0;3;0m  [38;2;200;198;190m██[38;2;124;123;120m██[38;2;55;60;86m██[38;2;43;55;113m██[38;2;163;168;192m██[38;2;64;71;102m██[38;2;209;216;227m██[38;2;206;206;208m██[38;2;0;2;0m  [38;2;0;0;0m      
[38;2;0;0;0m  [38;2;0;2;0m  [38;2;163;161;154m██[38;2;173;174;169m██[38;2;148;148;148m██[38;2;255;255;255m██[38;2;197;201;213m██[38;2;7;9;31m  [38;2;202;207;207m██[38;2;255;255;255m██[38;2;191;192;191m██[38;2;0;1;0m  [38;2;0;0;0m    
[38;2;0;0;0m    [38;2;12;13;11m  [38;2;61;65;73m██[38;2;148;150;157m██[38;2;255;255;255m██[38;2;107;111;125m██[38;2;15;18;20m  [38;2;100;101;100m██[38;2;255;255;255m██[38;2;47;50;47m  [38;2;0;0;0m      
[38;2;0;0;0m    [38;2;32;34;32m  [38;2;99;82;83m██[38;2;142;68;85m██[38;2;98;75;108m██[38;2;128;88;100m██[38;2;129;102;73m██[38;2;221;220;185m██[38;2;111;113;111m██[38;2;0;0;0m        
[38;2;0;0;0m    [38;2;0;1;0m  [38;2;104;34;48m██[38;2;140;71;67m██[38;2;182;89;63m██[38;2;208;106;68m██[38;2;196;125;87m██[38;2;181;161;77m██[38;2;113;113;113m██[38;2;0;3;0m  [38;2;0;0;0m      
[38;2;0;0;0m    [38;2;35;31;12m  [38;2;182;146;65m██[38;2;144;73;63m██[38;2;76;55;53m██[38;2;181;99;63m██[38;2;187;102;73m██[38;2;165;99;74m██[38;2;150;127;65m██[38;2;106;89;38m  [38;2;0;0;0m      
[38;2;0;0;0m      [38;2;35;34;21m  [38;2;82;71;36m██[38;2;11;11;4m  [38;2;69;52;42m██[38;2;237;202;73m██[38;2;212;186;67m██[38;2;44;38;35m██[38;2;0;0;0m        
[38;2;0;0;0m    [38;2;33;26;25m██[38;2;57;47;82m██[38;2;30;40;84m██[38;2;0;0;0m    [38;2;33;34;42m  [38;2;51;52;71m██[38;2;4;5;7m  [38;2;0;0;0m        
[38;2;0;0;0m  [38;2;0;3;0m  [38;2;105;57;62m██[38;2;62;32;33m██[38;2;7;12;21m  [38;2;0;0;0m    [38;2;1;12;22m  [38;2;72;57;73m██[38;2;17;28;46m██[38;2;0;0;0m        
[38;2;0;0;0m    [38;2;0;9;6m  [38;2;0;2;1m  [38;2;0;0;0m    [38;2;0;1;0m  [38;2;133;69;58m██[38;2;162;89;78m██[38;2;111;69;72m██[38;2;0;3;0m  [38;2;0;0;0m      
[38;2;0;0;0m              [38;2;12;15;10m  [38;2;43;33;23m██[38;2;33;26;25m██[38;2;0;0;0m        [0m
