
[38;2;0;0;0m          [38;2;49;49;49m██████[38;2;0;0;0m                      
[38;2;0;0;0m        [38;2;49;49;49m██[38;2;106;156;255m██████[38;2;49;49;49m██[38;2;0;0;0m    [38;2;49;49;49m████[38;2;0;0;0m            
[38;2;0;0;0m      [38;2;49;49;49m██[38;2;255;255;255m██████[38;2;82;115;213m████[38;2;49;49;49m████[38;2;106;156;255m████[38;2;49;49;49m████[38;2;0;0;0m        
[38;2;0;0;0m    [38;2;49;49;49m██[38;2;106;156;255m██[38;2;255;255;255m██[38;2;82;82;82m████[38;2;255;255;255m██[38;2;82;115;213m████[38;2;255;255;255m████[38;2;82;115;213m██████[38;2;49;49;49m██[38;2;0;0;0m      
[38;2;0;0;0m  [38;2;49;49;49m██[38;2;255;255;255m████[38;2;82;82;82m████████[38;2;255;255;255m████[38;2;82;82;82m████[38;2;255;255;255m██[38;2;82;115;213m████[38;2;49;49;49m██[38;2;0;0;0m      
[38;2;49;49;49m██[38;2;255;255;255m██[38;2;82;82;82m██████████████████████[38;2;255;255;255m██[38;2;82;115;213m████[38;2;49;49;49m██[38;2;0;0;0m    
[38;2;49;49;49m██[38;2;255;255;255m██[38;2;82;82;82m████████[38;2;82;90;156m████[38;2;82;82;82m██████[38;2;82;90;156m██[38;2;82;82;82m██[38;2;255;255;255m██[38;2;82;115;213m██[38;2;106;156;255m████[38;2;49;49;49m██[38;2;0;0;0m  
[38;2;0;0;0m  [38;2;49;49;49m██[38;2;189;189;189m██[38;2;82;82;82m██[38;2;82;90;156m██████[38;2;82;82;82m██[38;2;205;123;98m██[38;2;255;156;172m██[38;2;205;123;98m██[38;2;82;82;82m██[38;2;82;90;156m██[38;2;82;82;82m██[38;2;255;255;255m████[38;2;106;156;255m████[38;2;49;49;49m██
[38;2;49;49;49m██[38;2;189;189;189m██[38;2;82;82;82m██[38;2;82;90;156m████[38;2;123;172;205m██[38;2;82;82;82m██[38;2;255;156;172m██[38;2;255;255;255m██[38;2;255;156;172m██████[38;2;82;82;82m██[38;2;82;90;156m██[38;2;82;82;82m████[38;2;255;255;255m██[38;2;82;115;213m██[38;2;49;49;49m██
[38;2;0;0;0m  [38;2;49;49;49m██[38;2;189;189;189m██[38;2;82;82;82m██[38;2;123;172;205m██[38;2;82;82;82m██[38;2;205;123;98m██[38;2;255;156;172m████[38;2;49;49;49m██[38;2;255;156;172m████[38;2;49;49;49m██[38;2;82;82;82m██[38;2;82;90;156m██[38;2;82;82;82m██[38;2;255;255;255m██[38;2;49;49;49m██[38;2;0;0;0m  
[38;2;0;0;0m    [38;2;49;49;49m██[38;2;82;82;82m██[38;2;123;172;205m██[38;2;82;82;82m██[38;2;255;156;172m████████[38;2;49;49;49m████[38;2;255;156;172m██[38;2;82;82;82m██[38;2;123;172;205m██[38;2;82;82;82m██[38;2;49;49;49m██[38;2;0;0;0m    
[38;2;0;0;0m  [38;2;49;49;49m██[38;2;189;189;189m██[38;2;82;82;82m██[38;2;82;90;156m██[38;2;82;82;82m██[38;2;205;123;98m██[38;2;49;49;49m██[38;2;255;156;172m██████[38;2;255;255;255m██[38;2;205;123;98m██[38;2;82;82;82m██[38;2;82;90;156m██[38;2;82;82;82m██[38;2;189;189;189m██[38;2;49;49;49m██[38;2;0;0;0m  
[38;2;49;49;49m██[38;2;189;189;189m██[38;2;82;82;82m████[38;2;164;222;255m████[38;2;82;82;82m██[38;2;255;156;172m██████████[38;2;82;82;82m██[38;2;131;197;230m████[38;2;82;82;82m██[38;2;189;189;189m██[38;2;49;49;49m██[38;2;0;0;0m  
[38;2;49;49;49m██[38;2;255;255;255m██[38;2;82;82;82m██████[38;2;164;222;255m████[38;2;82;82;82m██[38;2;205;123;98m██[38;2;255;156;172m██[38;2;205;123;98m██[38;2;82;82;82m██[38;2;164;222;255m████[38;2;82;82;82m████[38;2;49;49;49m██[38;2;0;0;0m    
[38;2;0;0;0m  [38;2;49;49;49m██[38;2;255;255;255m████[38;2;82;82;82m████[38;2;123;172;205m████[38;2;82;82;82m██████[38;2;123;172;205m██[38;2;82;82;82m████[38;2;189;189;189m████[38;2;49;49;49m██[38;2;0;0;0m    
[38;2;0;0;0m    [38;2;49;49;49m██[38;2;82;115;213m██[38;2;255;255;255m██[38;2;82;82;82m██████[38;2;255;255;255m████[38;2;82;82;82m████[38;2;255;255;255m████[38;2;106;156;255m██[38;2;49;49;49m██[38;2;0;0;0m      
[38;2;0;0;0m      [38;2;49;49;49m██[38;2;82;115;213m██[38;2;255;255;255m██████[38;2;82;115;213m████[38;2;255;255;255m████[38;2;82;115;213m██████[38;2;49;49;49m██[38;2;0;0;0m      
[38;2;0;0;0m        [38;2;49;49;49m██████[38;2;82;115;213m██████[38;2;49;49;49m████[38;2;82;115;213m████[38;2;49;49;49m██[38;2;0;0;0m        
[38;2;0;0;0m              [38;2;49;49;49m██████[38;2;0;0;0m    [38;2;49;49;49m████[38;2;0;0;0m          [0m
