
[38;2;0;0;0m              ██                                                          
[38;2;0;0;0m            ██[38;2;140;119;76m██[38;2;0;4;0m██[38;2;0;0;0m██                                                      
[38;2;0;0;0m            ██[38;2;93;81;51m████[38;2;132;111;76m██[38;2;0;0;0m██                                                    
[38;2;0;0;0m              ██[38;2;255;206;207m██[38;2;99;86;51m████[38;2;0;0;0m██                                  ████            
[38;2;0;0;0m              ██[38;2;255;206;207m████████[38;2;0;0;0m██    ██████                ██████[38;2;137;110;73m████[38;2;0;0;0m██          
[38;2;0;0;0m                ██[38;2;255;206;204m████[38;2;255;206;207m████[38;2;0;0;0m████[38;2;255;206;204m████[38;2;255;206;207m██[38;2;0;0;0m████        ██[38;2;0;4;0m██[38;2;140;119;76m██[38;2;132;109;76m████[38;2;132;111;76m██[38;2;0;0;0m██            
[38;2;0;0;0m                ██[38;2;255;206;204m████[38;2;255;206;207m██[38;2;140;96;92m██[38;2;255;206;207m████[38;2;255;206;204m████[38;2;255;206;207m██████[38;2;0;0;0m██  ████[38;2;255;206;207m██[38;2;93;81;51m████[38;2;99;86;51m██[38;2;132;109;76m██[38;2;0;0;0m██              
[38;2;0;0;0m            ████  ██[38;2;255;206;207m██[38;2;140;96;92m██[38;2;255;206;207m████[38;2;140;96;92m████[38;2;255;206;207m██[38;2;255;206;204m████[38;2;255;206;207m████[38;2;8;0;0m██[38;2;131;103;99m██[38;2;255;206;204m████████[38;2;255;214;207m██[38;2;90;77;69m██[38;2;0;0;0m██              
[38;2;0;0;0m          ██[38;2;206;107;126m████[38;2;0;0;0m████[38;2;255;206;207m██[38;2;140;96;92m██[38;2;255;206;207m██[38;2;140;96;92m██[38;2;255;206;207m████[38;2;140;96;92m██[38;2;255;206;204m████[38;2;255;206;207m██[38;2;140;96;92m██[38;2;255;206;199m████[38;2;255;206;204m████████[38;2;173;145;138m██[38;2;8;8;0m██[38;2;0;0;0m                
[38;2;0;0;0m            ██[38;2;206;111;134m████[38;2;66;66;66m██[38;2;255;206;207m██[38;2;140;96;92m██[38;2;255;206;207m██[38;2;255;206;204m████[38;2;255;206;191m██[38;2;90;94;98m██[38;2;255;206;207m████[38;2;255;206;204m████████[38;2;255;206;207m████[38;2;214;165;150m████[38;2;0;0;0m██        ████████  
[38;2;0;0;0m              [38;2;0;12;8m██[38;2;69;45;50m██[38;2;255;206;207m████[38;2;140;96;92m██[38;2;255;206;207m██[38;2;255;206;204m████[38;2;200;169;160m██[38;2;90;94;98m██[38;2;210;162;150m██[38;2;255;206;207m██[38;2;255;206;204m████████[38;2;210;162;150m████[38;2;214;165;150m██[38;2;0;0;0m██  ████████[38;2;239;140;151m████████[38;2;0;0;0m██
[38;2;0;0;0m                ██[38;2;255;206;204m████[38;2;255;206;207m██[38;2;140;96;92m██[38;2;214;165;150m████[38;2;87;96;103m██[38;2;214;165;150m██[38;2;210;162;150m██[38;2;255;206;207m██[38;2;255;206;204m████[38;2;255;206;207m██[38;2;210;162;150m██[38;2;214;165;150m████[38;2;136;88;96m██[38;2;66;66;66m██[38;2;0;0;0m██[38;2;222;119;134m██[38;2;239;137;151m████[38;2;239;140;151m██████[38;2;0;0;0m████  
[38;2;0;0;0m                ██[38;2;255;206;204m████[38;2;255;206;207m████[38;2;87;96;103m████[38;2;214;165;150m████[38;2;255;206;207m████[38;2;255;206;204m████[38;2;255;206;207m██[38;2;210;162;150m██[38;2;140;96;92m████[38;2;66;66;66m██[38;2;206;111;126m██[38;2;222;119;134m████[38;2;239;137;151m████[38;2;239;140;151m██[38;2;0;0;0m████      
[38;2;0;0;0m        ██████[38;2;8;8;0m██[38;2;255;214;207m██[38;2;255;206;199m██[38;2;206;167;155m██[38;2;255;222;223m████[38;2;255;206;204m████[38;2;238;205;202m████[38;2;255;206;204m████████████[38;2;255;206;207m██[38;2;210;162;150m██[38;2;66;66;66m██[38;2;206;107;126m██[38;2;210;109;130m██[38;2;239;140;151m████[38;2;140;96;89m██[38;2;0;0;0m██          
[38;2;0;0;0m  ██████[38;2;255;206;207m██████[38;2;173;145;138m██[38;2;255;214;207m██[38;2;181;148;133m██[38;2;255;206;199m██[38;2;0;0;0m██[38;2;255;222;223m██[38;2;255;206;204m████[38;2;255;255;255m██[38;2;222;156;150m██[38;2;255;206;204m████████████[38;2;255;206;207m████[38;2;66;66;66m██[38;2;206;107;126m██[38;2;210;109;130m████[38;2;239;140;151m██████[38;2;0;0;0m██        
[38;2;0;0;0m██[38;2;181;150;141m██[38;2;255;206;207m██[38;2;255;206;204m████[38;2;255;206;207m████[38;2;255;206;204m████[38;2;181;150;141m██[38;2;255;206;207m██[38;2;134;109;76m██[38;2;255;206;207m██[38;2;255;206;204m████[38;2;0;4;0m██[38;2;255;206;199m██[38;2;181;150;141m██[38;2;255;206;207m██[38;2;255;206;204m████████[38;2;255;206;207m██[38;2;210;162;150m██[38;2;214;165;150m██[38;2;66;66;66m██[38;2;209;110;129m████[38;2;140;96;89m████[38;2;0;0;0m██          
[38;2;0;0;0m██[38;2;255;206;207m██[38;2;181;150;141m██[38;2;255;206;204m████[38;2;255;206;207m██[38;2;210;162;150m██[38;2;255;206;204m████[38;2;255;206;207m██[38;2;181;150;141m██[38;2;255;206;207m████[38;2;255;206;204m████[38;2;127;105;99m██[38;2;255;206;199m██[38;2;181;150;141m██[38;2;255;206;207m██[38;2;255;206;204m████████[38;2;255;206;207m██[38;2;210;162;150m██[38;2;214;165;150m██[38;2;66;66;66m██[38;2;209;110;129m████[38;2;239;140;151m████[38;2;140;94;92m██[38;2;0;0;0m██        
[38;2;0;0;0m  ████[38;2;255;206;207m████[38;2;255;214;207m██[38;2;173;144;138m██[38;2;255;206;204m████████[38;2;255;206;207m██████████[38;2;181;150;141m██[38;2;255;206;204m████████████[38;2;134;109;105m██[38;2;195;158;152m██[38;2;214;165;150m██[38;2;66;66;66m██████[38;2;192;110;123m██[38;2;255;132;151m██[38;2;239;140;151m████[38;2;0;0;0m██      
[38;2;0;0;0m      ████[38;2;8;4;0m████[38;2;255;206;204m████████[38;2;140;96;92m██████[38;2;255;206;207m██████[38;2;255;206;204m████████████[38;2;255;206;199m██[38;2;74;61;58m██[38;2;214;165;150m██[38;2;66;66;66m██[38;2;214;165;150m████[38;2;66;66;66m████████[38;2;0;0;0m██      
[38;2;0;0;0m            ██[38;2;255;206;207m████[38;2;255;206;204m████████[38;2;255;206;207m██[38;2;140;96;92m████[38;2;255;206;207m██[38;2;255;206;204m████████████████[38;2;66;66;66m████[38;2;214;165;150m████[38;2;140;96;92m██[38;2;214;165;150m████[38;2;0;0;0m██        
[38;2;0;0;0m              ██[38;2;255;206;207m██[38;2;255;206;204m████████[38;2;255;206;207m████████[38;2;255;206;204m████████████████[38;2;255;206;207m██[38;2;66;66;66m██[38;2;214;165;150m██[38;2;140;96;92m████[38;2;214;165;150m██[38;2;0;0;0m██          
[38;2;0;0;0m              ██[38;2;255;206;207m██[38;2;255;206;204m████████████████[38;2;255;206;207m████[38;2;255;198;191m██[38;2;140;94;84m██[38;2;255;206;207m████████[38;2;195;159;155m██[38;2;255;206;199m██[38;2;74;66;66m██[38;2;121;99;94m██[38;2;214;165;150m████[38;2;0;0;0m██          
[38;2;0;0;0m              ██[38;2;255;206;207m██[38;2;255;206;204m████████████████[38;2;255;206;207m██[38;2;210;162;150m██[38;2;217;163;155m████[38;2;66;66;66m████[38;2;255;206;207m██[38;2;210;162;150m██[38;2;255;206;199m██[38;2;74;66;66m██[38;2;214;165;150m██████[38;2;0;0;0m██            
[38;2;0;0;0m                ██[38;2;255;206;207m████[38;2;255;206;204m████[38;2;255;206;207m████[38;2;210;162;150m██[38;2;255;206;207m██[38;2;210;162;150m██[38;2;255;206;207m██[38;2;211;159;150m████████[38;2;66;66;66m████[38;2;71;58;55m██[38;2;214;165;150m████[38;2;0;0;0m████              
[38;2;0;0;0m                ██[38;2;140;96;92m██[38;2;255;206;207m██[38;2;255;206;204m████[38;2;210;162;150m████[38;2;255;206;207m██[38;2;210;162;150m██[38;2;255;206;207m██[38;2;210;162;150m██[38;2;211;159;150m████████[38;2;214;165;150m████[38;2;0;4;8m████[38;2;0;0;0m██                  
[38;2;0;0;0m                  ██[38;2;143;104;95m██[38;2;140;96;92m██[38;2;214;165;150m██████[38;2;211;159;150m████████████████[38;2;214;165;150m████[38;2;0;0;0m██                      
[38;2;0;0;0m                  ██[38;2;214;156;142m██[38;2;214;165;150m██[38;2;140;96;92m████[38;2;214;165;150m██[38;2;211;159;150m████████████████[38;2;214;165;150m██[38;2;0;0;0m██                        
[38;2;0;0;0m                    ██[38;2;214;214;214m████[38;2;214;156;142m██[38;2;143;104;95m██[38;2;0;0;0m██[38;2;66;66;66m██[38;2;140;96;92m██[38;2;214;165;150m██[38;2;211;159;150m████████[38;2;140;94;92m██[38;2;0;0;0m██                        
[38;2;0;0;0m                      ████████  ██[38;2;214;165;150m████[38;2;211;159;150m████████[38;2;0;0;0m██                          
[38;2;0;0;0m                                  ██[38;2;255;255;255m██[38;2;231;239;231m████[38;2;0;0;0m████                            
[38;2;0;0;0m                                    ██████                                [0m
