
[38;2;0;0;0m            ████                
[38;2;0;0;0m  ██████[38;2;0;4;0m████[38;2;255;200;167m████[38;2;0;0;0m██              
[38;2;0;0;0m██[38;2;189;123;69m██████[38;2;115;76;67m██[38;2;231;148;135m██[38;2;255;200;167m████[38;2;255;198;167m██[38;2;0;0;0m████          
[38;2;0;0;0m██[38;2;189;123;69m██[38;2;187;119;67m██[38;2;126;90;62m██[38;2;96;74;56m██[38;2;255;198;167m██[38;2;255;189;175m██[38;2;123;82;51m██[38;2;255;200;167m████[38;2;222;140;134m██[38;2;0;0;0m████      
[38;2;0;0;0m██[38;2;126;82;46m██[38;2;187;119;67m██[38;2;66;61;58m██[38;2;255;198;167m██[38;2;96;74;56m██[38;2;123;82;51m██[38;2;211;153;134m██[38;2;255;200;167m████[38;2;111;70;67m████[38;2;189;123;69m██[38;2;0;0;0m████  
[38;2;0;0;0m  ██[38;2;66;66;66m██[38;2;255;222;199m██[38;2;255;200;167m████████████[38;2;66;66;66m██[38;2;189;123;69m██[38;2;189;126;69m████[38;2;189;123;69m██[38;2;0;0;0m██
[38;2;0;0;0m  ██[38;2;255;222;199m████[38;2;255;200;167m████████████[38;2;66;66;66m██[38;2;189;123;69m██[38;2;189;126;69m████[38;2;189;123;69m██[38;2;0;0;0m██
[38;2;0;0;0m  ██[38;2;247;181;159m██[38;2;0;0;0m██[38;2;255;200;167m████[38;2;255;222;199m████[38;2;255;200;167m████[38;2;255;198;167m██[38;2;66;66;66m██[38;2;189;123;69m████[38;2;0;0;0m██  
[38;2;0;0;0m██[38;2;181;99;101m██[38;2;247;181;159m████[38;2;255;200;167m████[38;2;0;0;0m██[38;2;255;222;199m██[38;2;255;200;167m████[38;2;255;198;167m██[38;2;66;66;66m██[38;2;126;82;46m██[38;2;0;0;0m██    
[38;2;0;0;0m██[38;2;255;198;167m██[38;2;184;96;101m██[38;2;255;198;167m██[38;2;230;140;142m██[38;2;255;198;167m████[38;2;214;99;70m██[38;2;255;198;167m████[38;2;231;140;143m████[38;2;0;4;8m████[38;2;0;0;0m    
[38;2;0;0;0m  ██[38;2;219;147;134m██[38;2;255;198;167m██████████[38;2;230;140;142m████[38;2;231;140;143m████[38;2;77;52;56m██[38;2;231;148;151m██[38;2;0;0;0m██  
[38;2;0;0;0m  ██[38;2;231;140;143m████[38;2;255;198;167m████[38;2;255;189;167m██[38;2;145;104;100m██[38;2;255;189;167m██[38;2;145;104;100m██[38;2;231;140;143m████[38;2;66;66;66m██[38;2;231;140;143m██[38;2;0;0;0m██  
[38;2;0;0;0m    ██[38;2;231;140;143m██[38;2;230;140;142m████[38;2;200;146;133m██[38;2;90;61;66m████[38;2;200;146;133m██[38;2;231;140;143m██[38;2;66;66;66m██[38;2;231;140;143m████[38;2;0;0;0m██  
[38;2;0;0;0m    ██████[38;2;231;140;143m████████████[38;2;0;0;0m██████    
[38;2;0;0;0m          ██████[38;2;231;140;143m████[38;2;0;0;0m██          
[38;2;0;0;0m                ████            [0m
