
[38;2;0;0;0m    [38;2;9;7;12m██[38;2;2;2;3m  [38;2;0;0;0m                                        
[38;2;0;0;0m    [38;2;37;31;49m██[38;2;83;69;107m██[38;2;0;0;0m                                        
[38;2;0;0;0m      [38;2;95;80;124m██[38;2;107;93;139m██[38;2;28;23;36m██[38;2;0;0;0m                                    
[38;2;0;0;0m      [38;2;23;20;31m  [38;2;107;92;139m██[38;2;107;90;139m██[38;2;0;0;0m                                [38;2;121;119;163m██[38;2;32;32;44m  
[38;2;0;0;0m        [38;2;80;69;104m██[38;2;107;93;139m██[38;2;67;59;87m██[38;2;41;39;55m██[38;2;16;17;21m  [38;2;0;0;0m                    [38;2;18;17;25m  [38;2;43;39;58m██[38;2;154;148;211m██[38;2;144;138;194m██[38;2;27;24;36m  
[38;2;0;0;0m          [38;2;33;28;34m  [38;2;122;119;153m██[38;2;106;108;131m██[38;2;77;82;104m██[38;2;0;0;0m                [38;2;23;23;23m  [38;2;99;89;135m██[38;2;130;123;176m██[38;2;153;147;207m██[38;2;140;130;190m██[38;2;26;24;36m  [38;2;0;0;0m  
[38;2;0;0;0m        [38;2;7;7;7m  [38;2;161;153;216m██[38;2;87;93;102m██[38;2;87;93;103m██[38;2;84;88;98m██[38;2;95;95;115m██[38;2;53;53;68m██[38;2;0;0;0m    [38;2;36;34;49m██[38;2;4;3;5m  [38;2;0;0;0m    [38;2;63;57;86m██[38;2;141;130;191m██[38;2;156;147;210m██[38;2;135;118;182m██[38;2;45;41;61m██[38;2;0;0;0m    
[38;2;0;0;0m        [38;2;89;86;98m██[38;2;90;87;103m██[38;2;71;72;75m██[38;2;90;96;99m██[38;2;123;124;129m██[38;2;143;148;154m██[38;2;102;108;113m██[38;2;82;87;91m██[38;2;106;101;139m██[38;2;123;108;163m██[38;2;103;92;140m██[38;2;0;0;0m    [38;2;117;105;160m██[38;2;141;131;193m██[38;2;133;120;182m██[38;2;121;108;165m██[38;2;8;7;11m  [38;2;0;0;0m    
[38;2;0;0;0m    [38;2;9;8;12m  [38;2;106;97;139m██[38;2;115;114;134m██[38;2;158;158;164m██[38;2;154;159;166m██[38;2;96;96;98m██[38;2;96;97;99m██[38;2;98;102;107m██[38;2;122;130;139m██[38;2;108;115;120m██[38;2;126;121;159m██[38;2;123;107;163m██[38;2;131;118;179m██[38;2;113;102;153m██[38;2;129;119;171m██[38;2;127;114;170m██[38;2;101;91;138m██[38;2;44;40;60m  [38;2;0;0;0m        
[38;2;26;24;36m  [38;2;99;89;135m██[38;2;101;90;136m██[38;2;70;68;73m██[38;2;123;126;166m██[38;2;86;90;92m██[38;2;88;89;91m██[38;2;102;102;104m██[38;2;186;192;198m██[38;2;137;138;142m██[38;2;94;98;103m██[38;2;146;153;160m██[38;2;73;75;76m██[38;2;146;135;195m██[38;2;130;117;178m██[38;2;135;121;185m████[38;2;53;49;65m██[38;2;0;0;0m            
[38;2;0;0;0m  [38;2;80;72;109m  [38;2;126;116;168m██[38;2;93;90;111m██[38;2;120;119;151m██[38;2;66;66;66m██[38;2;104;111;114m██[38;2;106;112;115m██[38;2;76;72;84m██[38;2;77;74;82m██[38;2;78;79;83m██[38;2;160;159;166m██[38;2;126;119;169m██[38;2;120;103;159m██[38;2;135;118;183m██[38;2;123;114;168m██[38;2;117;111;163m██[38;2;107;93;139m██[38;2;0;0;0m            
[38;2;0;0;0m    [38;2;70;66;93m██[38;2;110;111;138m██[38;2;82;87;92m██[38;2;150;156;162m██[38;2;78;77;96m██[38;2;97;85;121m██[38;2;107;92;139m██[38;2;100;89;127m██[38;2;82;76;106m██[38;2;106;104;117m██[38;2;115;102;149m██[38;2;134;118;182m██[38;2;132;120;183m██[38;2;138;125;190m██[38;2;85;88;118m██[38;2;81;74;104m██[38;2;0;0;0m            
[38;2;0;0;0m    [38;2;110;106;135m██[38;2;89;91;102m██[38;2;119;124;131m██[38;2;91;95;99m██[38;2;97;94;117m██[38;2;103;89;135m██[38;2;107;92;139m██[38;2;100;88;132m██[38;2;88;81;120m██[38;2;119;117;129m██[38;2;159;150;212m██[38;2;115;98;152m██[38;2;100;98;138m██[38;2;109;105;152m██[38;2;94;94;131m██[38;2;98;93;127m██[38;2;0;0;0m            
[38;2;0;0;0m    [38;2;137;133;179m██[38;2;68;68;69m██[38;2;143;146;156m██[38;2;66;66;66m██[38;2;169;164;185m██[38;2;90;82;122m██[38;2;94;83;126m██[38;2;93;87;123m██[38;2;182;182;193m██[38;2;211;211;211m██[38;2;142;135;185m██[38;2;115;98;152m██[38;2;131;120;182m██[38;2;118;112;165m██[38;2;130;120;181m██[38;2;151;144;203m██[38;2;123;117;165m██[38;2;54;51;72m  [38;2;0;0;0m        
[38;2;0;0;0m    [38;2;117;114;154m██[38;2;69;77;76m██[38;2;127;131;139m██[38;2;66;66;67m██[38;2;89;81;121m████[38;2;164;160;182m██[38;2;91;91;91m██[38;2;255;255;255m██[38;2;88;86;101m██[38;2;120;105;157m██[38;2;135;121;185m████[38;2;134;120;183m██[38;2;127;111;171m██[38;2;127;110;171m██[38;2;87;83;119m██[38;2;126;119;170m██[38;2;0;0;0m        
[38;2;0;0;0m    [38;2;57;55;77m██[38;2;96;100;115m██[38;2;90;94;97m██[38;2;83;87;95m██[38;2;81;76;101m██[38;2;89;81;121m████[38;2;131;125;155m██[38;2;122;119;134m██[38;2;93;88;110m██[38;2;115;106;148m██[38;2;134;118;182m████[38;2;126;110;169m██[38;2;107;91;139m██[38;2;51;45;61m██[38;2;0;0;0m            
[38;2;0;0;0m    [38;2;43;41;58m  [38;2;108;109;134m██[38;2;87;91;93m██[38;2;96;103;111m██[38;2;81;79;96m██[38;2;84;79;110m██[38;2;116;111;140m██[38;2;135;132;157m██[38;2;190;195;196m██[38;2;68;66;76m██[38;2;142;134;186m██[38;2;113;97;149m██[38;2;109;93;143m████[38;2;78;73;88m██[38;2;101;91;127m██[38;2;0;0;0m            
[38;2;0;0;0m      [38;2;36;34;49m  [38;2;114;118;146m██[38;2;80;82;83m██[38;2;116;121;125m██[38;2;89;94;98m██[38;2;98;102;98m██[38;2;109;112;109m██[38;2;88;93;95m██[38;2;130;136;141m██[38;2;142;135;185m██[38;2;107;93;139m██[38;2;107;90;139m██[38;2;129;113;175m██[38;2;127;111;171m██[38;2;85;78;100m██[38;2;0;0;0m            
[38;2;0;0;0m        [38;2;69;66;95m██[38;2;88;95;105m██[38;2;76;82;88m██[38;2;146;153;160m██[38;2;92;98;104m██[38;2;92;98;103m██[38;2;143;150;156m██[38;2;73;74;82m██[38;2;135;127;176m██[38;2;107;93;139m██[38;2;92;89;122m██[38;2;102;98;139m██[38;2;69;68;72m██[38;2;41;35;54m  [38;2;0;0;0m            
[38;2;0;0;0m        [38;2;12;12;17m  [38;2;118;116;152m██[38;2;54;55;67m██[38;2;13;14;15m  [38;2;18;19;20m  [38;2;27;29;30m  [38;2;1;2;2m  [38;2;50;49;64m██[38;2;118;105;154m██[38;2;107;90;139m██[38;2;37;33;49m██[38;2;104;89;135m██[38;2;97;84;121m██[38;2;0;0;0m              
[38;2;0;0;0m                      [38;2;151;140;202m██[38;2;86;72;112m██[38;2;0;0;0m    [38;2;31;26;41m  [38;2;130;115;176m██[38;2;68;61;93m██[38;2;0;0;0m            
[38;2;0;0;0m                      [38;2;37;35;50m██[38;2;6;5;7m  [38;2;0;0;0m      [38;2;30;27;42m  [38;2;17;15;23m  [38;2;0;0;0m            [0m
