
[38;2;0;0;0m                          [38;2;18;18;18m████[38;2;16;16;16m  [38;2;0;0;0m                  
[38;2;0;0;0m    [38;2;16;16;16m██[38;2;9;9;9m  [38;2;0;0;0m                [38;2;24;24;28m  [38;2;90;141;147m██[38;2;89;141;146m██[38;2;62;62;62m██[38;2;0;0;0m                  
[38;2;0;0;0m████[38;2;7;7;7m  [38;2;24;24;24m██[38;2;0;0;0m        [38;2;10;11;11m  [38;2;20;31;37m██[38;2;95;96;74m██[38;2;64;77;85m██[38;2;89;140;151m██[38;2;96;157;165m██[38;2;87;146;156m██[38;2;80;132;143m██[38;2;30;28;29m██[38;2;0;0;0m                
[38;2;0;0;0m    [38;2;19;19;19m██[38;2;65;65;65m██[38;2;39;39;39m  [38;2;0;0;0m      [38;2;73;98;102m██[38;2;59;89;107m██[38;2;245;207;72m██[38;2;60;96;120m██[38;2;96;158;165m██[38;2;95;155;164m██[38;2;60;98;124m██[38;2;70;102;121m██[38;2;140;117;55m██[38;2;0;0;0m                
[38;2;7;7;7m  [38;2;6;6;6m██[38;2;65;65;65m████[38;2;43;43;43m██[38;2;0;0;0m    [38;2;59;59;59m██[38;2;83;137;151m██[38;2;59;97;123m██[38;2;168;170;87m██[38;2;150;141;90m██[38;2;129;129;91m██[38;2;58;95;120m██[38;2;205;177;81m██[38;2;255;206;68m████[38;2;62;62;62m██[38;2;11;11;11m  [38;2;0;0;0m    [38;2;59;59;59m██[38;2;34;34;34m██[38;2;0;0;0m    
[38;2;0;0;0m    [38;2;19;19;19m██[38;2;65;65;65m██[38;2;0;0;0m    [38;2;25;25;25m██[38;2;236;192;70m██[38;2;75;122;138m██[38;2;93;158;162m██[38;2;118;111;71m██[38;2;253;237;63m██[38;2;254;205;71m██[38;2;77;77;66m██[38;2;255;221;71m██[38;2;254;205;71m██[38;2;140;141;100m██[38;2;72;104;110m██[38;2;21;23;24m██[38;2;0;0;0m    [38;2;11;11;11m██[38;2;19;19;19m██[38;2;0;0;0m  ██
[38;2;0;0;0m      [38;2;24;24;24m  [38;2;23;23;23m  [38;2;0;0;0m  [38;2;25;27;28m██[38;2;236;192;71m██[38;2;70;98;107m██[38;2;138;92;71m██[38;2;122;101;63m██[38;2;187;162;72m██[38;2;182;157;80m██[38;2;73;74;66m██[38;2;148;161;98m██[38;2;144;144;101m██[38;2;78;128;145m██[38;2;93;157;166m██[38;2;76;100;104m██[38;2;30;30;30m  [38;2;0;0;0m  [38;2;5;5;5m  [38;2;55;55;55m██[38;2;34;34;34m██[38;2;7;7;7m  
[38;2;0;0;0m        [38;2;3;3;3m██[38;2;0;0;0m  [38;2;24;29;30m██[38;2;66;79;84m██[38;2;175;154;76m██[38;2;186;105;70m██[38;2;41;44;41m██[38;2;179;150;68m██[38;2;152;130;68m██[38;2;87;77;68m██[38;2;90;116;114m██[38;2;94;158;163m██[38;2;96;158;164m██[38;2;90;146;156m██[38;2;175;161;91m██[38;2;56;56;56m██[38;2;0;0;0m  [38;2;10;10;10m██[38;2;17;17;17m  [38;2;0;0;0m    
[38;2;0;0;0m        [38;2;15;15;15m  [38;2;0;0;0m  [38;2;9;9;10m  [38;2;56;72;83m██[38;2;156;157;85m██[38;2;80;80;66m██[38;2;103;83;68m██[38;2;81;81;69m██[38;2;170;104;77m██[38;2;100;57;35m██[38;2;187;105;74m██[38;2;81;146;160m██[38;2;73;118;136m██[38;2;190;169;87m██[38;2;134;137;103m██[38;2;56;56;56m██[38;2;0;0;0m  ██      
[38;2;0;0;0m        [38;2;39;39;39m██[38;2;1;1;1m██[38;2;0;0;0m  [38;2;48;48;48m  [38;2;81;130;139m██[38;2;68;86;86m██[38;2;162;165;160m██[38;2;113;109;100m██[38;2;149;120;101m██[38;2;219;126;82m██[38;2;91;90;80m██[38;2;115;113;91m██[38;2;255;206;68m██[38;2;195;185;99m██[38;2;80;140;151m██[38;2;56;56;56m██[38;2;0;0;0m  [38;2;9;9;9m  [38;2;24;24;24m██[38;2;0;0;0m    
[38;2;0;0;0m        [38;2;6;6;6m  [38;2;2;2;2m██[38;2;0;0;0m  [38;2;43;43;43m  [38;2;67;84;89m██[38;2;96;141;156m██[38;2;94;110;117m██[38;2;246;253;253m██[38;2;146;156;153m██[38;2;205;192;69m██[38;2;232;199;70m██[38;2;246;201;73m██[38;2;113;125;106m██[38;2;84;144;156m██[38;2;83;114;115m██[38;2;56;56;56m██[38;2;0;0;0m    [38;2;12;12;12m  [38;2;0;0;0m    
[38;2;0;0;0m                [38;2;113;103;63m██[38;2;127;138;109m██[38;2;70;90;90m██[38;2;95;140;157m██[38;2;110;120;104m██[38;2;67;111;132m██[38;2;66;111;133m██[38;2;67;114;135m██[38;2;95;159;163m██[38;2;97;153;160m██[38;2;62;81;83m██[38;2;0;0;0m      ██    
[38;2;0;0;0m                [38;2;27;27;27m██[38;2;90;101;88m██[38;2;112;124;101m██[38;2;58;107;136m██[38;2;100;110;90m██[38;2;66;107;128m██[38;2;78;135;149m██[38;2;70;82;84m██[38;2;70;82;83m██[38;2;61;80;83m██[38;2;6;5;5m  [38;2;0;0;0m            
[38;2;0;0;0m                [38;2;27;27;27m██[38;2;189;159;78m██[38;2;122;132;111m██[38;2;97;157;167m██[38;2;77;97;107m██[38;2;186;155;69m██[38;2;142;124;73m██[38;2;155;133;72m██[38;2;137;120;73m██[38;2;37;37;37m  [38;2;0;0;0m              
[38;2;0;0;0m  [38;2;46;46;46m██[38;2;0;0;0m  [38;2;49;49;49m  [38;2;39;39;39m  [38;2;51;51;51m  [38;2;0;0;0m    [38;2;27;27;27m██[38;2;230;188;72m██[38;2;169;148;81m██[38;2;240;201;76m██[38;2;167;148;87m██[38;2;237;193;70m██[38;2;211;173;69m██[38;2;100;100;91m██[38;2;120;104;58m██[38;2;0;0;0m                
[38;2;0;0;0m    [38;2;10;10;10m  [38;2;60;60;60m██[38;2;55;55;55m██[38;2;5;5;5m  [38;2;0;0;4m  [38;2;33;28;18m██[38;2;106;103;71m██[38;2;180;156;80m██[38;2;208;180;76m██[38;2;184;158;79m██[38;2;168;146;81m██[38;2;225;184;70m██[38;2;141;124;78m██[38;2;181;150;68m██[38;2;27;28;29m██[38;2;0;0;0m                
[38;2;0;0;0m    [38;2;19;19;19m██[38;2;11;11;11m  [38;2;0;0;0m    [38;2;31;26;15m██[38;2;230;192;75m██[38;2;182;173;75m██[38;2;244;222;71m██[38;2;254;219;71m██[38;2;99;101;92m██[38;2;254;206;68m██[38;2;190;157;70m██[38;2;147;129;82m██[38;2;53;62;76m██[38;2;0;0;0m                  
[38;2;0;0;0m            [38;2;25;25;25m██[38;2;143;123;68m██[38;2;162;143;83m██[38;2;255;229;71m██[38;2;174;164;82m██[38;2;253;229;71m██[38;2;235;209;70m██[38;2;187;154;69m██[38;2;146;130;80m██[38;2;62;62;62m██[38;2;0;0;0m          [38;2;29;29;29m██[38;2;0;0;0m██    
[38;2;0;0;0m                [38;2;59;59;59m██[38;2;219;184;77m██[38;2;179;151;71m██[38;2;255;206;68m██[38;2;221;179;69m██[38;2;95;97;93m██[38;2;122;107;67m██[38;2;0;0;0m    [38;2;5;5;5m  [38;2;0;0;0m  [38;2;65;65;65m████[38;2;4;4;4m  [38;2;0;0;0m      
[38;2;0;0;0m                  [38;2;19;20;24m  [38;2;73;65;45m██[38;2;134;116;66m██[38;2;122;109;77m██[38;2;155;135;77m██[38;2;86;81;66m██[38;2;0;0;0m    [38;2;21;21;21m██[38;2;0;0;0m  [38;2;29;29;29m██[38;2;65;65;65m██[38;2;27;27;27m██[38;2;12;12;12m  [38;2;0;0;0m    
[38;2;0;0;0m                        [38;2;26;26;26m  [38;2;53;53;53m██[38;2;24;24;24m  [38;2;0;0;0m        [38;2;1;1;1m  [38;2;4;4;4m██[38;2;0;0;0m        
[38;2;0;0;0m                                      [38;2;2;2;2m██[38;2;6;6;6m  [38;2;0;0;0m        [0m
