
[38;2;0;0;0m                  ██                                                
[38;2;0;0;0m                ██[38;2;104;93;152m██[38;2;0;0;0m██                                              
[38;2;0;0;0m              ██[38;2;104;93;152m████[38;2;0;0;0m██  ████                                        
[38;2;0;0;0m            ██[38;2;104;93;152m██[38;2;104;96;152m████[38;2;57;53;73m██[38;2;8;8;0m██[38;2;107;99;147m██[38;2;8;8;0m██[38;2;0;0;0m                                        
[38;2;0;0;0m          ██[38;2;104;93;152m████[38;2;104;96;152m██[38;2;74;70;114m██[38;2;107;99;147m██████[38;2;57;53;73m██[38;2;0;0;0m██                              ██      
[38;2;0;0;0m          ██[38;2;104;96;152m████[38;2;66;66;66m██[38;2;99;104;147m██[38;2;104;97;152m████[38;2;99;104;147m██[38;2;66;66;66m██[38;2;115;127;187m██[38;2;0;0;0m██                        [38;2;0;4;0m████[38;2;104;93;152m██[38;2;0;0;0m██    
[38;2;0;0;0m  ████  ██[38;2;107;94;155m██[38;2;104;96;152m██[38;2;66;66;66m██[38;2;115;123;187m██[38;2;66;66;66m██[38;2;104;97;152m████[38;2;66;66;66m██[38;2;115;123;187m██[38;2;115;127;187m██[38;2;0;0;0m██                      ██[38;2;55;52;74m██[38;2;110;100;147m██[38;2;104;93;152m██[38;2;0;0;0m██    
[38;2;0;0;0m  ██[38;2;115;127;187m██[38;2;0;0;0m██[38;2;66;66;66m██[38;2;99;104;147m████[38;2;66;66;66m██[38;2;115;127;187m████[38;2;66;66;66m████[38;2;115;123;179m██[38;2;101;104;155m██[38;2;104;96;152m██[38;2;115;127;187m██[38;2;0;0;0m████                [38;2;8;8;0m██[38;2;107;99;147m██[38;2;90;82;130m██[38;2;107;96;152m██[38;2;104;96;152m██[38;2;66;66;66m██[38;2;0;0;0m██  
[38;2;0;0;0m    ██[38;2;115;127;187m██[38;2;115;123;187m██[38;2;66;66;66m████[38;2;115;123;187m██[38;2;104;96;152m████[38;2;115;127;187m████[38;2;74;66;106m██[38;2;88;85;130m██[38;2;104;96;152m████[38;2;104;93;152m████[38;2;0;0;0m██            ██[38;2;57;53;73m██[38;2;107;99;147m██[38;2;90;82;130m██[38;2;107;96;152m██[38;2;66;66;66m██[38;2;104;96;152m██[38;2;0;0;0m██  
[38;2;0;0;0m    [38;2;8;4;8m██[38;2;123;132;195m██[38;2;104;96;152m██[38;2;115;127;187m████[38;2;104;96;152m██[38;2;107;99;147m████[38;2;41;40;49m████[38;2;90;82;130m██[38;2;107;96;152m██[38;2;104;97;152m████[38;2;107;99;147m██[38;2;8;8;0m██[38;2;0;0;0m            ██[38;2;104;93;152m██[38;2;90;82;130m██[38;2;107;96;152m██[38;2;101;97;152m██[38;2;74;70;114m██[38;2;104;96;152m████[38;2;55;52;74m██[38;2;0;4;0m██
[38;2;0;0;0m  ██[38;2;123;132;195m██[38;2;85;89;133m██[38;2;104;96;152m████████[38;2;41;38;49m██[38;2;8;8;0m████[38;2;107;103;147m██[38;2;107;96;152m████[38;2;104;97;152m████[38;2;57;53;73m██[38;2;107;99;147m██[38;2;0;0;0m██          ██[38;2;104;93;152m██[38;2;90;82;130m██[38;2;107;96;152m██[38;2;88;84;133m██[38;2;101;97;152m██[38;2;104;96;152m██[38;2;74;70;114m██[38;2;110;100;147m██[38;2;0;4;0m██
[38;2;0;0;0m    [38;2;8;8;0m██[38;2;107;99;147m██[38;2;68;66;74m██[38;2;107;99;155m██[38;2;107;99;147m██[38;2;8;4;0m██[38;2;255;231;239m██[38;2;16;0;0m██[38;2;0;0;0m██[38;2;104;93;152m██[38;2;104;96;152m████[38;2;99;94;155m██[38;2;66;66;66m██[38;2;88;85;125m██[38;2;99;94;155m██[38;2;107;99;147m██[38;2;8;8;0m██[38;2;0;0;0m██    ██[38;2;104;96;152m████████[38;2;104;97;152m████[38;2;90;82;130m██[38;2;107;96;152m██[38;2;107;94;155m██[38;2;0;0;0m██
[38;2;0;0;0m  ██[38;2;107;99;147m██[38;2;57;53;73m██[38;2;107;99;155m██[38;2;49;49;33m██[38;2;41;36;49m██[38;2;8;4;0m██[38;2;135;115;119m██[38;2;16;0;0m██[38;2;104;93;152m████[38;2;66;66;66m██████[38;2;88;85;125m██[38;2;66;66;66m████[38;2;57;53;73m██[38;2;107;99;147m██[38;2;107;94;155m██[38;2;0;0;0m██████[38;2;104;96;152m██[38;2;66;66;66m██████[38;2;104;97;152m████[38;2;107;96;152m████[38;2;0;0;0m██  
[38;2;0;0;0m  ██[38;2;66;61;66m██[38;2;99;100;147m██[38;2;66;66;66m██[38;2;104;96;152m████████████[38;2;66;66;66m██[38;2;104;96;152m██[38;2;66;66;66m██[38;2;86;82;130m████[38;2;66;66;66m██[38;2;115;127;187m████[38;2;66;57;66m██[38;2;66;66;66m██[38;2;104;96;152m██[38;2;86;82;130m████[38;2;66;66;66m██[38;2;86;82;130m██[38;2;88;85;125m██[38;2;66;66;66m██[38;2;104;96;152m████[38;2;107;94;155m██[38;2;0;0;0m██    
[38;2;0;0;0m██[38;2;115;127;187m██[38;2;115;119;187m██[38;2;99;100;147m██[38;2;104;96;152m██████[38;2;66;66;66m██████████[38;2;104;96;152m████[38;2;66;66;66m██████[38;2;115;127;187m████[38;2;82;80;106m██[38;2;104;96;152m██[38;2;66;66;66m████[38;2;86;82;130m██████[38;2;66;66;66m██[38;2;99;94;155m██[38;2;66;66;66m████[38;2;0;0;0m██      
[38;2;0;0;0m██[38;2;110;110;169m██[38;2;104;96;152m████[38;2;115;103;135m██[38;2;66;66;66m████[38;2;127;111;115m██[38;2;115;107;131m██[38;2;66;66;66m██[38;2;104;97;152m████████[38;2;104;96;152m████[38;2;66;66;66m██[38;2;115;127;187m████[38;2;74;69;114m██[38;2;101;98;149m██[38;2;123;127;187m██[38;2;104;96;152m██[38;2;66;66;66m██[38;2;86;82;130m████[38;2;88;85;125m██[38;2;66;66;66m██[38;2;104;93;152m██[38;2;0;0;0m██        
[38;2;0;0;0m██[38;2;110;110;169m██[38;2;104;96;152m██[38;2;66;66;66m████[38;2;115;103;135m██[38;2;127;111;115m██[38;2;66;66;66m████[38;2;99;93;109m██[38;2;104;97;152m████████[38;2;104;96;152m██[38;2;66;66;66m██[38;2;115;127;187m████[38;2;74;69;114m████[38;2;79;70;111m██[38;2;101;98;149m██[38;2;104;96;152m████[38;2;66;66;66m██████[38;2;99;94;155m██[38;2;104;93;152m██[38;2;0;0;0m██        
[38;2;0;0;0m██[38;2;107;94;155m██[38;2;0;0;0m██[38;2;127;111;115m████[38;2;0;0;0m██[38;2;60;61;76m██[38;2;90;90;114m██[38;2;88;85;125m██[38;2;99;94;155m██[38;2;107;96;152m████[38;2;88;85;125m██[38;2;99;94;155m██[38;2;66;66;66m██[38;2;115;127;187m██████[38;2;74;70;114m██[38;2;86;82;130m██[38;2;101;98;149m██[38;2;79;70;111m██[38;2;74;70;114m████[38;2;99;93;152m██[38;2;66;66;66m██[38;2;107;94;155m████[38;2;90;82;130m██[38;2;0;0;0m██        
[38;2;0;0;0m  ██  ████  [38;2;0;4;0m██[38;2;60;61;76m██[38;2;88;85;125m██[38;2;66;66;66m██[38;2;107;96;152m██[38;2;90;82;130m██[38;2;66;66;66m████[38;2;115;127;187m██████[38;2;74;69;114m██[38;2;74;70;114m████[38;2;101;98;149m██[38;2;123;127;187m██[38;2;104;96;152m████[38;2;82;80;109m██[38;2;66;66;66m██[38;2;93;85;125m██[38;2;66;66;66m██[38;2;0;0;0m██          
[38;2;0;0;0m            ██[38;2;90;82;130m██[38;2;66;61;74m██[38;2;82;82;112m██[38;2;88;85;125m██[38;2;66;66;66m██[38;2;104;96;152m██[38;2;66;66;66m██[38;2;115;127;187m████[38;2;74;70;114m██[38;2;86;82;130m██[38;2;104;97;152m████[38;2;76;70;111m████[38;2;104;96;152m████[38;2;66;66;66m██[38;2;93;85;125m██[38;2;93;88;141m██[38;2;0;0;0m██            
[38;2;0;0;0m              ██[38;2;115;123;187m██[38;2;82;82;112m██[38;2;66;66;66m██[38;2;99;94;155m██[38;2;104;96;152m██[38;2;66;66;66m██[38;2;98;97;149m██[38;2;90;82;130m██[38;2;86;82;130m██[38;2;74;70;114m██[38;2;104;97;152m████[38;2;115;127;187m██[38;2;96;98;149m██[38;2;66;66;66m████[38;2;107;94;155m████[38;2;93;88;141m██[38;2;0;0;0m██            
[38;2;0;0;0m              ██[38;2;115;127;179m██[38;2;57;63;89m██[38;2;88;82;133m██[38;2;101;95;152m██[38;2;74;71;111m████[38;2;66;66;66m██[38;2;104;96;152m██████[38;2;76;70;111m████[38;2;74;70;114m██[38;2;104;96;152m██[38;2;99;93;152m██[38;2;66;66;66m██[38;2;74;70;110m████[38;2;0;0;0m██              
[38;2;0;0;0m                ██[38;2;115;127;179m██[38;2;88;82;133m██[38;2;74;70;114m██[38;2;74;71;111m████[38;2;66;66;66m██████[38;2;104;96;152m██[38;2;96;98;149m██[38;2;115;127;187m██[38;2;104;96;152m██[38;2;74;70;114m██[38;2;66;66;66m██[38;2;82;80;109m██[38;2;0;0;0m████                
[38;2;0;0;0m                  ████[38;2;74;70;110m██[38;2;74;71;111m████[38;2;63;63;84m██[38;2;118;126;169m██[38;2;99;100;147m██[38;2;66;61;66m██[38;2;66;66;66m██████████[38;2;0;0;0m██                    
[38;2;0;0;0m                      ██[38;2;66;66;66m████[38;2;63;63;84m██[38;2;8;0;0m██[38;2;115;119;187m██[38;2;99;100;147m██[38;2;86;82;130m████[38;2;66;66;66m██[38;2;115;99;105m██[38;2;0;0;0m██                      
[38;2;0;0;0m                    [38;2;8;4;0m██[38;2;91;89;125m██[38;2;115;99;105m████[38;2;0;0;0m██  ██[38;2;107;94;155m██[38;2;113;100;126m██[38;2;60;52;63m██[38;2;115;99;105m████[38;2;0;0;0m██                      
[38;2;0;0;0m                  ██[38;2;132;132;188m██[38;2;91;89;125m██[38;2;0;0;0m██[38;2;115;99;105m██[38;2;90;82;130m██[38;2;0;0;0m██  ██[38;2;8;4;0m██[38;2;113;100;126m██[38;2;115;99;105m██[38;2;66;66;66m██[38;2;107;94;155m██[38;2;0;0;0m██                    
[38;2;0;0;0m                    ████  ████  [38;2;16;12;0m██[38;2;55;52;65m██[38;2;99;91;120m██[38;2;66;66;66m██[38;2;107;99;99m██[38;2;71;66;66m██[38;2;0;0;0m██                      
[38;2;0;0;0m                              ██[38;2;132;132;196m██[38;2;93;92;131m██[38;2;66;66;66m██[38;2;115;103;147m██[38;2;71;66;66m██[38;2;0;0;0m██                        
[38;2;0;0;0m                                ████[38;2;115;127;187m██[38;2;0;0;0m██[38;2;115;127;187m██[38;2;0;0;0m██                        [0m
