
[38;2;0;0;0m                          ████                                    
[38;2;0;0;0m                        ██[38;2;247;214;71m██[38;2;0;0;0m██                                    
[38;2;0;0;0m                ██████  [38;2;0;4;8m██[38;2;255;222;79m██[38;2;0;0;0m██                                    
[38;2;0;0;0m                ██[38;2;247;214;71m████[38;2;0;0;0m██[38;2;255;222;79m██[38;2;170;149;55m██[38;2;66;66;66m██[38;2;0;0;0m██████                              
[38;2;0;0;0m                  ██[38;2;247;214;71m██████[38;2;181;156;69m████[38;2;247;214;71m██[38;2;255;222;79m████[38;2;0;0;0m██                            
[38;2;0;0;0m                  ██[38;2;181;156;69m██[38;2;247;214;71m██[38;2;181;156;69m████[38;2;247;214;71m██[38;2;181;156;69m██[38;2;170;149;55m██[38;2;0;4;8m██[38;2;0;0;0m                              
[38;2;0;0;0m                    [38;2;8;4;8m██[38;2;173;149;61m██[38;2;181;156;69m████[38;2;181;159;69m████[38;2;80;39;34m██[38;2;0;16;16m██[38;2;0;0;0m                              
[38;2;0;0;0m                  ██[38;2;255;222;87m██[38;2;173;149;61m██[38;2;247;214;71m██[38;2;181;156;69m██[38;2;181;159;69m██[38;2;66;66;66m██[38;2;239;86;71m████[38;2;0;0;0m██                            
[38;2;0;0;0m                  ██[38;2;247;214;71m██[38;2;187;163;69m██[38;2;247;214;71m████[38;2;181;159;69m██[38;2;66;66;66m██[38;2;239;82;71m████[38;2;239;86;71m██[38;2;0;16;16m██[38;2;0;0;0m                          
[38;2;0;0;0m                ██[38;2;247;214;71m██[38;2;187;163;69m██[38;2;66;61;66m██[38;2;66;66;66m██[38;2;247;214;71m██[38;2;181;159;69m██[38;2;66;66;66m██[38;2;239;82;71m██[38;2;66;66;66m██[38;2;80;39;34m██[38;2;239;86;71m██[38;2;0;0;0m██                        
[38;2;0;0;0m                ████[38;2;80;39;34m██[38;2;239;86;71m██[38;2;239;82;71m██[38;2;66;66;66m██[38;2;247;214;71m██[38;2;66;66;66m██[38;2;66;66;74m██[38;2;160;160;164m██[38;2;255;255;255m██[38;2;85;85;85m██[38;2;239;94;79m██[38;2;0;8;8m██[38;2;0;0;0m                      
[38;2;0;0;0m    ██████████      [38;2;0;16;16m██[38;2;239;86;71m██[38;2;239;82;71m████[38;2;66;66;66m████[38;2;66;66;74m██[38;2;255;255;255m██[38;2;0;0;0m██[38;2;255;255;255m██[38;2;80;37;32m██[38;2;0;8;8m██[38;2;0;0;0m                      
[38;2;0;0;0m  ██[38;2;170;56;45m████████[38;2;173;53;45m██[38;2;0;0;0m████  ██[38;2;247;82;71m██[38;2;239;83;68m████[38;2;239;82;71m████[38;2;66;66;66m██[38;2;198;127;126m██[38;2;222;247;254m██[38;2;203;182;184m██[38;2;66;66;66m██[38;2;239;82;71m██[38;2;0;0;0m██      ██████        
[38;2;0;0;0m██[38;2;173;53;45m██[38;2;170;56;45m████████[38;2;173;53;45m██████[38;2;0;0;0m██[38;2;165;55;47m████[38;2;239;83;68m████[38;2;173;53;45m██[38;2;239;82;71m██[38;2;198;127;126m██[38;2;66;66;66m██[38;2;165;53;45m████[38;2;66;66;66m██[38;2;239;82;71m██[38;2;0;0;0m██    ██[38;2;239;82;71m██████[38;2;0;0;0m██      
[38;2;0;0;0m██[38;2;173;53;45m██[38;2;165;69;61m██[38;2;82;38;34m██[38;2;173;53;45m██████████[38;2;66;66;66m██[38;2;173;53;45m██[38;2;231;214;183m██[38;2;173;53;45m████[38;2;231;214;183m██[38;2;173;53;45m██[38;2;239;82;71m████[38;2;66;66;66m████[38;2;239;83;68m████[38;2;239;86;71m██[38;2;0;16;16m██[38;2;0;0;0m██[38;2;239;82;71m██[38;2;247;127;111m██[38;2;236;83;68m██[38;2;239;82;71m██[38;2;173;53;45m██[38;2;0;0;0m██    
[38;2;0;0;0m██[38;2;173;53;45m██[38;2;0;8;8m████[38;2;173;53;45m██[38;2;0;0;0m████[38;2;173;53;45m████[38;2;66;66;66m██[38;2;173;53;45m██[38;2;231;214;183m██████████[38;2;173;53;45m██[38;2;239;82;71m██████[38;2;239;83;68m████[38;2;80;39;34m██[38;2;239;86;71m██[38;2;159;55;47m██[38;2;239;82;71m██[38;2;236;83;68m████[38;2;239;82;71m██[38;2;173;53;45m██[38;2;0;0;0m██    
[38;2;0;0;0m  ██    ██    ██[38;2;129;93;81m██[38;2;82;53;58m██[38;2;115;57;59m██[38;2;90;173;250m██[38;2;231;214;183m████[38;2;222;222;198m██[38;2;112;162;216m██[38;2;112;133;181m██[38;2;156;53;44m██[38;2;239;82;71m██████[38;2;66;66;66m██[38;2;239;82;71m██[38;2;66;66;66m██[38;2;239;83;68m████████[38;2;170;56;45m████[38;2;0;0;0m██    
[38;2;0;0;0m    ████  ████[38;2;66;66;66m██[38;2;82;53;58m██[38;2;222;173;126m██[38;2;115;57;59m██[38;2;98;134;186m██[38;2;107;173;251m████[38;2;112;162;216m██[38;2;57;132;225m██[38;2;90;173;250m████[38;2;173;53;45m██[38;2;239;82;71m████[38;2;66;66;66m██████[38;2;239;83;68m████████[38;2;170;56;45m████[38;2;173;53;45m██[38;2;0;0;0m██  
[38;2;0;0;0m    ██[38;2;214;189;134m██[38;2;0;0;8m██[38;2;71;63;50m██[38;2;66;66;66m██[38;2;214;189;134m██████[38;2;66;66;66m██[38;2;173;198;213m██[38;2;71;123;186m██[38;2;107;173;251m██[38;2;71;123;186m██[38;2;107;173;251m████[38;2;231;214;183m████[38;2;173;53;45m██[38;2;239;82;71m██[38;2;173;53;45m██[38;2;137;101;89m██[38;2;82;49;50m██[38;2;239;82;71m██████[38;2;173;53;45m████[38;2;66;66;66m██[38;2;173;53;45m██[38;2;0;0;0m██  
[38;2;0;0;0m      ██[38;2;214;189;134m██████████[38;2;0;0;0m██[38;2;66;66;66m██[38;2;173;198;213m██[38;2;107;173;251m██[38;2;71;123;186m██[38;2;107;173;251m████[38;2;231;214;183m██████[38;2;173;53;45m██[38;2;239;82;71m██[38;2;173;53;45m██[38;2;82;49;50m██[38;2;247;206;167m██[38;2;66;66;66m██[38;2;239;82;71m██[38;2;173;53;45m████[38;2;66;66;66m████[38;2;173;53;45m██[38;2;0;0;0m██  
[38;2;0;0;0m        ██████████  ██[38;2;66;66;66m██[38;2;231;214;183m██████████[38;2;173;53;45m██[38;2;231;214;183m████[38;2;173;53;45m████[38;2;66;66;66m██[38;2;231;214;183m██[38;2;66;66;66m████████[38;2;173;53;45m██[38;2;0;0;0m████    
[38;2;0;0;0m                      ██[38;2;173;53;45m██[38;2;231;214;183m██[38;2;173;53;45m████[38;2;231;214;183m██[38;2;173;53;45m████[38;2;231;214;183m██[38;2;173;53;45m██[38;2;66;66;66m██[38;2;231;214;183m██[38;2;66;66;66m████████[38;2;181;159;117m██[38;2;0;0;0m██        
[38;2;0;0;0m                      ██[38;2;173;53;45m████████[38;2;170;56;45m████████[38;2;136;96;80m██[38;2;74;53;58m██[38;2;231;214;183m████[38;2;66;66;66m████[38;2;198;140;102m██[38;2;74;53;58m██[38;2;0;0;0m██        
[38;2;0;0;0m                    ██[38;2;66;66;66m████[38;2;173;53;45m██[38;2;66;66;66m████[38;2;170;56;45m████████[38;2;74;53;58m██[38;2;198;140;102m██[38;2;66;66;66m██[38;2;231;214;183m██[38;2;181;159;117m████[38;2;74;53;58m██[38;2;136;96;80m██[38;2;173;53;45m██[38;2;0;0;0m████    
[38;2;0;0;0m                  ██[38;2;231;70;55m██[38;2;176;66;56m██[38;2;173;53;45m██[38;2;66;66;66m██[38;2;181;159;117m████[38;2;74;53;58m██[38;2;136;96;80m██[38;2;66;66;66m████[38;2;181;159;117m████[38;2;66;61;66m████[38;2;66;66;66m████[38;2;165;61;53m██[38;2;82;36;34m██[38;2;173;53;45m██████[38;2;0;0;0m██  
[38;2;0;0;0m                ██[38;2;239;82;71m██[38;2;176;66;56m██[38;2;66;57;58m██[38;2;66;66;66m██[38;2;173;53;45m██[38;2;66;66;66m██[38;2;181;159;117m██[38;2;198;140;102m██[38;2;74;53;58m██[38;2;239;82;71m██[38;2;66;66;66m██[38;2;181;159;117m██[38;2;66;66;66m██[38;2;176;70;59m██[38;2;231;74;55m██[38;2;239;82;71m██[38;2;66;66;66m██[38;2;165;61;53m██[38;2;0;12;16m██[38;2;0;0;0m████[38;2;173;53;45m████[38;2;0;0;0m██
[38;2;0;0;0m                ██[38;2;239;82;71m██[38;2;0;4;0m██[38;2;52;58;63m██[38;2;173;53;45m████[38;2;165;61;53m██[38;2;82;36;34m██[38;2;66;66;66m██[38;2;239;82;71m██[38;2;239;86;71m██[38;2;80;39;34m██[38;2;66;66;66m██[38;2;239;82;71m██[38;2;173;53;45m██[38;2;239;82;71m████[38;2;173;53;45m██[38;2;0;0;0m██      ██████
[38;2;0;0;0m                  ██[38;2;0;4;0m██[38;2;156;165;188m██[38;2;66;66;66m██[38;2;173;53;45m██[38;2;165;61;53m██[38;2;0;12;16m██[38;2;66;66;66m██[38;2;239;82;71m██[38;2;159;63;53m██[38;2;0;16;16m██[38;2;66;66;66m██[38;2;239;82;71m██[38;2;173;53;45m██[38;2;239;82;71m████[38;2;173;53;45m██[38;2;0;0;0m██            
[38;2;0;0;0m                      ████████  ██[38;2;239;82;71m██[38;2;0;0;0m██  ██[38;2;239;82;71m████[38;2;173;53;45m████[38;2;239;82;71m██[38;2;0;0;0m██            
[38;2;0;0;0m                                  ██    ██[38;2;239;82;71m██████████[38;2;0;0;0m██            
[38;2;0;0;0m                                          ██[38;2;255;255;255m██[38;2;0;0;0m████[38;2;255;255;255m██[38;2;0;0;0m██            [0m
