
[38;2;0;0;0m                    ██                                          
[38;2;0;0;0m                  ██[38;2;214;206;238m██[38;2;0;0;0m██                  ██                    
[38;2;0;0;0m                  ██[38;2;214;206;238m██[38;2;0;0;0m██                ██[38;2;214;206;238m██[38;2;0;0;0m██                  
[38;2;0;0;0m                ██[38;2;214;206;238m████[38;2;0;0;0m██                ██[38;2;206;198;238m██[38;2;0;0;8m██[38;2;0;0;0m                  
[38;2;0;0;0m                ██[38;2;214;206;238m██[38;2;123;111;175m██[38;2;214;206;238m██[38;2;0;0;0m████          ██[38;2;214;206;238m██[38;2;206;198;238m██[38;2;137;132;161m██[38;2;0;0;0m██                
[38;2;0;0;0m                ██[38;2;214;206;230m██[38;2;123;111;171m██[38;2;66;66;66m██[38;2;214;206;238m████[38;2;0;0;0m██        ██[38;2;214;206;238m██[38;2;123;111;175m██[38;2;214;206;238m████[38;2;0;0;0m██              
[38;2;0;0;0m                ██[38;2;184;174;210m██[38;2;123;111;171m██[38;2;66;66;66m██[38;2;214;206;238m████[38;2;0;0;0m██      ██[38;2;214;206;238m████████[38;2;0;0;0m██                
[38;2;0;0;0m                ██[38;2;181;173;205m████[38;2;66;66;66m██[38;2;181;173;205m██[38;2;214;206;235m████[38;2;0;0;0m██    ██[38;2;214;206;235m████[38;2;181;173;205m██[38;2;0;0;0m██                  
[38;2;0;0;0m                  ██[38;2;181;173;205m████[38;2;66;66;66m██[38;2;214;206;235m████[38;2;123;111;171m██[38;2;0;0;0m████[38;2;214;206;238m██[38;2;214;206;235m████[38;2;0;0;0m██  ████              
[38;2;0;0;0m                  ██[38;2;181;173;205m██[38;2;123;115;145m██[38;2;74;66;90m██[38;2;214;206;238m████[38;2;181;173;209m██[38;2;214;206;238m██[38;2;214;206;235m████[38;2;184;174;210m██[38;2;214;206;230m██[38;2;121;115;155m██[38;2;0;0;8m██[38;2;181;173;205m████[38;2;0;0;0m██            
[38;2;0;0;0m      ████          ██[38;2;173;165;199m██[38;2;222;214;254m██[38;2;181;173;209m██[38;2;214;206;238m██████[38;2;214;206;235m████[38;2;214;206;230m██[38;2;123;111;171m██[38;2;121;115;155m██[38;2;181;173;229m██[38;2;181;173;205m██[38;2;0;0;0m██              
[38;2;0;0;0m      [38;2;0;0;8m██[38;2;181;173;213m██[38;2;0;0;0m██  ██  [38;2;0;0;8m██[38;2;198;189;230m██[38;2;123;111;171m██[38;2;211;207;227m██[38;2;255;255;255m██████[38;2;123;112;171m██[38;2;178;173;210m██[38;2;217;214;233m██[38;2;214;206;238m████[38;2;206;198;238m██[38;2;137;132;161m██[38;2;0;0;0m██                
[38;2;0;0;0m  ████[38;2;121;115;145m██[38;2;181;173;213m██[38;2;123;111;171m██[38;2;0;0;0m██[38;2;181;173;205m██[38;2;0;0;0m██[38;2;198;189;230m██[38;2;132;126;156m██[38;2;255;255;255m██[38;2;123;111;171m██[38;2;255;255;255m██████[38;2;123;112;171m██[38;2;255;255;255m██[38;2;178;173;210m██[38;2;123;111;175m██[38;2;214;206;238m██[38;2;206;198;238m██[38;2;0;0;8m██[38;2;0;0;0m  ██  ████        
[38;2;0;0;0m██[38;2;181;173;205m████[38;2;181;173;213m██[38;2;121;115;145m██[38;2;181;175;209m██[38;2;123;111;171m██[38;2;184;174;210m██[38;2;123;111;171m██[38;2;211;207;227m██[38;2;255;255;255m██[38;2;123;112;171m██████[38;2;255;255;255m██████[38;2;123;112;171m████[38;2;123;111;179m██[38;2;211;207;230m██[38;2;222;214;254m██[38;2;123;115;145m██[38;2;0;0;8m██[38;2;206;198;238m██[38;2;0;0;0m██[38;2;214;206;238m████[38;2;0;0;0m██      
[38;2;0;0;0m  ████[38;2;0;0;8m██[38;2;181;173;213m██[38;2;181;175;209m████[38;2;184;174;210m██[38;2;214;206;230m██[38;2;123;111;171m████[38;2;255;255;255m██████[38;2;123;112;171m██████[38;2;255;255;255m██████[38;2;211;207;230m██[38;2;173;165;199m██[38;2;74;66;90m██[38;2;206;198;238m██[38;2;137;132;161m██[38;2;214;206;238m████[38;2;0;0;0m██        
[38;2;0;0;0m        ██[38;2;121;115;145m██[38;2;181;173;213m██[38;2;184;174;210m██[38;2;214;206;230m██[38;2;148;107;148m██[38;2;255;255;247m██[38;2;255;129;179m██[38;2;255;255;255m████████[38;2;165;99;165m██[38;2;255;255;255m████████[38;2;214;206;238m██████[38;2;181;173;209m██[38;2;214;206;238m██[38;2;181;173;209m██[38;2;137;132;161m██[38;2;0;0;8m██[38;2;0;0;0m██    
[38;2;0;0;0m      ██[38;2;181;173;205m██[38;2;181;173;213m██[38;2;0;0;8m██[38;2;184;174;210m██[38;2;123;111;171m██[38;2;184;156;181m████[38;2;255;255;255m████████[38;2;195;151;195m██[38;2;255;255;255m██[38;2;123;112;171m████[38;2;255;255;255m████[38;2;181;173;209m██[38;2;214;206;238m██████[38;2;181;173;209m██[38;2;214;206;238m██[38;2;206;198;238m████[38;2;214;206;238m██[38;2;0;0;0m██  
[38;2;0;0;0m      ██[38;2;181;173;205m██[38;2;0;0;0m██  ██[38;2;123;111;171m██[38;2;167;162;178m██[38;2;255;255;239m██[38;2;197;176;187m██[38;2;255;239;247m██[38;2;255;255;255m██[38;2;255;129;179m██[38;2;255;255;255m██[38;2;255;129;179m██[38;2;255;255;247m██[38;2;123;115;163m██[38;2;255;255;255m████[38;2;206;198;238m██[38;2;137;132;161m██[38;2;121;115;145m██[38;2;181;173;213m██[38;2;214;206;230m████[38;2;123;111;171m██[38;2;0;0;0m██[38;2;214;206;238m████[38;2;0;0;0m██
[38;2;0;0;0m        ██      ██[38;2;123;115;147m██[38;2;167;162;178m██[38;2;255;239;247m██[38;2;82;49;66m██[38;2;255;255;255m████[38;2;255;129;179m██[38;2;255;255;255m██[38;2;167;162;191m██[38;2;123;115;163m██[38;2;255;255;255m████[38;2;206;198;238m██[38;2;0;0;8m██[38;2;181;173;213m██[38;2;0;0;8m██[38;2;123;111;171m██[38;2;184;174;210m██[38;2;0;0;0m██  ████  
[38;2;0;0;0m                ██[38;2;206;198;238m██[38;2;137;132;161m██[38;2;66;53;98m██[38;2;255;255;255m██[38;2;66;53;98m██[38;2;255;255;255m██[38;2;255;255;247m██[38;2;167;162;186m██[38;2;255;255;255m██[38;2;123;112;171m██[38;2;255;255;255m██[38;2;214;207;235m██[38;2;0;0;0m██  ██  ██[38;2;181;173;205m████[38;2;0;0;0m██      
[38;2;0;0;0m                  [38;2;0;0;8m██[38;2;206;198;238m██[38;2;129;120;150m████████[38;2;123;115;155m██[38;2;255;255;247m██[38;2;123;112;171m██[38;2;255;255;255m██[38;2;214;207;235m████[38;2;0;0;0m██        ████        
[38;2;0;0;0m                    ██[38;2;211;207;230m██[38;2;255;255;255m████████[38;2;123;111;179m██[38;2;255;255;255m██[38;2;178;173;210m██[38;2;214;206;238m██[38;2;0;0;0m██                      
[38;2;0;0;0m                  ██[38;2;214;206;238m██[38;2;211;207;230m██[38;2;123;111;179m██[38;2;178;173;210m██[38;2;217;214;233m██[38;2;211;207;230m████[38;2;217;214;233m████[38;2;0;0;0m██                        
[38;2;0;0;0m                    ████[38;2;66;66;66m██[38;2;181;175;209m██████[38;2;123;111;171m██[38;2;214;206;238m████[38;2;121;117;147m██[38;2;0;4;0m██[38;2;0;0;0m                      
[38;2;0;0;0m                        ██[38;2;123;111;171m██[38;2;181;175;209m██████[38;2;123;111;175m████[38;2;181;173;221m██[38;2;60;60;74m██[38;2;0;0;0m██                    
[38;2;0;0;0m                      ██[38;2;255;255;247m██[38;2;66;66;66m████[38;2;181;173;205m████████[38;2;66;66;66m██[38;2;255;255;255m██[38;2;255;255;247m██[38;2;0;0;0m██                  
[38;2;0;0;0m                      ██[38;2;170;170;165m██[38;2;255;255;255m████[38;2;66;66;66m████████[38;2;255;255;255m████[38;2;170;170;165m██[38;2;0;0;0m██                  
[38;2;0;0;0m                      ██[38;2;66;66;66m██[38;2;162;162;151m██[38;2;255;255;255m██████████[38;2;66;66;66m████[38;2;165;165;157m██[38;2;0;0;0m██                  
[38;2;0;0;0m                        ██[38;2;115;115;99m██[38;2;162;162;151m██[38;2;168;166;152m████[38;2;160;162;160m██[38;2;66;70;66m██[38;2;110;110;105m████[38;2;0;0;0m██                    
[38;2;0;0;0m                        ██[38;2;71;71;66m██[38;2;107;107;99m██[38;2;165;165;154m████[38;2;165;165;157m██[38;2;110;111;107m██[38;2;115;115;107m██[38;2;66;66;66m██[38;2;0;0;0m██                    
[38;2;0;0;0m                          ████████[38;2;0;4;8m██[38;2;55;58;58m██[38;2;66;66;66m██[38;2;165;165;149m██[38;2;0;0;0m██                    
[38;2;0;0;0m                                    ██████                      [0m
