
[38;2;0;0;0m              [38;2;63;27;15m  [38;2;0;0;0m                              
[38;2;0;0;0m            [38;2;0;1;0m  [38;2;232;90;57m██[38;2;0;2;0m  [38;2;0;0;0m                    [38;2;0;3;0m  [38;2;0;0;0m      
[38;2;0;0;0m            [38;2;24;11;6m  [38;2;238;92;60m██[38;2;52;22;13m  [38;2;0;0;0m                [38;2;12;6;3m  [38;2;92;38;24m██[38;2;134;53;33m  [38;2;0;0;0m      
[38;2;0;0;0m            [38;2;96;41;26m██[38;2;254;99;66m██[38;2;144;57;37m██[38;2;0;0;0m              [38;2;141;58;39m  [38;2;167;68;45m██[38;2;255;99;65m██[38;2;0;3;0m  [38;2;0;0;0m      
[38;2;0;0;0m            [38;2;54;23;13m  [38;2;244;95;63m██[38;2;194;89;54m██[38;2;5;5;1m  [38;2;0;0;0m        [38;2;0;1;0m  [38;2;128;51;31m██[38;2;230;90;57m██[38;2;255;99;63m██[38;2;88;37;21m██[38;2;0;0;0m        
[38;2;0;0;0m            [38;2;0;1;0m  [38;2;232;90;64m██[38;2;255;199;73m██[38;2;11;10;18m██[38;2;0;0;0m  [38;2;0;3;0m      [38;2;0;2;0m  [38;2;255;96;65m██[38;2;255;97;64m██[38;2;157;64;39m██[38;2;0;1;0m  [38;2;0;0;0m        
[38;2;0;0;0m            [38;2;0;1;0m  [38;2;148;81;46m██[38;2;255;239;73m██[38;2;82;76;52m██[38;2;121;48;46m██[38;2;222;86;86m████[38;2;213;83;83m██[38;2;159;107;56m██[38;2;255;189;81m██[38;2;229;114;67m██[38;2;100;48;32m  [38;2;0;0;0m          
[38;2;0;0;0m              [38;2;0;1;14m  [38;2;245;229;70m██[38;2;200;187;69m██[38;2;140;75;75m██[38;2;207;84;84m██[38;2;74;74;66m██[38;2;85;80;66m██[38;2;255;216;78m██[38;2;224;189;76m██[38;2;87;56;51m██[38;2;209;82;70m██[38;2;7;4;2m  [38;2;0;0;0m        
[38;2;0;0;0m              [38;2;89;53;57m  [38;2;136;115;60m██[38;2;138;129;67m██[38;2;121;70;73m██[38;2;65;65;65m██[38;2;222;208;70m██[38;2;233;210;70m██[38;2;187;176;69m██[38;2;170;79;79m██[38;2;222;86;87m██[38;2;222;86;88m██[38;2;169;66;65m██[38;2;0;2;0m  [38;2;0;0;0m      
[38;2;0;0;0m            [38;2;15;7;6m  [38;2;159;142;125m██[38;2;91;67;60m██[38;2;96;84;76m██[38;2;255;168;89m██[38;2;134;83;74m██[38;2;175;150;77m██[38;2;70;66;30m██[38;2;140;90;81m██[38;2;211;84;86m██[38;2;222;86;89m██████[38;2;33;15;12m  [38;2;0;0;0m      
[38;2;0;0;0m            [38;2;65;37;37m██[38;2;189;85;84m██[38;2;241;156;123m██[38;2;239;171;106m██[38;2;186;120;82m██[38;2;225;151;135m██[38;2;121;123;114m██[38;2;11;13;12m██[38;2;222;190;178m██[38;2;161;67;77m██[38;2;222;86;89m██████[38;2;183;71;71m██[38;2;0;1;0m  [38;2;0;0;0m    
[38;2;0;0;0m          [38;2;37;17;17m  [38;2;129;63;69m██[38;2;173;93;101m██[38;2;187;89;93m██[38;2;233;137;84m██[38;2;213;120;87m██[38;2;216;87;79m██[38;2;231;150;147m██[38;2;243;203;203m██[38;2;186;77;68m██[38;2;205;82;85m██[38;2;222;86;89m██████[38;2;222;86;86m██[38;2;109;44;43m██[38;2;47;21;18m  [38;2;0;0;0m  
[38;2;0;0;0m        [38;2;45;20;21m  [38;2;155;62;72m██[38;2;125;70;73m██[38;2;183;100;100m██[38;2;228;232;231m██[38;2;183;80;83m██[38;2;176;110;117m██[38;2;173;154;156m██[38;2;200;78;85m██[38;2;219;85;88m██[38;2;168;70;78m██[38;2;211;84;86m██[38;2;222;86;89m████████[38;2;222;87;89m██[38;2;131;55;61m██[38;2;0;1;0m  
[38;2;0;0;0m    [38;2;0;1;0m  [38;2;47;21;22m  [38;2;159;64;74m██[38;2;159;65;76m██[38;2;60;27;29m  [38;2;119;68;68m  [38;2;213;163;164m██[38;2;224;225;225m██[38;2;240;241;240m██[38;2;200;204;202m██[38;2;196;167;170m██[38;2;192;137;143m██[38;2;159;159;159m██[38;2;131;74;74m██[38;2;222;86;86m██[38;2;172;79;80m██[38;2;222;86;89m██[38;2;198;80;84m██[38;2;170;68;77m██[38;2;79;33;36m  [38;2;0;0;0m  
[38;2;0;0;0m  [38;2;0;3;0m  [38;2;144;60;69m██[38;2;156;64;74m██[38;2;159;65;75m██[38;2;159;64;74m██[38;2;0;2;0m  [38;2;0;3;0m  [38;2;169;75;82m██[38;2;244;240;240m██[38;2;251;251;251m██[38;2;177;182;180m██[38;2;218;220;219m██[38;2;247;247;247m██[38;2;154;84;84m██[38;2;222;86;88m██[38;2;187;74;81m██[38;2;78;66;67m██[38;2;165;67;77m██[38;2;89;65;68m██[38;2;159;64;74m██[38;2;0;3;0m  [38;2;0;0;0m  
[38;2;22;10;10m  [38;2;135;55;58m██[38;2;154;61;69m██[38;2;155;64;74m██[38;2;154;64;71m██[38;2;19;9;8m██[38;2;0;0;0m    [38;2;42;21;19m  [38;2;188;90;76m██[38;2;201;126;123m██[38;2;210;169;173m██[38;2;201;120;126m██[38;2;150;76;78m██[38;2;185;81;82m██[38;2;222;86;89m██[38;2;130;69;71m██[38;2;148;68;77m██[38;2;73;55;57m██[38;2;159;65;76m██[38;2;159;65;75m██[38;2;56;25;27m  [38;2;0;0;0m  
[38;2;53;25;20m  [38;2;151;63;57m██[38;2;154;61;63m██[38;2;144;52;57m██[38;2;157;56;63m██[38;2;145;60;55m██[38;2;0;2;0m  [38;2;0;0;0m  [38;2;0;5;3m  [38;2;66;44;30m██[38;2;132;72;67m██[38;2;156;65;76m██[38;2;181;85;71m██[38;2;72;66;66m██[38;2;222;86;89m████[38;2;133;64;67m██[38;2;0;17;13m  [38;2;0;2;0m  [38;2;159;65;76m████[38;2;124;52;59m██[38;2;0;1;0m  
[38;2;24;14;8m  [38;2;181;94;61m██[38;2;152;91;68m██[38;2;206;107;70m██[38;2;157;92;67m██[38;2;209;107;68m██[38;2;0;2;0m  [38;2;0;0;0m  [38;2;40;26;17m  [38;2;34;28;19m██[38;2;63;43;29m██[38;2;0;1;0m  [38;2;17;16;15m  [38;2;183;77;86m██[38;2;201;81;84m██[38;2;186;76;81m██[38;2;146;59;60m██[38;2;0;1;0m    [38;2;143;96;60m██[38;2;190;123;76m██[38;2;181;115;78m██[38;2;66;46;22m██
[38;2;0;0;0m  [38;2;0;2;0m  [38;2;56;32;19m  [38;2;187;97;63m██[38;2;122;64;41m  [38;2;0;3;0m  [38;2;0;0;0m            [38;2;140;92;49m██[38;2;251;161;86m██[38;2;215;125;82m██[38;2;172;82;77m██[38;2;204;127;74m██[38;2;0;0;0m    [38;2;0;3;0m      [38;2;0;0;0m  
[38;2;0;0;0m      [38;2;0;1;0m  [38;2;0;0;0m              [38;2;0;4;0m██[38;2;209;142;89m██[38;2;255;165;87m██████[38;2;253;161;88m██[38;2;0;2;0m  [38;2;0;0;0m          
[38;2;0;0;0m                        [38;2;71;53;39m  [38;2;206;135;71m██[38;2;217;146;89m██[38;2;154;112;85m██[38;2;81;55;27m  [38;2;0;0;0m            
[38;2;0;0;0m                          [38;2;2;2;0m  [38;2;59;43;24m██[38;2;16;18;16m  [38;2;0;0;0m              [0m
