
[38;2;0;0;0m                [38;2;0;1;0m  [38;2;60;63;47m████[38;2;0;0;0m          
[38;2;0;0;0m              [38;2;37;40;31m  [38;2;176;177;142m██[38;2;207;207;167m██[38;2;166;166;139m██[38;2;0;2;0m  [38;2;0;0;0m        
[38;2;0;0;0m              [38;2;91;94;73m██[38;2;216;216;173m██[38;2;158;159;129m██[38;2;14;14;12m  [38;2;0;0;0m          
[38;2;0;0;0m            [38;2;83;57;45m  [38;2;201;201;162m██[38;2;53;55;44m██[38;2;0;0;0m              
[38;2;0;0;0m      [38;2;0;1;0m  [38;2;17;30;22m  [38;2;39;36;26m██[38;2;171;94;76m██[38;2;57;103;72m██[38;2;7;13;9m  [38;2;0;0;0m              
[38;2;0;0;0m    [38;2;0;1;0m  [38;2;61;103;101m  [38;2;79;162;117m██[38;2;66;64;71m██[38;2;87;130;97m██[38;2;87;175;121m██[38;2;78;157;107m██[38;2;49;100;67m  [38;2;0;3;0m  [38;2;0;1;0m  [38;2;0;0;0m        
[38;2;0;0;0m  [38;2;0;1;0m  [38;2;46;78;68m██[38;2;85;174;121m██[38;2;83;163;117m██[38;2;84;174;125m██[38;2;84;165;118m██[38;2;83;160;121m██[38;2;87;176;121m██[38;2;78;130;99m██[38;2;88;174;121m██[38;2;29;58;40m  [38;2;0;0;0m        
[38;2;0;1;0m  [38;2;56;92;92m  [38;2;72;110;92m██[38;2;86;175;122m██[38;2;87;176;120m██[38;2;68;76;71m██[38;2;70;95;83m██[38;2;85;172;121m██[38;2;86;176;121m████[38;2;76;132;121m██[38;2;35;59;58m  [38;2;0;3;0m  [38;2;0;0;0m      
[38;2;0;0;0m  [38;2;23;25;23m  [38;2;73;100;83m██[38;2;79;128;98m██[38;2;70;82;71m██[38;2;74;91;72m██[38;2;83;154;109m██[38;2;84;172;121m██[38;2;80;154;121m██[38;2;83;161;121m██[38;2;76;118;91m██[38;2;81;142;103m██[38;2;50;98;68m  [38;2;0;0;0m      
[38;2;0;1;2m  [38;2;68;88;69m██[38;2;124;98;89m██[38;2;72;79;72m██[38;2;74;94;72m██[38;2;66;66;66m██[38;2;67;72;69m██[38;2;77;102;75m██[38;2;66;69;69m██[38;2;87;173;120m██[38;2;87;176;121m██[38;2;58;102;87m██[38;2;0;0;0m        
[38;2;12;18;12m  [38;2;57;67;58m██[38;2;114;110;97m██[38;2;67;72;71m██[38;2;132;93;87m██[38;2;135;108;83m██[38;2;147;106;97m██[38;2;68;77;71m██[38;2;86;158;118m██[38;2;83;166;123m██[38;2;79;151;121m██[38;2;69;122;111m██[38;2;32;56;54m  [38;2;0;0;0m      
[38;2;0;0;0m  [38;2;1;4;1m  [38;2;222;190;184m██[38;2;69;68;76m██[38;2;252;114;94m██[38;2;76;97;74m██[38;2;51;70;49m██[38;2;202;213;210m██[38;2;64;66;73m██[38;2;75;132;115m██[38;2;71;123;121m██[38;2;68;97;96m██[38;2;1;6;2m  [38;2;0;0;0m      
[38;2;0;0;0m  [38;2;32;46;31m  [38;2;105;123;107m██[38;2;80;110;99m██[38;2;126;102;77m██[38;2;225;189;171m██[38;2;255;230;224m██[38;2;211;172;149m██[38;2;95;113;91m██[38;2;71;123;121m██[38;2;68;97;96m██[38;2;17;19;17m  [38;2;0;0;0m        
[38;2;0;0;0m    [38;2;35;34;34m██[38;2;79;104;73m██[38;2;79;106;73m██[38;2;78;102;73m██[38;2;173;119;100m██[38;2;158;161;137m██[38;2;64;68;68m██[38;2;67;108;88m██[38;2;7;17;17m██[38;2;0;0;0m          
[38;2;0;0;0m  [38;2;41;80;55m  [38;2;141;97;77m██[38;2;170;93;73m██[38;2;69;74;67m██[38;2;174;97;76m██[38;2;122;101;85m██[38;2;77;131;102m██[38;2;84;155;115m██[38;2;85;161;116m██[38;2;88;172;123m██[38;2;46;97;65m██[38;2;0;2;0m  [38;2;0;0;0m      
[38;2;1;4;2m  [38;2;76;148;104m██[38;2;94;98;83m██[38;2;249;114;79m██[38;2;243;112;78m██[38;2;235;114;81m██[38;2;98;99;83m██[38;2;87;176;121m████[38;2;86;173;120m██[38;2;82;117;80m██[38;2;83;135;94m██[38;2;81;157;111m  [38;2;0;1;0m  [38;2;0;0;0m    
[38;2;10;22;14m  [38;2;37;74;51m██[38;2;126;85;72m██[38;2;147;87;71m██[38;2;116;91;82m██[38;2;142;101;87m██[38;2;117;83;71m██[38;2;75;112;88m██[38;2;84;163;114m██[38;2;81;135;97m██[38;2;75;112;88m██[38;2;166;128;92m██[38;2;0;3;0m  [38;2;0;0;0m      
[38;2;0;0;0m    [38;2;46;40;37m██[38;2;71;122;119m██[38;2;152;145;125m██[38;2;179;168;142m██[38;2;179;179;146m██[38;2;163;190;148m██[38;2;65;68;67m██[38;2;136;110;86m██[38;2;239;176;116m██[38;2;234;206;151m██[38;2;23;20;10m  [38;2;0;0;0m      
[38;2;0;0;0m  [38;2;0;3;0m  [38;2;193;138;98m██[38;2;69;88;86m██[38;2;95;75;68m██[38;2;221;207;166m██[38;2;219;211;169m██[38;2;72;87;76m██[38;2;79;82;76m██[38;2;232;177;122m██[38;2;239;176;116m██[38;2;237;187;129m██[38;2;226;192;136m██[38;2;0;1;0m  [38;2;0;0;0m    
[38;2;0;1;0m  [38;2;201;146;93m██[38;2;198;138;97m██[38;2;154;101;84m██[38;2;141;108;91m██[38;2;85;72;67m██[38;2;203;183;150m██[38;2;166;172;138m██[38;2;188;160;123m██[38;2;129;109;88m██[38;2;236;174;114m██[38;2;238;180;120m██[38;2;232;208;152m██[38;2;114;101;71m██[38;2;0;0;0m    
[38;2;44;34;20m  [38;2;226;164;105m██[38;2;130;91;79m██[38;2;152;100;84m██[38;2;122;89;80m██[38;2;168;138;118m██[38;2;203;181;150m██[38;2;113;105;94m██[38;2;183;164;137m██[38;2;155;141;121m██[38;2;222;162;106m██[38;2;234;206;151m██[38;2;237;171;110m██[38;2;216;154;103m██[38;2;133;97;61m  [38;2;0;0;0m  
[38;2;55;40;27m  [38;2;140;98;69m██[38;2;51;36;27m  [38;2;67;73;62m██[38;2;146;135;115m██[38;2;132;110;90m██[38;2;84;76;60m██[38;2;63;104;104m██[38;2;67;78;78m██[38;2;191;185;151m██[38;2;77;77;73m██[38;2;207;146;100m██[38;2;208;154;103m██[38;2;161;119;82m██[38;2;195;143;98m██[38;2;55;42;25m  
[38;2;0;0;0m  [38;2;0;1;0m    [38;2;83;101;75m██[38;2;60;56;45m████[38;2;20;19;14m  [38;2;4;9;8m  [38;2;146;150;123m██[38;2;136;146;123m██[38;2;177;178;145m██[38;2;179;132;94m██[38;2;183;138;95m██[38;2;71;54;34m██[38;2;0;2;4m  [38;2;0;0;0m  
[38;2;0;0;0m      [38;2;0;3;0m  [38;2;0;0;0m        [38;2;72;97;80m██[38;2;180;181;142m██[38;2;100;129;106m██[38;2;33;29;27m  [38;2;0;3;0m  [38;2;0;0;0m      
[38;2;0;0;0m                [38;2;18;37;24m  [38;2;0;1;0m  [38;2;21;43;28m  [38;2;0;0;0m          [0m
