
[38;2;0;0;0m    [38;2;49;49;49m██[38;2;0;0;0m                              
[38;2;0;0;0m  [38;2;49;49;49m██[38;2;139;205;115m██[38;2;49;49;49m██[38;2;0;0;0m            [38;2;49;49;49m██[38;2;0;0;0m              
[38;2;0;0;0m  [38;2;49;49;49m██[38;2;139;205;115m████[38;2;49;49;49m██[38;2;0;0;0m  [38;2;49;49;49m██[38;2;0;0;0m    [38;2;49;49;49m██[38;2;139;205;115m██[38;2;49;49;49m██[38;2;0;0;0m            
[38;2;0;0;0m  [38;2;49;49;49m██[38;2;139;205;115m████[38;2;82;82;82m██[38;2;49;49;49m██[38;2;255;222;41m██[38;2;49;49;49m████[38;2;139;205;115m████[38;2;49;49;49m██[38;2;0;0;0m            
[38;2;0;0;0m  [38;2;49;49;49m██[38;2;139;205;115m██[38;2;98;172;90m██[38;2;255;222;41m██[38;2;82;82;82m██[38;2;255;222;41m████[38;2;98;172;90m██[38;2;139;205;115m██[38;2;205;164;90m██[38;2;49;49;49m██[38;2;0;0;0m            
[38;2;0;0;0m    [38;2;49;49;49m██[38;2;98;172;90m██[38;2;205;164;90m██[38;2;255;222;41m████[38;2;115;115;115m██[38;2;139;205;115m██[38;2;205;164;90m██[38;2;255;222;41m██[38;2;49;49;49m██[38;2;0;0;0m      [38;2;49;49;49m██[38;2;0;0;0m    
[38;2;0;0;0m    [38;2;49;49;49m██[38;2;255;222;41m████[38;2;115;115;115m██[38;2;255;222;41m██[38;2;115;115;115m██[38;2;139;205;115m██[38;2;255;222;41m████[38;2;49;49;49m██[38;2;0;0;0m    [38;2;49;49;49m██[38;2;139;205;115m██[38;2;49;49;49m██[38;2;0;0;0m  
[38;2;0;0;0m  [38;2;49;49;49m██[38;2;98;172;90m██[38;2;115;115;115m████[38;2;139;205;115m██[38;2;115;115;115m██[38;2;139;205;115m██[38;2;98;172;90m██[38;2;255;222;41m██[38;2;49;49;49m██[38;2;0;0;0m      [38;2;49;49;49m██[38;2;139;205;115m██[38;2;49;49;49m██[38;2;0;0;0m  
[38;2;0;0;0m  [38;2;49;49;49m██[38;2;139;205;115m██████[38;2;246;246;197m████[38;2;139;205;115m████[38;2;115;115;115m██[38;2;49;49;49m██[38;2;0;0;0m    [38;2;49;49;49m██[38;2;139;205;115m██████[38;2;49;49;49m██
[38;2;0;0;0m  [38;2;49;49;49m██[38;2;139;205;115m████[38;2;255;255;255m██[38;2;205;164;90m██[38;2;246;246;197m████[38;2;139;205;115m████[38;2;49;49;49m██[38;2;0;0;0m    [38;2;49;49;49m██[38;2;139;205;115m████[38;2;49;49;49m██[38;2;0;0;0m  
[38;2;49;49;49m██[38;2;246;246;197m██████[38;2;49;49;49m██[38;2;246;246;197m██[38;2;205;197;164m██[38;2;246;246;197m██[38;2;139;205;115m██[38;2;98;172;90m██[38;2;49;49;49m██[38;2;0;0;0m  [38;2;49;49;49m██[38;2;82;82;82m██[38;2;139;205;115m██[38;2;49;49;49m██[38;2;0;0;0m    
[38;2;49;49;49m██[38;2;205;164;90m██[38;2;246;246;197m████[38;2;49;49;49m██[38;2;246;246;197m██[38;2;205;197;164m████[38;2;98;172;90m██[38;2;49;49;49m██[38;2;0;0;0m  [38;2;49;49;49m██[38;2;139;205;115m████[38;2;98;172;90m██[38;2;49;49;49m██[38;2;0;0;0m    
[38;2;0;0;0m  [38;2;49;49;49m████[38;2;246;246;197m████[38;2;205;197;164m██[38;2;98;172;90m██████[38;2;49;49;49m████[38;2;139;205;115m████[38;2;255;222;41m██[38;2;139;205;115m██[38;2;98;172;90m██[38;2;49;49;49m██[38;2;0;0;0m  
[38;2;0;0;0m      [38;2;49;49;49m████[38;2;115;115;115m██[38;2;98;172;90m████[38;2;139;205;115m██████████████[38;2;255;222;41m██[38;2;49;49;49m██[38;2;0;0;0m  
[38;2;0;0;0m          [38;2;49;49;49m██[38;2;139;205;115m██[38;2;255;222;41m██[38;2;139;205;115m████[38;2;255;222;41m████[38;2;205;197;164m██[38;2;255;222;41m████[38;2;205;197;164m██[38;2;49;49;49m██[38;2;0;0;0m  
[38;2;0;0;0m          [38;2;49;49;49m██[38;2;255;222;41m██[38;2;205;197;164m██[38;2;255;222;41m████[38;2;205;197;164m████[38;2;246;246;197m██[38;2;172;164;131m██[38;2;205;197;164m██[38;2;246;246;197m██[38;2;82;82;82m██[38;2;0;0;0m  
[38;2;0;0;0m          [38;2;49;49;49m██[38;2;172;164;131m██[38;2;246;246;197m██[38;2;205;197;164m████[38;2;246;246;197m████[38;2;172;164;131m██[38;2;49;49;49m████[38;2;246;246;197m██[38;2;205;197;164m██[38;2;49;49;49m██
[38;2;0;0;0m            [38;2;49;49;49m██[38;2;172;164;131m██[38;2;246;246;197m██████[38;2;205;197;164m██[38;2;49;49;49m██[38;2;0;0;0m    [38;2;49;49;49m██[38;2;205;197;164m██[38;2;49;49;49m██
[38;2;0;0;0m            [38;2;49;49;49m██[38;2;205;197;164m██[38;2;115;115;115m██[38;2;172;164;131m██[38;2;246;246;197m██[38;2;49;49;49m██[38;2;0;0;0m      [38;2;49;49;49m██[38;2;115;115;115m██[38;2;49;49;49m██
[38;2;0;0;0m            [38;2;49;49;49m██[38;2;115;115;115m██[38;2;49;49;49m████[38;2;246;246;197m██[38;2;49;49;49m██[38;2;0;0;0m      [38;2;49;49;49m████[38;2;0;0;0m  
[38;2;0;0;0m            [38;2;49;49;49m████[38;2;0;0;0m  [38;2;49;49;49m██[38;2;115;115;115m██[38;2;49;49;49m██[38;2;0;0;0m            
[38;2;0;0;0m                  [38;2;49;49;49m████[38;2;0;0;0m              [0m
