
[38;2;0;0;0m                  ████          
[38;2;0;0;0m                ██[38;2;132;115;116m██[38;2;0;0;0m██          
[38;2;0;0;0m              ██[38;2;132;115;116m████[38;2;0;0;0m██          
[38;2;0;0;0m        ██████[38;2;132;115;116m████[38;2;0;0;0m██            
[38;2;0;0;0m    ████[38;2;99;82;83m████[38;2;132;115;116m████[38;2;88;77;77m██[38;2;0;0;0m██            
[38;2;0;0;0m  ██[38;2;132;115;116m████[38;2;132;118;116m████████[38;2;132;115;116m██[38;2;107;90;91m██[38;2;0;0;0m██          
[38;2;0;0;0m  ██[38;2;156;140;140m████[38;2;132;118;116m████████[38;2;132;115;116m████[38;2;107;90;91m██[38;2;0;0;0m██        
[38;2;0;0;0m██[38;2;132;115;116m████[38;2;156;140;140m████████[38;2;132;115;116m████████[38;2;0;0;0m██        
[38;2;0;0;0m██[38;2;132;115;116m██[38;2;107;90;91m██[38;2;132;115;116m██[38;2;134;118;118m██[38;2;90;74;74m██[38;2;132;115;116m██[38;2;156;140;140m██████[38;2;132;115;116m██[38;2;0;0;0m██        
[38;2;0;0;0m██[38;2;90;74;74m██[38;2;115;90;83m██[38;2;123;118;134m██[38;2;90;74;74m██[38;2;132;173;244m██[38;2;93;80;83m████[38;2;107;90;91m██[38;2;132;115;116m████[38;2;0;0;0m██        
[38;2;0;0;0m  ██[38;2;140;173;236m██[38;2;115;90;83m██[38;2;132;173;244m████[38;2;93;80;83m██[38;2;132;173;244m██[38;2;107;90;91m██[38;2;132;115;116m██[38;2;0;0;0m██    ████  
[38;2;0;0;0m  ██[38;2;140;156;228m████[38;2;132;173;244m████[38;2;115;173;251m██[38;2;99;82;83m██[38;2;110;94;94m██[38;2;66;61;66m██[38;2;0;0;0m████[38;2;0;4;8m██[38;2;132;181;252m██[38;2;0;0;0m████
[38;2;0;0;0m    ██[38;2;140;156;228m██[38;2;156;115;204m██[38;2;132;173;244m██[38;2;110;143;195m██[38;2;99;82;83m██[38;2;88;78;80m██[38;2;132;111;108m██[38;2;99;82;83m████[38;2;132;181;252m██[38;2;88;122;171m██[38;2;132;173;244m██[38;2;0;0;0m██
[38;2;0;0;0m      ██[38;2;0;8;0m██[38;2;94;45;82m██[38;2;90;78;74m██[38;2;104;92;88m██[38;2;131;115;115m████[38;2;189;66;165m██[38;2;96;79;77m██[38;2;90;74;74m██[38;2;132;173;244m██[38;2;0;0;0m██  
[38;2;0;0;0m        [38;2;0;8;0m██[38;2;189;82;165m██[38;2;104;92;88m██[38;2;132;119;116m██[38;2;189;66;165m██[38;2;131;115;115m██[38;2;96;79;77m████[38;2;132;173;244m████[38;2;90;132;202m██[38;2;0;0;0m██
[38;2;0;0;0m        [38;2;16;8;0m██[38;2;57;63;81m██[38;2;69;74;97m████[38;2;107;90;91m██[38;2;90;74;74m██[38;2;90;132;202m████[38;2;132;173;244m██████[38;2;0;0;0m██
[38;2;0;0;0m      ██[38;2;140;173;244m████[38;2;24;8;0m██[38;2;115;140;195m██[38;2;90;74;74m████[38;2;90;132;202m██[38;2;0;0;0m████[38;2;132;173;244m████[38;2;0;0;0m██
[38;2;0;0;0m        ████  ██[38;2;91;132;203m██[38;2;132;173;244m██[38;2;0;0;0m██    ████  
[38;2;0;0;0m              ██[38;2;132;173;244m████[38;2;0;0;0m██          
[38;2;0;0;0m                ████            [0m
