
[38;2;0;0;0m                                  [38;2;32;32;32m  [38;2;65;65;65m  [38;2;0;0;0m          
[38;2;0;0;0m                              [38;2;79;79;79m  [38;2;201;201;201m██[38;2;223;223;223m██[38;2;242;242;242m██[38;2;0;0;0m          
[38;2;0;0;0m                              [38;2;98;98;98m██[38;2;247;247;247m██[38;2;230;230;235m██[38;2;228;228;234m██[38;2;108;108;108m██[38;2;0;0;0m        
[38;2;0;0;0m                              [38;2;189;194;209m██[38;2;161;161;190m██[38;2;248;248;248m██[38;2;241;241;243m██[38;2;86;86;92m██[38;2;0;0;0m        
[38;2;0;0;0m              [38;2;101;101;101m  [38;2;0;0;0m          [38;2;142;147;152m██[38;2;232;240;248m██████[38;2;187;190;212m██[38;2;206;206;220m██[38;2;214;216;227m██[38;2;0;0;0m        
[38;2;0;0;0m            [38;2;126;126;126m  [38;2;232;232;232m██[38;2;0;0;0m          [38;2;232;240;247m██[38;2;232;240;248m████████[38;2;229;237;245m██[38;2;215;219;230m██[38;2;0;0;0m        
[38;2;0;0;0m          [38;2;118;122;126m  [38;2;197;201;205m██[38;2;232;240;248m██[38;2;111;115;118m██[38;2;0;0;0m        [38;2;34;35;37m  [38;2;196;200;211m██[38;2;172;172;196m████[38;2;181;183;205m██[38;2;191;195;215m██[38;2;231;240;247m██[38;2;108;111;115m  [38;2;0;0;0m      
[38;2;0;0;0m      [38;2;13;13;13m  [38;2;247;247;247m██[38;2;248;248;248m██[38;2;232;240;248m██████[38;2;200;207;214m██[38;2;4;4;4m  [38;2;0;0;0m      [38;2;163;163;177m██[38;2;187;187;202m██[38;2;179;179;194m████[38;2;180;180;195m██[38;2;211;215;228m██[38;2;209;216;223m██[38;2;5;5;5m  [38;2;0;0;0m    
[38;2;0;0;0m      [38;2;213;217;222m██[38;2;247;247;247m██[38;2;248;248;248m██[38;2;235;241;248m██[38;2;232;240;248m████[38;2;231;240;248m██[38;2;72;75;77m██[38;2;0;0;0m      [38;2;64;64;70m  [38;2;45;45;49m  [38;2;0;0;0m    [38;2;1;1;1m  [38;2;132;132;147m██[38;2;232;240;248m██[38;2;172;178;184m██[38;2;0;0;0m    
[38;2;0;0;0m    [38;2;82;84;87m██[38;2;232;240;248m██[38;2;232;240;247m██[38;2;232;240;248m██[38;2;220;228;237m██[38;2;209;215;222m██[38;2;232;240;248m██[38;2;231;240;248m████[38;2;0;0;0m                  [38;2;232;240;248m██[38;2;231;240;248m██[38;2;27;28;29m  [38;2;0;0;0m  
[38;2;0;0;0m    [38;2;82;84;87m██[38;2;232;240;247m██████[38;2;162;168;177m██[38;2;26;26;26m██[38;2;186;192;197m██[38;2;231;240;247m████[38;2;122;127;131m  [38;2;0;0;0m              [38;2;89;92;95m  [38;2;232;240;247m██[38;2;231;240;247m██[38;2;188;194;201m██[38;2;0;0;0m  
[38;2;0;0;0m  [38;2;43;44;46m  [38;2;218;225;233m██[38;2;193;199;205m██[38;2;232;240;247m████[38;2;25;22;15m██[38;2;31;28;22m██[38;2;165;170;175m██[38;2;231;240;247m████[38;2;213;219;233m██[38;2;78;78;85m██[38;2;0;0;0m          [38;2;56;58;60m██[38;2;231;240;247m██[38;2;232;240;247m██[38;2;231;240;247m██[38;2;232;240;247m██[38;2;62;64;67m██
[38;2;0;0;0m  [38;2;188;194;201m██[38;2;218;225;233m██[38;2;193;199;205m██[38;2;232;240;247m██[38;2;232;240;248m██[38;2;204;207;206m██[38;2;207;209;210m██[38;2;216;224;231m██[38;2;231;240;248m████[38;2;227;235;244m██[38;2;240;241;244m██[38;2;131;131;131m  [38;2;0;0;0m    [38;2;179;179;179m  [38;2;185;188;191m██[38;2;232;240;248m██[38;2;231;240;247m██[38;2;232;240;248m██[38;2;231;240;248m██[38;2;232;240;248m██[38;2;62;64;67m██
[38;2;0;0;0m  [38;2;107;107;116m  [38;2;207;213;223m██[38;2;184;192;202m██[38;2;205;213;222m██[38;2;232;240;248m████████[38;2;231;240;248m████[38;2;232;240;248m████[38;2;242;245;247m██[38;2;247;247;248m██[38;2;248;248;248m████[38;2;245;246;248m██[38;2;232;240;248m██[38;2;231;240;247m██[38;2;232;240;248m██[38;2;231;240;248m██[38;2;232;240;248m██[38;2;62;64;67m██
[38;2;0;0;0m    [38;2;92;95;99m██[38;2;81;83;86m██[38;2;143;147;163m██[38;2;102;110;124m██[38;2;232;240;248m████[38;2;153;161;173m██[38;2;231;240;248m████[38;2;232;240;248m████[38;2;232;240;247m██[38;2;233;240;248m██[38;2;234;241;248m████[38;2;233;240;248m██[38;2;232;240;248m██[38;2;231;240;247m██[38;2;232;240;248m██[38;2;231;240;248m██[38;2;194;201;208m██[38;2;9;9;9m  
[38;2;0;0;0m      [38;2;43;47;56m  [38;2;163;163;175m██[38;2;192;192;208m██[38;2;114;120;133m██[38;2;77;82;92m██[38;2;195;203;213m██[38;2;231;240;248m████[38;2;232;240;248m████[38;2;232;240;247m██[38;2;180;188;199m██[38;2;232;240;248m████████[38;2;231;240;247m██[38;2;232;240;248m██[38;2;231;240;248m██[38;2;113;117;121m  [38;2;0;0;0m  
[38;2;0;0;0m        [38;2;156;160;164m██[38;2;189;189;205m██[38;2;127;128;135m██[38;2;184;184;199m██[38;2;194;194;210m██[38;2;231;240;248m████[38;2;232;240;248m████[38;2;232;240;247m██[38;2;223;231;240m██[38;2;145;153;166m██[38;2;232;240;248m██████[38;2;231;240;247m██[38;2;232;240;248m██[38;2;231;240;248m██[38;2;0;0;0m    
[38;2;0;0;0m    [38;2;39;40;42m  [38;2;185;189;207m██[38;2;151;151;168m██[38;2;130;130;138m██[38;2;192;192;208m██████[38;2;211;215;227m████[38;2;194;198;211m██[38;2;153;160;173m██[38;2;218;225;237m██[38;2;193;197;216m██[38;2;200;208;218m██[38;2;116;121;144m██[38;2;159;167;178m██[38;2;232;240;248m██[38;2;221;227;237m██[38;2;201;204;216m██[38;2;35;35;38m  [38;2;0;0;0m    
[38;2;1;1;1m  [38;2;4;5;5m██[38;2;231;239;247m██[38;2;195;196;212m██[38;2;190;190;206m██[38;2;3;3;4m  [38;2;130;130;138m██[38;2;192;192;208m████[38;2;197;198;213m██[38;2;204;206;220m██[38;2;222;228;238m██[38;2;192;192;208m██[38;2;127;135;148m██[38;2;232;240;248m██[38;2;183;186;209m██[38;2;231;239;247m██[38;2;198;198;214m██[38;2;83;91;107m████[38;2;4;4;4m  [38;2;0;0;0m      
[38;2;62;64;67m██[38;2;231;240;248m██[38;2;144;146;165m██[38;2;82;82;89m██[38;2;47;47;51m  [38;2;0;0;0m  [38;2;43;43;47m  [38;2;192;192;208m████████████[38;2;144;149;163m██[38;2;219;227;236m██[38;2;196;199;216m██[38;2;228;235;244m██[38;2;223;229;239m██[38;2;239;243;248m██[38;2;247;247;247m██[38;2;222;222;222m██[38;2;0;0;0m      
[38;2;0;0;0m              [38;2;10;10;11m  [38;2;171;171;186m██[38;2;192;192;208m████████[38;2;160;162;178m██[38;2;198;205;215m██[38;2;232;240;248m██[38;2;164;166;194m██[38;2;192;196;216m██[38;2;227;234;243m██[38;2;230;237;246m██[38;2;0;0;0m        
[38;2;0;0;0m                  [38;2;67;67;73m████[38;2;192;192;208m██████[38;2;158;160;176m██[38;2;141;146;151m██[38;2;231;240;248m██[38;2;225;231;241m██[38;2;217;223;233m██[38;2;225;232;241m██[38;2;134;138;143m  [38;2;0;0;0m      
[38;2;0;0;0m                                  [38;2;188;194;201m██[38;2;232;240;248m██[38;2;231;240;247m██[38;2;232;240;248m██[38;2;82;84;87m██[38;2;0;0;0m    
[38;2;0;0;0m                                    [38;2;62;64;67m██████[38;2;22;23;23m  [38;2;0;0;0m    [0m
