
[38;2;0;0;0m        [38;2;54;50;20m██[38;2;5;5;2m  [38;2;0;0;0m                          
[38;2;0;0;0m        [38;2;183;169;69m██[38;2;23;21;8m██[38;2;0;0;0m    [38;2;29;65;60m  [38;2;0;0;0m                    
[38;2;0;0;0m        [38;2;61;56;25m  [38;2;183;169;73m██[38;2;21;15;16m  [38;2;16;19;18m  [38;2;71;113;107m██[38;2;47;44;47m██[38;2;47;36;39m██[38;2;0;0;0m                
[38;2;0;0;0m        [38;2;0;1;1m  [38;2;143;115;109m██[38;2;107;109;111m██[38;2;65;139;129m██[38;2;73;117;111m██[38;2;139;123;93m██[38;2;169;143;107m██[38;2;141;110;117m██[38;2;59;46;49m  [38;2;0;0;0m            
[38;2;0;0;0m    [38;2;5;13;12m██[38;2;2;9;7m  [38;2;89;79;76m██[38;2;152;127;97m██[38;2;78;101;98m██[38;2;77;163;152m██[38;2;110;110;63m██[38;2;166;154;58m██[38;2;176;155;90m██[38;2;153;137;71m██[38;2;163;132;134m██[38;2;24;54;50m██[38;2;62;138;129m██[38;2;0;0;0m        
[38;2;0;0;0m    [38;2;5;13;12m  [38;2;72;87;85m██[38;2;124;128;87m██[38;2;120;109;69m██[38;2;43;81;74m██[38;2;79;165;151m██[38;2;8;10;9m  [38;2;0;0;0m  [38;2;73;67;39m██[38;2;103;99;68m██[38;2;74;113;104m██[38;2;68;151;141m██[38;2;6;15;14m██[38;2;0;0;0m        
[38;2;0;0;0m    [38;2;14;12;6m  [38;2;67;124;114m██[38;2;67;140;132m██[38;2;13;10;9m██[38;2;0;0;0m  [38;2;72;150;141m██[38;2;11;9;10m  [38;2;0;0;0m  [38;2;8;16;15m  [38;2;71;155;144m██[38;2;73;165;154m██[38;2;73;154;144m██[38;2;117;91;97m██[38;2;0;0;0m        
[38;2;45;40;15m  [38;2;75;71;51m██[38;2;122;108;61m██[38;2;75;66;66m██[38;2;90;160;150m██[38;2;59;127;119m██[38;2;29;56;51m  [38;2;70;151;142m██[38;2;54;114;106m██[38;2;6;3;0m  [38;2;58;108;100m██[38;2;71;120;114m██[38;2;80;153;137m██[38;2;78;90;80m██[38;2;78;72;73m██[38;2;93;70;73m  [38;2;0;0;0m      
[38;2;34;31;14m  [38;2;66;64;50m██[38;2;144;126;72m██[38;2;101;111;109m██[38;2;59;68;68m██[38;2;64;82;81m██[38;2;61;129;119m██[38;2;67;92;89m██[38;2;75;155;145m██[38;2;59;117;108m██[38;2;23;43;40m  [38;2;9;4;4m██[38;2;102;103;83m██[38;2;136;144;105m██[38;2;188;170;80m██[38;2;84;70;55m██[38;2;0;1;1m  [38;2;0;0;0m    
[38;2;0;0;0m    [38;2;78;70;45m██[38;2;101;80;72m██[38;2;26;54;48m██[38;2;72;151;142m██[38;2;70;122;115m██[38;2;73;165;154m██[38;2;66;100;94m██[38;2;68;120;110m██[38;2;23;23;23m  [38;2;101;95;66m██[38;2;231;152;114m██[38;2;251;244;176m██[38;2;177;169;113m██[38;2;159;138;76m██[38;2;14;13;10m  [38;2;0;0;0m    
[38;2;0;0;0m    [38;2;15;15;15m  [38;2;129;127;76m██[38;2;68;103;95m██[38;2;73;162;151m██[38;2;68;118;112m██[38;2;65;122;111m██[38;2;65;97;91m██[38;2;65;123;113m██[38;2;7;14;13m██[38;2;136;124;67m██[38;2;228;131;120m██[38;2;253;253;252m██[38;2;173;164;123m██[38;2;83;76;78m██[38;2;124;104;71m██[38;2;202;184;78m██[38;2;57;54;20m██
[38;2;0;0;0m      [38;2;58;90;87m██[38;2;72;95;85m██[38;2;63;83;71m██[38;2;37;62;59m██[38;2;65;123;113m██[38;2;65;94;89m██[38;2;16;31;28m██[38;2;57;106;98m██[38;2;77;89;72m██[38;2;236;211;138m██[38;2;243;237;184m██[38;2;161;143;80m██[38;2;127;115;74m██[38;2;11;9;11m  [38;2;47;43;18m██[38;2;10;10;3m  
[38;2;0;0;0m  [38;2;84;64;46m██[38;2;0;0;0m  [38;2;5;0;0m  [38;2;104;105;87m██[38;2;56;53;48m██[38;2;6;7;8m  [38;2;63;77;74m██[38;2;34;65;59m██[38;2;0;0;0m  [38;2;26;48;45m  [38;2;91;104;74m██[38;2;116;109;70m██[38;2;117;105;64m██[38;2;141;123;63m██[38;2;59;53;33m██[38;2;12;9;7m  [38;2;0;0;0m    
[38;2;0;0;0m  [38;2;84;64;46m██[38;2;54;42;30m  [38;2;0;0;0m  [38;2;68;55;52m██[38;2;149;123;96m██[38;2;103;98;63m██[38;2;65;122;110m██[38;2;58;89;83m██[38;2;0;0;0m  [38;2;71;61;30m  [38;2;149;131;73m██[38;2;94;87;74m██[38;2;112;97;76m██[38;2;6;6;6m  [38;2;24;18;10m██[38;2;49;36;21m██[38;2;0;0;0m    
[38;2;0;0;0m  [38;2;84;64;46m██[38;2;18;14;10m  [38;2;0;0;0m      [38;2;95;73;79m██[38;2;73;159;149m██[38;2;65;103;94m██[38;2;144;142;82m██[38;2;126;106;91m██[38;2;88;77;79m██[38;2;117;87;93m██[38;2;0;0;0m  [38;2;24;18;10m  [38;2;154;113;67m██[38;2;45;33;20m██[38;2;0;0;0m    
[38;2;0;0;0m  [38;2;21;16;11m  [38;2;98;75;44m██[38;2;0;0;0m      [38;2;7;6;7m  [38;2;71;157;146m██[38;2;71;119;109m██[38;2;53;77;75m██[38;2;35;29;23m██[38;2;85;71;59m██[38;2;64;56;33m██[38;2;0;0;0m  [38;2;24;18;10m  [38;2;95;78;60m██[38;2;32;25;19m██[38;2;0;0;0m    
[38;2;0;0;0m    [38;2;96;75;44m██[38;2;36;52;43m██[38;2;0;0;0m    [38;2;32;69;64m██[38;2;74;165;153m██[38;2;68;121;113m██[38;2;5;0;0m  [38;2;0;0;0m  [38;2;7;9;14m  [38;2;161;139;71m██[38;2;14;14;14m  [38;2;24;18;10m  [38;2;137;102;64m██[38;2;32;25;19m██[38;2;0;0;0m    
[38;2;0;0;0m    [38;2;31;35;30m██[38;2;75;156;145m██[38;2;53;96;91m██[38;2;5;5;5m  [38;2;53;105;96m██[38;2;74;165;153m██[38;2;65;123;113m██[38;2;49;92;85m  [38;2;0;0;0m  [38;2;2;6;6m  [38;2;78;103;88m██[38;2;71;68;64m██[38;2;117;89;50m██[38;2;94;72;52m██[38;2;8;6;4m  [38;2;0;0;0m    
[38;2;0;0;0m    [38;2;60;113;104m██[38;2;76;76;66m██[38;2;71;130;121m██[38;2;126;101;70m██[38;2;72;158;148m██[38;2;66;128;116m██[38;2;65;126;113m██[38;2;66;125;113m██[38;2;120;110;80m██[38;2;75;164;152m██[38;2;82;159;144m██[38;2;71;145;135m██[38;2;91;77;61m██[38;2;67;51;37m  [38;2;0;0;0m      
[38;2;0;0;0m    [38;2;11;21;19m  [38;2;17;15;13m  [38;2;71;120;109m██[38;2;67;115;107m██[38;2;71;104;95m██[38;2;66;126;114m██[38;2;65;125;113m██[38;2;65;81;78m██[38;2;73;122;109m██[38;2;69;131;120m██[38;2;81;92;78m██[38;2;93;121;102m██[38;2;47;52;46m██[38;2;0;0;0m        
[38;2;0;0;0m        [38;2;18;18;18m  [38;2;64;115;107m██[38;2;65;60;53m██[38;2;66;123;111m██[38;2;64;119;108m██[38;2;63;68;67m██[38;2;72;93;80m██[38;2;65;121;112m██[38;2;61;69;61m██[38;2;14;6;6m  [38;2;59;97;93m██[38;2;0;0;0m        
[38;2;0;0;0m          [38;2;14;27;25m  [38;2;6;6;6m  [38;2;63;120;108m██[38;2;70;116;106m██[38;2;20;19;17m  [38;2;8;16;15m  [38;2;63;118;109m██[38;2;6;12;11m  [38;2;0;0;0m  [38;2;10;19;18m  [38;2;0;0;0m        
[38;2;0;0;0m              [38;2;15;29;27m  [38;2;58;108;100m██[38;2;0;0;0m    [38;2;46;87;80m  [38;2;0;0;0m              
[38;2;0;0;0m              [38;2;15;29;27m  [38;2;8;16;14m  [38;2;0;0;0m                    [0m
