
[38;2;0;0;0m                  [38;2;49;49;49m████[38;2;0;0;0m  [38;2;49;49;49m████[38;2;0;0;0m    [38;2;49;49;49m████[38;2;0;0;0m                        
[38;2;0;0;0m              [38;2;49;49;49m████[38;2;189;189;180m██[38;2;82;82;82m██[38;2;49;49;49m██[38;2;164;213;255m██[38;2;65;123;172m██[38;2;49;49;49m████[38;2;255;255;255m████[38;2;49;49;49m██[38;2;0;0;0m                      
[38;2;0;0;0m            [38;2;49;49;49m██[38;2;82;82;82m██[38;2;189;189;180m██[38;2;82;82;82m██[38;2;164;213;255m████[38;2;82;82;82m████[38;2;255;255;255m████[38;2;49;49;49m████[38;2;0;0;0m        [38;2;49;49;49m██[38;2;0;0;0m              
[38;2;0;0;0m          [38;2;49;49;49m██[38;2;189;189;180m████[38;2;82;82;82m██[38;2;164;213;255m██[38;2;82;82;82m████[38;2;255;255;255m████[38;2;189;189;180m██[38;2;49;49;49m██[38;2;0;0;0m      [38;2;49;49;49m██[38;2;0;0;0m  [38;2;49;49;49m██[38;2;255;255;255m██[38;2;49;49;49m██[38;2;0;0;0m            
[38;2;49;49;49m████[38;2;0;0;0m    [38;2;49;49;49m██[38;2;82;82;82m██[38;2;189;189;180m██[38;2;82;82;82m██[38;2;164;213;255m██[38;2;82;82;82m██[38;2;189;189;180m██[38;2;255;255;255m██[38;2;189;189;180m██[38;2;82;82;82m██[38;2;49;49;49m██[38;2;0;0;0m      [38;2;49;49;49m██[38;2;255;255;255m██[38;2;49;49;49m██[38;2;123;123;123m██[38;2;255;255;255m██[38;2;82;82;82m██[38;2;49;49;49m████[38;2;0;0;0m        
[38;2;49;49;49m██[38;2;189;189;180m██[38;2;49;49;49m██[38;2;0;0;0m  [38;2;49;49;49m██[38;2;255;255;255m██[38;2;82;82;82m████[38;2;65;123;172m██[38;2;82;82;82m██[38;2;255;255;255m██[38;2;189;189;180m██[38;2;82;82;82m██[38;2;65;98;139m██[38;2;49;49;49m██[38;2;0;0;0m    [38;2;49;49;49m██[38;2;123;123;123m██[38;2;255;255;255m██[38;2;123;123;123m██[38;2;255;255;255m████[38;2;123;123;123m██[38;2;255;255;255m██[38;2;49;49;49m██[38;2;0;0;0m        
[38;2;0;0;0m  [38;2;49;49;49m██[38;2;189;189;180m██[38;2;49;49;49m██[38;2;82;82;82m████[38;2;255;255;255m██[38;2;189;189;180m██[38;2;82;82;82m████[38;2;189;189;180m██[38;2;82;82;82m██[38;2;65;98;139m██[38;2;49;49;49m██[38;2;0;0;0m    [38;2;49;49;49m██[38;2;189;189;180m██[38;2;123;123;123m██[38;2;255;255;255m██[38;2;123;123;123m██[38;2;255;255;255m██[38;2;123;123;123m██[38;2;255;255;255m██[38;2;189;189;180m██[38;2;49;49;49m██[38;2;0;0;0m        
[38;2;0;0;0m  [38;2;49;49;49m██[38;2;189;189;180m██[38;2;82;82;82m██[38;2;164;213;255m██[38;2;82;82;82m██[38;2;189;189;180m██[38;2;255;255;255m██[38;2;82;82;82m██[38;2;189;189;180m████[38;2;82;82;82m██[38;2;49;49;49m██[38;2;0;0;0m      [38;2;49;49;49m██[38;2;189;189;180m██[38;2;123;123;123m██[38;2;255;255;255m██[38;2;123;123;123m██[38;2;255;255;255m██[38;2;123;123;123m██[38;2;255;255;255m██[38;2;49;49;49m██[38;2;0;0;0m          
[38;2;0;0;0m    [38;2;49;49;49m██[38;2;82;82;82m██[38;2;164;213;255m██[38;2;65;123;172m██[38;2;82;82;82m██[38;2;189;189;180m██████[38;2;82;82;82m██[38;2;65;123;172m██[38;2;49;49;49m██[38;2;189;189;180m██[38;2;0;0;0m    [38;2;49;49;49m██[38;2;189;189;180m████[38;2;255;255;255m██[38;2;189;189;180m██[38;2;123;123;123m██[38;2;255;255;255m██[38;2;123;123;123m██[38;2;82;82;82m██[38;2;49;49;49m██[38;2;0;0;0m        
[38;2;0;0;0m    [38;2;49;49;49m██[38;2;255;255;255m██[38;2;65;123;172m████[38;2;255;255;255m██[38;2;82;82;82m████[38;2;189;189;180m██[38;2;82;82;82m██[38;2;106;189;246m██[38;2;49;49;49m██[38;2;189;189;180m██[38;2;0;0;0m      [38;2;49;49;49m██[38;2;189;189;180m████████[38;2;123;123;123m██[38;2;189;189;180m██[38;2;255;255;255m████[38;2;49;49;49m██[38;2;0;0;0m      
[38;2;0;0;0m      [38;2;49;49;49m██[38;2;255;255;255m████[38;2;49;49;49m██[38;2;246;98;82m██[38;2;82;82;82m██[38;2;189;189;180m██[38;2;82;82;82m██[38;2;164;213;255m██[38;2;65;123;172m██[38;2;49;49;49m██[38;2;189;189;180m██[38;2;0;0;0m  [38;2;49;49;49m██[38;2;82;82;82m████[38;2;189;189;180m████[38;2;123;123;123m██[38;2;255;255;255m████[38;2;49;49;49m████[38;2;0;0;0m        
[38;2;0;0;0m    [38;2;49;49;49m██[38;2;82;82;82m██[38;2;189;189;180m██[38;2;82;82;82m██[38;2;65;98;139m██[38;2;82;82;82m██[38;2;255;255;255m██[38;2;189;189;180m██[38;2;82;82;82m██[38;2;164;213;255m██[38;2;65;123;172m██[38;2;82;82;82m██[38;2;49;49;49m████[38;2;65;123;172m██████[38;2;82;82;82m████[38;2;189;189;180m██[38;2;82;82;82m██[38;2;49;49;49m██[38;2;0;0;0m        [38;2;49;49;49m████
[38;2;0;0;0m  [38;2;49;49;49m██[38;2;189;189;180m██[38;2;82;82;82m██[38;2;189;189;180m██[38;2;65;98;139m██[38;2;82;82;82m██[38;2;255;255;255m██[38;2;189;189;180m██[38;2;49;49;49m██[38;2;65;123;172m████[38;2;164;213;255m██[38;2;65;123;172m████[38;2;82;82;82m████[38;2;65;123;172m████[38;2;164;213;255m██[38;2;65;123;172m██[38;2;82;82;82m██[38;2;49;49;49m██[38;2;0;0;0m      [38;2;49;49;49m████[38;2;106;189;246m██[38;2;49;49;49m██
[38;2;0;0;0m  [38;2;49;49;49m██[38;2;189;189;180m██[38;2;49;49;49m██████[38;2;82;82;82m██[38;2;255;255;255m██[38;2;49;49;49m██[38;2;0;0;0m  [38;2;49;49;49m██[38;2;65;123;172m██[38;2;106;189;246m██[38;2;65;123;172m██[38;2;82;82;82m██[38;2;255;255;255m██[38;2;82;82;82m██[38;2;65;123;172m████[38;2;164;213;255m██[38;2;65;123;172m██████[38;2;49;49;49m██████[38;2;65;98;139m██[38;2;106;189;246m██[38;2;49;49;49m██[38;2;0;0;0m  
[38;2;0;0;0m    [38;2;49;49;49m██[38;2;0;0;0m      [38;2;49;49;49m██[38;2;255;255;255m██[38;2;49;49;49m██[38;2;0;0;0m  [38;2;49;49;49m██[38;2;65;123;172m████[38;2;82;82;82m██[38;2;255;255;255m████[38;2;82;82;82m██[38;2;65;123;172m██[38;2;106;189;246m██[38;2;164;213;255m██[38;2;106;189;246m██[38;2;82;82;82m██[38;2;65;98;139m██[38;2;82;82;82m██[38;2;65;98;139m██[38;2;106;189;246m████[38;2;65;98;139m██[38;2;49;49;49m██[38;2;0;0;0m  
[38;2;0;0;0m              [38;2;49;49;49m██[38;2;0;0;0m  [38;2;49;49;49m██[38;2;255;255;255m██[38;2;82;82;82m████[38;2;189;189;180m██[38;2;255;255;255m██[38;2;82;82;82m██[38;2;65;123;172m████[38;2;164;213;255m██[38;2;65;98;139m██[38;2;82;82;82m██[38;2;164;213;255m██[38;2;65;123;172m██[38;2;82;82;82m██[38;2;65;98;139m██████[38;2;49;49;49m██[38;2;0;0;0m    
[38;2;0;0;0m                  [38;2;49;49;49m██[38;2;255;255;255m██[38;2;189;189;180m██[38;2;123;123;123m██[38;2;255;255;255m██[38;2;123;123;123m██[38;2;82;82;82m██[38;2;65;123;172m██[38;2;106;189;246m██[38;2;65;98;139m██[38;2;82;82;82m██[38;2;65;123;172m██[38;2;106;189;246m██[38;2;65;123;172m████[38;2;49;49;49m██████[38;2;0;0;0m      
[38;2;0;0;0m                [38;2;49;49;49m██[38;2;164;213;255m██[38;2;65;98;139m██[38;2;189;189;180m████████[38;2;82;82;82m██[38;2;65;123;172m██[38;2;82;82;82m██[38;2;65;98;139m██[38;2;82;82;82m██[38;2;65;123;172m████[38;2;106;189;246m██[38;2;65;123;172m██[38;2;49;49;49m██[38;2;0;0;0m          
[38;2;0;0;0m                [38;2;49;49;49m██[38;2;65;123;172m████[38;2;189;189;180m██[38;2;123;123;123m██[38;2;255;255;255m██████[38;2;82;82;82m██[38;2;65;123;172m██[38;2;49;49;49m████[38;2;65;98;139m██[38;2;65;123;172m████[38;2;164;213;255m██[38;2;65;123;172m██[38;2;49;49;49m██[38;2;0;0;0m        
[38;2;0;0;0m                  [38;2;49;49;49m██[38;2;189;189;180m████[38;2;123;123;123m████[38;2;82;82;82m████[38;2;164;213;255m██[38;2;65;123;172m██[38;2;49;49;49m██[38;2;0;0;0m  [38;2;49;49;49m██[38;2;65;123;172m██[38;2;65;98;139m██[38;2;65;123;172m██[38;2;65;98;139m████[38;2;49;49;49m██[38;2;0;0;0m      
[38;2;0;0;0m                [38;2;49;49;49m██[38;2;65;98;139m██[38;2;82;82;82m██[38;2;123;123;123m██[38;2;189;189;180m██[38;2;82;82;82m██[38;2;65;123;172m████[38;2;164;213;255m██[38;2;65;123;172m██[38;2;65;98;139m██[38;2;49;49;49m██[38;2;0;0;0m  [38;2;49;49;49m██[38;2;189;189;180m██[38;2;65;98;139m██[38;2;189;189;180m██[38;2;123;123;123m██[38;2;49;49;49m██[38;2;0;0;0m      
[38;2;0;0;0m              [38;2;49;49;49m██[38;2;189;189;180m██[38;2;82;82;82m██[38;2;65;98;139m██[38;2;82;82;82m██[38;2;189;189;180m████[38;2;82;82;82m██[38;2;65;123;172m██[38;2;106;189;246m██[38;2;65;123;172m████[38;2;49;49;49m██[38;2;0;0;0m  [38;2;49;49;49m██[38;2;255;255;255m██[38;2;65;98;139m██[38;2;255;255;255m██[38;2;65;98;139m██[38;2;49;49;49m██[38;2;0;0;0m      
[38;2;0;0;0m              [38;2;49;49;49m██[38;2;189;189;180m██[38;2;82;82;82m██[38;2;65;98;139m████[38;2;49;49;49m██[38;2;189;189;180m██[38;2;82;82;82m██[38;2;65;98;139m██[38;2;65;123;172m██[38;2;65;98;139m████[38;2;49;49;49m██[38;2;0;0;0m  [38;2;49;49;49m██[38;2;255;255;255m██[38;2;49;49;49m██[38;2;255;255;255m██[38;2;49;49;49m██[38;2;0;0;0m        
[38;2;0;0;0m            [38;2;49;49;49m██[38;2;189;189;180m██[38;2;82;82;82m██[38;2;65;98;139m████[38;2;49;49;49m██[38;2;0;0;0m  [38;2;49;49;49m██[38;2;65;98;139m██[38;2;189;189;180m██[38;2;65;98;139m██[38;2;189;189;180m██[38;2;123;123;123m██[38;2;49;49;49m██[38;2;0;0;0m    [38;2;49;49;49m██[38;2;0;0;0m  [38;2;49;49;49m██[38;2;0;0;0m          
[38;2;0;0;0m              [38;2;49;49;49m████████[38;2;0;0;0m      [38;2;49;49;49m██[38;2;255;255;255m██[38;2;65;98;139m██[38;2;255;255;255m██[38;2;65;98;139m██[38;2;49;49;49m██[38;2;0;0;0m                    
[38;2;0;0;0m                            [38;2;49;49;49m██[38;2;255;255;255m██[38;2;49;49;49m██[38;2;255;255;255m██[38;2;49;49;49m██[38;2;0;0;0m                      
[38;2;0;0;0m                              [38;2;49;49;49m██[38;2;0;0;0m  [38;2;49;49;49m██[38;2;0;0;0m                        [0m
