
[38;2;0;0;0m            ████████          
[38;2;0;0;0m          ██[38;2;181;132;93m██████[38;2;129;95;62m██[38;2;8;4;0m██[38;2;0;0;0m        
[38;2;0;0;0m        ██[38;2;181;132;93m████████[38;2;189;140;93m██[38;2;129;95;62m██[38;2;0;0;0m██      
[38;2;0;0;0m        ██[38;2;140;99;52m██[38;2;178;135;104m██[38;2;0;0;0m██[38;2;181;132;93m██████[38;2;0;0;0m██      
[38;2;0;0;0m      ██[38;2;247;123;143m██[38;2;255;206;207m██[38;2;140;99;52m██[38;2;0;0;0m██[38;2;181;132;93m██████[38;2;0;0;0m██      
[38;2;0;0;0m      [38;2;0;0;8m██[38;2;85;66;56m██[38;2;206;99;118m████[38;2;140;99;60m██[38;2;181;132;93m██████[38;2;0;0;0m██      
[38;2;0;0;0m    ██[38;2;85;66;56m██[38;2;170;132;103m██[38;2;66;66;66m████[38;2;181;132;93m██████[38;2;140;99;60m██[38;2;0;0;0m██      
[38;2;0;0;0m  ██[38;2;181;181;157m██[38;2;66;70;66m██[38;2;140;111;68m██[38;2;184;132;88m████[38;2;181;132;93m██[38;2;140;99;60m██[38;2;140;102;60m████[38;2;71;69;61m██[38;2;0;0;0m████  
[38;2;0;0;0m██[38;2;121;121;105m████[38;2;115;97;67m██[38;2;66;70;66m██[38;2;74;66;58m██[38;2;129;99;73m██[38;2;140;99;60m████[38;2;140;102;60m████[38;2;71;69;61m██[38;2;107;103;91m██[38;2;66;66;66m██[38;2;0;0;0m██
[38;2;0;0;0m██[38;2;107;107;83m████[38;2;66;66;66m██[38;2;189;181;165m████[38;2;66;66;66m██[38;2;140;99;60m████[38;2;66;66;66m████[38;2;189;181;165m██[38;2;106;107;82m██[38;2;107;107;83m██[38;2;0;0;0m██
[38;2;0;0;0m  ████[38;2;189;181;165m████[38;2;107;104;99m██[38;2;66;66;66m██[38;2;189;181;165m████[38;2;102;102;88m██[38;2;137;137;111m██[38;2;106;107;82m████[38;2;0;0;0m██  
[38;2;0;0;0m      ██[38;2;132;132;116m██[38;2;148;148;116m██[38;2;101;100;77m████[38;2;148;148;116m██[38;2;132;132;116m██[38;2;0;0;0m██[38;2;132;132;116m██[38;2;66;66;58m██[38;2;0;0;0m██  
[38;2;0;0;0m        ██[38;2;8;4;0m██[38;2;101;100;77m████[38;2;8;4;0m██[38;2;0;0;0m██  ████    
[38;2;0;0;0m            ████              [0m
