
[38;2;0;0;0m            ██████                                            
[38;2;0;0;0m          ██[38;2;140;57;116m██████[38;2;0;0;0m██                                          
[38;2;0;0;0m          ██[38;2;140;57;116m██[38;2;0;0;0m████████                      ████              
[38;2;0;0;0m        ██[38;2;140;57;116m██[38;2;0;0;0m██  ██[38;2;107;82;51m████[38;2;0;0;0m██      ████      ████[38;2;181;74;157m████[38;2;0;0;0m██            
[38;2;0;0;0m        ██[38;2;140;57;116m██[38;2;0;0;0m██  ██[38;2;85;57;58m████[38;2;107;90;75m██[38;2;0;4;8m██[38;2;0;0;0m████[38;2;189;200;165m████[38;2;0;0;0m████[38;2;8;4;0m██[38;2;140;139;111m██[38;2;198;206;166m██[38;2;0;0;0m████[38;2;181;74;157m██[38;2;0;0;0m██          
[38;2;0;0;0m      ██[38;2;140;57;116m██[38;2;0;0;0m██      [38;2;0;20;0m██[38;2;255;132;175m██[38;2;71;61;53m████[38;2;107;82;51m██[38;2;0;0;0m██[38;2;189;200;165m████[38;2;189;198;165m██[38;2;63;66;55m██[38;2;140;139;111m██[38;2;206;206;166m██[38;2;132;137;111m██[38;2;0;0;0m██  ██[38;2;181;74;157m██[38;2;0;0;0m██        
[38;2;0;0;0m      ██[38;2;140;57;116m██[38;2;0;0;0m██      ██[38;2;63;63;63m██[38;2;66;66;66m██[38;2;189;189;189m██[38;2;63;63;63m██[38;2;0;0;0m██[38;2;132;111;84m██[38;2;193;183;169m██[38;2;132;107;84m████[38;2;198;198;158m██[38;2;135;132;105m██[38;2;0;0;0m██      ██[38;2;181;74;157m██[38;2;0;0;0m██      
[38;2;0;0;0m    ██[38;2;140;57;116m██[38;2;0;0;0m██        ██[38;2;189;189;189m██[38;2;66;66;66m████[38;2;0;0;0m██[38;2;189;189;189m██[38;2;255;255;255m██[38;2;132;111;84m██[38;2;255;111;183m██[38;2;214;110;150m██[38;2;135;132;105m██[38;2;8;0;0m██[38;2;0;0;0m        ██[38;2;181;74;157m████[38;2;0;0;0m██    
[38;2;0;0;0m  ██[38;2;140;57;116m████[38;2;0;0;0m██      ██[38;2;107;86;59m██[38;2;71;59;42m██[38;2;107;83;51m████[38;2;8;0;0m██[38;2;255;255;247m██[38;2;189;189;189m██[38;2;107;82;51m██[38;2;206;104;144m██[38;2;255;115;191m██[38;2;113;99;73m██[38;2;8;0;0m██[38;2;0;0;0m          ██[38;2;181;75;157m████[38;2;0;0;0m██  
[38;2;0;0;0m██[38;2;140;57;116m████[38;2;0;0;0m██        ██[38;2;107;86;59m██[38;2;0;4;8m██[38;2;107;83;51m████[38;2;8;0;0m██[38;2;90;85;82m██[38;2;107;82;51m██[38;2;134;118;97m██[38;2;107;82;51m████[38;2;113;99;73m██[38;2;165;148;109m██[38;2;0;0;0m██        ██[38;2;181;75;157m████[38;2;0;0;0m██  
[38;2;0;0;0m██[38;2;140;58;116m████[38;2;0;0;0m██        ████  ████[38;2;255;255;247m██[38;2;129;123;110m██[38;2;115;94;67m██[38;2;203;201;192m██[38;2;247;255;255m██[38;2;115;94;67m██[38;2;189;200;165m████[38;2;0;0;0m██          ██[38;2;181;74;157m████[38;2;0;0;0m██
[38;2;0;0;0m██[38;2;140;58;116m████[38;2;140;57;116m██[38;2;0;0;0m██            ██[38;2;173;140;109m██[38;2;66;57;42m██[38;2;255;255;247m██[38;2;115;94;67m██[38;2;247;255;255m██[38;2;203;201;192m██[38;2;115;94;67m██[38;2;189;200;165m████[38;2;0;0;0m██          ██[38;2;181;74;157m████[38;2;0;0;0m██
[38;2;0;0;0m  ██[38;2;140;57;116m████[38;2;0;0;0m██          ██[38;2;173;140;109m██[38;2;107;82;51m██[38;2;181;148;117m██[38;2;123;100;78m██[38;2;0;0;0m██████████[38;2;189;198;165m██[38;2;0;0;0m██          ██[38;2;181;74;157m████[38;2;0;0;0m██
[38;2;0;0;0m  ██[38;2;140;57;116m██████[38;2;0;0;0m██      ██[38;2;173;140;109m██████[38;2;123;100;78m██[38;2;8;4;0m██[38;2;93;77;56m██[38;2;140;115;84m██[38;2;0;0;0m██  ██[38;2;189;198;165m██[38;2;0;0;0m██        ██[38;2;181;74;157m██████[38;2;0;0;0m██
[38;2;0;0;0m    ██[38;2;140;57;116m██████[38;2;0;0;0m██  ██[38;2;173;140;109m██[38;2;131;107;83m██[38;2;181;148;117m██[38;2;123;100;78m██[38;2;0;0;0m████[38;2;140;111;84m██[38;2;96;75;56m██[38;2;140;111;84m██[38;2;8;4;0m██[38;2;0;0;0m  ██          ██[38;2;181;73;157m████[38;2;181;74;157m██[38;2;0;0;0m██
[38;2;0;0;0m    ██[38;2;140;57;116m██[38;2;181;74;157m██[38;2;140;57;116m████[38;2;0;0;0m██[38;2;173;140;109m██[38;2;131;107;83m██[38;2;173;140;109m██[38;2;123;100;78m██[38;2;8;4;0m██[38;2;107;82;51m████[38;2;8;4;0m██[38;2;140;111;84m██[38;2;96;75;56m██[38;2;140;111;84m██[38;2;0;0;0m██          ██[38;2;255;123;175m██[38;2;181;73;157m██[38;2;255;123;175m██[38;2;0;0;0m██  
[38;2;0;0;0m      ██[38;2;126;52;110m██[38;2;181;75;157m████[38;2;0;0;0m██[38;2;173;140;109m██[38;2;181;148;117m██[38;2;121;99;78m██[38;2;0;0;0m██  ██[38;2;107;82;51m██[38;2;0;0;0m████[38;2;140;111;84m██[38;2;96;75;56m██[38;2;132;110;84m██[38;2;0;0;0m██        [38;2;0;0;8m██[38;2;170;82;125m██[38;2;255;126;175m████[38;2;0;0;0m██  
[38;2;0;0;0m      ██[38;2;189;78;165m██[38;2;181;75;157m████[38;2;0;0;0m████████    ██[38;2;107;82;51m████[38;2;0;0;0m██[38;2;8;4;0m██[38;2;140;111;84m██[38;2;132;110;84m██[38;2;0;0;0m██      ██[38;2;255;123;183m████[38;2;255;126;175m████[38;2;0;0;0m██  
[38;2;0;0;0m      ██[38;2;181;74;157m██[38;2;181;75;157m████[38;2;181;74;157m████[38;2;0;0;0m██        ██[38;2;107;82;51m██[38;2;0;0;0m██  ██████      ██[38;2;255;123;175m████████[38;2;0;0;0m██  
[38;2;0;0;0m        ██[38;2;181;75;157m████[38;2;0;0;0m████            ██              ██[38;2;255;123;175m██[38;2;181;73;157m██[38;2;255;123;175m██[38;2;181;73;157m██[38;2;255;123;175m██[38;2;0;0;0m██  
[38;2;0;0;0m          ████                              ██[38;2;247;132;175m██[38;2;82;47;58m██[38;2;255;123;175m██[38;2;66;66;66m██[38;2;255;123;175m██[38;2;0;0;0m██    
[38;2;0;0;0m                                              [38;2;0;4;0m████[38;2;255;123;175m██[38;2;66;66;66m██[38;2;255;123;175m██[38;2;0;0;0m██    
[38;2;0;0;0m                                                  ██████      [0m
