
[38;2;0;0;0m          [38;2;0;1;0m  [38;2;56;34;37m██[38;2;80;83;96m██[38;2;65;74;83m██[38;2;90;104;115m██[38;2;41;51;53m  [38;2;0;0;0m              [38;2;0;2;0m  [38;2;74;85;100m██[38;2;11;14;14m  [38;2;0;0;0m  [38;2;47;55;64m██[38;2;21;26;26m  [38;2;0;0;0m              
[38;2;0;0;0m        [38;2;44;27;29m  [38;2;196;108;128m██[38;2;187;108;125m██[38;2;72;70;76m██[38;2;97;113;126m██[38;2;99;118;128m██[38;2;0;2;0m  [38;2;0;0;0m              [38;2;0;2;0m  [38;2;80;92;104m██[38;2;89;103;112m██[38;2;6;9;8m  [38;2;72;81;98m██[38;2;84;97;107m██[38;2;17;22;21m  [38;2;0;0;0m            
[38;2;0;0;0m  [38;2;0;1;0m  [38;2;70;35;38m██[38;2;32;30;29m██[38;2;182;94;104m██[38;2;190;92;107m██[38;2;142;82;91m██[38;2;206;119;140m██[38;2;134;113;127m██[38;2;9;17;11m██[38;2;0;0;0m                [38;2;42;50;58m██[38;2;85;92;105m██[38;2;116;112;126m██[38;2;77;84;89m██[38;2;103;91;106m██[38;2;191;114;127m██[38;2;76;67;72m██[38;2;0;1;0m  [38;2;0;0;0m          
[38;2;0;0;0m    [38;2;72;36;40m██[38;2;186;92;102m██[38;2;155;87;93m██[38;2;176;89;102m██[38;2;121;77;84m██[38;2;241;133;158m██[38;2;177;111;128m██[38;2;59;60;60m██[38;2;0;3;0m  [38;2;0;0;0m              [38;2;42;50;58m██[38;2;189;98;110m██[38;2;238;138;164m██[38;2;96;112;123m██[38;2;152;93;107m██[38;2;242;137;163m██[38;2;237;137;163m██[38;2;73;87;93m  [38;2;0;3;0m  [38;2;0;10;7m  [38;2;0;5;2m  [38;2;0;3;0m  [38;2;0;0;0m  
[38;2;0;0;0m      [38;2;89;45;48m  [38;2;139;68;76m██[38;2;198;94;110m██[38;2;150;85;92m██[38;2;171;106;120m██[38;2;75;82;90m██[38;2;79;91;103m██[38;2;75;82;95m██[38;2;37;45;48m██[38;2;43;53;55m████[38;2;36;42;42m██[38;2;43;53;55m██[38;2;35;42;41m██[38;2;44;53;57m██[38;2;106;90;106m██[38;2;216;114;132m██[38;2;167;107;122m██[38;2;242;135;161m██[38;2;210;107;124m██[38;2;154;102;115m██[38;2;131;92;102m██[38;2;233;137;163m██[38;2;163;127;143m██[38;2;188;116;136m██[38;2;169;100;117m██[38;2;138;80;93m██[38;2;35;22;24m  
[38;2;0;0;0m        [38;2;1;1;0m  [38;2;166;79;92m██[38;2;198;97;106m██[38;2;83;70;71m██[38;2;79;91;103m████[38;2;71;76;81m██[38;2;79;91;103m██[38;2;100;116;126m██[38;2;99;118;128m██[38;2;81;89;95m██[38;2;99;118;128m██[38;2;98;115;126m██[38;2;67;67;68m██[38;2;143;92;108m██[38;2;235;135;160m██[38;2;65;65;65m██[38;2;86;74;77m██[38;2;246;139;166m██[38;2;65;65;65m██[38;2;180;112;129m██[38;2;247;140;166m██[38;2;246;140;163m██[38;2;5;6;3m██[38;2;1;2;1m  [38;2;0;0;0m    
[38;2;0;0;0m  [38;2;0;1;0m    [38;2;0;0;0m    [38;2;0;1;0m  [38;2;94;47;52m██[38;2;98;70;86m██[38;2;121;111;61m██[38;2;93;80;92m██[38;2;79;91;103m██[38;2;97;116;126m██[38;2;99;116;127m██[38;2;82;90;96m██[38;2;90;102;111m██[38;2;116;77;92m██[38;2;107;77;88m██[38;2;96;91;99m██[38;2;191;110;127m██[38;2;65;65;65m██[38;2;120;88;96m██[38;2;168;107;122m██[38;2;246;140;163m██[38;2;118;69;80m████[38;2;0;1;0m    [38;2;0;0;0m        
[38;2;4;5;4m  [38;2;188;189;188m██[38;2;0;2;0m  [38;2;0;0;0m        [38;2;0;3;0m  [38;2;133;142;89m██[38;2;229;237;73m██[38;2;79;91;103m██[38;2;97;116;126m██[38;2;98;115;125m██[38;2;68;70;71m██[38;2;122;88;89m██[38;2;14;15;35m██[38;2;227;239;86m██[38;2;105;117;98m██[38;2;170;108;124m██[38;2;246;139;166m██[38;2;233;133;158m██[38;2;209;118;141m  [38;2;0;3;0m  [38;2;0;0;0m                
[38;2;65;68;65m██[38;2;57;60;57m██[38;2;0;0;0m            [38;2;12;15;15m  [38;2;74;83;99m██[38;2;88;101;112m██[38;2;99;117;127m██[38;2;93;107;116m██[38;2;99;114;125m██[38;2;155;167;103m██[38;2;142;153;96m██[38;2;88;98;79m██[38;2;171;129;124m██[38;2;189;118;138m██[38;2;133;94;104m██[38;2;56;64;70m██[38;2;0;4;4m  [38;2;0;0;0m                  
[38;2;56;58;56m  [38;2;246;246;246m██[38;2;23;28;24m  [38;2;0;0;0m            [38;2;0;3;0m  [38;2;75;86;95m██[38;2;84;101;109m██[38;2;89;103;104m██[38;2;95;105;98m████[38;2;169;171;69m██[38;2;179;152;89m██[38;2;85;77;65m██[38;2;84;78;84m██[38;2;79;89;101m██[38;2;76;89;100m██[38;2;95;110;124m██[38;2;0;1;0m  [38;2;0;0;0m                
[38;2;0;0;0m  [38;2;61;64;61m  [38;2;210;224;217m██[38;2;30;35;31m  [38;2;0;0;0m            [38;2;0;1;0m    [38;2;26;28;9m  [38;2;59;61;21m████[38;2;87;76;83m██[38;2;170;126;92m██[38;2;191;158;81m██[38;2;164;118;96m██[38;2;174;188;144m██[38;2;88;102;112m██[38;2;96;114;124m██[38;2;26;33;33m  [38;2;0;0;0m                
[38;2;0;0;0m  [38;2;0;2;0m  [38;2;185;207;192m██[38;2;202;240;223m██[38;2;0;2;0m  [38;2;0;0;0m                    [38;2;26;25;27m██[38;2;237;176;170m██[38;2;243;166;166m██[38;2;234;222;172m██[38;2;183;190;152m██[38;2;86;98;107m██[38;2;68;71;72m██[38;2;48;68;73m██[38;2;0;0;0m                
[38;2;0;0;0m    [38;2;59;72;64m██[38;2;213;244;227m██[38;2;87;123;108m  [38;2;0;0;0m          [38;2;0;1;0m  [38;2;72;83;90m  [38;2;79;90;98m██[38;2;2;5;3m  [38;2;29;34;39m  [38;2;95;94;96m██[38;2;169;172;135m██[38;2;233;246;177m██[38;2;164;145;126m██[38;2;64;65;68m██[38;2;91;103;103m██[38;2;68;68;73m██[38;2;99;139;145m██[38;2;0;3;0m  [38;2;0;0;0m              
[38;2;0;0;0m    [38;2;93;122;110m██[38;2;173;235;211m██[38;2;140;166;152m██[38;2;0;0;0m          [38;2;103;61;70m██[38;2;90;83;94m██[38;2;88;77;87m██[38;2;1;4;1m  [38;2;56;61;72m██[38;2;5;2;0m  [38;2;141;149;113m██[38;2;231;245;175m██[38;2;148;134;117m██[38;2;88;99;107m██[38;2;80;95;101m██[38;2;122;175;173m██[38;2;119;174;171m██[38;2;38;53;48m  [38;2;0;0;0m              
[38;2;0;0;0m  [38;2;114;159;140m  [38;2;164;222;204m██[38;2;167;230;207m██[38;2;17;26;21m  [38;2;0;0;0m          [38;2;15;10;10m  [38;2;13;18;16m██[38;2;160;102;117m██[38;2;1;5;1m  [38;2;71;101;105m██[38;2;0;3;0m  [38;2;136;180;166m██[38;2;225;241;171m██[38;2;165;106;121m██[38;2;75;70;71m██[38;2;133;100;110m██[38;2;90;152;155m██[38;2;104;146;146m██[38;2;137;185;176m██[38;2;42;59;54m  [38;2;0;0;0m            
[38;2;10;16;13m  [38;2;123;179;163m██[38;2;155;209;195m██[38;2;150;207;190m██[38;2;39;57;50m  [38;2;0;0;0m              [38;2;41;72;74m██[38;2;80;92;105m██[38;2;89;136;147m██[38;2;140;189;179m██[38;2;115;149;149m██[38;2;140;189;179m██[38;2;115;148;142m██[38;2;104;102;104m██[38;2;121;122;122m██[38;2;73;77;77m██[38;2;94;113;110m██[38;2;86;114;107m██[38;2;31;42;38m  [38;2;0;0;0m            
[38;2;35;51;45m██[38;2;100;154;137m██[38;2;141;190;181m██[38;2;140;189;180m██[38;2;137;185;176m██[38;2;21;31;27m  [38;2;0;0;0m            [38;2;2;6;4m  [38;2;89;151;154m██[38;2;95;157;165m██[38;2;82;96;107m██[38;2;110;159;147m██[38;2;140;189;179m████[38;2;141;185;177m██[38;2;137;185;177m██[38;2;130;173;166m██[38;2;79;91;103m██[38;2;122;165;156m██[38;2;0;1;0m  [38;2;0;0;0m            
[38;2;18;27;24m  [38;2;124;168;160m██[38;2;121;172;160m██[38;2;140;189;179m██████[38;2;67;92;86m██[38;2;8;13;11m  [38;2;0;1;0m  [38;2;0;0;0m        [38;2;46;83;82m  [38;2;95;141;150m██[38;2;108;137;139m██[38;2;140;189;179m██[38;2;84;118;115m██[38;2;136;189;179m██[38;2;138;187;179m██[38;2;89;117;117m██[38;2;140;185;179m██[38;2;140;189;179m██[38;2;0;3;0m  [38;2;0;0;0m              
[38;2;0;1;0m  [38;2;106;144;136m  [38;2;124;175;163m██[38;2;128;179;168m██[38;2;140;189;179m██████████[38;2;16;25;20m██[38;2;2;7;3m██████[38;2;76;87;104m██[38;2;102;138;145m██[38;2;87;141;123m██[38;2;140;189;179m██[38;2;137;185;177m██[38;2;95;127;133m██[38;2;95;156;164m██[38;2;40;65;69m  [38;2;75;97;96m██[38;2;53;74;68m  [38;2;0;0;0m                
[38;2;0;0;0m  [38;2;0;1;0m  [38;2;84;115;108m██[38;2;120;172;159m██[38;2;109;162;147m██[38;2;135;184;174m██[38;2;140;189;179m████████████[38;2;126;176;165m██[38;2;109;162;147m██[38;2;112;164;150m██[38;2;140;189;179m████[38;2;139;188;179m██[38;2;104;162;167m██[38;2;89;155;157m██[38;2;17;30;29m  [38;2;0;1;0m  [38;2;0;0;0m                  
[38;2;0;0;0m    [38;2;0;1;0m  [38;2;101;137;130m  [38;2;140;189;179m██[38;2;99;152;136m██[38;2;91;145;128m██[38;2;128;179;168m██[38;2;134;184;173m████[38;2;116;168;154m██[38;2;91;145;128m████[38;2;138;187;178m██[38;2;140;189;179m████[38;2;137;187;179m██[38;2;95;156;164m██[38;2;87;152;153m██[38;2;0;3;0m  [38;2;0;0;0m                      
[38;2;0;0;0m      [38;2;0;1;0m  [38;2;49;69;63m██[38;2;125;169;161m██[38;2;140;189;179m██[38;2;123;174;162m██[38;2;120;171;159m████[38;2;128;179;168m██[38;2;140;189;179m████████[38;2;109;170;169m██[38;2;103;163;166m██[38;2;33;57;58m██[38;2;14;27;26m  [38;2;0;0;0m                        
[38;2;0;0;0m          [38;2;0;2;0m  [38;2;40;56;51m  [38;2;113;154;146m██[38;2;123;167;159m██[38;2;140;189;179m██████[38;2;128;173;164m██[38;2;113;154;146m██[38;2;78;127;134m██[38;2;0;3;0m    [38;2;0;0;0m                            
[38;2;0;0;0m              [38;2;0;1;0m  [38;2;14;21;18m  [38;2;37;54;48m██████[38;2;20;30;26m  [38;2;0;1;0m    [38;2;0;0;0m                                [0m
