
[38;2;0;0;0m                                        ██████                              
[38;2;0;0;0m                                    ████[38;2;115;176;163m████[38;2;115;173;163m██[38;2;0;0;0m████                          
[38;2;0;0;0m                                  ██[38;2;115;173;163m████[38;2;115;176;163m████[38;2;115;173;163m██████[38;2;0;0;0m██                        
[38;2;0;0;0m                                ██[38;2;115;173;163m██[38;2;115;176;163m████████████[38;2;115;173;163m██[38;2;0;0;0m██                        
[38;2;0;0;0m                                ██[38;2;115;173;163m██[38;2;115;176;163m██████[38;2;66;66;66m████[38;2;115;176;163m██[38;2;115;173;163m████[38;2;0;0;0m██                      
[38;2;0;0;0m                                ██[38;2;115;173;163m██████[38;2;0;0;0m████[38;2;173;214;173m████[38;2;115;173;163m████[38;2;0;0;0m██  ████████            
[38;2;0;0;0m                              ██[38;2;115;173;163m██████[38;2;0;0;0m██    ██[38;2;173;214;173m████[38;2;115;173;163m██[38;2;66;66;66m██[38;2;0;0;0m██[38;2;239;247;239m████████[38;2;0;0;0m██          
[38;2;0;0;0m                  ██[38;2;0;4;0m████[38;2;0;0;0m██    ██[38;2;115;176;163m████[38;2;115;173;163m██[38;2;0;0;0m██    ██[38;2;173;214;173m████[38;2;115;173;163m██[38;2;66;66;66m██[38;2;239;247;239m████████████[38;2;0;0;0m██        
[38;2;0;0;0m              ████[38;2;239;247;239m██[38;2;255;255;247m██[38;2;170;171;165m██[38;2;189;189;173m██[38;2;0;0;0m████[38;2;66;66;66m██[38;2;115;176;163m████[38;2;115;173;163m██[38;2;0;0;0m██  ██[38;2;173;214;173m████[38;2;115;173;163m████[38;2;66;66;66m██[38;2;239;247;239m████████████[38;2;0;0;0m██        
[38;2;0;0;0m            ██[38;2;239;239;231m██[38;2;239;247;239m████[38;2;189;189;173m██[38;2;239;247;239m██████████[38;2;49;74;73m██[38;2;140;164;156m██[38;2;0;0;0m██    ██[38;2;173;217;173m████[38;2;115;176;163m██████[38;2;66;66;66m██[38;2;239;247;239m████████[38;2;189;189;173m██[38;2;0;0;0m██  ██    
[38;2;0;0;0m            ██[38;2;159;159;154m██[38;2;239;247;239m██████████[38;2;189;189;173m████[38;2;239;247;239m██[38;2;231;255;239m████[38;2;0;0;0m██  ██[38;2;173;214;173m██[38;2;173;217;173m████[38;2;115;176;163m██████[38;2;66;66;66m██[38;2;239;247;239m██[38;2;115;173;163m██[38;2;239;247;239m████[38;2;189;189;173m████[38;2;0;0;0m██[38;2;239;247;239m██[38;2;0;0;0m██  
[38;2;0;0;0m          ██[38;2;247;222;55m████[38;2;156;148;132m██[38;2;239;247;239m████████████[38;2;156;148;132m██[38;2;239;247;239m██████[38;2;0;0;0m██[38;2;173;214;173m████[38;2;184;196;181m██[38;2;74;78;66m██[38;2;57;70;65m██[38;2;139;162;155m██[38;2;115;176;163m████[38;2;66;66;66m██[38;2;115;176;163m██[38;2;239;247;239m██████[38;2;181;187;181m██[38;2;239;247;239m████[38;2;0;0;0m██  
[38;2;0;0;0m    ████  ██[38;2;255;165;215m██[38;2;247;222;55m██[38;2;156;148;132m██[38;2;239;247;239m██[38;2;66;66;66m██████[38;2;239;247;239m██████[38;2;189;189;173m██[38;2;239;247;239m████[38;2;80;82;80m██[38;2;239;247;239m██[38;2;173;214;173m██[38;2;129;137;124m██[38;2;239;255;239m██[38;2;222;255;246m██[38;2;57;70;65m██[38;2;115;176;163m████████[38;2;115;173;163m██[38;2;239;247;239m████[38;2;66;66;66m██[38;2;239;247;239m██[38;2;0;0;0m██    
[38;2;0;0;0m  ██[38;2;115;176;163m████[38;2;8;4;8m██[38;2;44;60;60m██[38;2;144;150;88m██[38;2;231;231;95m██[38;2;120;148;115m██[38;2;57;103;129m██[38;2;247;222;55m██████[38;2;66;66;66m██[38;2;239;247;239m████████████[38;2;66;66;66m██[38;2;239;247;239m██████[38;2;66;66;66m████[38;2;57;70;65m██[38;2;139;162;155m██[38;2;115;176;163m████[38;2;66;70;66m██[38;2;173;198;189m██[38;2;239;247;239m████[38;2;66;66;66m████[38;2;0;0;0m██  
[38;2;0;0;0m██[38;2;115;173;163m██[38;2;115;176;163m████[38;2;115;173;163m████[38;2;57;70;81m████[38;2;120;148;115m██[38;2;247;239;87m██[38;2;239;140;199m████[38;2;247;222;55m████[38;2;66;66;66m██[38;2;239;247;239m████[38;2;189;189;173m██[38;2;239;247;239m████[38;2;66;66;66m██[38;2;239;247;239m██████████[38;2;222;255;246m██[38;2;57;70;65m██[38;2;115;176;163m████[38;2;137;155;148m██[38;2;66;70;66m██[38;2;189;189;173m██[38;2;239;247;239m██████[38;2;189;189;173m██[38;2;0;0;0m██
[38;2;0;0;0m██[38;2;115;165;155m██[38;2;115;176;163m██[38;2;66;66;66m██[38;2;115;176;163m████[38;2;115;173;163m████████[38;2;247;156;207m████[38;2;247;222;55m████[38;2;66;70;66m██[38;2;239;255;239m██[38;2;239;247;239m████[38;2;156;148;132m██[38;2;239;247;239m████[38;2;66;66;66m██[38;2;239;247;239m██[38;2;189;189;173m██[38;2;187;187;176m██[38;2;247;247;231m██[38;2;66;66;66m██[38;2;115;176;163m██[38;2;115;173;163m██[38;2;173;214;173m██[38;2;132;170;148m██[38;2;66;66;66m██[38;2;189;189;173m██[38;2;66;66;66m██[38;2;189;189;173m████[38;2;0;0;0m██  
[38;2;0;0;0m██[38;2;57;82;77m██[38;2;115;176;163m████████[38;2;173;214;173m██[38;2;115;173;163m████[38;2;173;214;173m██[38;2;115;173;163m████[38;2;173;214;173m████[38;2;181;193;181m██[38;2;66;70;66m██[38;2;239;247;239m████[38;2;156;148;132m██[38;2;239;247;239m██[38;2;181;187;181m██[38;2;66;66;66m██[38;2;239;247;239m████[38;2;187;187;176m██[38;2;66;66;66m██[38;2;115;176;163m████[38;2;173;214;173m██[38;2;115;173;163m██[38;2;165;222;189m██[38;2;66;66;66m██[38;2;189;189;173m████[38;2;0;0;0m████    
[38;2;0;0;0m██[38;2;173;214;173m██[38;2;165;222;181m██[38;2;129;170;142m██[38;2;115;173;163m██[38;2;173;214;173m████[38;2;137;165;137m██[38;2;66;66;66m██[38;2;137;165;137m██[38;2;173;214;173m████[38;2;181;206;173m██[38;2;66;66;66m██[38;2;173;214;173m██[38;2;66;66;66m██[38;2;239;247;239m████[38;2;189;189;173m██[38;2;66;66;66m██[38;2;181;187;181m██[38;2;66;66;66m██[38;2;239;247;239m██████[38;2;189;189;173m██[38;2;57;70;65m██[38;2;139;162;155m██[38;2;57;70;65m██[38;2;139;162;155m██[38;2;123;173;163m██[38;2;52;60;60m██[38;2;0;0;0m████        
[38;2;0;0;0m  ██[38;2;129;170;142m██[38;2;57;66;65m██[38;2;173;214;173m██████[38;2;66;66;66m██[38;2;173;214;173m██[38;2;66;66;66m██[38;2;173;214;173m██[38;2;66;66;66m████[38;2;181;206;173m██[38;2;137;165;137m██[38;2;66;66;66m██[38;2;189;189;173m██████[38;2;66;66;66m████[38;2;239;247;239m████████[38;2;189;189;173m██[38;2;222;255;246m██[38;2;57;70;65m██[38;2;222;255;246m██[38;2;57;70;65m██[38;2;52;60;60m██[38;2;16;4;8m██[38;2;0;0;0m            
[38;2;0;0;0m    ██[38;2;189;189;173m██[38;2;66;66;66m████[38;2;173;214;173m████[38;2;148;160;148m██[38;2;66;66;66m██[38;2;80;82;80m██[38;2;239;247;239m██[38;2;189;189;173m██[38;2;0;0;0m██[38;2;132;156;132m██[38;2;66;78;66m██[38;2;189;192;173m████[38;2;189;189;173m██[38;2;66;66;66m██[38;2;189;189;173m██[38;2;239;247;239m████████████████[38;2;189;189;173m██[38;2;189;190;173m██[38;2;156;148;132m██[38;2;0;0;0m██          
[38;2;0;0;0m      ██[38;2;239;247;239m████[38;2;66;66;66m██████[38;2;231;255;231m██[38;2;239;247;239m██[38;2;0;0;0m████  ██[38;2;66;78;66m██[38;2;189;192;173m████[38;2;66;66;66m██[38;2;148;148;137m██[38;2;189;189;173m████[38;2;239;247;239m████████[38;2;184;181;168m██[38;2;156;148;132m██[38;2;189;189;173m████[38;2;189;190;173m████[38;2;189;189;173m██[38;2;0;0;0m██        
[38;2;0;0;0m        ████[38;2;159;165;154m██[38;2;239;247;231m████[38;2;159;165;154m██[38;2;0;0;0m██        ██[38;2;66;66;66m████[38;2;156;148;132m██████[38;2;184;181;168m██[38;2;239;247;239m████[38;2;156;148;132m██[38;2;239;247;239m██████[38;2;159;159;149m████[38;2;156;148;132m██[38;2;0;0;0m████          
[38;2;0;0;0m            ██[38;2;239;247;231m████[38;2;0;0;0m██            ██████[38;2;156;148;132m██[38;2;239;247;239m████[38;2;156;148;132m██[38;2;239;247;239m████[38;2;156;148;132m██[38;2;189;189;173m██[38;2;239;247;239m██[38;2;239;239;223m██[38;2;0;0;0m████              
[38;2;0;0;0m              ████                    ██[38;2;255;255;247m██[38;2;170;171;165m██[38;2;0;0;0m████[38;2;239;247;239m████[38;2;0;0;0m██████                  [0m
