
[38;2;0;0;0m                            ████████                        
[38;2;0;0;0m            ████      ████[38;2;8;8;8m██[38;2;255;255;255m████████[38;2;0;0;0m██                      
[38;2;0;0;0m            ██[38;2;255;255;255m██[38;2;0;0;0m██  ██[38;2;255;255;255m████[38;2;173;173;173m██[38;2;255;255;255m██████████[38;2;0;0;0m██                    
[38;2;0;0;0m            ██[38;2;173;173;173m██[38;2;255;255;255m██[38;2;8;8;8m██[38;2;173;173;173m██[38;2;255;255;255m██████████████[38;2;198;198;190m██[38;2;0;0;0m██                    
[38;2;0;0;0m              [38;2;8;8;8m██[38;2;255;255;255m██████████████████████[38;2;198;198;190m██[38;2;0;0;0m██                  
[38;2;0;0;0m                ██[38;2;255;255;255m████████████[38;2;198;198;190m██[38;2;255;255;255m████[38;2;198;198;190m██[38;2;198;200;190m████[38;2;0;0;0m██                
[38;2;0;0;0m                ██[38;2;66;66;66m████[38;2;198;198;190m██[38;2;255;255;255m██████[38;2;198;198;190m████████[38;2;198;200;190m████[38;2;0;0;0m██                
[38;2;0;0;0m              ██[38;2;132;123;196m██[38;2;115;107;171m████[38;2;66;61;74m██[38;2;198;189;214m██[38;2;198;198;190m██[38;2;66;66;66m██[38;2;198;198;190m████████[38;2;189;189;213m██[38;2;63;63;76m██[38;2;0;0;0m██                
[38;2;0;0;0m            ██[38;2;132;123;196m████[38;2;140;127;220m██[38;2;66;66;74m██[38;2;154;146;167m██[38;2;66;61;74m██[38;2;66;66;66m██████[38;2;198;198;190m████[38;2;66;66;66m██[38;2;63;63;76m██[38;2;126;126;145m██[38;2;115;103;187m██[38;2;0;0;0m██              
[38;2;0;0;0m          ██[38;2;148;132;196m██████[38;2;66;66;66m██[38;2;156;140;204m██[38;2;156;148;212m██[38;2;142;127;198m██[38;2;148;132;196m██[38;2;66;66;66m██[38;2;148;132;196m██[38;2;65;66;65m████[38;2;148;132;196m██[38;2;66;66;66m██[38;2;148;132;196m██[38;2;145;130;199m████[38;2;0;0;0m██            
[38;2;0;0;0m          ██[38;2;148;132;196m████[38;2;65;66;65m██[38;2;156;140;204m████[38;2;156;148;212m██[38;2;142;127;198m██[38;2;66;66;66m██[38;2;148;132;196m████████████[38;2;66;66;66m██[38;2;145;130;199m████[38;2;0;0;0m██            
[38;2;0;0;0m        ██[38;2;145;130;199m████[38;2;148;132;196m██[38;2;66;66;66m██[38;2;145;130;199m████████[38;2;66;66;66m██[38;2;148;132;196m██[38;2;145;130;199m████████[38;2;148;132;196m██[38;2;66;66;66m██[38;2;145;130;199m████[38;2;148;132;196m██[38;2;0;0;0m██          
[38;2;0;0;0m        ██[38;2;145;130;199m████[38;2;66;66;66m██[38;2;148;132;196m██[38;2;145;130;199m████████[38;2;66;66;66m██[38;2;148;132;196m██[38;2;145;130;199m████████[38;2;148;132;196m██[38;2;66;66;66m██[38;2;145;130;199m████[38;2;148;132;196m██[38;2;0;0;0m██          
[38;2;0;0;0m        ██[38;2;142;126;196m██[38;2;247;99;87m██[38;2;74;66;98m██[38;2;134;126;92m██[38;2;145;130;199m████[38;2;148;132;196m██[38;2;66;66;66m██[38;2;145;130;199m████████████████[38;2;66;66;66m██[38;2;148;132;196m████[38;2;0;0;0m██          
[38;2;0;0;0m        ██[38;2;142;126;196m██[38;2;247;99;87m██[38;2;74;66;98m██[38;2;255;247;79m██[38;2;145;130;199m████[38;2;148;132;196m██[38;2;66;66;66m██[38;2;145;130;199m████████████████[38;2;66;66;66m██[38;2;148;132;196m████[38;2;0;0;0m██          
[38;2;0;0;0m        ██[38;2;145;130;199m████[38;2;74;66;98m██[38;2;255;247;79m██[38;2;140;127;196m████[38;2;247;247;47m██[38;2;66;66;66m██[38;2;145;130;199m████[38;2;247;99;87m██[38;2;142;126;196m██[38;2;145;130;199m████████[38;2;66;66;66m██[38;2;140;127;212m██[38;2;115;103;187m██[38;2;0;0;0m██          
[38;2;0;0;0m        ██[38;2;145;130;199m████[38;2;74;66;98m██[38;2;134;126;92m██[38;2;247;239;31m██[38;2;211;202;86m██[38;2;247;247;47m██[38;2;66;66;66m██[38;2;145;130;199m████[38;2;247;99;87m██[38;2;142;126;196m██[38;2;145;130;199m████████[38;2;66;66;66m██[38;2;115;107;163m██[38;2;115;103;187m██[38;2;0;0;0m██          
[38;2;0;0;0m          ██[38;2;148;132;196m██[38;2;110;104;182m██[38;2;247;247;47m██[38;2;211;202;86m██[38;2;247;239;31m██[38;2;134;126;92m██[38;2;74;66;98m██[38;2;145;130;199m████████████[38;2;140;127;212m██[38;2;66;66;66m██[38;2;112;106;184m████[38;2;0;0;0m██            
[38;2;0;0;0m          ██[38;2;148;132;196m██[38;2;110;104;182m██[38;2;247;247;47m██[38;2;140;127;196m████[38;2;255;247;79m██[38;2;74;66;98m██[38;2;145;130;199m████████████[38;2;115;107;163m██[38;2;66;66;66m██[38;2;112;106;184m████[38;2;0;0;0m██            
[38;2;0;0;0m            ██[38;2;140;127;220m██[38;2;115;107;171m██[38;2;111;102;183m████[38;2;255;255;79m██[38;2;90;86;154m██[38;2;115;107;171m██[38;2;140;127;220m██[38;2;143;132;204m██[38;2;115;103;179m██[38;2;115;107;187m████[38;2;66;66;66m██[38;2;121;115;169m██[38;2;165;148;221m██[38;2;0;0;8m██[38;2;0;0;0m              
[38;2;0;0;0m            ██[38;2;66;66;74m██[38;2;115;107;171m██[38;2;198;189;254m████[38;2;145;142;129m██[38;2;90;86;154m██[38;2;66;66;74m██[38;2;115;107;171m██[38;2;115;103;179m██[38;2;198;189;254m████[38;2;156;148;220m██[38;2;66;66;66m██[38;2;148;140;220m██[38;2;110;99;150m██[38;2;165;148;221m██[38;2;0;0;0m████          
[38;2;0;0;0m        ████[38;2;156;148;212m██[38;2;165;156;213m██[38;2;55;55;71m██[38;2;0;0;0m██[38;2;198;189;254m██████[38;2;66;66;90m██[38;2;198;189;254m████[38;2;156;148;216m██[38;2;156;148;212m██[38;2;112;104;184m██[38;2;57;57;89m██[38;2;0;4;0m██[38;2;0;0;0m██[38;2;156;148;212m██████[38;2;0;0;0m████████  
[38;2;0;0;0m████████[38;2;156;148;212m██████[38;2;0;4;0m████[38;2;0;0;0m  ██[38;2;159;151;213m████[38;2;110;107;145m██[38;2;154;148;199m██[38;2;156;148;216m██[38;2;115;107;179m██[38;2;156;148;212m████[38;2;115;111;179m██[38;2;0;4;0m██[38;2;0;0;0m  ████[38;2;156;148;212m██[38;2;181;165;133m████[38;2;206;181;62m████[38;2;0;0;0m██
[38;2;0;0;0m██[38;2;214;181;70m████[38;2;206;181;62m██████[38;2;0;0;0m██        ██[38;2;206;127;150m██[38;2;137;126;196m████[38;2;148;107;164m██[38;2;60;44;55m██[38;2;0;0;0m██[38;2;198;189;254m████[38;2;159;151;213m██[38;2;0;0;0m██    ████[38;2;206;181;62m████[38;2;0;0;0m██  
[38;2;0;0;0m  [38;2;8;4;8m██[38;2;145;122;49m██[38;2;206;181;62m██[38;2;0;0;0m████          ██[38;2;206;127;150m██[38;2;247;99;87m████[38;2;104;75;109m██[38;2;16;12;0m██[38;2;0;0;0m  ██[38;2;198;189;254m██████[38;2;0;0;0m██      ████    
[38;2;0;0;0m    ████            ██[38;2;239;99;87m██[38;2;159;66;58m██[38;2;247;99;87m██[38;2;152;66;64m██[38;2;239;99;87m██[38;2;159;66;58m██[38;2;0;0;0m████[38;2;159;154;45m████[38;2;156;131;60m██[38;2;247;247;47m██[38;2;8;0;0m████[38;2;0;0;0m          
[38;2;0;0;0m                      ████[38;2;247;99;87m██[38;2;152;66;64m██[38;2;0;0;0m████    [38;2;0;0;8m██[38;2;239;231;63m██[38;2;247;247;47m████[38;2;255;255;63m██[38;2;173;170;42m██[38;2;0;0;0m████      
[38;2;0;0;0m                          ████          ██[38;2;247;247;47m██[38;2;206;181;62m██[38;2;247;247;47m████[38;2;255;255;63m██[38;2;173;170;42m██[38;2;0;0;0m██    
[38;2;0;0;0m                                        ██[38;2;247;247;47m████[38;2;206;181;62m██[38;2;247;247;47m██[38;2;8;0;0m████[38;2;0;0;0m      
[38;2;0;0;0m                                          ██[38;2;247;247;47m██[38;2;0;0;0m████          [0m
