
[38;2;0;0;0m                                  [38;2;49;49;49m██[38;2;0;0;0m      
[38;2;0;0;0m                                [38;2;49;49;49m██[38;2;255;255;115m██[38;2;49;49;49m██[38;2;0;0;0m    
[38;2;0;0;0m                                [38;2;49;49;49m██[38;2;255;255;115m██[38;2;49;49;49m██[38;2;0;0;0m    
[38;2;0;0;0m                              [38;2;49;49;49m██[38;2;255;255;115m████[38;2;213;189;41m██[38;2;49;49;49m██[38;2;0;0;0m  
[38;2;0;0;0m                  [38;2;49;49;49m██████[38;2;0;0;0m      [38;2;49;49;49m██[38;2;213;189;41m████[38;2;255;255;115m██[38;2;49;49;49m██[38;2;0;0;0m  
[38;2;0;0;0m                [38;2;49;49;49m██[38;2;255;255;255m██████[38;2;49;49;49m██[38;2;0;0;0m  [38;2;49;49;49m██[38;2;255;255;115m██████[38;2;213;189;41m████[38;2;49;49;49m██
[38;2;0;0;0m                [38;2;49;49;49m██[38;2;255;255;255m██████[38;2;82;82;82m██[38;2;49;49;49m████[38;2;82;82;82m██[38;2;255;255;115m██[38;2;213;189;41m████[38;2;49;49;49m██[38;2;0;0;0m  
[38;2;0;0;0m          [38;2;49;49;49m██████[38;2;255;255;255m████[38;2;180;180;197m██[38;2;82;82;82m██[38;2;82;156;230m████[38;2;255;255;115m██[38;2;213;189;41m██[38;2;82;82;82m████[38;2;49;49;49m██[38;2;0;0;0m    
[38;2;0;0;0m      [38;2;49;49;49m████[38;2;131;189;246m██[38;2;255;255;115m████[38;2;82;82;82m████[38;2;82;156;230m██[38;2;255;238;189m████[38;2;131;189;246m██[38;2;82;156;230m████[38;2;213;189;41m██[38;2;49;49;49m██[38;2;0;0;0m      
[38;2;0;0;0m    [38;2;49;49;49m██[38;2;255;238;189m██[38;2;82;156;230m██[38;2;255;255;115m████████[38;2;213;189;41m██[38;2;82;82;82m██[38;2;82;156;230m██[38;2;255;238;189m██████[38;2;82;82;82m████[38;2;49;49;49m██[38;2;0;0;0m      
[38;2;0;0;0m  [38;2;49;49;49m██[38;2;255;238;189m██[38;2;82;82;82m██[38;2;82;156;230m██[38;2;255;255;255m██[38;2;255;255;115m████████[38;2;213;189;41m██[38;2;82;82;82m██[38;2;82;156;230m██[38;2;255;255;115m██[38;2;82;82;82m██[38;2;255;255;255m██████[38;2;49;49;49m██[38;2;0;0;0m    
[38;2;0;0;0m  [38;2;49;49;49m██[38;2;82;156;230m████[38;2;255;255;115m████████████[38;2;213;189;41m████[38;2;82;82;82m██[38;2;82;156;230m██[38;2;180;180;197m██[38;2;255;255;255m██████[38;2;49;49;49m██[38;2;0;0;0m    
[38;2;0;0;0m  [38;2;49;49;49m██[38;2;213;189;41m██[38;2;255;255;115m████████[38;2;131;189;246m██[38;2;82;156;230m████[38;2;213;189;41m████[38;2;82;82;82m████[38;2;255;255;255m████[38;2;180;180;197m████[38;2;49;49;49m██[38;2;0;0;0m    
[38;2;0;0;0m  [38;2;49;49;49m██[38;2;82;156;230m████[38;2;213;189;41m██[38;2;255;255;115m██[38;2;131;189;246m██[38;2;82;82;82m██[38;2;255;238;189m████[38;2;82;156;230m██[38;2;213;189;41m██[38;2;82;82;82m██[38;2;213;189;41m██[38;2;82;82;82m████[38;2;213;189;41m██[38;2;49;49;49m██[38;2;0;0;0m      
[38;2;49;49;49m██[38;2;82;156;230m██[38;2;82;82;82m██[38;2;82;156;230m████[38;2;213;189;41m██[38;2;131;189;246m██[38;2;255;238;189m██[38;2;82;82;82m██[38;2;255;238;189m██[38;2;82;156;230m██[38;2;213;189;41m██[38;2;82;82;82m██[38;2;213;189;41m████[38;2;49;49;49m████[38;2;0;0;0m        
[38;2;49;49;49m██████[38;2;41;106;172m██[38;2;82;156;230m██[38;2;213;189;41m██[38;2;82;156;230m██[38;2;255;238;189m████[38;2;82;82;82m██[38;2;82;156;230m██[38;2;213;189;41m██[38;2;49;49;49m██████[38;2;0;0;0m            
[38;2;0;0;0m      [38;2;49;49;49m██[38;2;41;106;172m██[38;2;82;82;82m██[38;2;213;189;41m██[38;2;82;156;230m██████[38;2;213;189;41m██[38;2;49;49;49m██[38;2;0;0;0m                  
[38;2;0;0;0m        [38;2;49;49;49m██[38;2;82;156;230m██[38;2;49;49;49m██████████[38;2;0;0;0m                    
[38;2;0;0;0m        [38;2;49;49;49m████[38;2;0;0;0m                              [0m
