
[38;2;0;0;0m            ████████            
[38;2;0;0;0m        ████[38;2;99;189;123m████████[38;2;0;0;0m████        
[38;2;0;0;0m      ██[38;2;99;189;123m████[38;2;118;185;113m██[38;2;90;127;106m██[38;2;90;127;98m████[38;2;99;189;123m████[38;2;0;0;0m██      
[38;2;0;0;0m    ██[38;2;99;189;123m██[38;2;140;214;108m████[38;2;90;127;106m██[38;2;132;214;116m██[38;2;181;247;149m██[38;2;151;207;132m██[38;2;90;123;106m██[38;2;99;189;123m████[38;2;0;0;0m██    
[38;2;0;0;0m  ██[38;2;99;189;123m██[38;2;140;214;108m██[38;2;255;255;255m████[38;2;123;168;120m██[38;2;189;239;165m██████[38;2;90;127;106m██[38;2;107;189;123m██[38;2;99;192;123m████[38;2;0;0;0m██  
[38;2;0;0;0m  ██[38;2;99;189;123m██[38;2;140;214;108m██[38;2;255;255;255m████[38;2;189;239;165m██[38;2;90;132;98m██[38;2;90;123;106m████[38;2;101;168;117m██[38;2;90;127;106m██[38;2;99;192;123m████[38;2;0;0;0m██  
[38;2;0;0;0m██[38;2;99;189;123m██[38;2;115;170;126m██[38;2;82;132;106m██[38;2;189;239;165m██████[38;2;139;214;107m██[38;2;189;239;165m██████[38;2;139;214;107m██[38;2;90;127;106m██[38;2;107;189;123m██[38;2;99;189;123m██[38;2;0;0;0m██
[38;2;0;0;0m██[38;2;99;189;123m██[38;2;82;132;106m██[38;2;181;247;165m██[38;2;66;66;66m██[38;2;189;239;165m██[38;2;139;214;107m██[38;2;189;239;165m██████████[38;2;101;168;117m██[38;2;90;127;106m██[38;2;99;189;123m██[38;2;0;0;0m██
[38;2;0;0;0m██[38;2;99;189;123m██[38;2;90;127;98m██[38;2;181;247;149m██[38;2;0;0;0m██[38;2;189;239;165m██[38;2;255;148;143m██[38;2;189;239;165m████████████[38;2;90;123;106m██[38;2;99;189;123m██[38;2;0;0;0m██
[38;2;0;0;0m██[38;2;99;189;123m██[38;2;90;127;98m██[38;2;151;207;132m██[38;2;189;239;165m████[38;2;255;148;143m████[38;2;189;239;165m██[38;2;66;66;66m██[38;2;189;239;165m██████[38;2;90;123;106m██[38;2;99;189;123m██[38;2;0;0;0m██
[38;2;0;0;0m██[38;2;99;189;123m████[38;2;90;123;106m██[38;2;115;181;107m██[38;2;189;247;157m██[38;2;214;115;118m██[38;2;156;222;124m██[38;2;189;239;165m██[38;2;0;0;0m██[38;2;189;239;165m████[38;2;140;214;108m██[38;2;91;123;107m██[38;2;99;189;123m██[38;2;0;0;0m██
[38;2;0;0;0m  ██[38;2;99;189;123m██[38;2;90;123;106m██[38;2;140;203;124m██[38;2;115;181;107m██[38;2;156;222;124m████[38;2;189;239;165m██████[38;2;139;214;107m██[38;2;115;169;107m██[38;2;91;123;107m██[38;2;99;189;123m██[38;2;0;0;0m██
[38;2;0;0;0m██[38;2;99;189;123m██[38;2;66;66;66m██[38;2;99;189;123m██[38;2;90;127;106m██[38;2;93;148;112m██[38;2;140;217;108m████[38;2;115;173;115m████[38;2;140;214;108m██[38;2;98;148;114m██[38;2;90;123;106m██[38;2;99;189;123m██[38;2;107;189;131m██[38;2;0;0;0m██
[38;2;0;0;0m██[38;2;99;189;123m██[38;2;66;66;66m██[38;2;99;189;123m████[38;2;93;148;112m██[38;2;140;217;108m████[38;2;115;173;115m██[38;2;140;214;108m██[38;2;98;148;114m████[38;2;99;189;123m████[38;2;71;126;87m██[38;2;0;0;0m██
[38;2;0;0;0m██[38;2;99;189;123m██[38;2;107;181;123m██[38;2;53;90;61m██[38;2;99;192;123m████[38;2;99;148;115m██[38;2;132;219;110m████[38;2;99;148;115m██[38;2;99;189;123m██████[38;2;66;66;66m██[38;2;0;0;0m██  
[38;2;0;0;0m  ██████[38;2;99;192;123m████[38;2;115;184;113m██[38;2;99;148;115m████[38;2;115;184;113m██[38;2;66;66;66m██████[38;2;99;189;123m██[38;2;0;0;0m██  
[38;2;0;0;0m        ████[38;2;99;189;123m████[38;2;107;181;123m██[38;2;53;90;61m██[38;2;99;192;123m████[38;2;99;189;123m████[38;2;0;0;0m██  
[38;2;0;0;0m            ████████[38;2;99;192;123m████[38;2;99;189;123m██[38;2;0;0;0m██    
[38;2;0;0;0m                    ██████      [0m
