
[38;2;0;0;0m                [38;2;27;11;11m  [38;2;57;23;24m██[38;2;0;0;0m                  
[38;2;0;0;0m                [38;2;196;79;83m██[38;2;99;71;72m██[38;2;70;70;67m  [38;2;0;0;0m                
[38;2;0;0;0m              [38;2;210;86;89m██[38;2;199;87;89m██[38;2;103;103;101m██[38;2;119;120;114m██[38;2;0;0;0m                
[38;2;0;0;0m              [38;2;36;28;28m  [38;2;83;58;58m██[38;2;87;87;86m██[38;2;189;192;181m██[38;2;0;0;0m                
[38;2;0;0;0m        [38;2;85;88;88m██[38;2;134;138;138m██[38;2;143;143;143m██[38;2;67;67;67m██[38;2;152;157;157m██[38;2;246;246;246m██[38;2;117;120;111m██[38;2;156;150;141m██[38;2;0;0;0m              
[38;2;0;0;0m        [38;2;211;219;219m██[38;2;231;239;239m██[38;2;70;70;70m██[38;2;201;208;208m██[38;2;221;225;224m██[38;2;253;253;253m██[38;2;181;181;173m██[38;2;70;69;66m██[38;2;2;2;2m  [38;2;0;0;0m            
[38;2;0;0;0m        [38;2;230;239;239m████[38;2;234;241;241m██[38;2;239;244;244m██[38;2;210;210;204m██[38;2;188;188;180m██[38;2;130;130;126m██[38;2;108;111;106m██[38;2;53;53;51m██[38;2;0;0;0m            
[38;2;0;0;0m      [38;2;177;183;183m  [38;2;230;239;239m████[38;2;253;254;254m██[38;2;197;197;190m██[38;2;189;189;181m██[38;2;76;76;75m██[38;2;130;130;126m██[38;2;83;88;83m██[38;2;94;97;94m██[38;2;0;0;0m            
[38;2;0;0;0m      [38;2;214;214;214m██[38;2;255;255;255m██[38;2;229;229;226m██[38;2;210;210;205m██[38;2;189;189;181m██[38;2;106;104;90m██[38;2;246;230;150m██[38;2;102;102;100m██[38;2;145;146;144m██[38;2;192;194;189m██[38;2;0;0;0m            
[38;2;0;0;0m      [38;2;9;9;9m  [38;2;231;232;228m██[38;2;189;192;181m██[38;2;139;139;134m██[38;2;71;71;70m██[38;2;156;144;105m██[38;2;73;73;62m██[38;2;118;123;118m██[38;2;227;234;234m██[38;2;165;156;149m██[38;2;161;161;154m  [38;2;0;0;0m          
[38;2;0;0;0m        [38;2;185;185;183m██[38;2;193;195;189m██[38;2;93;93;91m██[38;2;121;125;124m██[38;2;74;75;80m██[38;2;130;125;117m██[38;2;173;178;176m██[38;2;165;156;149m████[38;2;167;163;156m██[38;2;31;30;29m  [38;2;0;0;0m        
[38;2;0;0;0m        [38;2;24;24;24m██[38;2;235;235;235m██[38;2;117;117;114m██[38;2;63;67;78m██[38;2;78;81;93m██[38;2;221;230;245m██[38;2;115;115;123m██[38;2;164;155;148m██[38;2;164;155;149m██[38;2;166;157;150m██[38;2;66;63;60m██[38;2;0;0;0m        
[38;2;0;0;0m        [38;2;100;102;99m██[38;2;139;140;134m██[38;2;90;90;89m██[38;2;150;154;154m██[38;2;189;195;195m██[38;2;165;156;149m██[38;2;151;145;141m██[38;2;142;137;137m██[38;2;133;128;122m██[38;2;191;191;184m██[38;2;173;176;173m██[38;2;55;58;60m██[38;2;92;95;95m██[38;2;0;0;0m    
[38;2;2;2;2m  [38;2;8;8;7m██[38;2;189;192;181m██[38;2;189;189;181m██[38;2;135;135;135m██[38;2;253;254;254m██[38;2;231;238;238m████[38;2;234;242;242m██[38;2;167;161;152m██[38;2;139;135;135m██[38;2;119;118;125m██[38;2;164;157;148m██[38;2;71;71;72m██[38;2;186;191;194m██[38;2;202;207;208m██[38;2;181;185;181m██[38;2;146;149;144m██[38;2;1;1;1m  
[38;2;30;30;32m██[38;2;116;117;124m██[38;2;189;190;181m██[38;2;185;188;181m██[38;2;129;134;131m██[38;2;239;247;243m██[38;2;240;245;245m████[38;2;237;243;243m██[38;2;233;241;241m██[38;2;164;156;148m██[38;2;162;154;147m██[38;2;139;138;139m██[38;2;76;76;77m██[38;2;183;184;188m██[38;2;190;195;196m██[38;2;120;121;120m██[38;2;182;181;174m██[38;2;43;41;39m██
[38;2;0;0;0m  [38;2;70;73;97m██[38;2;104;104;101m██[38;2;85;88;84m██[38;2;174;179;175m██[38;2;227;235;227m██[38;2;255;255;255m██[38;2;249;249;248m████[38;2;238;238;238m██[38;2;175;171;163m██[38;2;116;116;124m██[38;2;113;110;107m██[38;2;241;241;241m██[38;2;255;255;255m██[38;2;216;223;223m██[38;2;197;200;194m██[38;2;47;47;47m  [38;2;0;0;0m  
[38;2;0;0;0m  [38;2;25;27;42m  [38;2;52;52;49m██[38;2;73;73;72m██[38;2;210;217;215m██[38;2;239;247;239m██[38;2;214;214;209m██[38;2;190;193;182m██[38;2;153;155;147m██[38;2;140;140;136m██[38;2;176;171;164m██[38;2;84;85;94m██[38;2;124;130;140m██[38;2;247;255;247m██[38;2;182;182;182m██[38;2;74;78;102m██[38;2;150;150;144m██[38;2;0;0;0m    
[38;2;0;0;0m    [38;2;7;7;7m  [38;2;72;75;71m██[38;2;163;169;167m██[38;2;73;75;82m██[38;2;172;172;165m██[38;2;188;190;180m██[38;2;189;192;180m██████[38;2;65;65;67m██[38;2;91;103;141m██[38;2;69;73;91m██[38;2;70;79;115m██[38;2;70;83;121m██[38;2;130;132;129m██[38;2;0;0;0m    
[38;2;0;0;0m    [38;2;59;59;57m██[38;2;186;188;181m██[38;2;90;95;113m██[38;2;123;140;195m██[38;2;60;65;81m██[38;2;106;107;104m██[38;2;107;109;107m██[38;2;189;190;181m██[38;2;146;147;141m██[38;2;141;141;137m██[38;2;67;74;98m██[38;2;82;93;125m██[38;2;63;71;101m██[38;2;59;67;86m██[38;2;20;21;23m██[38;2;0;0;0m    
[38;2;0;0;0m    [38;2;184;183;175m████[38;2;126;124;120m██[38;2;87;93;114m██[38;2;92;105;148m██[38;2;62;70;98m██[38;2;62;68;86m██[38;2;61;65;74m██[38;2;65;65;67m██[38;2;183;184;175m██[38;2;81;85;85m██[38;2;65;72;89m██[38;2;79;85;125m██[38;2;93;96;95m██[38;2;158;159;153m██[38;2;0;0;0m    
[38;2;0;0;0m  [38;2;45;49;75m  [38;2;86;83;78m██[38;2;165;156;149m██[38;2;165;157;149m██[38;2;138;133;126m██[38;2;24;27;41m████[38;2;21;23;34m██[38;2;17;20;27m██[38;2;18;20;23m██[38;2;189;192;181m██[38;2;203;213;204m██[38;2;180;192;186m██[38;2;180;186;186m██[38;2;202;204;199m██[38;2;193;193;186m██[38;2;0;0;0m    
[38;2;0;0;0m                      [38;2;7;7;7m  [38;2;136;138;136m██[38;2;238;247;246m██[38;2;181;193;186m██[38;2;78;82;94m██[38;2;125;127;126m██[38;2;0;0;0m    
[38;2;0;0;0m                        [38;2;1;1;1m  [38;2;62;64;64m██[38;2;33;35;33m██[38;2;32;36;50m██[38;2;10;11;16m██[38;2;0;0;0m    [0m
