
[38;2;0;0;0m                        [38;2;50;41;14m  [38;2;71;60;29m██[38;2;57;53;41m██[38;2;0;0;0m                      
[38;2;0;0;0m                      [38;2;152;138;47m██[38;2;242;201;69m██[38;2;255;208;77m██[38;2;242;202;85m██[38;2;184;167;57m██[38;2;16;14;5m  [38;2;0;0;0m                  
[38;2;0;0;0m                      [38;2;0;2;0m  [38;2;89;85;40m  [38;2;167;154;68m██[38;2;131;123;57m██[38;2;0;2;0m  [38;2;0;0;0m                    
[38;2;0;0;0m                        [38;2;81;72;46m  [38;2;235;204;99m██[38;2;135;119;70m██[38;2;0;0;0m                      
[38;2;0;0;0m                      [38;2;64;55;43m██[38;2;166;160;129m██[38;2;158;160;146m████[38;2;117;101;49m██[38;2;0;0;0m                    
[38;2;0;0;0m                ██[38;2;19;19;19m██[38;2;172;172;172m██[38;2;74;74;73m██[38;2;215;180;80m██[38;2;254;205;71m████[38;2;72;67;62m██[38;2;0;0;0m    ████            
[38;2;0;0;0m              [38;2;5;5;5m██[38;2;177;176;167m██[38;2;193;191;183m██[38;2;99;97;94m██[38;2;151;149;144m██[38;2;171;169;158m██[38;2;160;159;146m████[38;2;201;198;190m██[38;2;55;52;49m██[38;2;105;108;104m██[38;2;127;127;123m██[38;2;137;139;132m██[38;2;109;108;103m██[38;2;46;45;43m  [38;2;0;0;0m        
[38;2;0;0;0m              [38;2;6;6;6m  [38;2;133;133;126m██[38;2;98;98;90m██[38;2;77;77;77m██[38;2;190;187;180m██[38;2;193;189;181m██[38;2;192;190;181m██[38;2;191;188;180m██[38;2;146;148;133m██[38;2;81;77;74m██[38;2;142;140;134m██[38;2;189;185;177m██[38;2;194;190;182m██[38;2;200;197;188m██[38;2;81;79;76m██[38;2;0;0;0m        
[38;2;0;0;0m                [38;2;115;114;109m██[38;2;200;198;190m██[38;2;166;166;160m██[38;2;99;89;80m██[38;2;203;126;79m██[38;2;170;121;79m██[38;2;89;89;79m██[38;2;201;198;190m██[38;2;88;88;87m██[38;2;136;135;129m██[38;2;160;156;148m██[38;2;145;142;134m██[38;2;70;70;64m██[38;2;15;15;13m  [38;2;0;0;0m        
[38;2;0;0;0m  [38;2;12;11;10m  [38;2;36;36;34m████[38;2;0;0;0m        [38;2;11;11;10m  [38;2;82;82;76m██[38;2;132;134;119m██[38;2;92;92;91m██[38;2;182;152;72m██[38;2;78;78;77m██[38;2;177;177;170m██[38;2;155;157;147m██[38;2;189;187;179m██[38;2;201;198;190m████[38;2;94;94;86m██[38;2;0;0;0m            
[38;2;22;22;19m  [38;2;101;100;87m██[38;2;121;120;108m██[38;2;135;137;120m██[38;2;103;103;100m██[38;2;59;57;50m██[38;2;0;0;0m  [38;2;181;147;52m██[38;2;158;138;74m██[38;2;96;97;83m██[38;2;136;137;130m██[38;2;140;142;128m██[38;2;164;164;158m██[38;2;156;157;148m██[38;2;134;137;120m██[38;2;184;184;176m██[38;2;113;113;110m██[38;2;102;101;102m██[38;2;102;101;105m██[38;2;211;175;75m██[38;2;88;73;36m  [38;2;0;1;7m  [38;2;0;0;0m        
[38;2;8;8;6m  [38;2;75;76;64m██[38;2;105;105;88m██[38;2;108;111;93m██[38;2;143;144;137m██[38;2;78;77;69m██[38;2;73;71;68m██[38;2;119;116;87m██[38;2;164;148;88m██[38;2;195;163;73m██[38;2;89;90;84m██[38;2;156;157;149m██[38;2;134;137;120m██[38;2;142;144;130m██[38;2;161;161;156m██[38;2;78;79;74m██[38;2;108;110;94m██[38;2;126;122;88m██[38;2;214;179;80m██[38;2;133;127;87m██[38;2;203;167;75m██[38;2;97;82;42m██[38;2;0;0;0m        
[38;2;5;5;4m  [38;2;20;20;17m██[38;2;51;53;44m██[38;2;111;115;95m██[38;2;117;119;107m██[38;2;68;68;68m██[38;2;74;73;67m██[38;2;117;111;71m██[38;2;25;25;23m██[38;2;108;108;93m██[38;2;112;115;96m██[38;2;99;99;97m██[38;2;89;89;88m██[38;2;93;94;89m██[38;2;104;106;91m██[38;2;112;115;96m████[38;2;107;108;92m██[38;2;117;114;86m██[38;2;135;126;72m██[38;2;78;77;68m██[38;2;68;68;65m██[38;2;57;57;54m██[38;2;18;18;18m  [38;2;0;0;0m    
[38;2;0;0;0m      [38;2;62;64;53m  [38;2;127;129;112m██[38;2;44;44;40m██[38;2;26;24;22m  [38;2;0;0;0m    [38;2;72;69;32m██[38;2;110;109;92m██[38;2;112;115;96m████[38;2;112;114;96m██[38;2;105;103;88m██[38;2;110;108;74m██[38;2;105;103;84m██[38;2;106;104;88m██[38;2;102;100;85m██[38;2;89;89;88m██[38;2;120;120;112m██[38;2;160;161;148m██[38;2;90;93;81m██[38;2;155;154;145m██[38;2;44;47;41m██[38;2;20;20;18m  
[38;2;0;0;0m      [38;2;82;84;76m  [38;2;121;121;111m██[38;2;0;0;0m        [38;2;229;189;70m██[38;2;103;101;86m██[38;2;112;115;96m██[38;2;113;114;96m██[38;2;106;107;88m██[38;2;167;148;68m██[38;2;224;191;70m██[38;2;95;92;73m██[38;2;105;106;91m██[38;2;82;81;69m██[38;2;71;71;71m██[38;2;120;122;105m██[38;2;95;94;81m██[38;2;110;109;93m██[38;2;101;99;85m██[38;2;91;89;77m██[38;2;33;32;28m██
[38;2;0;0;0m      [38;2;0;1;0m    [38;2;0;0;0m        [38;2;5;4;4m  [38;2;89;89;75m██[38;2;114;116;91m██[38;2;106;106;90m██[38;2;110;103;73m██[38;2;152;136;70m██[38;2;145;132;72m██[38;2;132;126;75m██[38;2;91;91;74m██[38;2;133;130;78m██[38;2;58;57;52m██[38;2;67;67;67m██[38;2;112;113;98m██[38;2;113;114;95m██[38;2;101;101;86m██[38;2;103;104;87m██[38;2;16;16;14m  
[38;2;0;0;0m                      [38;2;168;162;79m██[38;2;87;88;84m██[38;2;193;178;68m██[38;2;105;103;71m██[38;2;120;120;74m██[38;2;101;100;80m██[38;2;192;179;72m██[38;2;7;6;18m  [38;2;0;0;0m  [38;2;71;71;70m██[38;2;197;197;189m██[38;2;111;114;95m████[38;2;0;0;0m    
[38;2;0;0;0m                        [38;2;60;57;34m  [38;2;86;84;54m██[38;2;109;108;66m██[38;2;121;116;78m██[38;2;90;90;80m██[38;2;66;66;60m██[38;2;1;1;1m  [38;2;0;0;0m  [38;2;89;89;86m██[38;2;38;38;36m  [38;2;0;0;0m        
[38;2;0;0;0m                      [38;2;1;2;1m  [38;2;84;86;72m██[38;2;111;113;95m██[38;2;93;93;84m██[38;2;89;93;79m██[38;2;87;91;79m██[38;2;47;49;43m  [38;2;0;0;0m                
[38;2;0;0;0m                      [38;2;7;8;6m  [38;2;40;41;34m██[38;2;96;96;83m██[38;2;90;90;80m██[38;2;74;75;70m██[38;2;27;29;25m██[38;2;0;0;0m                  
[38;2;0;0;0m                          [38;2;18;18;18m██[38;2;86;86;77m██[38;2;85;85;74m██[38;2;73;73;64m██[38;2;0;0;0m                  
[38;2;0;0;0m                          [38;2;6;6;5m  [38;2;24;24;21m██[38;2;16;16;13m  [38;2;0;0;0m                    [0m
