
[38;2;0;0;0m                        [38;2;49;49;49m████████████[38;2;0;0;0m                        
[38;2;0;0;0m                    [38;2;49;49;49m████[38;2;82;98;189m████████████[38;2;49;49;49m██████[38;2;0;0;0m              [38;2;49;49;49m████
[38;2;0;0;0m                [38;2;49;49;49m████[38;2;57;74;139m████████[38;2;197;172;98m████[38;2;255;255;131m████[38;2;197;172;98m██[38;2;82;98;189m████[38;2;49;49;49m████████[38;2;0;0;0m    [38;2;49;49;49m██[38;2;123;139;255m██[38;2;49;49;49m██
[38;2;0;0;0m              [38;2;49;49;49m██[38;2;57;74;139m██[38;2;82;98;189m██████████[38;2;57;74;139m████[38;2;197;172;98m██[38;2;255;255;131m████[38;2;197;172;98m████[38;2;82;98;189m████████[38;2;49;49;49m████[38;2;82;98;189m████[38;2;49;49;49m██
[38;2;0;0;0m            [38;2;49;49;49m██[38;2;82;98;189m██████████████████[38;2;57;74;139m████[38;2;255;255;131m██[38;2;197;172;98m██[38;2;255;255;131m████[38;2;197;172;98m████[38;2;82;98;189m██████[38;2;49;49;49m████[38;2;0;0;0m  
[38;2;0;0;0m          [38;2;49;49;49m██[38;2;82;98;189m██████████████[38;2;255;255;74m██[38;2;82;98;189m████████[38;2;57;74;139m██[38;2;255;255;131m██████[38;2;197;172;98m██[38;2;255;255;131m██████[38;2;49;49;49m██[38;2;0;0;0m      
[38;2;0;0;0m          [38;2;49;49;49m██[38;2;123;139;255m██[38;2;82;98;189m████████[38;2;255;255;74m██[38;2;82;98;189m██████[38;2;238;180;0m██[38;2;82;98;189m██████[38;2;57;74;139m██[38;2;49;49;49m████[38;2;255;255;131m████[38;2;49;49;49m████[38;2;0;0;0m        
[38;2;0;0;0m        [38;2;49;49;49m██[38;2;123;139;255m████[38;2;82;98;189m████[38;2;255;255;74m████[38;2;238;180;0m██[38;2;82;98;189m██████████████[38;2;49;49;49m██[38;2;0;0;0m    [38;2;49;49;49m████[38;2;0;0;0m            
[38;2;0;0;0m        [38;2;49;49;49m██[38;2;123;139;255m██[38;2;82;98;189m████[38;2;255;255;74m██[38;2;49;49;49m██[38;2;246;82;90m██[38;2;255;255;74m██[38;2;82;98;189m██████████████[38;2;49;49;49m██[38;2;0;0;0m              [38;2;49;49;49m████[38;2;0;0;0m  
[38;2;0;0;0m        [38;2;49;49;49m██[38;2;82;98;189m██████[38;2;255;255;74m██[38;2;246;82;90m████[38;2;238;180;0m██[38;2;82;98;189m██[38;2;82;82;82m████[38;2;82;98;189m████████[38;2;49;49;49m██[38;2;0;0;0m            [38;2;49;49;49m██[38;2;82;98;189m██[38;2;49;49;49m██[38;2;0;0;0m  
[38;2;0;0;0m      [38;2;49;49;49m██[38;2;246;82;90m████[38;2;82;98;189m████[38;2;255;255;74m████[38;2;238;180;0m██[38;2;82;98;189m██[38;2;180;49;57m██[38;2;82;82;82m██[38;2;197;172;98m██[38;2;57;74;139m██[38;2;82;98;189m████[38;2;49;49;49m██[38;2;0;0;0m          [38;2;49;49;49m████[38;2;255;255;131m██[38;2;82;98;189m██[38;2;49;49;49m██[38;2;0;0;0m  
[38;2;0;0;0m      [38;2;49;49;49m██[38;2;255;255;255m██[38;2;246;82;90m████████[38;2;180;49;57m████[38;2;246;82;90m████[38;2;82;82;82m██[38;2;255;255;131m██[38;2;57;74;139m██[38;2;82;82;82m██[38;2;123;139;255m██[38;2;49;49;49m██[38;2;0;0;0m      [38;2;49;49;49m████[38;2;197;172;98m██[38;2;255;255;131m██[38;2;82;98;189m██[38;2;49;49;49m██[38;2;0;0;0m    
[38;2;0;0;0m    [38;2;49;49;49m██[38;2;82;82;82m██[38;2;255;255;255m██[38;2;82;82;82m██[38;2;246;82;90m██[38;2;255;255;255m██[38;2;246;82;90m████[38;2;255;255;255m██[38;2;246;82;90m██[38;2;82;82;82m██[38;2;255;255;131m██[38;2;197;172;98m██[38;2;57;74;139m██[38;2;82;82;82m██[38;2;123;139;255m████[38;2;49;49;49m██████[38;2;197;172;98m██[38;2;255;255;131m██[38;2;197;172;98m██[38;2;82;98;189m████[38;2;49;49;49m██[38;2;0;0;0m    
[38;2;0;0;0m  [38;2;49;49;49m██[38;2;189;189;189m██[38;2;82;98;189m██[38;2;82;82;82m██[38;2;82;98;189m██[38;2;82;82;82m██[38;2;255;255;255m██[38;2;82;82;82m██[38;2;180;49;57m██[38;2;255;255;255m██[38;2;180;49;57m██[38;2;82;82;82m██[38;2;255;255;131m██[38;2;57;74;139m██[38;2;82;98;189m████[38;2;82;82;82m██[38;2;123;139;255m████[38;2;82;82;82m██[38;2;255;255;131m████[38;2;197;172;98m██[38;2;82;98;189m████[38;2;49;49;49m██[38;2;0;0;0m      
[38;2;0;0;0m  [38;2;49;49;49m██[38;2;255;255;255m██[38;2;57;74;139m██[38;2;82;98;189m██[38;2;57;74;139m██[38;2;82;98;189m██[38;2;82;82;82m██[38;2;49;49;49m████████[38;2;255;255;131m████[38;2;57;74;139m██[38;2;82;98;189m██████[38;2;82;82;82m██[38;2;123;139;255m████[38;2;82;82;82m██████[38;2;82;98;189m██[38;2;57;74;139m██[38;2;49;49;49m██[38;2;0;0;0m      
[38;2;49;49;49m██[38;2;57;74;139m██[38;2;180;49;57m██[38;2;246;82;90m██[38;2;180;49;57m██[38;2;189;189;189m██[38;2;57;74;139m██[38;2;82;98;189m██[38;2;49;49;49m██[38;2;0;0;0m    [38;2;49;49;49m██[38;2;255;255;131m████[38;2;57;74;139m████[38;2;82;98;189m██████[38;2;82;82;82m██[38;2;123;139;255m████[38;2;255;255;74m██[38;2;123;139;255m██[38;2;82;82;82m██[38;2;49;49;49m██[38;2;0;0;0m        
[38;2;49;49;49m██[38;2;189;189;189m██[38;2;246;82;90m██[38;2;255;255;74m██[38;2;246;82;90m██[38;2;255;255;255m██[38;2;57;74;139m██[38;2;49;49;49m██[38;2;0;0;0m      [38;2;49;49;49m██[38;2;255;255;131m██████[38;2;57;74;139m████[38;2;82;98;189m████[38;2;82;82;82m██[38;2;123;139;255m██████[38;2;255;255;74m████[38;2;49;49;49m██[38;2;0;0;0m        
[38;2;49;49;49m██[38;2;255;255;255m██[38;2;49;49;49m██[38;2;238;180;0m██[38;2;246;82;90m██[38;2;57;74;139m██[38;2;49;49;49m██[38;2;0;0;0m          [38;2;49;49;49m██[38;2;255;255;131m██████[38;2;197;172;98m██[38;2;57;74;139m██████[38;2;82;82;82m██[38;2;255;255;255m██[38;2;123;139;255m██[38;2;255;255;74m████[38;2;82;98;189m██[38;2;49;49;49m██[38;2;0;0;0m      
[38;2;0;0;0m  [38;2;49;49;49m██[38;2;0;0;0m  [38;2;49;49;49m██████[38;2;0;0;0m              [38;2;49;49;49m██[38;2;197;172;98m██[38;2;255;255;131m████[38;2;197;172;98m██[38;2;82;82;82m████[38;2;255;255;255m██[38;2;189;189;189m██[38;2;82;98;189m██[38;2;123;139;255m████[38;2;255;255;255m██[38;2;49;49;49m██[38;2;0;0;0m      
[38;2;0;0;0m                            [38;2;49;49;49m████████[38;2;197;172;98m████[38;2;82;82;82m██[38;2;49;49;49m████[38;2;189;189;189m██[38;2;255;255;255m██[38;2;49;49;49m████[38;2;0;0;0m      
[38;2;0;0;0m                                    [38;2;49;49;49m██████[38;2;0;0;0m    [38;2;49;49;49m██[38;2;255;255;255m██[38;2;49;49;49m██[38;2;0;0;0m        
[38;2;0;0;0m                                                [38;2;49;49;49m██[38;2;0;0;0m          [0m
