
[38;2;0;0;0m                            
[38;2;0;0;0m                            
[38;2;0;0;0m                            
[38;2;0;0;0m              [38;2;40;40;40m  [38;2;0;0;0m            
[38;2;0;0;0m    [38;2;22;22;22m  [38;2;88;88;88m██[38;2;255;255;255m████[38;2;207;207;207m████[38;2;213;213;213m██[38;2;88;88;88m████[38;2;22;22;22m  [38;2;0;0;0m    
[38;2;0;1;3m  [38;2;166;168;169m  [38;2;230;230;230m██[38;2;255;255;255m██████[38;2;248;248;248m████[38;2;255;255;255m██████[38;2;230;230;230m██[38;2;166;166;166m  [38;2;0;0;0m  
[38;2;63;63;63m██[38;2;189;202;208m██[38;2;164;205;220m████[38;2;219;235;241m████[38;2;228;240;245m██[38;2;255;255;255m██████[38;2;244;249;250m██[38;2;220;235;240m██[38;2;141;182;197m██[38;2;35;45;49m██
[38;2;63;63;63m██[38;2;186;217;228m██[38;2;165;206;221m████████[38;2;166;207;221m██[38;2;172;209;223m██[38;2;171;209;223m████[38;2;160;192;206m██[38;2;110;152;169m██[38;2;107;147;163m██[38;2;26;37;40m██
[38;2;61;63;63m██[38;2;158;168;169m██[38;2;109;126;133m██[38;2;113;148;161m██[38;2;165;206;221m████████[38;2;225;239;243m██[38;2;255;255;255m██[38;2;150;191;206m██[38;2;107;147;163m████[38;2;26;37;40m██
[38;2;63;63;63m██[38;2;112;113;113m██[38;2;165;206;221m██[38;2;78;119;134m██[38;2;165;206;221m████[38;2;141;172;183m██[38;2;62;79;85m██[38;2;165;206;221m██[38;2;233;243;246m██[38;2;150;191;206m██[38;2;107;147;163m████[38;2;26;37;40m██
[38;2;63;63;63m██[38;2;148;163;168m██[38;2;112;144;155m██[38;2;106;145;159m██[38;2;165;206;221m████[38;2;90;100;104m██[38;2;165;206;221m██[38;2;80;113;125m██[38;2;165;206;221m██[38;2;150;191;206m██[38;2;107;147;163m████[38;2;26;37;40m██
[38;2;63;63;63m██[38;2;186;217;228m██[38;2;164;205;220m██[38;2;78;119;134m██[38;2;77;118;133m██[38;2;165;206;221m██[38;2;90;100;104m██[38;2;165;206;221m██[38;2;77;118;133m██[38;2;165;206;221m██[38;2;107;148;163m██[38;2;107;147;163m████[38;2;26;37;40m██
[38;2;63;63;63m██[38;2;222;237;242m██[38;2;137;173;186m██[38;2;169;190;198m██[38;2;176;200;208m██[38;2;102;134;144m██[38;2;153;189;202m██[38;2;111;147;160m██[38;2;165;206;221m████[38;2;106;147;163m██[38;2;107;147;163m██[38;2;93;128;141m██[38;2;12;17;19m  
[38;2;0;0;0m  [38;2;182;182;182m  [38;2;225;226;227m██[38;2;95;97;98m██[38;2;70;72;72m██[38;2;141;172;183m██[38;2;165;206;221m████████[38;2;107;148;163m██[38;2;106;140;151m██[38;2;118;153;164m  [38;2;0;0;0m  
[38;2;0;0;0m    [38;2;18;22;24m  [38;2;72;86;91m██[38;2;100;139;153m██[38;2;103;135;146m██[38;2;165;206;221m████████[38;2;52;70;77m██[38;2;17;22;24m  [38;2;0;0;0m    
[38;2;0;0;0m        [38;2;22;28;30m██[38;2;209;215;217m██[38;2;66;104;118m████[38;2;54;91;106m██[38;2;18;28;35m██[38;2;0;0;0m        
[38;2;0;0;0m      [38;2;30;30;30m  [38;2;113;113;113m██[38;2;255;255;255m████[38;2;187;221;234m██[38;2;86;142;164m██[38;2;55;55;55m██[38;2;30;30;30m  [38;2;0;0;0m      
[38;2;0;0;0m        [38;2;55;55;55m  [38;2;246;246;246m██[38;2;255;255;255m██[38;2;247;249;250m██[38;2;203;217;223m██[38;2;26;37;40m██[38;2;57;57;57m██[38;2;14;14;14m██[38;2;0;0;0m    
[38;2;0;0;0m          [38;2;158;167;166m██[38;2;211;223;222m██[38;2;192;208;210m██[38;2;160;185;190m██[38;2;40;46;47m██[38;2;0;0;0m        
[38;2;0;0;0m      [38;2;24;18;6m  [38;2;45;38;23m██[38;2;84;81;65m██[38;2;156;170;169m██[38;2;166;178;175m██[38;2;170;181;176m██[38;2;81;88;88m██[38;2;0;0;0m        
[38;2;0;0;0m      [38;2;43;31;12m  [38;2;57;42;16m████[38;2;0;0;0m  [38;2;18;14;22m  [38;2;198;150;72m██[38;2;183;136;61m██[38;2;0;0;0m        
[38;2;0;0;0m              [38;2;149;116;41m  [38;2;163;126;45m██[38;2;166;128;45m██[38;2;149;110;41m  [38;2;0;0;0m      
[38;2;0;0;0m                [38;2;16;12;4m  [38;2;18;13;4m  [38;2;0;0;0m        [0m
