
[38;2;0;0;0m                [38;2;28;25;7m  [38;2;1;1;0m  [38;2;0;0;0m                      
[38;2;0;0;0m                [38;2;112;101;28m██[38;2;5;5;1m██[38;2;0;0;0m                      
[38;2;0;0;0m    [38;2;76;69;19m██[38;2;248;224;64m██[38;2;0;0;0m      [38;2;18;18;26m  [38;2;164;150;66m██[38;2;5;4;1m██[38;2;0;0;0m                      
[38;2;0;0;0m    [38;2;19;17;4m  [38;2;61;55;15m██[38;2;84;73;42m  [38;2;0;0;0m  [38;2;75;68;19m  [38;2;87;86;107m██[38;2;215;191;74m██[38;2;51;50;48m██[38;2;0;0;0m          [38;2;186;168;48m██[38;2;66;59;17m  [38;2;0;0;0m        
[38;2;0;0;0m        [38;2;62;54;31m██[38;2;75;67;24m██[38;2;138;128;64m██[38;2;114;107;102m██[38;2;192;171;81m██[38;2;123;116;99m██[38;2;155;140;40m██[38;2;60;54;15m  [38;2;0;0;0m    [38;2;26;22;13m  [38;2;185;167;47m██[38;2;66;59;17m  [38;2;0;0;0m        
[38;2;0;0;0m        [38;2;15;13;7m  [38;2;223;201;58m██[38;2;116;106;71m██[38;2;177;153;87m██[38;2;147;137;92m██[38;2;247;223;64m██[38;2;248;224;64m██[38;2;246;222;63m██[38;2;84;75;21m  [38;2;9;8;4m  [38;2;79;68;39m██[38;2;0;0;0m            
[38;2;0;0;0m          [38;2;17;17;24m  [38;2;226;202;71m██[38;2;194;170;81m██[38;2;247;224;64m██[38;2;248;224;64m██[38;2;206;188;76m██[38;2;244;221;64m██[38;2;185;169;64m██[38;2;172;156;44m  [38;2;0;0;0m              
[38;2;0;0;0m        [38;2;66;59;17m  [38;2;92;90;104m██[38;2;247;224;64m██[38;2;248;224;64m██[38;2;190;175;80m██[38;2;121;116;100m██[38;2;143;133;93m██[38;2;248;224;64m████[38;2;44;44;44m  [38;2;0;0;0m              
[38;2;0;0;0m      [38;2;206;186;53m██[38;2;220;200;71m██[38;2;100;97;106m██[38;2;148;138;92m██[38;2;209;190;75m██[38;2;80;80;112m██[38;2;121;115;100m██[38;2;248;224;64m██████[38;2;244;220;65m██[38;2;115;102;42m██[38;2;0;0;0m            
[38;2;0;0;0m      [38;2;206;186;53m██[38;2;166;146;89m██[38;2;204;185;76m██[38;2;97;94;107m██[38;2;82;82;111m██[38;2;137;128;95m██[38;2;247;223;64m██[38;2;185;170;81m██[38;2;125;118;99m██[38;2;248;224;64m████[38;2;247;224;64m██[38;2;185;168;48m██[38;2;66;59;17m  [38;2;0;0;0m        
[38;2;0;0;0m      [38;2;43;43;43m  [38;2;173;161;130m██[38;2;29;29;29m██[38;2;80;80;112m██[38;2;119;113;100m██[38;2;219;198;56m██[38;2;201;183;63m██[38;2;185;185;196m██[38;2;177;153;87m██[38;2;248;224;64m████[38;2;247;224;64m██[38;2;245;221;64m██[38;2;82;73;24m██[38;2;0;0;0m        
[38;2;0;0;0m    [38;2;40;35;20m  [38;2;65;62;54m██[38;2;119;112;70m██[38;2;193;191;176m██[38;2;131;123;97m██[38;2;245;221;64m██[38;2;60;56;35m██[38;2;197;197;197m██[38;2;248;248;248m██[38;2;177;153;87m██[38;2;248;224;64m████[38;2;215;191;74m██[38;2;176;154;74m██[38;2;15;13;7m  [38;2;0;0;0m        
[38;2;0;0;0m    [38;2;60;55;48m██[38;2;172;149;89m██[38;2;91;85;69m██[38;2;188;172;64m██[38;2;229;207;64m██[38;2;244;221;64m██[38;2;227;205;64m██[38;2;202;184;64m██[38;2;216;198;78m██[38;2;229;211;93m██[38;2;187;166;77m██[38;2;148;130;82m██[38;2;114;103;74m██[38;2;0;0;0m            
[38;2;0;0;0m  [38;2;103;89;51m  [38;2;140;124;94m██[38;2;106;99;103m██[38;2;82;76;76m██[38;2;19;18;16m██[38;2;96;92;78m██[38;2;118;113;99m██[38;2;133;122;91m██[38;2;147;129;81m██[38;2;120;111;88m██[38;2;226;226;227m██[38;2;79;76;67m██[38;2;69;68;65m██[38;2;121;110;96m██[38;2;52;52;73m  [38;2;0;0;0m          
[38;2;11;9;5m  [38;2;81;77;87m██[38;2;152;134;93m████[38;2;0;0;0m    [38;2;81;75;35m██[38;2;70;70;75m██[38;2;67;67;75m████[38;2;85;82;90m██[38;2;91;85;69m██[38;2;138;122;79m██[38;2;0;0;0m  [38;2;78;67;39m  [38;2;136;120;86m██[38;2;35;31;24m██[38;2;10;9;2m  [38;2;19;17;4m  [38;2;0;0;0m    
[38;2;46;39;23m██[38;2;166;144;88m██[38;2;151;133;94m██[38;2;42;39;39m██[38;2;0;0;0m    [38;2;197;180;78m██[38;2;83;82;111m██[38;2;112;104;103m██[38;2;204;186;76m██[38;2;217;196;73m██[38;2;229;205;70m████[38;2;55;55;77m  [38;2;0;0;0m  [38;2;35;33;35m██[38;2;167;145;90m██[38;2;196;177;50m██[38;2;76;69;19m██[38;2;0;0;0m    
[38;2;34;29;17m  [38;2;166;143;83m██[38;2;104;94;68m██[38;2;22;19;11m  [38;2;0;0;0m    [38;2;68;68;95m██[38;2;80;80;112m████[38;2;103;97;106m██[38;2;184;169;82m██[38;2;206;188;75m██[38;2;136;128;95m██[38;2;96;90;98m██[38;2;0;0;0m    [38;2;132;120;48m██[38;2;181;160;85m██[38;2;121;115;100m██[38;2;0;0;0m    
[38;2;0;0;0m  [38;2;34;29;17m  [38;2;30;26;15m  [38;2;0;0;0m      [38;2;8;8;11m  [38;2;75;75;106m██[38;2;151;133;94m██[38;2;175;151;88m██[38;2;122;116;99m██[38;2;81;81;111m██[38;2;151;133;94m██[38;2;40;35;20m  [38;2;0;0;0m    [38;2;132;120;48m██[38;2;181;161;84m██[38;2;122;116;99m██[38;2;47;47;65m  [38;2;0;0;0m  
[38;2;0;0;0m            [38;2;42;39;42m██[38;2;92;86;72m██[38;2;104;96;78m██[38;2;132;114;66m██[38;2;140;122;74m██[38;2;175;151;88m██[38;2;68;60;42m██[38;2;0;0;0m      [38;2;28;24;14m  [38;2;143;134;93m██[38;2;247;224;64m██[38;2;208;187;53m██[38;2;16;14;4m  
[38;2;0;0;0m          [38;2;163;147;42m  [38;2;120;107;82m██[38;2;104;98;105m██[38;2;90;80;58m██[38;2;0;0;0m  [38;2;8;8;8m  [38;2;103;97;106m██[38;2;108;98;86m██[38;2;0;0;0m      [38;2;147;132;45m██[38;2;248;224;64m██[38;2;247;224;64m████[38;2;64;58;16m██
[38;2;0;0;0m      [38;2;155;155;155m  [38;2;147;141;139m██[38;2;225;202;76m██[38;2;222;201;57m██[38;2;135;117;64m██[38;2;72;62;36m  [38;2;0;0;0m    [38;2;3;3;2m██[38;2;112;104;103m██[38;2;100;94;99m██[38;2;25;22;6m  [38;2;0;0;0m  [38;2;30;30;30m  [38;2;170;154;51m██[38;2;149;131;82m██[38;2;209;186;69m██[38;2;34;29;17m  
[38;2;0;0;0m        [38;2;62;62;62m██[38;2;46;40;26m██[38;2;36;33;9m  [38;2;0;0;0m        [38;2;186;168;48m██[38;2;205;187;76m██[38;2;231;207;69m██[38;2;211;190;54m██[38;2;0;0;0m    [38;2;7;6;3m  [38;2;44;38;22m██[38;2;34;29;17m  [38;2;0;0;0m  
[38;2;0;0;0m                      [38;2;186;168;49m██[38;2;160;142;94m██[38;2;182;164;49m██[38;2;168;150;102m██[38;2;0;0;0m            
[38;2;0;0;0m                      [38;2;1;1;1m  [38;2;28;28;28m  [38;2;0;0;0m  [38;2;36;36;36m  [38;2;0;0;0m            [0m
