
[38;2;0;0;0m            ████████            
[38;2;0;0;0m        ████[38;2;248;248;248m████████[38;2;0;0;0m████        
[38;2;0;0;0m    ████[38;2;248;248;248m████████████████[38;2;0;0;0m████    
[38;2;0;0;0m    ██[38;2;248;248;248m████████████████████[38;2;0;0;0m██    
[38;2;0;0;0m  ██[38;2;248;248;248m████████████████████████[38;2;0;0;0m██  
[38;2;0;0;0m  ██[38;2;64;64;64m██[38;2;248;248;248m██████████████████████[38;2;0;0;0m██  
[38;2;0;0;0m██[38;2;248;248;248m████████████[38;2;64;64;64m████[38;2;248;248;248m██████████[38;2;184;184;184m██[38;2;0;0;0m██
[38;2;0;0;0m██[38;2;248;248;248m██[38;2;0;0;0m██[38;2;248;248;248m██[38;2;64;64;64m██[38;2;248;248;248m██[38;2;64;64;64m██[38;2;248;248;248m████[38;2;64;64;64m██[38;2;248;248;248m██████[38;2;184;184;184m████[38;2;0;0;0m██
[38;2;0;0;0m██[38;2;248;176;152m██[38;2;0;0;0m██[38;2;248;248;248m████[38;2;64;64;64m██[38;2;248;248;248m██████████████[38;2;184;184;184m██[38;2;192;136;136m██[38;2;0;0;0m██
[38;2;0;0;0m██[38;2;224;80;48m██[38;2;248;176;152m██[38;2;248;248;248m████████[38;2;0;0;0m██[38;2;248;248;248m████████[38;2;184;184;184m██[38;2;192;136;136m██[38;2;192;80;80m██[38;2;0;0;0m██
[38;2;0;0;0m  ██[38;2;224;80;48m██[38;2;248;176;152m██[38;2;248;248;248m██████[38;2;0;0;0m██[38;2;248;248;248m████[38;2;184;184;184m████[38;2;192;136;136m██[38;2;192;80;80m██[38;2;0;0;0m██  
[38;2;0;0;0m  ██[38;2;224;80;48m██[38;2;64;64;64m██[38;2;224;80;48m██[38;2;248;176;152m██████[38;2;192;136;136m██████[38;2;192;80;80m██████[38;2;0;0;0m██  
[38;2;0;0;0m    ██[38;2;248;248;248m██[38;2;64;64;64m██████████[38;2;192;80;80m████████[38;2;0;0;0m██    
[38;2;0;0;0m    ████[38;2;248;248;248m██[38;2;184;184;184m██[38;2;248;248;248m██[38;2;184;184;184m██[38;2;248;248;248m██[38;2;64;64;64m██[38;2;192;80;80m████[38;2;0;0;0m████    
[38;2;0;0;0m        ████[38;2;248;248;248m██[38;2;184;184;184m██[38;2;64;64;64m██[38;2;192;80;80m██[38;2;0;0;0m████        
[38;2;0;0;0m            ████████            [0m
