
[38;2;0;0;0m            [38;2;23;9;8m  [38;2;68;63;70m██[38;2;123;63;75m██[38;2;0;2;2m  [38;2;0;1;0m  [38;2;22;27;45m  [38;2;107;75;121m██[38;2;196;74;82m██[38;2;76;79;123m██[38;2;68;72;86m██[38;2;0;2;0m  [38;2;0;0;0m  [38;2;0;1;2m  [38;2;0;2;4m  [38;2;0;0;0m                    [38;2;61;69;127m██[38;2;29;33;38m██[38;2;61;70;108m██[38;2;43;51;79m  [38;2;0;2;0m  
[38;2;0;0;0m          [38;2;0;2;0m  [38;2;76;74;114m██[38;2;78;82;113m██[38;2;125;66;80m██[38;2;22;12;11m  [38;2;72;80;150m██[38;2;88;97;182m██[38;2;72;77;116m██[38;2;66;66;67m██[38;2;76;86;134m██[38;2;77;89;144m██[38;2;27;28;27m  [38;2;0;3;0m  [38;2;118;72;109m██[38;2;118;59;85m██[38;2;33;38;68m  [38;2;0;0;0m              [38;2;0;1;0m  [38;2;12;16;25m  [38;2;83;93;173m██[38;2;69;77;131m██[38;2;3;5;3m  [38;2;0;0;0m    
[38;2;0;0;0m      [38;2;0;1;0m  [38;2;17;22;34m  [38;2;27;28;32m  [38;2;67;71;113m██[38;2;69;70;82m██[38;2;148;81;98m██[38;2;86;96;177m██[38;2;100;85;142m██[38;2;131;78;109m██[38;2;95;34;32m  [38;2;37;40;42m  [38;2;75;81;110m██[38;2;73;77;106m██[38;2;199;84;120m██[38;2;58;66;121m██[38;2;28;33;59m  [38;2;0;2;0m  [38;2;0;1;0m  [38;2;0;0;0m            [38;2;15;22;29m██[38;2;51;61;89m██[38;2;84;93;174m██[38;2;48;50;67m██[38;2;0;2;0m  [38;2;0;0;0m      
[38;2;0;0;0m      [38;2;0;3;0m  [38;2;71;78;116m██[38;2;66;66;69m██[38;2;85;95;175m██[38;2;69;70;82m██[38;2;86;96;177m██[38;2;76;84;137m██[38;2;141;75;78m██[38;2;48;32;29m██[38;2;0;1;0m  [38;2;56;52;55m  [38;2;83;96;178m██[38;2;89;99;185m██[38;2;19;13;15m██[38;2;0;0;0m                  [38;2;0;2;0m  [38;2;105;126;210m██[38;2;83;95;176m██[38;2;8;12;17m  [38;2;0;0;0m          
[38;2;0;0;0m    [38;2;1;2;0m  [38;2;65;75;114m██[38;2;74;81;120m██[38;2;67;69;79m██[38;2;85;96;178m██[38;2;71;75;109m██[38;2;103;83;133m██[38;2;75;67;70m██[38;2;81;79;130m██[38;2;166;77;75m██[38;2;53;60;107m██[38;2;75;87;149m██[38;2;97;63;92m██[38;2;0;5;2m  [38;2;0;0;0m        [38;2;0;1;0m  [38;2;0;3;6m  [38;2;0;1;2m  [38;2;0;0;0m  [38;2;0;1;0m  [38;2;0;0;0m  [38;2;23;28;49m  [38;2;84;99;174m██[38;2;63;72;134m██[38;2;0;1;0m  [38;2;0;0;0m          
[38;2;0;0;0m    [38;2;14;18;18m  [38;2;53;57;70m██[38;2;76;88;146m██[38;2;83;92;160m██[38;2;83;93;170m██[38;2;176;91;116m██[38;2;182;79;91m██[38;2;85;94;170m██[38;2;79;85;136m██[38;2;85;95;169m██[38;2;148;83;121m██[38;2;247;85;87m██[38;2;39;40;52m██[38;2;0;0;0m      [38;2;0;1;0m  [38;2;2;6;5m  [38;2;70;81;146m██[38;2;209;97;134m██[38;2;60;31;41m  [38;2;0;0;0m  [38;2;51;58;107m  [38;2;7;10;7m  [38;2;78;85;140m██[38;2;75;85;160m██[38;2;1;2;2m  [38;2;0;0;0m            
[38;2;0;0;0m  [38;2;0;3;0m  [38;2;75;85;130m██[38;2;67;68;73m██[38;2;81;88;146m██[38;2;84;93;166m██[38;2;74;82;134m██[38;2;73;79;120m██[38;2;130;80;100m██[38;2;76;85;148m██[38;2;97;85;136m██[38;2;157;85;105m██[38;2;214;81;82m██[38;2;71;66;66m██[38;2;17;19;17m  [38;2;0;0;0m    [38;2;44;51;92m██[38;2;104;65;105m██[38;2;218;79;101m██[38;2;20;24;42m  [38;2;0;2;0m  [38;2;0;0;0m    [38;2;61;76;121m██[38;2;85;95;170m██[38;2;81;86;141m██[38;2;38;44;79m  [38;2;0;0;0m              
[38;2;0;0;0m  [38;2;0;2;0m  [38;2;69;78;119m██[38;2;83;92;160m██[38;2;75;82;145m██[38;2;72;70;96m██[38;2;73;77;119m██[38;2;87;99;186m██[38;2;68;76;108m██[38;2;183;95;107m██[38;2;197;96;107m██[38;2;199;95;108m██[38;2;251;85;86m██[38;2;247;85;86m██[38;2;233;94;110m██[38;2;11;24;37m██[38;2;45;52;94m██[38;2;86;95;178m██[38;2;42;48;86m  [38;2;0;3;0m  [38;2;0;0;0m      [38;2;7;12;16m██[38;2;86;96;186m██[38;2;87;99;186m██[38;2;32;39;69m██[38;2;0;0;0m        [38;2;2;5;3m  [38;2;0;0;0m      
[38;2;0;0;0m    [38;2;18;23;28m██[38;2;73;81;138m██[38;2;184;87;111m██[38;2;130;78;88m██[38;2;75;83;145m██[38;2;168;174;214m██[38;2;192;172;184m██[38;2;200;102;115m██[38;2;190;97;118m██[38;2;144;76;83m██[38;2;117;78;100m██[38;2;78;85;134m██[38;2;73;72;96m██[38;2;113;92;146m██[38;2;64;73;133m██[38;2;0;1;0m  [38;2;0;0;0m          [38;2;9;16;19m██[38;2;97;116;202m██[38;2;82;92;173m██[38;2;13;17;29m  [38;2;0;0;0m  [38;2;25;30;47m  [38;2;0;1;0m  [38;2;3;4;0m  [38;2;60;63;97m██[38;2;0;7;9m  [38;2;0;2;0m    
[38;2;0;0;0m  [38;2;0;3;0m  [38;2;115;73;83m██[38;2;250;86;87m██[38;2;197;96;108m██[38;2;108;97;134m██[38;2;142;139;168m██[38;2;255;255;255m██[38;2;229;183;190m██[38;2;184;91;105m██[38;2;63;67;77m██[38;2;118;90;125m██[38;2;85;95;170m██[38;2;87;93;169m██[38;2;45;52;90m  [38;2;42;47;76m  [38;2;33;40;67m██[38;2;0;3;0m  [38;2;0;0;0m        [38;2;0;2;0m  [38;2;92;103;190m██[38;2;86;96;185m██[38;2;71;79;147m██[38;2;2;4;5m  [38;2;0;0;0m  [38;2;43;50;82m██[38;2;8;12;14m██[38;2;43;42;56m██[38;2;85;60;78m██[38;2;177;79;90m██[38;2;58;66;110m██[38;2;58;64;111m██
[38;2;0;0;0m  [38;2;45;52;93m  [38;2;104;81;133m██[38;2;208;87;97m██[38;2;198;97;106m██[38;2;245;227;229m██[38;2;204;113;127m██[38;2;217;149;160m██[38;2;114;81;107m██[38;2;84;86;139m██[38;2;83;93;169m██[38;2;39;44;68m██[38;2;65;71;104m██[38;2;81;53;63m██[38;2;87;41;44m  [38;2;41;47;80m  [38;2;45;52;85m██[38;2;0;1;0m  [38;2;22;27;42m  [38;2;0;3;0m  [38;2;0;0;0m    [38;2;0;2;0m  [38;2;112;143;223m██[38;2;79;86;137m██[38;2;7;12;14m██[38;2;24;30;46m██[38;2;0;0;0m  [38;2;15;18;28m  [38;2;94;78;118m██[38;2;116;63;86m██[38;2;72;50;72m██[38;2;6;8;12m  [38;2;0;1;0m    
[38;2;12;5;4m  [38;2;101;46;54m██[38;2;209;81;88m██[38;2;197;89;93m██[38;2;238;181;185m██[38;2;206;90;95m██[38;2;185;84;87m██[38;2;87;68;68m██[38;2;83;92;161m██[38;2;63;70;111m██[38;2;33;38;57m██[38;2;0;0;0m  [38;2;22;27;43m  [38;2;99;72;96m██[38;2;151;81;110m██[38;2;59;64;78m██[38;2;84;67;68m██[38;2;12;17;24m██[38;2;59;66;113m██[38;2;0;3;0m  [38;2;6;9;13m  [38;2;0;3;0m  [38;2;0;4;0m  [38;2;86;91;156m██[38;2;67;76;128m██[38;2;6;9;11m  [38;2;68;70;104m██[38;2;20;19;20m██[38;2;112;56;91m██[38;2;81;93;159m██[38;2;12;16;22m  [38;2;0;0;0m        
[38;2;17;9;6m██[38;2;68;26;25m██[38;2;5;10;13m  [38;2;193;73;74m██[38;2;201;80;83m██[38;2;117;71;72m██[38;2;70;72;83m██[38;2;60;65;85m██[38;2;53;59;82m██[38;2;3;4;2m  [38;2;11;16;21m██[38;2;0;0;0m  [38;2;0;1;0m  [38;2;110;67;67m██[38;2;76;85;145m██[38;2;66;74;111m██[38;2;166;81;105m██[38;2;65;71;93m██[38;2;62;66;88m██[38;2;7;7;2m  [38;2;40;41;56m██[38;2;0;1;0m  [38;2;36;43;77m  [38;2;77;88;161m██[38;2;65;70;101m██[38;2;13;14;5m  [38;2;51;63;104m██[38;2;70;78;131m██[38;2;180;87;123m██[38;2;20;25;39m  [38;2;0;0;0m    [38;2;34;40;65m  [38;2;24;26;31m  [38;2;21;23;34m  
[38;2;0;0;0m      [38;2;0;2;0m  [38;2;0;8;5m  [38;2;47;55;86m  [38;2;31;33;31m  [38;2;0;2;0m  [38;2;35;42;64m  [38;2;0;0;0m      [38;2;0;1;0m  [38;2;64;73;126m  [38;2;69;74;103m██[38;2;200;80;82m██[38;2;76;86;156m██[38;2;66;70;86m██[38;2;154;71;81m██[38;2;66;70;104m██[38;2;65;68;105m██[38;2;27;33;57m██[38;2;88;99;185m██[38;2;85;96;175m██[38;2;96;69;71m██[38;2;69;78;131m██[38;2;159;91;128m██[38;2;107;78;119m██[38;2;60;55;91m██[38;2;0;0;0m    [38;2;3;5;3m  [38;2;52;57;83m██[38;2;51;57;85m██[38;2;61;68;113m██
[38;2;0;0;0m                      [38;2;0;2;0m  [38;2;0;3;0m  [38;2;36;41;49m  [38;2;91;102;183m██[38;2;66;66;69m██[38;2;72;75;112m██[38;2;218;82;89m██[38;2;100;95;151m██[38;2;92;106;181m██[38;2;87;99;185m██[38;2;70;72;88m██[38;2;80;87;143m██[38;2;69;72;88m██[38;2;87;71;82m██[38;2;79;92;164m██[38;2;37;41;54m██[38;2;20;28;41m██[38;2;87;99;185m██[38;2;44;44;44m  [38;2;0;3;0m  [38;2;55;61;104m██[38;2;65;68;79m██[38;2;65;72;111m██[38;2;83;90;155m██
[38;2;0;0;0m      [38;2;0;1;0m      [38;2;31;36;64m██████[38;2;23;26;27m██[38;2;12;15;25m  [38;2;84;93;175m██[38;2;77;83;127m██[38;2;150;143;175m██[38;2;71;78;128m██[38;2;66;66;69m██[38;2;184;172;194m██[38;2;83;95;139m██[38;2;98;119;177m██[38;2;97;118;168m██[38;2;101;69;69m██[38;2;80;88;145m██[38;2;78;86;139m██[38;2;81;76;105m██[38;2;154;81;111m██[38;2;56;59;89m██[38;2;11;12;15m  [38;2;0;0;0m  [38;2;38;44;79m  [38;2;84;93;163m██[38;2;50;53;77m██[38;2;7;9;10m  [38;2;63;66;102m██[38;2;45;47;68m██[38;2;19;23;31m██
[38;2;0;0;0m    [38;2;0;1;0m  [38;2;63;71;131m  [38;2;79;88;164m██[38;2;79;90;158m██[38;2;62;72;124m██[38;2;60;61;71m██[38;2;68;69;79m██[38;2;83;92;160m██[38;2;82;92;172m██[38;2;17;22;35m██[38;2;99;95;110m██[38;2;237;220;254m██[38;2;154;69;54m██[38;2;230;193;221m██[38;2;214;158;164m██[38;2;58;65;72m██[38;2;109;119;147m██[38;2;65;69;81m██[38;2;168;88;138m██[38;2;223;86;104m██[38;2;79;86;139m██[38;2;83;92;161m██[38;2;83;76;103m██[38;2;210;92;109m██[38;2;30;23;31m██[38;2;0;0;0m    [38;2;9;14;18m██[38;2;2;3;2m  [38;2;0;0;0m  [38;2;6;9;10m  [38;2;2;3;3m    
[38;2;0;0;0m      [38;2;0;1;0m  [38;2;0;2;0m  [38;2;26;29;42m  [38;2;17;20;24m  [38;2;19;23;30m  [38;2;80;87;141m██[38;2;79;86;139m██[38;2;60;65;101m██[38;2;3;5;6m  [38;2;0;0;0m  [38;2;130;122;138m  [38;2;218;174;191m██[38;2;157;93;95m██[38;2;226;150;159m██[38;2;189;177;204m██[38;2;158;97;106m██[38;2;72;82;125m██[38;2;65;73;121m██[38;2;250;94;132m██[38;2;112;72;80m██[38;2;79;86;138m██[38;2;73;81;128m██[38;2;41;31;45m  [38;2;0;7;13m  [38;2;0;0;0m                
[38;2;0;0;0m    [38;2;0;1;0m  [38;2;0;3;0m    [38;2;71;82;141m  [38;2;89;100;170m██[38;2;57;63;95m██[38;2;66;67;70m██[38;2;66;66;66m██[38;2;41;43;45m██[38;2;0;0;0m      [38;2;31;10;9m██[38;2;179;125;137m██[38;2;254;88;90m██[38;2;85;59;53m██[38;2;84;80;120m██[38;2;74;80;128m██[38;2;164;80;103m██[38;2;72;71;85m██[38;2;78;85;137m██[38;2;83;93;169m██[38;2;27;29;29m██[38;2;0;0;0m                    
[38;2;0;0;0m    [38;2;12;16;26m  [38;2;44;51;92m██[38;2;55;62;102m██[38;2;49;56;99m██[38;2;11;13;11m  [38;2;61;61;61m██[38;2;77;82;125m██[38;2;48;55;96m██[38;2;26;31;55m  [38;2;0;0;0m        [38;2;0;1;0m    [38;2;44;53;92m██[38;2;48;53;72m██[38;2;157;85;122m██[38;2;71;74;98m██[38;2;77;82;125m██[38;2;75;82;125m██[38;2;68;74;103m██[38;2;14;19;29m  [38;2;0;2;0m  [38;2;0;0;0m                  
[38;2;0;0;0m        [38;2;1;2;2m  [38;2;42;48;77m██[38;2;37;40;65m██[38;2;86;95;178m██[38;2;0;3;0m  [38;2;0;0;0m                  [38;2;5;6;3m  [38;2;51;58;95m██[38;2;88;97;182m██[38;2;52;57;85m██[38;2;80;87;143m██[38;2;56;61;69m██[38;2;26;29;41m██[38;2;84;91;146m██[38;2;3;5;1m  [38;2;0;0;0m                
[38;2;0;0;0m        [38;2;11;15;24m  [38;2;38;45;75m██[38;2;25;30;49m  [38;2;0;1;0m  [38;2;0;0;0m                [38;2;0;1;0m  [38;2;0;2;0m  [38;2;85;108;169m██[38;2;38;45;75m██[38;2;17;21;35m  [38;2;4;6;2m  [38;2;51;55;81m██[38;2;80;90;161m██[38;2;79;89;141m██[38;2;49;56;80m██[38;2;25;31;43m██[38;2;0;0;0m                
[38;2;0;0;0m                                [38;2;49;65;97m  [38;2;101;131;200m  [38;2;0;3;0m  [38;2;0;0;0m    [38;2;14;20;29m██[38;2;87;97;176m██[38;2;83;92;162m██[38;2;73;80;117m██[38;2;62;73;110m  [38;2;2;3;0m  [38;2;0;0;0m                
[38;2;0;0;0m                                  [38;2;0;1;0m  [38;2;0;0;0m  [38;2;1;4;3m  [38;2;58;66;121m██[38;2;37;42;64m██[38;2;64;68;89m██[38;2;74;81;117m██[38;2;46;55;85m██[38;2;0;1;0m  [38;2;0;0;0m                  
[38;2;0;0;0m                                    [38;2;12;16;24m  [38;2;66;82;132m██[38;2;42;56;83m  [38;2;0;1;1m  [38;2;43;50;72m██[38;2;40;46;64m  [38;2;0;1;0m  [38;2;0;0;0m                    
[38;2;0;0;0m                                    [38;2;17;23;33m██[38;2;0;1;0m  [38;2;0;2;0m  [38;2;52;61;102m██[38;2;8;11;16m  [38;2;0;0;0m                        [0m
