
[38;2;0;0;0m                        ██████                  
[38;2;0;0;0m            ████      ██[38;2;248;152;144m██[38;2;192;112;104m██[38;2;248;152;144m██[38;2;0;0;0m██                
[38;2;0;0;0m          ██[38;2;248;152;144m██[38;2;192;112;104m██[38;2;0;0;0m██  ██[38;2;248;152;144m██[38;2;248;200;192m██[38;2;192;112;104m██[38;2;248;200;192m██[38;2;248;152;144m██[38;2;0;0;0m██              
[38;2;0;0;0m        ██[38;2;248;152;144m██[38;2;240;240;40m████[38;2;248;200;192m██[38;2;0;0;0m██[38;2;64;64;64m████[38;2;248;200;192m████[38;2;192;112;104m████[38;2;0;0;0m██    ████      
[38;2;0;0;0m        ██[38;2;192;112;104m██[38;2;240;240;40m████[38;2;64;64;64m██[38;2;248;200;192m██████[38;2;64;64;64m██[38;2;248;200;192m██[38;2;192;112;104m██[38;2;248;152;144m██[38;2;192;112;104m██[38;2;0;0;0m████[38;2;248;200;192m████[38;2;0;0;0m██    
[38;2;0;0;0m      ██[38;2;248;152;144m████[38;2;192;112;104m██[38;2;64;64;64m██[38;2;248;200;192m██████████[38;2;64;64;64m██[38;2;248;152;144m██████[38;2;64;64;64m██[38;2;248;200;192m██████[38;2;248;152;144m██[38;2;0;0;0m██  
[38;2;0;0;0m      ██[38;2;64;64;64m██[38;2;248;152;144m██[38;2;64;64;64m██[38;2;248;248;248m██[38;2;248;200;192m████[38;2;192;112;104m████[38;2;248;200;192m██[38;2;64;64;64m██[38;2;248;152;144m████[38;2;64;64;64m██[38;2;192;112;104m██[38;2;248;200;192m██[38;2;192;112;104m████[38;2;248;200;192m██[38;2;0;0;0m██  
[38;2;0;0;0m    ██[38;2;248;200;192m████[38;2;64;64;64m████[38;2;0;0;0m██[38;2;248;200;192m██[38;2;192;112;104m██[38;2;248;248;248m████[38;2;248;200;192m████[38;2;64;64;64m██[38;2;248;152;144m██[38;2;64;64;64m██[38;2;248;200;192m████[38;2;248;248;248m██[38;2;0;0;0m██[38;2;248;248;248m██[38;2;248;152;144m██[38;2;0;0;0m██
[38;2;0;0;0m  ██[38;2;248;152;144m██[38;2;248;200;192m██████[38;2;64;64;64m██[38;2;248;200;192m████[38;2;248;152;144m██[38;2;0;0;0m██[38;2;248;248;248m██[38;2;248;200;192m██[38;2;248;152;144m██[38;2;64;64;64m██[38;2;192;112;104m██[38;2;64;64;64m████[38;2;248;200;192m██████[38;2;248;152;144m████[38;2;0;0;0m██
[38;2;0;0;0m  ██[38;2;248;200;192m████[38;2;192;112;104m████[38;2;64;64;64m██[38;2;248;152;144m██[38;2;248;200;192m████████[38;2;248;152;144m████[38;2;64;64;64m████[38;2;192;112;104m██[38;2;248;200;192m██[38;2;64;64;64m██[38;2;248;152;144m██████[38;2;0;0;0m██  
[38;2;0;0;0m██[38;2;192;112;104m██[38;2;248;200;192m██[38;2;192;112;104m██[38;2;64;64;64m██[38;2;248;248;248m██[38;2;248;152;144m██[38;2;64;64;64m██[38;2;192;112;104m██[38;2;64;64;64m████[38;2;248;152;144m████[38;2;64;64;64m██[38;2;248;200;192m████[38;2;192;112;104m██[38;2;248;200;192m██[38;2;192;112;104m██[38;2;64;64;64m██[38;2;248;152;144m██[38;2;192;112;104m██[38;2;0;0;0m██  
[38;2;0;0;0m██[38;2;248;152;144m████████████[38;2;64;64;64m██[38;2;248;152;144m██████████[38;2;64;64;64m██[38;2;248;200;192m██████[38;2;192;112;104m██[38;2;248;200;192m██[38;2;64;64;64m██[38;2;0;0;0m████    
[38;2;0;0;0m██[38;2;192;112;104m██[38;2;248;152;144m██[38;2;64;64;64m████[38;2;248;152;144m██[38;2;192;112;104m██[38;2;0;0;0m████[38;2;248;152;144m██████[38;2;64;64;64m██[38;2;248;200;192m██████[38;2;192;112;104m██████[38;2;248;152;144m██[38;2;0;0;0m██      
[38;2;0;0;0m  ██[38;2;192;112;104m██[38;2;248;152;144m████[38;2;192;112;104m██[38;2;0;0;0m██    ██████[38;2;64;64;64m██[38;2;248;152;144m██[38;2;248;200;192m██[38;2;248;152;144m██[38;2;248;248;248m██[38;2;0;0;0m██[38;2;248;248;248m██[38;2;248;152;144m██[38;2;0;0;0m██      
[38;2;0;0;0m    ████████            ██[38;2;248;152;144m██[38;2;192;112;104m██[38;2;248;152;144m████████[38;2;0;0;0m██        
[38;2;0;0;0m                        ██[38;2;192;112;104m██[38;2;248;152;144m██[38;2;64;64;64m████[38;2;248;152;144m██[38;2;192;112;104m██[38;2;0;0;0m██        
[38;2;0;0;0m                          ██[38;2;192;112;104m██[38;2;248;152;144m████[38;2;192;112;104m██[38;2;0;0;0m██          
[38;2;0;0;0m                            ████████            [0m
