
[38;2;0;0;0m            ████              
[38;2;0;0;0m          ████[38;2;99;127;103m██[38;2;0;24;0m██[38;2;0;0;0m██          
[38;2;0;0;0m      ████[38;2;231;231;239m████[38;2;99;127;103m██[38;2;198;231;206m██[38;2;206;206;214m██[38;2;0;0;0m████      
[38;2;0;0;0m      [38;2;0;12;0m██[38;2;121;141;126m██[38;2;115;115;115m██[38;2;208;208;208m██[38;2;206;206;214m████[38;2;115;115;115m██[38;2;99;173;107m██[38;2;0;0;0m██      
[38;2;0;0;0m    ██[38;2;181;206;189m████[38;2;255;255;255m██[38;2;115;115;115m██████████[38;2;206;206;214m██[38;2;0;0;0m██    
[38;2;0;0;0m    ██[38;2;206;206;214m██[38;2;255;255;255m██[38;2;111;133;111m████[38;2;74;132;82m██[38;2;206;206;214m██████[38;2;189;189;189m██[38;2;0;0;0m██    
[38;2;0;0;0m████[38;2;173;173;173m██[38;2;206;206;214m██[38;2;255;255;255m██[38;2;206;206;214m██[38;2;111;133;111m██[38;2;206;206;214m██[38;2;162;181;170m██[38;2;206;206;214m████[38;2;189;189;189m██[38;2;126;126;126m██[38;2;0;0;0m██  
[38;2;0;0;0m██[38;2;148;139;63m██[38;2;74;71;47m██[38;2;77;63;50m██[38;2;154;126;69m██[38;2;176;176;181m██[38;2;206;206;214m██████[38;2;176;176;181m██[38;2;115;115;115m████[38;2;206;206;214m██[38;2;0;0;0m██  
[38;2;0;0;0m  [38;2;0;4;32m██[38;2;222;206;78m██[38;2;0;0;32m██[38;2;231;189;87m██[38;2;115;115;115m████[38;2;113;113;115m██[38;2;66;66;66m██[38;2;115;115;115m██[38;2;206;206;214m████[38;2;176;176;181m██[38;2;99;173;107m██[38;2;0;0;0m██
[38;2;0;0;0m  ██[38;2;115;115;115m██[38;2;255;189;47m██[38;2;107;134;112m██[38;2;107;181;131m██[38;2;255;198;95m██[38;2;0;12;16m██[38;2;239;206;63m██[38;2;107;144;111m██[38;2;206;206;214m██[38;2;173;173;173m██[38;2;115;115;115m██[38;2;0;0;0m████
[38;2;0;0;0m  ██[38;2;173;173;173m██[38;2;107;134;112m████[38;2;181;189;113m██[38;2;107;181;131m██[38;2;239;206;63m██[38;2;159;141;47m██[38;2;206;206;214m██[38;2;107;144;111m██[38;2;115;115;115m██[38;2;173;173;173m██[38;2;0;0;0m██  
[38;2;0;0;0m    ██[38;2;104;122;109m██[38;2;156;181;164m██[38;2;115;115;115m██████████[38;2;173;173;173m████[38;2;0;0;0m██    
[38;2;0;0;0m    ██[38;2;104;122;109m██[38;2;0;4;0m██[38;2;173;173;173m██████████[38;2;115;115;115m████[38;2;0;0;0m██    
[38;2;0;0;0m    ████  ██[38;2;66;66;66m██[38;2;55;82;60m██[38;2;0;0;0m████[38;2;74;132;82m██[38;2;0;0;0m██      
[38;2;0;0;0m            ██[38;2;82;123;90m██[38;2;0;0;0m██  ████      
[38;2;0;0;0m              ██              [0m
