
[38;2;0;0;0m                                                          [38;2;0;4;0m████████[38;2;0;0;0m                  
[38;2;0;0;0m                                                        [38;2;0;4;0m██[38;2;57;92;73m████████[38;2;0;4;0m██[38;2;0;0;0m                
[38;2;0;0;0m                    [38;2;0;4;0m██████████[38;2;0;0;0m                        [38;2;0;4;0m██[38;2;57;92;73m████[38;2;0;4;0m████[38;2;57;92;73m████[38;2;0;4;0m██[38;2;0;0;0m              
[38;2;0;0;0m                [38;2;0;4;0m████[38;2;90;173;122m██████████[38;2;0;4;0m████[38;2;0;0;0m              [38;2;0;4;0m██[38;2;0;0;0m  [38;2;0;4;0m██[38;2;57;92;73m████[38;2;0;4;0m██[38;2;0;0;0m    [38;2;0;4;0m██[38;2;57;92;73m██[38;2;0;4;0m██[38;2;0;0;0m              
[38;2;0;0;0m              [38;2;0;4;0m██[38;2;90;173;122m████[38;2;0;4;0m██████████[38;2;90;173;122m██[38;2;90;181;130m██[38;2;0;8;0m██[38;2;0;4;0m██[38;2;0;0;0m        [38;2;0;4;0m██[38;2;90;181;122m██[38;2;0;8;0m██[38;2;66;66;66m██[38;2;55;93;74m██[38;2;0;4;0m██[38;2;0;0;0m    [38;2;0;4;0m██[38;2;66;66;66m████[38;2;0;4;0m██[38;2;0;0;0m              
[38;2;0;0;0m            [38;2;0;4;0m██[38;2;66;132;98m██[38;2;49;88;65m██[38;2;8;4;8m██[38;2;0;0;0m          [38;2;0;4;0m██[38;2;0;8;0m██[38;2;60;123;87m██[38;2;66;132;98m██[38;2;0;4;0m██[38;2;0;0;0m    [38;2;0;4;0m██[38;2;66;132;98m██[38;2;90;181;122m██[38;2;60;123;81m██[38;2;66;66;66m██[38;2;55;93;74m██[38;2;66;65;66m██[38;2;0;4;0m████[38;2;90;173;122m██[38;2;88;176;120m████[38;2;66;65;66m██[38;2;0;4;0m██[38;2;0;0;0m            
[38;2;0;0;0m          [38;2;0;4;0m██[38;2;74;132;106m██[38;2;49;89;71m██[38;2;0;4;0m██[38;2;0;0;0m                [38;2;0;4;0m██[38;2;70;136;98m████[38;2;0;4;0m████[38;2;71;74;69m██[38;2;82;181;122m██[38;2;88;178;122m████[38;2;66;66;66m████[38;2;57;61;57m██[38;2;82;173;122m██[38;2;90;173;122m██[38;2;0;4;0m████[38;2;66;65;66m██[38;2;65;98;79m██[38;2;82;173;122m██[38;2;0;4;0m██[38;2;0;0;0m          
[38;2;0;0;0m        [38;2;0;4;0m██[38;2;66;132;98m██[38;2;49;89;71m██[38;2;0;4;0m██[38;2;0;0;0m        [38;2;0;4;0m██████[38;2;0;0;0m    [38;2;0;4;0m██[38;2;66;66;66m████[38;2;255;255;255m████[38;2;71;74;69m██[38;2;77;127;95m██[38;2;88;178;122m██[38;2;68;134;98m██[38;2;82;80;69m██[38;2;66;66;66m██[38;2;82;173;122m██[38;2;65;98;79m██[38;2;0;4;0m██[38;2;0;0;0m    [38;2;0;4;0m██[38;2;57;61;57m██[38;2;65;98;79m██[38;2;90;173;122m██[38;2;0;4;0m██[38;2;0;0;0m        
[38;2;0;0;0m        [38;2;0;4;0m██[38;2;74;132;98m██[38;2;0;4;0m██[38;2;0;0;0m          [38;2;0;4;0m██[38;2;173;173;173m████[38;2;0;4;0m████[38;2;99;99;99m██[38;2;203;206;203m██[38;2;255;255;255m██████[38;2;231;239;231m██[38;2;82;82;66m██████[38;2;66;66;66m██[38;2;88;176;120m██[38;2;66;74;66m████[38;2;214;214;214m██[38;2;0;0;0m████[38;2;74;74;71m██[38;2;55;93;74m██[38;2;66;66;66m██[38;2;90;173;122m██[38;2;8;4;8m██[38;2;0;0;0m        
[38;2;0;0;0m        [38;2;0;4;0m██[38;2;49;89;65m██[38;2;0;4;0m██[38;2;0;0;0m            [38;2;0;4;0m██[38;2;173;173;173m████[38;2;66;67;66m██[38;2;99;99;99m██[38;2;99;107;99m██[38;2;203;206;203m██[38;2;255;255;255m████[38;2;231;239;231m████[38;2;222;222;222m████[38;2;66;66;66m████[38;2;66;74;66m██[38;2;222;222;222m██[38;2;107;107;107m████[38;2;222;222;214m██[38;2;74;74;71m██[38;2;55;93;74m██[38;2;66;66;66m██[38;2;49;88;65m██[38;2;90;173;122m██[38;2;0;4;0m██[38;2;0;0;0m      
[38;2;0;0;0m      [38;2;0;4;0m██[38;2;71;133;98m██[38;2;0;4;0m██[38;2;0;0;0m              [38;2;0;4;0m██[38;2;79;82;79m████[38;2;90;173;122m██[38;2;255;206;71m██[38;2;119;103;67m████[38;2;85;109;95m██[38;2;222;222;222m██████████████[38;2;85;109;95m████[38;2;109;115;109m██[38;2;57;61;57m██[38;2;66;66;66m██[38;2;222;222;222m██[38;2;66;66;66m██████[38;2;88;176;120m██[38;2;0;4;0m██[38;2;0;0;0m      
[38;2;0;0;0m      [38;2;0;4;0m██[38;2;71;133;98m██[38;2;0;4;0m██[38;2;0;0;0m                [38;2;8;8;8m██[38;2;222;231;222m██[38;2;90;173;122m██[38;2;255;206;71m██[38;2;0;0;32m██[38;2;239;206;103m██[38;2;85;109;95m████[38;2;96;96;96m████████████[38;2;85;109;95m██[38;2;222;222;222m██[38;2;57;61;57m██[38;2;214;222;214m██[38;2;222;222;222m██[38;2;66;66;66m██[38;2;222;222;222m██[38;2;66;66;66m████[38;2;88;176;120m██[38;2;0;4;0m██[38;2;0;0;0m      
[38;2;0;0;0m      [38;2;0;4;0m██[38;2;71;133;98m██[38;2;0;4;0m██[38;2;0;0;0m              [38;2;0;4;0m██[38;2;96;96;96m██[38;2;255;255;255m██[38;2;85;175;122m██[38;2;239;214;143m██[38;2;0;33;32m██[38;2;255;214;79m██[38;2;66;132;98m██[38;2;222;222;222m██[38;2;68;134;98m██[38;2;88;178;122m██[38;2;255;206;71m██[38;2;0;4;0m██[38;2;255;206;71m██[38;2;90;173;122m██[38;2;66;132;98m██[38;2;222;222;222m██[38;2;66;66;66m██[38;2;222;222;222m██[38;2;214;222;214m██[38;2;57;61;57m██[38;2;110;111;110m██[38;2;55;58;55m██[38;2;0;4;0m██[38;2;57;92;73m██[38;2;90;173;122m██[38;2;0;4;0m██[38;2;0;0;0m    
[38;2;0;0;0m      [38;2;0;4;0m██[38;2;71;133;98m██[38;2;0;4;0m██[38;2;0;0;0m              [38;2;0;4;0m██[38;2;175;175;175m██[38;2;96;96;96m██[38;2;239;214;143m██[38;2;85;175;122m██[38;2;255;214;79m██[38;2;85;93;48m██[38;2;222;222;222m████[38;2;68;134;98m██[38;2;88;178;122m██[38;2;255;206;71m██[38;2;0;4;0m██[38;2;255;206;71m██[38;2;90;173;122m██[38;2;66;132;98m██[38;2;222;222;222m████[38;2;66;66;66m██[38;2;57;61;57m██[38;2;109;115;109m██[38;2;165;165;165m██[38;2;0;4;0m██[38;2;0;0;0m  [38;2;0;4;0m██[38;2;90;173;122m██[38;2;0;4;0m██[38;2;0;0;0m    
[38;2;0;0;0m      [38;2;0;4;0m██[38;2;71;133;98m██[38;2;0;4;0m██[38;2;0;0;0m              [38;2;0;4;0m██[38;2;66;66;66m██[38;2;170;176;170m██[38;2;94;96;94m████[38;2;123;151;131m██[38;2;206;239;214m██[38;2;222;222;222m██████[38;2;66;132;98m██[38;2;126;151;113m██[38;2;231;222;143m██[38;2;66;132;98m████[38;2;222;222;222m████[38;2;94;96;94m██████[38;2;173;173;173m██[38;2;71;71;66m████[38;2;0;4;0m██[38;2;63;74;68m██[38;2;90;173;122m██[38;2;0;4;0m██[38;2;0;0;0m    
[38;2;0;0;0m      [38;2;0;4;0m██[38;2;71;133;98m██[38;2;0;4;0m██[38;2;0;0;0m            [38;2;0;4;0m██[38;2;222;222;222m██[38;2;222;231;222m██[38;2;66;66;66m██[38;2;173;173;173m████[38;2;82;107;90m████[38;2;96;96;96m██[38;2;222;222;222m██████[38;2;231;222;143m██[38;2;74;115;98m██[38;2;222;222;222m████[38;2;96;96;96m████[38;2;94;96;94m██[38;2;173;173;173m██████[38;2;71;71;66m██[38;2;57;94;73m██[38;2;63;74;68m████[38;2;90;173;122m██[38;2;0;4;0m██[38;2;0;0;0m    
[38;2;0;0;0m    [38;2;8;4;8m██[38;2;49;88;69m██[38;2;68;135;95m██[38;2;57;94;73m██[38;2;0;4;0m██[38;2;0;0;0m        [38;2;0;4;0m██[38;2;222;222;222m████[38;2;0;4;0m████[38;2;173;173;173m████[38;2;170;176;173m████[38;2;165;173;173m██[38;2;99;102;102m██[38;2;94;96;94m████████████[38;2;170;176;173m████[38;2;170;176;170m██[38;2;66;66;66m██[38;2;94;99;94m██[38;2;66;66;66m██[38;2;55;93;74m██████[38;2;66;66;66m██[38;2;90;173;122m██[38;2;0;4;0m██[38;2;0;0;0m    
[38;2;0;0;0m  [38;2;0;4;0m██[38;2;90;173;130m██[38;2;49;88;69m██[38;2;68;135;95m██[38;2;57;94;73m██[38;2;90;173;122m██[38;2;0;4;0m██[38;2;0;0;0m      [38;2;0;4;0m██████[38;2;0;0;0m    [38;2;8;8;0m██[38;2;63;63;58m██[38;2;170;176;173m████[38;2;66;66;66m████[38;2;173;173;173m████████████[38;2;170;176;173m████[38;2;66;66;66m██[38;2;222;231;222m██[38;2;66;66;66m████████████[38;2;90;173;122m██[38;2;0;4;0m██[38;2;0;0;0m    
[38;2;0;12;0m██[38;2;82;100;86m██[38;2;88;178;122m████[38;2;57;94;73m██[38;2;85;174;122m██[38;2;99;154;123m██[38;2;66;140;98m██[38;2;0;4;0m██[38;2;0;0;0m                [38;2;0;4;0m██[38;2;66;66;66m████[38;2;222;225;219m████[38;2;58;60;58m██[38;2;173;173;173m██████[38;2;173;181;173m██[38;2;63;68;63m██[38;2;0;4;0m████[38;2;222;222;222m██████[38;2;66;66;66m██[38;2;94;99;94m████[38;2;79;102;85m██[38;2;74;66;66m██[38;2;90;173;130m██[38;2;0;4;0m██[38;2;0;0;0m    
[38;2;0;12;0m██[38;2;165;189;173m██[38;2;68;134;98m████[38;2;71;134;98m████[38;2;66;140;98m██[38;2;165;181;173m██[38;2;0;4;0m██[38;2;0;0;0m                [38;2;0;4;0m██[38;2;94;99;94m██[38;2;66;66;66m██[38;2;222;225;219m████[38;2;0;4;0m████[38;2;8;8;0m██[38;2;63;63;58m██[38;2;63;68;63m██[38;2;8;12;8m██[38;2;0;0;0m    [38;2;0;4;0m████[38;2;222;222;222m██[38;2;66;66;66m██████[38;2;74;66;66m██[38;2;90;173;122m██[38;2;45;88;65m██[38;2;0;4;0m██[38;2;0;0;0m    
[38;2;0;0;0m  [38;2;0;4;0m██[38;2;86;94;86m██[38;2;173;181;173m██[38;2;173;173;173m████[38;2;86;94;86m██[38;2;0;8;0m██[38;2;0;0;0m                  [38;2;0;4;0m██████[38;2;222;222;222m██[38;2;0;4;0m██[38;2;0;0;0m      [38;2;0;4;0m██[38;2;94;96;94m██[38;2;0;4;0m██[38;2;0;0;0m        [38;2;0;4;0m██[38;2;66;65;66m██[38;2;66;66;66m██[38;2;82;173;122m██[38;2;57;94;73m██[38;2;86;174;122m██[38;2;57;94;73m██[38;2;86;174;122m██[38;2;0;4;0m██[38;2;0;0;0m  
[38;2;0;0;0m  [38;2;0;4;0m██[38;2;173;181;173m██[38;2;0;8;0m██[38;2;0;4;0m████[38;2;173;181;173m██[38;2;0;8;0m██[38;2;0;0;0m                        [38;2;0;4;0m██[38;2;0;0;0m          [38;2;0;4;0m████[38;2;0;0;0m          [38;2;0;4;0m██[38;2;77;137;103m██[38;2;82;173;122m██[38;2;86;174;122m██[38;2;57;94;73m██[38;2;86;174;122m████[38;2;66;132;98m██[38;2;0;4;0m██
[38;2;0;0;0m    [38;2;0;4;0m██[38;2;0;0;0m      [38;2;0;4;0m██[38;2;0;0;0m                                                    [38;2;0;4;0m██[38;2;165;189;181m██[38;2;82;102;94m██[38;2;68;134;95m████[38;2;80;120;96m████[38;2;173;173;173m██[38;2;0;4;0m██
[38;2;0;0;0m                                                                    [38;2;0;16;8m██[38;2;82;102;94m██[38;2;173;173;173m██████[38;2;80;120;96m██[38;2;0;4;0m██[38;2;0;0;0m  
[38;2;0;0;0m                                                                    [38;2;0;4;0m██[38;2;173;173;173m██[38;2;0;4;0m██████[38;2;173;173;173m██[38;2;0;4;0m██[38;2;0;0;0m  [0m
