
[38;2;0;0;0m          [38;2;49;49;49m████████[38;2;0;0;0m                        
[38;2;0;0;0m      [38;2;49;49;49m████[38;2;255;255;255m██████[38;2;180;213;213m██[38;2;49;49;49m██████[38;2;0;0;0m                  
[38;2;0;0;0m    [38;2;49;49;49m██[38;2;255;255;255m████[38;2;82;82;82m██[38;2;255;255;255m██████████[38;2;148;164;164m██[38;2;49;49;49m██[38;2;0;0;0m                
[38;2;0;0;0m  [38;2;49;49;49m██[38;2;255;255;255m██[38;2;180;213;213m██[38;2;255;255;255m██[38;2;148;164;164m██[38;2;255;255;255m██[38;2;148;164;164m████[38;2;255;255;255m██████[38;2;49;49;49m██[38;2;0;0;0m                
[38;2;49;49;49m██[38;2;82;82;82m██[38;2;255;255;255m██[38;2;180;213;213m██[38;2;148;164;164m██[38;2;255;255;255m██[38;2;148;164;164m██[38;2;255;255;255m████[38;2;148;164;164m██[38;2;255;255;255m████[38;2;180;213;213m██[38;2;49;49;49m██[38;2;0;0;0m              
[38;2;49;49;49m██[38;2;82;82;82m████[38;2;255;255;255m██████[38;2;148;164;164m██[38;2;255;255;255m██[38;2;180;213;213m██[38;2;255;255;255m████[38;2;148;164;164m██[38;2;180;213;213m██[38;2;49;49;49m██[38;2;0;0;0m              
[38;2;0;0;0m  [38;2;49;49;49m██[38;2;164;74;106m██[38;2;148;164;164m██[38;2;255;255;255m██████[38;2;148;164;164m██[38;2;180;213;213m██[38;2;255;255;255m██[38;2;82;82;82m████[38;2;180;213;213m██[38;2;49;49;49m██[38;2;0;0;0m              
[38;2;0;0;0m  [38;2;49;49;49m██[38;2;82;82;82m██[38;2;255;255;255m██[38;2;148;164;164m████[38;2;180;213;213m████[38;2;82;82;82m██████[38;2;222;115;148m██[38;2;49;49;49m██[38;2;0;0;0m                
[38;2;0;0;0m    [38;2;49;49;49m████[38;2;246;156;164m██[38;2;255;180;164m████[38;2;246;156;164m██[38;2;222;115;148m██[38;2;82;82;82m██[38;2;222;115;148m██[38;2;82;82;82m████[38;2;49;49;49m██[38;2;0;0;0m              
[38;2;0;0;0m    [38;2;49;49;49m██[38;2;246;156;164m██[38;2;255;180;164m████[38;2;255;255;255m██[38;2;49;49;49m██[38;2;246;156;164m██[38;2;49;49;49m██[38;2;222;115;148m██[38;2;82;82;82m████[38;2;49;49;49m██[38;2;0;0;0m              
[38;2;0;0;0m  [38;2;49;49;49m████[38;2;222;115;148m██[38;2;255;180;164m████[38;2;82;82;82m██[38;2;49;49;49m██[38;2;222;115;148m██[38;2;82;82;82m██[38;2;49;49;49m██████[38;2;180;213;213m██[38;2;49;49;49m██[38;2;0;0;0m            
[38;2;49;49;49m██[38;2;246;156;164m██[38;2;164;74;106m██[38;2;82;82;82m██[38;2;222;115;148m██████[38;2;164;74;106m████[38;2;148;164;164m██[38;2;255;255;255m██[38;2;148;164;164m██[38;2;255;255;255m██[38;2;180;213;213m██[38;2;49;49;49m██[38;2;0;0;0m      [38;2;49;49;49m████[38;2;0;0;0m  
[38;2;0;0;0m  [38;2;49;49;49m██[38;2;148;164;164m██[38;2;255;255;255m██[38;2;82;82;82m██████[38;2;148;164;164m██[38;2;180;213;213m██[38;2;255;255;255m████████[38;2;180;213;213m██[38;2;49;49;49m██[38;2;0;0;0m    [38;2;49;49;49m██[38;2;255;255;255m██[38;2;139;123;255m██[38;2;49;49;49m██
[38;2;0;0;0m    [38;2;49;49;49m██[38;2;255;255;255m████[38;2;180;213;213m██[38;2;255;255;255m██[38;2;180;213;213m██[38;2;255;255;255m██████[38;2;180;213;213m██[38;2;148;164;164m██[38;2;49;49;49m██[38;2;0;0;0m      [38;2;49;49;49m██[38;2;139;123;255m██[38;2;164;197;255m██[38;2;49;49;49m██
[38;2;0;0;0m      [38;2;82;82;82m████[38;2;255;255;255m██████[38;2;148;164;164m██[38;2;180;213;213m████[38;2;82;82;82m██[38;2;246;156;164m██[38;2;255;180;164m██[38;2;49;49;49m██[38;2;0;0;0m    [38;2;49;49;49m██████[38;2;0;0;0m  
[38;2;0;0;0m    [38;2;49;49;49m██[38;2;246;156;164m██[38;2;222;115;148m██[38;2;82;82;82m██████[38;2;246;156;164m██[38;2;82;82;82m████[38;2;246;156;164m██[38;2;82;82;82m██[38;2;49;49;49m██[38;2;0;0;0m  [38;2;49;49;49m████[38;2;222;115;148m██[38;2;49;49;49m██[38;2;0;0;0m    
[38;2;0;0;0m    [38;2;49;49;49m██[38;2;246;156;164m██[38;2;164;74;106m██[38;2;246;156;164m██████[38;2;164;74;106m██[38;2;246;156;164m██[38;2;255;180;164m████[38;2;246;156;164m██[38;2;222;115;148m██[38;2;49;49;49m██[38;2;222;115;148m██[38;2;82;82;82m██[38;2;164;74;106m██[38;2;49;49;49m██[38;2;0;0;0m    
[38;2;0;0;0m      [38;2;49;49;49m██[38;2;164;74;106m██[38;2;222;115;148m██[38;2;246;156;164m████[38;2;164;74;106m██[38;2;246;156;164m██[38;2;255;180;164m████[38;2;246;156;164m██[38;2;222;115;148m██[38;2;82;82;82m██[38;2;164;74;106m██[38;2;82;82;82m██[38;2;49;49;49m██[38;2;0;0;0m      
[38;2;0;0;0m    [38;2;49;49;49m██[38;2;180;213;213m██[38;2;222;115;148m██[38;2;49;49;49m████[38;2;246;156;164m████[38;2;164;74;106m██[38;2;246;156;164m████[38;2;222;115;148m██[38;2;82;82;82m██[38;2;164;74;106m██[38;2;49;49;49m████[38;2;0;0;0m        
[38;2;0;0;0m      [38;2;49;49;49m████[38;2;0;0;0m    [38;2;49;49;49m██████[38;2;82;82;82m██[38;2;164;74;106m████[38;2;49;49;49m████[38;2;0;0;0m            
[38;2;0;0;0m                  [38;2;49;49;49m██[38;2;180;213;213m██[38;2;222;115;148m██[38;2;49;49;49m██[38;2;0;0;0m                
[38;2;0;0;0m                    [38;2;49;49;49m████[38;2;0;0;0m                  [0m
