
[38;2;0;0;0m                  [38;2;3;5;4m  [38;2;27;40;30m██[38;2;14;15;11m  [38;2;0;0;0m                        
[38;2;0;0;0m                [38;2;40;73;52m  [38;2;75;114;76m██[38;2;69;81;74m██[38;2;114;185;102m██[38;2;108;175;94m██[38;2;74;120;65m  [38;2;0;0;0m                    
[38;2;0;0;0m            [38;2;14;28;20m  [38;2;80;147;105m██[38;2;76;118;91m██[38;2;94;136;89m██[38;2;129;215;117m██[38;2;83;136;73m██[38;2;19;31;16m  [38;2;0;0;0m                      
[38;2;0;0;0m            [38;2;76;143;101m██[38;2;70;81;72m██[38;2;126;200;111m██[38;2;129;214;115m██[38;2;48;80;43m██[38;2;0;0;0m                          
[38;2;0;0;0m        [38;2;56;102;73m██[38;2;72;113;88m██[38;2;84;123;88m██[38;2;131;214;115m██[38;2;129;214;114m██[38;2;61;99;54m  [38;2;0;0;0m                            
[38;2;0;0;0m    [38;2;0;0;2m  [38;2;83;142;82m██[38;2;75;111;87m██[38;2;130;211;115m██[38;2;131;213;115m██████[38;2;0;0;0m                              
[38;2;0;0;0m  [38;2;109;113;105m  [38;2;72;115;69m██[38;2;148;247;140m██[38;2;149;243;143m██[38;2;117;151;104m██[38;2;164;86;97m██[38;2;163;87;98m██[38;2;134;123;100m██[38;2;75;113;87m██[38;2;0;0;0m          [38;2;55;27;30m  [38;2;139;69;78m██[38;2;72;36;40m  [38;2;0;0;0m            
[38;2;69;34;38m██[38;2;99;86;75m██[38;2;140;185;134m██[38;2;150;247;141m██[38;2;130;182;122m██[38;2;211;82;101m██[38;2;226;163;172m██[38;2;200;81;99m██[38;2;230;99;120m██[38;2;72;93;76m  [38;2;0;0;0m  [38;2;4;1;2m  [38;2;21;10;11m██[38;2;94;50;53m██[38;2;249;137;141m██[38;2;229;177;138m██[38;2;198;239;134m██[38;2;132;66;74m██[38;2;0;0;0m    [38;2;20;10;11m  [38;2;0;0;0m      
[38;2;69;34;38m██[38;2;155;80;95m██[38;2;118;190;110m██[38;2;129;214;114m██[38;2;119;161;105m██[38;2;211;82;101m██[38;2;154;89;97m██[38;2;71;67;68m██[38;2;213;105;125m██[38;2;0;0;0m    [38;2;53;25;29m██[38;2;223;174;136m██[38;2;212;211;136m██[38;2;195;239;131m██[38;2;196;239;132m██[38;2;232;172;139m██[38;2;154;81;89m██[38;2;0;0;0m    [38;2;228;113;128m██[38;2;0;0;0m      
[38;2;0;0;0m  [38;2;100;95;59m  [38;2;174;196;125m██[38;2;103;164;111m██[38;2;112;144;105m██[38;2;180;76;98m██[38;2;91;72;75m██[38;2;98;70;74m██[38;2;201;96;111m██[38;2;0;0;0m    [38;2;80;39;42m██[38;2;203;212;131m██[38;2;195;239;131m████[38;2;212;209;135m██[38;2;209;148;129m██[38;2;158;83;91m██[38;2;217;177;139m██[38;2;149;77;87m██[38;2;203;227;134m██[38;2;100;57;61m██[38;2;246;143;141m██[38;2;69;34;38m██
[38;2;0;0;0m  [38;2;3;0;0m  [38;2;56;60;36m██[38;2;183;220;123m██[38;2;165;196;130m██[38;2;180;195;126m██[38;2;122;84;84m██[38;2;129;85;90m██[38;2;28;13;15m  [38;2;0;0;0m    [38;2;202;96;97m██[38;2;157;180;85m██[38;2;197;239;133m██[38;2;232;169;138m██[38;2;231;136;129m██[38;2;30;23;23m██[38;2;33;18;19m  [38;2;245;141;142m██[38;2;156;94;100m██[38;2;227;148;134m██[38;2;176;95;108m██[38;2;207;134;121m██[38;2;18;9;10m  
[38;2;0;0;0m        [38;2;0;0;5m  [38;2;11;0;17m  [38;2;99;116;58m██[38;2;137;171;70m██[38;2;88;108;48m██[38;2;0;0;2m  [38;2;40;15;19m  [38;2;201;97;96m██[38;2;154;78;74m██[38;2;165;68;87m██[38;2;23;13;13m  [38;2;0;0;0m      [38;2;1;9;6m  [38;2;74;75;61m██[38;2;166;83;93m  [38;2;0;2;5m  [38;2;0;0;0m    
[38;2;0;0;0m            [38;2;12;17;7m  [38;2;186;231;111m██[38;2;193;234;129m██[38;2;146;170;101m██[38;2;164;76;83m██[38;2;38;14;18m██[38;2;8;3;4m  [38;2;0;0;0m          [38;2;2;3;1m  [38;2;60;98;53m██[38;2;0;0;0m        
[38;2;0;0;0m      [38;2;83;83;83m  [38;2;58;73;37m██[38;2;1;1;0m  [38;2;37;45;25m  [38;2;194;235;132m██[38;2;149;176;109m██[38;2;156;185;112m██[38;2;111;134;75m██[38;2;0;0;0m            [38;2;60;84;45m██[38;2;161;226;122m██[38;2;0;0;0m          
[38;2;0;0;0m      [38;2;74;74;74m██[38;2;145;148;139m██[38;2;124;147;75m██[38;2;133;160;91m██[38;2;84;88;77m██[38;2;180;184;151m██[38;2;165;167;148m██[38;2;160;190;112m██[38;2;138;167;93m  [38;2;0;0;0m      [38;2;45;78;41m  [38;2;175;216;120m██[38;2;195;238;133m██[38;2;14;20;11m  [38;2;0;0;0m          
[38;2;0;0;0m        [38;2;60;60;60m  [38;2;38;70;59m██[38;2;107;138;90m██[38;2;128;146;100m██[38;2;143;158;111m██[38;2;162;165;146m██[38;2;131;157;101m██[38;2;100;154;94m██[38;2;129;213;114m██[38;2;62;88;59m██[38;2;155;217;121m██[38;2;176;233;128m██[38;2;144;223;119m██[38;2;56;67;38m  [38;2;0;0;0m            
[38;2;0;0;0m          [38;2;58;104;77m██[38;2;72;107;86m██[38;2;197;238;133m████[38;2;178;213;124m██[38;2;82;121;85m██[38;2;123;220;114m██[38;2;92;163;107m██[38;2;147;192;114m██[38;2;116;196;108m██[38;2;119;144;80m  [38;2;0;0;0m                
[38;2;0;0;0m          [38;2;58;76;38m  [38;2;112;144;67m██[38;2;98;126;69m██[38;2;77;95;46m██[38;2;135;165;67m██[38;2;81;112;82m██[38;2;146;197;122m██[38;2;185;229;131m██[38;2;130;163;77m██[38;2;34;36;30m██[38;2;0;0;0m                  
[38;2;0;0;0m            [38;2;37;39;34m██[38;2;68;70;62m██[38;2;0;0;0m      [38;2;76;83;61m██[38;2;133;163;67m██[38;2;0;0;0m                      
[38;2;0;0;0m            [38;2;53;81;48m██[38;2;96;147;86m██[38;2;0;0;0m    [38;2;0;7;3m  [38;2;121;154;86m██[38;2;108;129;74m██[38;2;0;0;0m                      
[38;2;0;0;0m                    [38;2;90;125;69m██[38;2;183;239;130m██[38;2;39;51;24m██[38;2;0;0;0m                      
[38;2;0;0;0m                    [38;2;24;40;21m  [38;2;31;49;28m██[38;2;4;4;4m  [38;2;0;0;0m                      [0m
