
[38;2;0;0;0m              [38;2;32;32;32m████[38;2;0;0;0m          
[38;2;0;0;0m          [38;2;32;32;32m████[38;2;90;131;82m██[38;2;98;172;98m██[38;2;32;32;32m██[38;2;0;0;0m        
[38;2;0;0;0m        [38;2;32;32;32m██[38;2;82;82;82m██[38;2;98;172;98m████[38;2;90;131;82m██[38;2;98;172;98m██[38;2;32;32;32m██[38;2;0;0;0m      
[38;2;0;0;0m  [38;2;32;32;32m████████[38;2;98;172;98m██████[38;2;90;131;82m██[38;2;98;172;98m██[38;2;32;32;32m██[38;2;0;0;0m      
[38;2;32;32;32m██[38;2;82;82;82m██[38;2;82;156;123m██[38;2;82;82;82m████[38;2;98;172;98m████████[38;2;90;131;82m██[38;2;98;172;98m██[38;2;32;32;32m██[38;2;0;0;0m    
[38;2;32;32;32m██[38;2;82;156;123m██[38;2;82;82;82m██[38;2;106;197;164m████[38;2;82;82;82m██[38;2;98;172;98m████[38;2;82;82;82m████[38;2;98;172;98m██[38;2;32;32;32m████[38;2;0;0;0m  
[38;2;0;0;0m  [38;2;32;32;32m██[38;2;82;82;82m██[38;2;82;156;123m████[38;2;106;197;164m██[38;2;82;82;82m████[38;2;106;197;164m████[38;2;82;82;82m██[38;2;82;156;123m██[38;2;106;197;164m██[38;2;32;32;32m██
[38;2;0;0;0m  [38;2;32;32;32m██[38;2;82;156;123m██[38;2;82;82;82m██[38;2;82;156;123m████[38;2;106;197;164m████████[38;2;82;156;123m██[38;2;106;197;164m██[38;2;82;82;82m██[38;2;32;32;32m██
[38;2;0;0;0m    [38;2;32;32;32m██[38;2;106;197;164m████████[38;2;82;82;82m██[38;2;106;197;164m████[38;2;82;82;82m██[38;2;106;197;164m██[38;2;32;32;32m██[38;2;0;0;0m  
[38;2;0;0;0m  [38;2;32;32;32m██[38;2;82;82;82m██[38;2;106;197;164m██████[38;2;82;82;82m████████[38;2;222;156;164m██[38;2;32;32;32m██[38;2;0;0;0m    
[38;2;0;0;0m  [38;2;32;32;32m██[38;2;197;82;98m██[38;2;82;82;82m██[38;2;106;197;164m██[38;2;82;82;82m████[38;2;255;255;255m██[38;2;222;156;164m██[38;2;255;197;197m████[38;2;32;32;32m██[38;2;0;0;0m    
[38;2;0;0;0m  [38;2;32;32;32m██[38;2;255;197;197m████[38;2;82;82;82m██[38;2;255;197;197m██[38;2;197;82;98m██████[38;2;255;197;197m████[38;2;32;32;32m██[38;2;0;0;0m    
[38;2;0;0;0m    [38;2;32;32;32m██[38;2;255;197;197m██████[38;2;246;123;123m██[38;2;197;82;98m██[38;2;246;123;123m██[38;2;255;197;197m██[38;2;82;82;82m██[38;2;32;32;32m██[38;2;0;0;0m    
[38;2;0;0;0m  [38;2;32;32;32m██[38;2;82;156;123m██[38;2;82;82;82m████[38;2;255;197;197m██████[38;2;82;82;82m██████[38;2;82;156;123m██[38;2;32;32;32m██[38;2;0;0;0m  
[38;2;32;32;32m██[38;2;197;197;197m██[38;2;82;156;123m████[38;2;82;82;82m████████[38;2;106;197;164m██████[38;2;82;82;82m██[38;2;82;156;123m██[38;2;32;32;32m██
[38;2;32;32;32m██[38;2;197;197;197m██[38;2;32;32;32m██[38;2;82;82;82m██[38;2;222;156;164m██[38;2;82;82;82m██[38;2;246;123;123m██[38;2;82;82;82m██[38;2;106;197;164m██████[38;2;255;255;255m██[38;2;82;82;82m██[38;2;32;32;32m██
[38;2;32;32;32m████[38;2;0;0;0m  [38;2;32;32;32m██[38;2;222;156;164m██[38;2;164;98;98m████[38;2;246;123;123m██[38;2;82;82;82m██[38;2;255;255;255m██████[38;2;32;32;32m██[38;2;0;0;0m  
[38;2;0;0;0m        [38;2;32;32;32m██[38;2;222;156;164m██[38;2;32;32;32m████[38;2;255;197;197m██[38;2;82;82;82m██[38;2;255;255;255m██[38;2;32;32;32m██[38;2;0;0;0m    
[38;2;0;0;0m          [38;2;32;32;32m██[38;2;0;0;0m    [38;2;32;32;32m██████[38;2;0;0;0m      [0m
