
[38;2;0;0;0m        [38;2;49;49;49m████████████[38;2;0;0;0m        
[38;2;0;0;0m    [38;2;49;49;49m████[38;2;255;255;255m██[38;2;131;106;90m████████[38;2;246;98;82m██[38;2;49;49;49m████[38;2;0;0;0m    
[38;2;0;0;0m  [38;2;49;49;49m██[38;2;131;106;90m██[38;2;255;255;255m██[38;2;131;106;90m██[38;2;213;189;172m██[38;2;255;255;255m████[38;2;172;139;131m██[38;2;131;106;90m██[38;2;246;98;82m██[38;2;131;106;90m██[38;2;49;49;49m██[38;2;0;0;0m  
[38;2;0;0;0m  [38;2;49;49;49m██[38;2;255;255;255m████[38;2;131;106;90m██[38;2;172;139;131m██[38;2;255;255;255m████[38;2;213;189;172m██[38;2;131;106;90m██[38;2;246;98;82m████[38;2;49;49;49m██[38;2;0;0;0m  
[38;2;49;49;49m██[38;2;255;255;255m████████[38;2;131;106;90m████████[38;2;246;98;82m████████[38;2;49;49;49m██
[38;2;49;49;49m██[38;2;255;255;255m████████████[38;2;172;139;131m██[38;2;131;106;90m██[38;2;246;98;82m████████[38;2;49;49;49m██
[38;2;49;49;49m██[38;2;213;189;172m██[38;2;255;255;255m██████████[38;2;213;189;172m██[38;2;131;106;90m██[38;2;189;98;82m██[38;2;246;98;82m████[38;2;189;98;82m██[38;2;49;49;49m██
[38;2;49;49;49m██[38;2;131;106;90m██[38;2;213;189;172m██[38;2;255;255;255m██████████[38;2;131;106;90m████[38;2;246;98;82m████[38;2;131;106;90m██[38;2;49;49;49m██
[38;2;0;0;0m  [38;2;49;49;49m██[38;2;131;106;90m████[38;2;213;189;172m██[38;2;255;255;255m████[38;2;213;189;172m██[38;2;131;106;90m████████[38;2;49;49;49m██[38;2;0;0;0m  
[38;2;0;0;0m    [38;2;49;49;49m████[38;2;131;106;90m████████████[38;2;49;49;49m████[38;2;0;0;0m    
[38;2;0;0;0m      [38;2;49;49;49m████[38;2;82;82;82m████████[38;2;49;49;49m██[38;2;0;0;0m        
[38;2;0;0;0m    [38;2;49;49;49m██[38;2;213;189;172m██[38;2;49;49;49m██[38;2;213;189;172m████████[38;2;49;49;49m██[38;2;0;0;0m        
[38;2;0;0;0m      [38;2;49;49;49m██[38;2;131;106;90m██[38;2;238;115;156m██[38;2;255;255;255m██[38;2;49;49;49m██[38;2;213;189;172m██[38;2;131;106;90m██[38;2;49;49;49m██[38;2;0;0;0m      
[38;2;0;0;0m      [38;2;49;49;49m██[38;2;238;115;156m████[38;2;255;255;255m██[38;2;49;49;49m██[38;2;213;189;172m██████[38;2;49;49;49m██[38;2;0;0;0m    
[38;2;0;0;0m      [38;2;49;49;49m██[38;2;213;189;172m██[38;2;255;255;255m████████[38;2;131;106;90m██[38;2;49;49;49m██[38;2;0;0;0m      
[38;2;0;0;0m        [38;2;49;49;49m██[38;2;213;189;172m██[38;2;255;255;255m████[38;2;213;189;172m██[38;2;49;49;49m██[38;2;0;0;0m        
[38;2;0;0;0m          [38;2;49;49;49m████████[38;2;0;0;0m          [0m
