
[38;2;0;0;0m            [38;2;49;49;49m██[38;2;0;0;0m                                
[38;2;0;0;0m          [38;2;49;49;49m██[38;2;49;74;139m██[38;2;49;49;49m██[38;2;0;0;0m      [38;2;49;49;49m██████[38;2;0;0;0m                  
[38;2;0;0;0m        [38;2;49;49;49m██[38;2;49;74;139m██[38;2;41;57;115m██[38;2;49;49;49m██[38;2;0;0;0m  [38;2;49;49;49m████[38;2;49;74;139m████[38;2;49;49;49m██[38;2;0;0;0m                  
[38;2;0;0;0m        [38;2;49;49;49m██[38;2;41;57;115m██[38;2;49;74;139m████[38;2;49;49;49m██[38;2;65;98;172m████[38;2;41;57;115m██[38;2;49;74;139m██[38;2;49;49;49m██[38;2;0;0;0m            [38;2;49;49;49m████[38;2;0;0;0m  
[38;2;0;0;0m      [38;2;49;49;49m██[38;2;49;74;139m████[38;2;65;98;172m████[38;2;49;74;139m██[38;2;82;180;213m██[38;2;49;74;139m██[38;2;65;98;172m██[38;2;49;49;49m██[38;2;0;0;0m            [38;2;49;49;49m██[38;2;255;255;255m████[38;2;49;49;49m██
[38;2;0;0;0m      [38;2;49;49;49m██[38;2;49;74;139m██[38;2;65;98;172m██[38;2;49;74;139m██[38;2;41;57;115m██[38;2;82;180;213m██████[38;2;41;57;115m██[38;2;49;49;49m██[38;2;0;0;0m  [38;2;49;49;49m████[38;2;0;0;0m    [38;2;49;49;49m██[38;2;82;82;82m██[38;2;255;255;255m████[38;2;49;49;49m██
[38;2;0;0;0m    [38;2;49;49;49m████[38;2;49;74;139m██[38;2;41;57;115m██[38;2;65;98;172m██[38;2;41;57;115m██[38;2;82;180;213m████[38;2;74;139;156m██[38;2;41;57;115m██[38;2;65;98;172m██[38;2;49;49;49m██[38;2;255;255;255m████[38;2;49;49;49m████[38;2;255;255;255m████[38;2;82;82;82m██[38;2;49;49;49m██[38;2;0;0;0m  
[38;2;0;0;0m  [38;2;49;49;49m██[38;2;255;255;255m██[38;2;49;74;139m██[38;2;41;57;115m██[38;2;65;98;172m████[38;2;41;57;115m██[38;2;74;139;156m██[38;2;49;49;49m██[38;2;246;246;82m██[38;2;49;74;139m██[38;2;65;98;172m████[38;2;255;255;255m████████████[38;2;49;49;49m██[38;2;0;0;0m    
[38;2;0;0;0m  [38;2;49;49;49m██[38;2;49;74;139m████[38;2;255;255;255m██[38;2;65;98;172m████[38;2;49;74;139m██[38;2;246;246;82m██[38;2;49;49;49m██[38;2;246;246;82m██[38;2;49;74;139m██[38;2;65;98;172m██[38;2;82;82;82m██[38;2;189;189;172m██[38;2;255;255;255m████████[38;2;82;82;82m██[38;2;49;49;49m██[38;2;0;0;0m    
[38;2;0;0;0m    [38;2;49;49;49m██[38;2;82;180;213m████[38;2;65;98;172m██████[38;2;49;74;139m██[38;2;246;246;82m██[38;2;49;74;139m██[38;2;82;180;213m██[38;2;82;82;82m██[38;2;189;189;172m████[38;2;82;82;82m██[38;2;255;255;255m████[38;2;49;49;49m████[38;2;0;0;0m      
[38;2;0;0;0m      [38;2;49;49;49m████[38;2;82;180;213m██████████[38;2;82;82;82m████[38;2;131;131;115m██[38;2;189;189;172m██[38;2;131;131;115m██[38;2;49;49;49m██████[38;2;0;0;0m          
[38;2;0;0;0m          [38;2;49;49;49m██[38;2;82;82;82m████████[38;2;131;131;115m██[38;2;189;189;172m██████[38;2;49;49;49m██[38;2;0;0;0m                
[38;2;0;0;0m          [38;2;49;49;49m██[38;2;189;189;172m██[38;2;131;131;115m██[38;2;189;189;172m████[38;2;131;131;115m██[38;2;189;189;172m██[38;2;82;82;82m██[38;2;189;189;172m██[38;2;49;49;49m██[38;2;0;0;0m                
[38;2;0;0;0m        [38;2;49;49;49m██[38;2;74;139;156m██[38;2;82;82;82m████[38;2;131;131;115m██[38;2;189;189;172m████[38;2;82;82;82m██[38;2;82;180;213m██[38;2;82;82;82m██[38;2;49;49;49m████[38;2;0;0;0m              
[38;2;0;0;0m        [38;2;49;49;49m██[38;2;74;139;156m██[38;2;49;49;49m██[38;2;57;115;131m██[38;2;82;82;82m████████[38;2;82;180;213m██[38;2;82;82;82m██[38;2;82;180;213m████[38;2;49;49;49m██[38;2;0;0;0m            
[38;2;0;0;0m      [38;2;49;49;49m██[38;2;82;180;213m██[38;2;82;82;82m██[38;2;49;49;49m██[38;2;57;115;131m██[38;2;82;82;82m██[38;2;74;139;156m████[38;2;82;82;82m██[38;2;82;180;213m██[38;2;82;82;82m██[38;2;82;180;213m████[38;2;49;49;49m██[38;2;0;0;0m            
[38;2;0;0;0m  [38;2;49;49;49m████[38;2;65;98;172m██[38;2;82;180;213m██[38;2;49;49;49m██[38;2;0;0;0m  [38;2;49;49;49m██[38;2;57;115;131m██[38;2;82;82;82m████[38;2;74;139;156m██[38;2;82;180;213m██[38;2;82;82;82m██[38;2;74;139;156m██[38;2;49;49;49m██[38;2;0;0;0m              
[38;2;49;49;49m██[38;2;189;189;172m██[38;2;65;98;172m████[38;2;49;49;49m██[38;2;0;0;0m      [38;2;49;49;49m████[38;2;82;82;82m██[38;2;82;180;213m██[38;2;82;82;82m██[38;2;74;139;156m████[38;2;49;49;49m████[38;2;0;0;0m            
[38;2;49;49;49m██[38;2;131;131;115m██[38;2;255;255;255m██[38;2;49;49;49m██[38;2;255;255;255m██[38;2;49;49;49m██[38;2;0;0;0m      [38;2;49;49;49m██[38;2;82;82;82m██[38;2;65;98;172m██[38;2;82;82;82m██[38;2;49;74;139m██[38;2;49;49;49m██[38;2;74;139;156m██[38;2;49;74;139m██[38;2;49;49;49m██[38;2;0;0;0m          
[38;2;0;0;0m  [38;2;49;49;49m████[38;2;0;0;0m  [38;2;49;49;49m████[38;2;0;0;0m    [38;2;49;49;49m██[38;2;255;255;255m██[38;2;65;98;172m████[38;2;82;82;82m██[38;2;49;49;49m██[38;2;0;0;0m  [38;2;49;49;49m████[38;2;0;0;0m            
[38;2;0;0;0m                [38;2;49;49;49m██[38;2;131;131;115m██[38;2;255;255;255m██[38;2;49;49;49m██[38;2;255;255;255m██[38;2;49;49;49m██[38;2;0;0;0m                  [0m
