
[38;2;0;0;0m          [38;2;49;49;49m████[38;2;0;0;0m                                
[38;2;0;0;0m        [38;2;49;49;49m██[38;2;213;189;123m██[38;2;49;49;49m██[38;2;0;0;0m                                
[38;2;0;0;0m      [38;2;49;49;49m██[38;2;131;90;57m████[38;2;49;49;49m██[38;2;0;0;0m    [38;2;49;49;49m████████[38;2;0;0;0m                    
[38;2;0;0;0m    [38;2;49;49;49m██[38;2;131;90;57m████[38;2;82;82;82m████[38;2;49;49;49m████[38;2;164;115;82m██[38;2;131;90;57m██[38;2;255;230;172m████[38;2;49;49;49m██[38;2;0;0;0m                  
[38;2;0;0;0m    [38;2;49;49;49m██[38;2;164;115;82m██████████████████[38;2;49;49;49m██[38;2;0;0;0m                    
[38;2;0;0;0m  [38;2;49;49;49m██[38;2;255;230;172m██[38;2;164;115;82m██[38;2;213;189;123m██[38;2;255;230;172m████[38;2;164;115;82m████████[38;2;49;49;49m██[38;2;0;0;0m          [38;2;49;49;49m████████[38;2;0;0;0m    
[38;2;49;49;49m██[38;2;255;230;172m████████[38;2;49;49;49m██[38;2;213;189;123m██[38;2;255;230;172m██[38;2;164;115;82m████[38;2;49;49;49m██[38;2;0;0;0m          [38;2;49;49;49m██[38;2;255;230;172m██████[38;2;213;189;123m██[38;2;49;49;49m██[38;2;0;0;0m  
[38;2;49;49;49m██[38;2;255;230;172m██████[38;2;213;189;123m██[38;2;255;255;255m██[38;2;49;49;49m██[38;2;255;230;172m██[38;2;164;115;82m██████[38;2;49;49;49m██[38;2;0;0;0m      [38;2;49;49;49m██[38;2;255;230;172m██████[38;2;213;189;123m██████[38;2;49;49;49m██
[38;2;49;49;49m██[38;2;255;230;172m██[38;2;82;82;82m██[38;2;255;230;172m████[38;2;32;98;49m██[38;2;213;189;123m██[38;2;255;230;172m████[38;2;164;115;82m████[38;2;49;49;49m██[38;2;0;0;0m      [38;2;49;49;49m██[38;2;131;90;57m██[38;2;164;115;82m██[38;2;213;189;123m██████[38;2;49;49;49m██[38;2;0;0;0m  
[38;2;0;0;0m  [38;2;49;49;49m██[38;2;189;74;90m██[38;2;82;82;82m██[38;2;255;230;172m██████[38;2;164;115;82m████[38;2;255;230;172m██[38;2;164;115;82m██[38;2;49;49;49m██[38;2;0;0;0m    [38;2;49;49;49m██[38;2;131;90;57m████████[38;2;213;189;123m██[38;2;49;49;49m██[38;2;0;0;0m    
[38;2;0;0;0m    [38;2;49;49;49m██[38;2;255;230;172m██████[38;2;131;90;57m████[38;2;255;230;172m████[38;2;164;115;82m████[38;2;49;49;49m██[38;2;0;0;0m  [38;2;49;49;49m██[38;2;213;189;123m██████[38;2;131;90;57m██[38;2;164;115;82m██[38;2;49;49;49m██[38;2;0;0;0m    
[38;2;0;0;0m      [38;2;49;49;49m██[38;2;255;230;172m██████████████[38;2;164;115;82m██[38;2;82;82;82m██[38;2;49;49;49m██[38;2;131;90;57m████[38;2;164;115;82m██[38;2;213;189;123m████[38;2;131;90;57m██[38;2;49;49;49m██[38;2;0;0;0m    
[38;2;0;0;0m        [38;2;49;49;49m██[38;2;255;230;172m██████████████[38;2;82;82;82m██[38;2;131;90;57m██████████[38;2;213;189;123m████[38;2;49;49;49m██[38;2;0;0;0m    
[38;2;0;0;0m      [38;2;49;49;49m██[38;2;164;115;82m██[38;2;82;82;82m██[38;2;255;230;172m████████████[38;2;164;115;82m██[38;2;82;82;82m██[38;2;213;189;123m████[38;2;131;90;57m████[38;2;164;115;82m██[38;2;49;49;49m██[38;2;0;0;0m      
[38;2;0;0;0m        [38;2;49;49;49m████[38;2;213;189;123m██[38;2;255;230;172m████[38;2;82;82;82m██[38;2;255;230;172m██[38;2;82;82;82m██[38;2;164;115;82m██[38;2;213;189;123m██[38;2;131;90;57m██[38;2;213;189;123m████[38;2;131;90;57m████[38;2;49;49;49m██[38;2;0;0;0m      
[38;2;0;0;0m            [38;2;49;49;49m██[38;2;164;115;82m████[38;2;82;82;82m██[38;2;164;115;82m██[38;2;82;82;82m██[38;2;164;115;82m██[38;2;213;189;123m██[38;2;131;90;57m████[38;2;213;189;123m██[38;2;131;90;57m██[38;2;49;49;49m██[38;2;0;0;0m        
[38;2;0;0;0m            [38;2;49;49;49m██[38;2;255;230;172m██[38;2;164;115;82m████[38;2;82;82;82m██[38;2;164;115;82m██[38;2;213;189;123m████[38;2;131;90;57m████[38;2;213;189;123m████[38;2;49;49;49m██[38;2;0;0;0m        
[38;2;0;0;0m          [38;2;49;49;49m██[38;2;213;189;123m██[38;2;82;82;82m██[38;2;255;230;172m████[38;2;213;189;123m██████[38;2;131;90;57m████[38;2;213;189;123m████[38;2;49;49;49m██[38;2;0;0;0m          
[38;2;0;0;0m            [38;2;49;49;49m██████[38;2;213;189;123m████[38;2;131;90;57m██[38;2;82;82;82m████[38;2;213;189;123m██[38;2;49;49;49m████[38;2;0;0;0m            
[38;2;0;0;0m                  [38;2;49;49;49m██████[38;2;255;230;172m████[38;2;49;49;49m██[38;2;0;0;0m                
[38;2;0;0;0m                        [38;2;49;49;49m████[38;2;0;0;0m                  [0m
