
[38;2;0;0;0m        [38;2;49;49;49m██████[38;2;0;0;0m                                            
[38;2;0;0;0m    [38;2;49;49;49m████[38;2;98;98;205m████[38;2;82;82;82m██[38;2;49;49;49m████████[38;2;0;0;0m                                    
[38;2;0;0;0m  [38;2;49;49;49m██[38;2;98;98;205m██████[38;2;82;82;82m████[38;2;123;131;246m████████[38;2;49;49;49m████[38;2;0;0;0m  [38;2;49;49;49m██████[38;2;0;0;0m                        
[38;2;0;0;0m  [38;2;49;49;49m██[38;2;98;98;205m██[38;2;82;82;82m████[38;2;255;230;57m████[38;2;123;131;246m████████████[38;2;49;49;49m██[38;2;98;98;205m████[38;2;123;131;246m██[38;2;49;49;49m██[38;2;0;0;0m                      
[38;2;0;0;0m    [38;2;49;49;49m██[38;2;255;230;57m████[38;2;189;180;156m██[38;2;123;131;246m████████████[38;2;82;82;82m██[38;2;123;131;246m██████[38;2;98;98;205m██[38;2;49;49;49m██[38;2;0;0;0m                      
[38;2;0;0;0m  [38;2;49;49;49m██[38;2;255;230;57m████[38;2;123;131;246m██████████████[38;2;82;82;82m██[38;2;98;98;205m████[38;2;123;131;246m████[38;2;49;49;49m██[38;2;0;0;0m      [38;2;49;49;49m██████[38;2;0;0;0m            
[38;2;49;49;49m██[38;2;255;230;57m████████[38;2;123;131;246m████████[38;2;49;49;49m████[38;2;82;82;82m██[38;2;123;131;246m████[38;2;98;98;205m██[38;2;123;131;246m██[38;2;49;49;49m██[38;2;0;0;0m    [38;2;49;49;49m██[38;2;98;98;205m██[38;2;123;131;246m██[38;2;49;49;49m██[38;2;0;0;0m            
[38;2;49;49;49m██[38;2;255;230;57m████[38;2;123;131;246m████████[38;2;82;82;82m██[38;2;49;49;49m██[38;2;255;230;57m██[38;2;49;49;49m██[38;2;82;82;82m██[38;2;123;131;246m████[38;2;98;98;205m██[38;2;49;49;49m██[38;2;0;0;0m  [38;2;49;49;49m████[38;2;123;131;246m████[38;2;49;49;49m██[38;2;0;0;0m              
[38;2;0;0;0m  [38;2;49;49;49m██[38;2;255;230;57m████[38;2;123;131;246m████[38;2;82;82;82m██[38;2;123;131;246m██[38;2;82;82;82m██[38;2;49;49;49m██[38;2;82;82;82m██[38;2;123;131;246m██[38;2;82;82;82m██[38;2;49;49;49m████[38;2;0;0;0m  [38;2;49;49;49m██[38;2;98;98;205m██[38;2;123;131;246m████[38;2;49;49;49m██[38;2;0;0;0m                
[38;2;0;0;0m    [38;2;49;49;49m████[38;2;255;230;57m██[38;2;123;131;246m██████[38;2;255;255;255m██[38;2;255;106;74m██[38;2;123;131;246m██████[38;2;49;49;49m██[38;2;0;0;0m  [38;2;49;49;49m██[38;2;98;98;205m████████[38;2;49;49;49m██[38;2;0;0;0m                
[38;2;0;0;0m        [38;2;49;49;49m████[38;2;255;106;74m██████████[38;2;82;82;82m██[38;2;123;131;246m████[38;2;49;49;49m██[38;2;98;98;205m████████[38;2;49;49;49m██[38;2;0;0;0m  [38;2;49;49;49m████[38;2;0;0;0m  [38;2;49;49;49m████[38;2;0;0;0m      
[38;2;0;0;0m            [38;2;49;49;49m██[38;2;255;106;74m████[38;2;82;82;82m████[38;2;255;106;74m██[38;2;123;131;246m████[38;2;255;255;255m██[38;2;82;82;82m████[38;2;98;98;205m████[38;2;49;49;49m██[38;2;0;0;0m  [38;2;49;49;49m██[38;2;98;98;205m██[38;2;49;49;49m██[38;2;98;98;205m██[38;2;49;49;49m██[38;2;0;0;0m      
[38;2;0;0;0m        [38;2;49;49;49m████[38;2;98;98;205m██[38;2;82;82;82m████[38;2;255;106;74m████████[38;2;123;131;246m██████[38;2;255;255;255m██[38;2;82;82;82m██[38;2;49;49;49m██[38;2;0;0;0m    [38;2;49;49;49m██[38;2;98;98;205m████████[38;2;49;49;49m████[38;2;0;0;0m  
[38;2;0;0;0m      [38;2;49;49;49m██[38;2;255;255;255m██[38;2;82;82;82m██[38;2;98;98;205m████[38;2;49;49;49m████[38;2;255;106;74m████████[38;2;82;82;82m████[38;2;123;131;246m██████[38;2;49;49;49m██[38;2;0;0;0m    [38;2;49;49;49m██[38;2;98;98;205m██████████[38;2;49;49;49m██
[38;2;0;0;0m    [38;2;49;49;49m██[38;2;255;255;255m██[38;2;189;189;189m██[38;2;82;82;82m████[38;2;49;49;49m██[38;2;255;156;57m██[38;2;49;49;49m██[38;2;255;106;74m██████[38;2;123;131;246m██████[38;2;82;82;82m██[38;2;98;98;205m██[38;2;123;131;246m████[38;2;49;49;49m██[38;2;0;0;0m  [38;2;49;49;49m██[38;2;82;82;82m██[38;2;98;98;205m██[38;2;49;49;49m██████[38;2;0;0;0m  
[38;2;0;0;0m    [38;2;49;49;49m██[38;2;255;255;255m██[38;2;82;82;82m██[38;2;98;98;205m██[38;2;49;49;49m██[38;2;255;156;57m██[38;2;49;49;49m████[38;2;255;230;57m████[38;2;255;106;74m██[38;2;123;131;246m██[38;2;98;98;205m████[38;2;82;82;82m██[38;2;255;255;255m██[38;2;123;131;246m██[38;2;98;98;205m██[38;2;49;49;49m████[38;2;98;98;205m██[38;2;82;82;82m██[38;2;49;49;49m██[38;2;0;0;0m        
[38;2;0;0;0m    [38;2;49;49;49m██████[38;2;98;98;205m████[38;2;49;49;49m██[38;2;98;98;205m██[38;2;82;82;82m██[38;2;123;131;246m██[38;2;255;230;57m████[38;2;98;98;205m██[38;2;123;131;246m██[38;2;82;82;82m██[38;2;255;255;255m██[38;2;189;189;189m██[38;2;98;98;205m██[38;2;123;131;246m██[38;2;82;82;82m██[38;2;98;98;205m██[38;2;82;82;82m██[38;2;98;98;205m██[38;2;49;49;49m██[38;2;0;0;0m        
[38;2;0;0;0m        [38;2;49;49;49m██[38;2;98;98;205m████[38;2;82;82;82m██[38;2;98;98;205m████[38;2;82;82;82m██[38;2;123;131;246m██[38;2;82;82;82m██[38;2;123;131;246m████[38;2;82;82;82m██[38;2;255;255;255m██[38;2;82;82;82m██[38;2;123;131;246m████[38;2;82;82;82m██[38;2;98;98;205m████[38;2;49;49;49m██[38;2;0;0;0m          
[38;2;0;0;0m          [38;2;49;49;49m██[38;2;98;98;205m██[38;2;49;49;49m████[38;2;98;98;205m████[38;2;49;49;49m████[38;2;82;82;82m██[38;2;123;131;246m██[38;2;82;82;82m██████[38;2;123;131;246m██████[38;2;82;82;82m██[38;2;49;49;49m██[38;2;0;0;0m            
[38;2;0;0;0m            [38;2;49;49;49m████[38;2;0;0;0m  [38;2;49;49;49m████[38;2;0;0;0m    [38;2;49;49;49m██[38;2;123;131;246m████████[38;2;82;82;82m██[38;2;123;131;246m████[38;2;49;49;49m██[38;2;0;0;0m              
[38;2;0;0;0m                            [38;2;49;49;49m██[38;2;255;255;255m██[38;2;82;82;82m██[38;2;255;255;255m██[38;2;49;49;49m████[38;2;123;131;246m██[38;2;49;49;49m██[38;2;0;0;0m              
[38;2;0;0;0m                              [38;2;49;49;49m██████[38;2;0;0;0m    [38;2;49;49;49m████[38;2;0;0;0m              [0m
