
[38;2;0;0;0m        [38;2;0;1;0m  [38;2;41;59;50m  [38;2;44;65;54m██[38;2;33;56;42m██[38;2;38;57;47m██[38;2;2;5;2m  [38;2;0;0;0m              
[38;2;0;0;0m      [38;2;0;2;0m  [38;2;135;187;166m██[38;2;169;234;208m██[38;2;170;239;210m██[38;2;163;232;202m██[38;2;152;225;189m██[38;2;99;144;120m██[38;2;59;84;73m  [38;2;0;2;0m  [38;2;0;0;0m          
[38;2;0;0;0m    [38;2;17;25;20m  [38;2;152;214;188m██[38;2;161;232;200m██[38;2;115;199;152m██[38;2;170;239;210m████[38;2;144;217;180m██[38;2;147;218;179m██[38;2;144;218;182m██[38;2;123;193;153m██[38;2;15;25;19m  [38;2;0;0;0m        
[38;2;0;0;0m    [38;2;45;71;55m██[38;2;167;234;200m██[38;2;123;201;160m██[38;2;169;238;211m██[38;2;172;239;212m██[38;2;102;190;139m██[38;2;129;208;167m██[38;2;120;200;156m██[38;2;128;206;161m██[38;2;129;206;161m██[38;2;116;184;145m██[38;2;0;2;0m  [38;2;0;0;0m      
[38;2;0;0;0m  [38;2;0;3;0m  [38;2;130;206;162m██[38;2;96;177;128m██[38;2;130;206;162m██[38;2;153;225;192m██[38;2;125;203;161m██[38;2;156;226;193m██[38;2;142;216;178m██[38;2;127;206;162m██[38;2;129;206;161m████[38;2;121;199;153m██[38;2;25;54;36m  [38;2;0;0;0m      
[38;2;0;0;0m  [38;2;0;3;0m  [38;2;118;187;150m██[38;2;119;193;151m██[38;2;129;206;161m██[38;2;98;153;130m██[38;2;126;203;158m██[38;2;129;206;161m██████[38;2;110;173;142m██[38;2;95;148;127m██[38;2;90;165;123m██[38;2;74;150;104m██[38;2;0;1;0m  [38;2;0;0;0m    
[38;2;0;0;0m  [38;2;0;3;0m  [38;2;102;176;138m██[38;2;122;197;155m██[38;2;123;196;155m██[38;2;106;167;138m██[38;2;129;206;161m██[38;2;106;152;126m██[38;2;123;145;128m██[38;2;92;92;84m██[38;2;204;204;204m██[38;2;248;248;248m██[38;2;115;136;123m██[38;2;75;150;102m██[38;2;0;1;0m  [38;2;0;0;0m    
[38;2;0;0;0m    [38;2;33;58;46m██[38;2;90;173;124m██[38;2;90;163;124m██[38;2;93;175;125m██[38;2;60;97;76m██[38;2;232;232;231m██[38;2;220;173;180m██[38;2;135;135;113m██[38;2;255;255;255m██[38;2;77;96;85m██[38;2;97;158;122m██[38;2;74;150;103m██[38;2;0;1;0m  [38;2;0;0;0m    
[38;2;0;0;0m    [38;2;16;28;21m  [38;2;81;158;113m██[38;2;87;160;119m██[38;2;86;159;117m██[38;2;120;132;120m██[38;2;182;96;108m██[38;2;204;182;181m██[38;2;158;169;159m██[38;2;191;204;200m██[38;2;159;168;168m██[38;2;81;153;111m██[38;2;41;86;58m  [38;2;0;0;0m      
[38;2;0;0;0m      [38;2;3;9;4m  [38;2;88;171;123m██[38;2;68;79;80m██[38;2;175;201;208m██[38;2;193;174;178m██[38;2;191;195;200m██[38;2;185;210;216m██[38;2;90;116;107m██[38;2;82;137;111m██[38;2;89;173;125m██[38;2;0;3;0m  [38;2;0;0;0m      
[38;2;0;0;0m      [38;2;0;1;0m  [38;2;55;82;71m██[38;2;85;140;119m██[38;2;96;121;114m██[38;2;175;197;203m██[38;2;126;149;145m██[38;2;117;150;137m██[38;2;106;173;142m██[38;2;86;165;116m██[38;2;17;36;24m  [38;2;0;0;0m        
[38;2;0;0;0m        [38;2;20;29;23m  [38;2;53;70;61m██[38;2;120;131;134m██[38;2;189;214;221m██[38;2;127;140;143m██[38;2;86;144;121m██[38;2;39;78;53m  [38;2;0;3;0m  [38;2;0;0;0m          
[38;2;0;0;0m        [38;2;16;35;22m  [38;2;115;122;108m██[38;2;179;180;185m██[38;2;180;222;216m██[38;2;72;117;91m██[38;2;76;118;92m██[38;2;0;1;0m  [38;2;0;0;0m            
[38;2;0;0;0m      [38;2;3;9;4m  [38;2;110;148;114m██[38;2;177;85;101m██[38;2;156;98;100m██[38;2;112;155;133m██[38;2;53;77;64m  [38;2;86;165;116m██[38;2;43;84;58m██[38;2;0;0;0m            
[38;2;0;0;0m  [38;2;0;2;0m  [38;2;50;99;68m██[38;2;84;162;114m██[38;2;39;56;42m  [38;2;78;47;49m  [38;2;168;96;103m██[38;2;191;197;190m██[38;2;34;38;34m  [38;2;1;4;2m  [38;2;99;155;123m██[38;2;89;124;109m  [38;2;0;2;0m  [38;2;0;0;0m        
[38;2;21;44;29m  [38;2;82;158;111m██[38;2;55;108;75m  [38;2;0;3;0m  [38;2;8;10;8m  [38;2;234;234;234m██[38;2;181;176;175m██[38;2;255;255;255m██[38;2;138;140;138m██[38;2;0;0;0m  [38;2;0;2;0m  [38;2;159;220;196m██[38;2;173;239;213m██[38;2;15;24;18m██[38;2;4;8;5m  [38;2;0;0;0m    
[38;2;0;0;0m  [38;2;0;1;0m    [38;2;0;2;0m  [38;2;180;188;186m██[38;2;224;226;226m██[38;2;149;147;145m██[38;2;255;255;255m████[38;2;111;126;132m  [38;2;4;4;0m  [38;2;5;9;7m  [38;2;107;153;133m██[38;2;163;243;208m██[38;2;125;176;154m██[38;2;83;118;103m  [38;2;0;1;1m  
[38;2;0;0;0m      [38;2;28;31;28m  [38;2;227;236;236m██[38;2;99;109;105m██[38;2;136;140;138m██[38;2;249;249;249m██[38;2;255;255;255m██[38;2;251;251;251m██[38;2;162;168;172m██[38;2;25;30;26m██[38;2;55;66;63m██[38;2;86;107;101m██[38;2;156;216;191m██[38;2;96;136;121m██[38;2;39;57;49m  
[38;2;0;0;0m    [38;2;0;1;0m  [38;2;217;218;217m██[38;2;182;182;182m██[38;2;65;65;65m██[38;2;134;148;152m██[38;2;249;249;249m██[38;2;255;255;255m██[38;2;154;154;154m██[38;2;224;224;224m██[38;2;219;228;227m██[38;2;165;184;189m██[38;2;182;206;215m██[38;2;146;162;167m██[38;2;115;132;134m██[38;2;0;1;0m  
[38;2;0;0;0m    [38;2;82;85;82m██[38;2;255;255;255m██[38;2;73;95;87m██[38;2;67;72;70m██[38;2;189;213;224m██[38;2;69;70;70m██[38;2;255;255;255m██[38;2;250;250;250m██[38;2;184;184;184m██[38;2;255;255;255m██[38;2;173;173;173m██[38;2;130;133;134m██[38;2;172;193;199m██[38;2;189;213;224m██[38;2;50;59;59m██
[38;2;0;0;0m    [38;2;82;85;82m██[38;2;255;255;255m██[38;2;74;95;86m██[38;2;81;122;105m██[38;2;140;158;164m██[38;2;152;164;175m██[38;2;188;190;192m██[38;2;253;253;253m██[38;2;171;171;171m██[38;2;255;255;255m████[38;2;247;248;247m██[38;2;206;207;206m██[38;2;57;67;68m██[38;2;15;18;18m  
[38;2;0;0;0m    [38;2;0;1;0m  [38;2;170;171;170m  [38;2;149;167;159m██[38;2;6;12;8m  [38;2;65;74;76m  [38;2;4;4;5m  [38;2;133;136;137m██[38;2;253;255;253m██[38;2;255;255;255m██[38;2;138;138;138m██[38;2;206;207;206m██[38;2;0;3;0m    [38;2;0;0;0m    
[38;2;0;0;0m        [38;2;0;1;0m  [38;2;0;0;0m      [38;2;10;11;10m  [38;2;64;66;64m██[38;2;66;69;66m██[38;2;62;68;62m██[38;2;8;11;8m  [38;2;0;0;0m        [0m
