
[38;2;0;0;0m                    [38;2;29;18;17m  [38;2;1;0;0m  [38;2;0;0;0m                          
[38;2;0;0;0m                    [38;2;220;142;130m██[38;2;5;3;3m██[38;2;0;0;0m                          
[38;2;0;0;0m                  [38;2;59;38;35m  [38;2;220;122;102m██[38;2;253;98;62m██[38;2;0;0;0m                          
[38;2;0;0;0m                  [38;2;239;155;141m██[38;2;223;93;66m██[38;2;254;98;65m██[38;2;0;0;0m      [38;2;187;72;46m██[38;2;53;21;14m  [38;2;0;0;0m                
[38;2;0;0;0m                [38;2;26;10;6m  [38;2;185;67;43m██[38;2;239;100;71m██[38;2;255;99;65m██[38;2;0;0;0m      [38;2;253;99;64m██[38;2;99;40;27m██[38;2;0;0;0m                
[38;2;0;0;0m                [38;2;107;41;26m██[38;2;185;74;46m██[38;2;255;98;64m██[38;2;255;98;65m██[38;2;0;0;0m      [38;2;190;77;52m██[38;2;76;31;18m██[38;2;0;0;0m                
[38;2;0;0;0m                [38;2;76;31;18m██[38;2;250;97;64m██[38;2;255;99;65m████[38;2;8;8;8m  [38;2;0;0;0m  [38;2;97;39;25m██[38;2;181;73;47m██[38;2;102;41;25m██[38;2;0;0;0m                
[38;2;0;0;0m                [38;2;186;73;46m██[38;2;250;97;62m██[38;2;252;101;72m██[38;2;109;80;77m██[38;2;86;88;112m██[38;2;2;7;7m  [38;2;100;68;66m██[38;2;185;79;55m██[38;2;181;73;47m██[38;2;0;0;0m                
[38;2;0;0;0m            [38;2;117;52;35m██[38;2;72;71;65m██[38;2;230;96;63m██[38;2;185;74;46m██[38;2;164;86;69m██[38;2;106;83;91m██[38;2;99;102;138m██[38;2;122;86;103m██[38;2;166;74;56m██[38;2;72;66;64m██[38;2;181;73;48m██[38;2;0;0;0m                
[38;2;0;0;0m            [38;2;133;70;58m██[38;2;199;171;85m██[38;2;156;87;66m██[38;2;185;74;46m██[38;2;168;83;64m██[38;2;73;83;137m██[38;2;76;82;134m██[38;2;65;74;123m██[38;2;168;83;64m██[38;2;72;66;64m██[38;2;181;73;48m██[38;2;0;0;0m                
[38;2;0;0;0m          [38;2;155;63;41m██[38;2;133;70;60m██[38;2;199;171;85m██[38;2;161;112;68m██[38;2;207;93;64m██[38;2;110;71;75m██[38;2;61;70;105m██[38;2;186;139;94m██[38;2;69;66;65m██[38;2;255;99;64m██[38;2;243;97;65m██[38;2;132;70;55m██[38;2;80;50;46m██[38;2;16;12;13m  [38;2;0;0;0m            
[38;2;0;0;0m          [38;2;38;15;10m  [38;2;169;73;49m██[38;2;86;77;68m██[38;2;113;97;86m██[38;2;210;103;69m██[38;2;132;117;76m██[38;2;193;156;53m██[38;2;180;151;100m██[38;2;69;66;65m██[38;2;248;92;57m██[38;2;196;84;60m██[38;2;135;74;61m██[38;2;81;63;60m██[38;2;67;29;20m██[38;2;0;0;0m            
[38;2;0;0;0m    [38;2;13;5;3m  [38;2;60;23;14m██[38;2;0;0;0m    [38;2;142;59;37m██[38;2;106;76;64m██[38;2;155;98;76m██[38;2;198;105;70m██[38;2;88;79;94m██[38;2;118;89;125m██[38;2;73;84;131m██[38;2;77;76;84m██[38;2;171;77;55m██[38;2;73;65;68m██[38;2;75;78;91m██[38;2;181;73;48m██[38;2;81;36;25m██[38;2;0;3;5m  [38;2;0;0;0m          
[38;2;0;0;0m    [38;2;70;27;17m██[38;2;206;81;51m██[38;2;126;49;31m  [38;2;0;0;0m  [38;2;6;7;7m  [38;2;187;101;65m██[38;2;93;78;66m██[38;2;99;76;66m██[38;2;145;91;68m██[38;2;251;98;63m██[38;2;141;85;79m██[38;2;103;106;140m██[38;2;89;85;110m██[38;2;67;78;115m██[38;2;83;89;130m██[38;2;103;68;60m██[38;2;121;60;48m██[38;2;109;59;50m  [38;2;0;0;0m  [38;2;24;9;6m  [38;2;40;16;10m  [38;2;0;0;0m    
[38;2;0;0;0m    [38;2;57;22;14m  [38;2;191;74;47m██[38;2;238;96;68m██[38;2;52;35;40m██[38;2;0;0;0m  [38;2;57;22;14m  [38;2;104;82;82m██[38;2;68;66;66m██[38;2;127;87;76m██[38;2;75;76;84m██[38;2;136;87;83m██[38;2;104;107;139m██[38;2;88;93;132m██[38;2;93;98;135m██[38;2;93;98;140m██[38;2;70;66;65m██[38;2;189;85;61m██[38;2;180;77;51m██[38;2;33;33;33m██[38;2;181;73;48m██[38;2;54;22;14m██[38;2;0;0;0m    
[38;2;0;0;0m      [38;2;209;81;51m██[38;2;106;86;116m██[38;2;78;85;129m██[38;2;51;52;74m██[38;2;190;118;99m██[38;2;202;90;64m██[38;2;207;87;64m██[38;2;83;82;97m██[38;2;104;107;141m██[38;2;100;100;124m██[38;2;101;105;142m██[38;2;89;94;132m██[38;2;70;78;119m██[38;2;73;78;100m██[38;2;212;91;63m██[38;2;243;94;60m██[38;2;228;95;69m██[38;2;65;72;110m██[38;2;120;63;60m██[38;2;51;25;22m██[38;2;0;0;0m    
[38;2;0;0;0m  [38;2;49;19;12m  [38;2;0;0;0m    [38;2;100;104;137m██[38;2;69;76;113m██[38;2;136;114;105m██[38;2;104;88;82m██[38;2;184;84;57m██[38;2;195;88;61m██[38;2;158;78;61m██[38;2;95;99;134m██[38;2;81;88;130m██[38;2;75;78;96m██[38;2;80;82;85m██[38;2;71;80;122m██[38;2;83;87;113m██[38;2;206;89;62m██[38;2;233;91;57m██[38;2;67;70;82m██[38;2;65;74;119m██[38;2;68;53;74m██[38;2;4;9;18m  [38;2;0;0;0m    
[38;2;0;0;0m  [38;2;198;77;49m██[38;2;89;34;22m  [38;2;65;65;85m  [38;2;91;95;133m██[38;2;65;67;73m██[38;2;106;104;99m██[38;2;99;104;137m██[38;2;124;83;67m██[38;2;207;107;67m██[38;2;141;90;91m██[38;2;73;84;138m██[38;2;76;86;139m██[38;2;67;67;67m██[38;2;182;182;175m██[38;2;159;159;153m██[38;2;88;89;109m██[38;2;84;69;65m██[38;2;170;91;86m██[38;2;72;79;107m██[38;2;65;71;104m██[38;2;65;69;88m██[38;2;54;61;103m██[38;2;29;12;7m  [38;2;35;14;8m  
[38;2;16;6;4m  [38;2;212;82;54m██[38;2;209;92;69m██[38;2;80;78;87m██[38;2;97;74;78m██[38;2;65;74;118m██[38;2;59;65;96m██[38;2;4;4;4m  [38;2;52;58;83m██[38;2;163;94;73m██[38;2;67;70;103m██[38;2;74;84;136m██[38;2;67;77;123m██[38;2;54;63;107m  [38;2;76;76;79m  [38;2;80;80;85m██[38;2;104;107;139m██[38;2;100;103;137m██[38;2;71;79;122m██[38;2;76;86;134m██[38;2;97;78;85m██[38;2;220;93;63m██[38;2;77;69;87m██[38;2;163;73;53m██[38;2;47;19;11m██
[38;2;66;25;16m██[38;2;255;99;63m██[38;2;230;90;58m██[38;2;151;72;55m██[38;2;190;88;65m██[38;2;65;73;117m██[38;2;40;46;77m██[38;2;0;0;0m    [38;2;16;15;20m  [38;2;16;17;25m██[38;2;16;18;30m██[38;2;9;11;17m  [38;2;0;0;0m    [38;2;111;111;137m██[38;2;104;107;139m██[38;2;88;83;121m██[38;2;173;79;62m██[38;2;80;71;80m██[38;2;220;90;60m██[38;2;220;93;63m██[38;2;146;73;55m██[38;2;133;63;51m██[38;2;11;4;2m██
[38;2;0;0;0m      [38;2;156;63;43m  [38;2;191;74;47m██[38;2;26;10;6m  [38;2;0;0;0m                  [38;2;4;4;6m  [38;2;78;80;104m██[38;2;127;82;102m██[38;2;220;87;56m██[38;2;143;58;37m██[38;2;233;90;57m██[38;2;255;99;63m██[38;2;123;53;36m██[38;2;0;7;9m  [38;2;0;0;0m  
[38;2;0;0;0m                                  [38;2;63;24;15m████[38;2;0;0;0m  [38;2;42;16;10m  [38;2;63;24;15m██[38;2;19;7;4m  [38;2;0;0;0m    [0m
