
[38;2;0;0;0m                      ██████                            
[38;2;0;0;0m                    ██[38;2;99;156;163m██[38;2;93;159;163m████[38;2;0;0;0m████                        
[38;2;0;0;0m                      ██[38;2;88;148;149m████[38;2;140;222;196m████[38;2;0;0;0m██                      
[38;2;0;0;0m                        [38;2;0;0;8m██[38;2;132;222;220m██[38;2;140;222;196m██[38;2;0;0;0m██                        
[38;2;0;0;0m    ██████          [38;2;0;0;16m████[38;2;123;214;211m██[38;2;66;66;82m██[38;2;66;70;82m██[38;2;132;222;204m██[38;2;0;0;0m██                      
[38;2;0;0;0m  ██[38;2;74;123;162m████[38;2;66;66;66m██[38;2;0;0;0m██      ██[38;2;222;239;118m██[38;2;148;159;84m██[38;2;94;140;146m████[38;2;99;146;143m██[38;2;132;222;204m██[38;2;140;222;196m██[38;2;0;0;0m██                    
[38;2;0;0;0m    ██[38;2;74;123;162m████[38;2;66;66;66m██[38;2;0;0;0m██  [38;2;8;0;0m██[38;2;79;126;162m██[38;2;255;239;71m██[38;2;96;159;168m██[38;2;255;239;71m██[38;2;96;159;168m██[38;2;96;156;163m██[38;2;74;123;162m██[38;2;140;222;196m██[38;2;74;121;166m██[38;2;0;0;0m██            ████  
[38;2;0;0;0m  ██[38;2;74;123;162m██████████[38;2;0;0;0m██[38;2;44;63;81m██[38;2;79;126;162m██[38;2;255;239;71m██[38;2;96;159;168m██[38;2;255;239;71m██[38;2;96;159;168m██[38;2;96;156;163m██[38;2;74;123;162m██[38;2;74;121;166m████[38;2;82;78;70m██[38;2;0;0;0m██      ████[38;2;140;222;196m████[38;2;0;0;0m██
[38;2;0;0;0m██[38;2;74;123;162m██[38;2;118;190;179m████[38;2;94;144;146m████[38;2;57;57;81m██[38;2;132;222;204m██[38;2;140;222;196m██[38;2;66;66;66m██[38;2;93;159;163m████[38;2;255;239;71m████[38;2;93;159;163m████[38;2;110;170;158m██[38;2;66;66;66m██[38;2;140;222;196m████[38;2;0;0;0m████[38;2;0;4;8m██[38;2;140;231;220m██[38;2;140;222;196m████[38;2;66;66;66m██[38;2;0;0;0m██
[38;2;0;0;0m██[38;2;74;123;162m██[38;2;255;239;71m████[38;2;132;222;212m██[38;2;57;66;81m██[38;2;132;222;204m██[38;2;94;139;142m██[38;2;140;222;196m████[38;2;66;66;66m██████████████[38;2;132;222;204m██[38;2;140;222;196m██[38;2;66;66;66m██[38;2;140;231;212m██[38;2;93;154;141m██[38;2;93;155;149m████[38;2;140;222;196m██[38;2;93;156;165m██[38;2;0;0;0m██  
[38;2;0;0;0m██[38;2;74;123;162m██[38;2;255;239;68m████[38;2;140;222;196m██[38;2;66;66;66m██[38;2;140;222;196m████[38;2;94;140;146m████[38;2;140;222;196m████████████[38;2;123;214;211m██[38;2;86;133;146m██[38;2;66;66;66m██[38;2;181;231;157m██[38;2;140;222;196m████[38;2;90;99;98m██[38;2;111;160;151m██[38;2;93;159;163m██[38;2;0;0;0m██    
[38;2;0;0;0m██[38;2;74;123;162m██[38;2;255;239;68m████[38;2;66;66;66m██[38;2;140;222;196m████[38;2;79;79;71m██[38;2;66;66;82m██[38;2;123;214;211m██[38;2;74;121;166m████████████[38;2;86;133;146m██[38;2;49;53;81m██[38;2;181;231;157m████[38;2;255;239;71m████[38;2;132;222;204m██[38;2;90;99;98m██[38;2;93;159;163m████[38;2;0;0;0m██  
[38;2;0;0;0m  ██[38;2;90;140;162m████[38;2;66;66;66m██[38;2;82;143;162m██[38;2;82;78;66m██[38;2;159;119;69m██[38;2;192;148;64m██[38;2;82;82;66m██[38;2;74;123;162m██[38;2;96;156;163m██[38;2;96;159;168m████[38;2;255;239;71m██[38;2;96;159;168m██[38;2;93;159;163m██[38;2;66;66;66m██[38;2;140;222;196m██[38;2;255;239;71m██[38;2;140;222;196m██[38;2;255;239;71m██[38;2;140;222;196m██[38;2;96;96;93m██[38;2;96;158;165m████[38;2;0;0;0m██  
[38;2;0;0;0m    [38;2;8;0;0m██[38;2;63;93;108m██[38;2;66;66;66m██[38;2;82;143;162m██[38;2;82;78;66m██[38;2;198;140;70m██[38;2;192;148;64m██[38;2;82;82;66m██[38;2;96;156;163m████[38;2;255;239;71m████[38;2;96;159;168m████[38;2;93;159;163m██[38;2;66;66;66m██[38;2;140;222;196m██[38;2;255;239;71m██████[38;2;140;222;196m██[38;2;96;96;93m██[38;2;96;158;165m████[38;2;0;0;0m██  
[38;2;0;0;0m    ██[38;2;93;159;163m██[38;2;66;66;66m██[38;2;82;143;162m██[38;2;90;78;66m██[38;2;172;158;68m██[38;2;192;148;67m████[38;2;90;78;66m██[38;2;255;239;71m████[38;2;96;159;168m██[38;2;96;156;163m████[38;2;74;121;166m████[38;2;55;74;65m██[38;2;148;222;196m██[38;2;140;222;196m████[38;2;99;99;96m██[38;2;99;160;166m██[38;2;99;156;163m██[38;2;0;0;0m██    
[38;2;0;0;0m  ██[38;2;93;159;163m████[38;2;82;143;162m██[38;2;66;66;66m██[38;2;255;239;71m██[38;2;90;78;66m██[38;2;192;148;67m████[38;2;172;158;68m██[38;2;90;78;66m██[38;2;96;159;168m████[38;2;96;156;163m██[38;2;74;123;162m██[38;2;140;222;196m████[38;2;55;74;65m██[38;2;8;0;0m██[38;2;140;222;196m██[38;2;93;156;165m██[38;2;99;160;166m██[38;2;99;99;96m██[38;2;0;0;0m██      
[38;2;0;0;0m██[38;2;206;156;78m██[38;2;159;112;68m████████[38;2;66;66;66m██[38;2;93;159;163m██[38;2;74;74;66m██[38;2;195;145;69m██[38;2;107;90;67m████[38;2;96;156;173m██[38;2;74;123;162m██[38;2;74;121;166m██[38;2;140;222;196m██████[38;2;0;0;0m██  ██[38;2;71;104;103m████[38;2;0;0;0m██        
[38;2;0;0;0m██[38;2;137;104;52m██[38;2;195;147;70m████████[38;2;66;66;66m████[38;2;74;74;66m████[38;2;107;90;67m██[38;2;96;156;162m██[38;2;74;123;162m██[38;2;140;222;196m██████[38;2;52;74;65m██[38;2;8;0;0m██[38;2;0;0;0m    ██[38;2;107;156;155m████[38;2;0;0;0m██        
[38;2;0;0;0m██[38;2;189;148;69m██[38;2;159;112;68m████[38;2;154;114;69m████[38;2;57;61;65m██[38;2;140;222;196m██[38;2;94;144;146m██[38;2;57;66;81m██[38;2;57;61;73m████████[38;2;66;66;66m████[38;2;93;159;163m██[38;2;0;0;0m██  ██[38;2;99;156;163m████████[38;2;0;0;0m██      
[38;2;0;0;0m  ██[38;2;195;147;70m████[38;2;198;140;70m██[38;2;66;61;66m██[38;2;140;222;196m██[38;2;112;168;152m██[38;2;94;144;146m██[38;2;132;222;212m██[38;2;94;137;142m██[38;2;132;214;212m████[38;2;94;137;142m██[38;2;132;222;204m██[38;2;110;170;158m██[38;2;93;159;163m████[38;2;0;0;0m██[38;2;189;148;69m██[38;2;159;112;63m████████[38;2;189;148;69m██[38;2;0;0;0m██    
[38;2;0;0;0m██[38;2;93;159;163m██[38;2;99;99;96m████████[38;2;74;70;66m██[38;2;82;127;162m██[38;2;140;222;196m████[38;2;74;121;166m██[38;2;140;222;196m██████[38;2;82;143;162m████[38;2;93;159;163m██[38;2;66;66;66m████[38;2;154;115;69m██[38;2;195;147;70m████████[38;2;137;104;52m██[38;2;0;0;0m██    
[38;2;0;0;0m██[38;2;93;159;163m██[38;2;99;99;96m██[38;2;99;160;166m██[38;2;99;99;96m██[38;2;99;160;166m██[38;2;77;89;98m██[38;2;74;70;66m██[38;2;66;66;66m████[38;2;74;121;166m██[38;2;140;222;196m████[38;2;93;156;165m██[38;2;66;66;66m██████[38;2;93;159;163m██[38;2;66;66;66m██[38;2;198;140;70m██[38;2;159;112;68m████████[38;2;206;156;78m██[38;2;0;0;0m██    
[38;2;0;0;0m  ██[38;2;71;104;103m██[38;2;107;156;155m██[38;2;82;105;109m██[38;2;115;156;163m██[38;2;96;85;75m██[38;2;66;70;74m██[38;2;96;158;165m████[38;2;57;74;77m████[38;2;0;0;0m██████[38;2;99;156;163m██[38;2;93;159;163m██[38;2;66;66;66m██[38;2;140;222;196m██[38;2;96;96;93m██[38;2;162;129;79m████[38;2;189;148;69m████[38;2;78;111;98m██[38;2;8;0;0m██[38;2;0;0;0m    
[38;2;0;0;0m    ████[38;2;16;4;0m██[38;2;49;55;54m██[38;2;66;70;74m██[38;2;156;115;76m██[38;2;96;158;165m████[38;2;107;148;155m██[38;2;8;0;0m██[38;2;0;0;0m      ██[38;2;93;159;163m██[38;2;66;66;66m██[38;2;140;222;196m██[38;2;96;96;93m██[38;2;162;129;79m██[38;2;140;222;196m██[38;2;94;98;94m████[38;2;148;222;196m██[38;2;8;0;0m██[38;2;0;0;0m    
[38;2;0;0;0m          ██[38;2;193;146;69m████[38;2;159;112;68m██████[38;2;195;147;70m██[38;2;0;0;0m██  ██[38;2;137;104;52m██[38;2;99;156;163m████[38;2;66;70;74m██[38;2;96;85;75m██[38;2;132;222;204m██[38;2;90;99;98m██[38;2;148;231;212m██[38;2;60;82;81m██[38;2;99;156;163m██[38;2;0;0;0m██    
[38;2;0;0;0m          ██[38;2;156;111;68m██[38;2;193;146;69m██[38;2;195;147;70m██████[38;2;159;112;68m██[38;2;0;0;0m██  ██[38;2;206;156;78m██[38;2;159;112;63m████[38;2;156;115;76m██[38;2;66;70;74m██[38;2;111;160;151m██[38;2;90;99;98m██[38;2;104;157;147m██[38;2;16;8;16m██[38;2;0;0;0m██      
[38;2;0;0;0m        [38;2;8;4;0m██[38;2;123;214;211m██[38;2;115;214;211m██[38;2;156;111;68m██████[38;2;85;104;103m██[38;2;115;156;155m██[38;2;0;0;0m██  [38;2;8;0;0m██[38;2;96;104;99m██[38;2;195;147;70m████████[38;2;77;60;50m████[38;2;0;0;0m██          
[38;2;0;0;0m        [38;2;8;4;0m██[38;2;46;74;70m██[38;2;115;214;211m████████[38;2;115;156;155m██[38;2;24;0;0m██[38;2;0;0;0m    [38;2;8;0;0m██[38;2;140;156;148m██[38;2;159;112;68m████████[38;2;154;117;85m██[38;2;0;4;16m██[38;2;0;0;0m            
[38;2;0;0;0m          ████████████      ██[38;2;82;78;70m██[38;2;115;214;211m████████[38;2;82;78;70m██[38;2;0;0;0m██            
[38;2;0;0;0m                              ████████████              [0m
