
[38;2;0;0;0m        ██              
[38;2;0;0;0m      ██[38;2;214;198;246m██[38;2;0;0;0m██            
[38;2;0;0;0m      ██[38;2;214;198;246m██[38;2;0;0;0m██    ██      
[38;2;0;0;0m      ██[38;2;165;148;221m██[38;2;0;4;0m██[38;2;0;0;0m  ██[38;2;214;198;246m██[38;2;0;0;0m██    
[38;2;0;0;0m    ██[38;2;214;198;246m██[38;2;55;52;74m██[38;2;0;4;0m██[38;2;0;0;0m  ██[38;2;214;198;246m██[38;2;0;0;0m██    
[38;2;0;0;0m    [38;2;8;0;16m██[38;2;151;132;175m██[38;2;214;200;246m████[38;2;8;0;16m██[38;2;222;198;254m██[38;2;140;99;196m██[38;2;0;0;0m██    
[38;2;0;0;0m  ██[38;2;222;198;254m████[38;2;214;200;246m████[38;2;222;198;254m██[38;2;151;132;175m██[38;2;0;0;0m██      
[38;2;0;0;0m██[38;2;132;222;140m██[38;2;66;66;66m██[38;2;214;198;246m██████████[38;2;143;121;169m██[38;2;0;0;0m██    
[38;2;0;0;0m██[38;2;132;222;140m██[38;2;214;198;246m████[38;2;66;66;66m██[38;2;214;198;246m████[38;2;66;181;82m██[38;2;214;181;254m██[38;2;0;0;0m██    
[38;2;0;12;0m██[38;2;99;108;115m██[38;2;214;200;246m████[38;2;214;198;246m████[38;2;66;181;82m██[38;2;132;222;140m██[38;2;93;133;109m██[38;2;0;37;0m██[38;2;0;0;0m    
[38;2;0;12;0m██[38;2;148;156;172m██[38;2;214;200;246m████[38;2;164;107;188m████[38;2;66;181;82m██[38;2;132;222;140m██[38;2;93;133;109m██[38;2;140;181;164m██[38;2;0;0;0m██  
[38;2;0;0;0m  ██[38;2;165;107;189m████[38;2;189;132;221m██████[38;2;66;181;82m██[38;2;181;127;213m████[38;2;189;132;221m██[38;2;0;0;0m██
[38;2;0;0;0m  ██[38;2;189;131;221m████[38;2;0;0;0m████[38;2;189;132;221m████[38;2;181;127;213m██[38;2;0;0;0m████  
[38;2;0;0;0m    ████    ██████      [0m
