
[38;2;0;0;0m                  [38;2;49;49;49m██[38;2;0;0;0m      [38;2;49;49;49m████[38;2;0;0;0m        [38;2;49;49;49m████[38;2;0;0;0m                  
[38;2;0;0;0m                [38;2;49;49;49m██[38;2;65;98;172m██[38;2;49;49;49m██[38;2;0;0;0m  [38;2;49;49;49m██[38;2;65;98;172m██[38;2;49;49;49m██[38;2;0;0;0m      [38;2;49;49;49m██[38;2;246;238;172m██[38;2;49;49;49m██[38;2;0;0;0m                  
[38;2;0;0;0m                [38;2;49;49;49m██[38;2;65;98;172m██[38;2;82;180;205m██[38;2;49;49;49m██[38;2;65;98;172m████[38;2;49;49;49m████[38;2;0;0;0m  [38;2;49;49;49m██[38;2;246;238;172m████[38;2;49;49;49m██[38;2;0;0;0m                  
[38;2;0;0;0m  [38;2;49;49;49m████[38;2;0;0;0m        [38;2;49;49;49m██[38;2;65;98;172m████[38;2;82;180;205m██[38;2;49;74;139m██[38;2;65;98;172m████[38;2;82;180;205m████[38;2;82;82;82m██[38;2;246;238;172m████[38;2;49;49;49m██[38;2;0;0;0m                    
[38;2;49;49;49m██[38;2;172;74;90m████[38;2;49;49;49m██[38;2;0;0;0m      [38;2;49;49;49m██[38;2;65;98;172m██[38;2;82;180;205m██[38;2;49;74;139m██[38;2;65;98;172m████[38;2;82;180;205m████[38;2;82;82;82m██[38;2;246;238;172m██████[38;2;49;49;49m██[38;2;0;0;0m                    
[38;2;49;49;49m██[38;2;172;74;90m██████[38;2;49;49;49m██████[38;2;255;255;255m██[38;2;65;98;172m██[38;2;82;180;205m██[38;2;49;74;139m██[38;2;65;98;172m██[38;2;82;180;205m████[38;2;65;98;172m██[38;2;82;82;82m██[38;2;246;238;172m████[38;2;49;49;49m██[38;2;0;0;0m                      
[38;2;0;0;0m  [38;2;49;49;49m████[38;2;172;74;90m██████[38;2;82;82;82m██[38;2;255;255;255m██[38;2;65;98;172m██[38;2;49;74;139m██[38;2;65;98;172m██████[38;2;255;255;255m██[38;2;65;98;172m████[38;2;82;82;82m██[38;2;246;238;172m██[38;2;172;74;90m██[38;2;49;49;49m██[38;2;0;0;0m                    
[38;2;0;0;0m      [38;2;49;49;49m██████[38;2;172;74;90m██[38;2;82;82;82m██[38;2;65;98;172m██[38;2;49;74;139m██[38;2;65;98;172m██[38;2;49;74;139m██[38;2;255;255;255m████[38;2;49;74;139m██████[38;2;246;238;172m██[38;2;172;74;90m██[38;2;49;49;49m██[38;2;0;0;0m                    
[38;2;0;0;0m            [38;2;49;49;49m██[38;2;82;82;82m██[38;2;49;74;139m██████[38;2;65;98;172m██[38;2;255;255;255m██[38;2;49;74;139m██[38;2;49;49;49m██[38;2;255;255;255m██[38;2;148;139;82m██[38;2;246;238;172m██[38;2;172;74;90m████[38;2;49;49;49m██[38;2;0;0;0m                  
[38;2;0;0;0m            [38;2;49;49;49m██[38;2;230;98;115m██[38;2;49;74;139m████[38;2;65;98;172m████[38;2;49;74;139m██[38;2;255;255;255m██[38;2;230;98;115m██[38;2;255;255;255m██[38;2;148;139;82m██[38;2;172;74;90m██████[38;2;49;49;49m██[38;2;0;0;0m                  
[38;2;0;0;0m            [38;2;49;49;49m██[38;2;230;98;115m██[38;2;49;74;139m██[38;2;65;98;172m██████[38;2;49;74;139m██[38;2;148;139;82m██[38;2;255;255;255m██[38;2;148;139;82m██[38;2;172;74;90m████[38;2;230;98;115m██[38;2;82;82;82m██[38;2;65;98;172m██[38;2;49;49;49m████[38;2;0;0;0m              
[38;2;0;0;0m              [38;2;49;49;49m██[38;2;230;98;115m██[38;2;49;74;139m██[38;2;65;98;172m██[38;2;49;74;139m██[38;2;197;189;106m████[38;2;172;74;90m████[38;2;230;98;115m██[38;2;172;74;90m██[38;2;230;98;115m██[38;2;82;82;82m██[38;2;65;98;172m██[38;2;255;255;255m████[38;2;49;49;49m██[38;2;0;0;0m    [38;2;49;49;49m████[38;2;0;0;0m    
[38;2;0;0;0m              [38;2;49;49;49m██[38;2;172;74;90m██[38;2;230;98;115m██[38;2;49;74;139m██[38;2;172;74;90m██████[38;2;230;98;115m████[38;2;172;74;90m██[38;2;230;98;115m██[38;2;82;82;82m██[38;2;49;74;139m██[38;2;49;49;49m████[38;2;65;98;172m████[38;2;49;49;49m████[38;2;65;98;172m████[38;2;49;49;49m██[38;2;0;0;0m  
[38;2;0;0;0m                [38;2;49;49;49m████[38;2;230;98;115m████████[38;2;172;74;90m████[38;2;230;98;115m██[38;2;82;82;82m██[38;2;65;98;172m██[38;2;49;49;49m██[38;2;0;0;0m    [38;2;49;49;49m██[38;2;65;98;172m████[38;2;49;74;139m██[38;2;246;238;172m████[38;2;49;74;139m██[38;2;49;49;49m██
[38;2;0;0;0m                  [38;2;49;49;49m██[38;2;82;82;82m████[38;2;172;74;90m██████[38;2;82;82;82m████[38;2;65;98;172m██████[38;2;49;49;49m██[38;2;0;0;0m    [38;2;49;49;49m████[38;2;65;98;172m████[38;2;49;49;49m████[38;2;0;0;0m  
[38;2;0;0;0m                [38;2;49;49;49m████[38;2;65;98;172m██[38;2;131;148;139m██[38;2;82;82;82m██████[38;2;197;189;106m██[38;2;131;148;139m██[38;2;49;74;139m██[38;2;65;98;172m██[38;2;255;255;255m██[38;2;49;49;49m██[38;2;0;0;0m        [38;2;49;49;49m████[38;2;0;0;0m      
[38;2;0;0;0m              [38;2;49;49;49m██[38;2;255;255;255m████[38;2;82;82;82m████[38;2;131;148;139m██[38;2;197;189;106m████[38;2;49;49;49m██████[38;2;255;255;255m██████[38;2;49;49;49m██[38;2;0;0;0m                
[38;2;0;0;0m            [38;2;49;49;49m██[38;2;255;255;255m████[38;2;82;82;82m██[38;2;49;49;49m██[38;2;49;74;139m████[38;2;49;49;49m████[38;2;0;0;0m      [38;2;49;49;49m██[38;2;255;255;255m██[38;2;49;74;139m██[38;2;82;82;82m██[38;2;49;49;49m██[38;2;0;0;0m              
[38;2;0;0;0m    [38;2;49;49;49m████████[38;2;65;98;172m████[38;2;49;49;49m████[38;2;0;0;0m  [38;2;49;49;49m██████[38;2;0;0;0m      [38;2;49;49;49m██[38;2;65;98;172m██[38;2;49;74;139m██[38;2;49;49;49m██[38;2;65;98;172m████[38;2;49;49;49m██[38;2;0;0;0m            
[38;2;0;0;0m  [38;2;49;49;49m██[38;2;65;98;172m████[38;2;197;189;106m██[38;2;49;74;139m██[38;2;65;98;172m██[38;2;49;74;139m██[38;2;49;49;49m██[38;2;0;0;0m                  [38;2;49;49;49m████[38;2;0;0;0m  [38;2;49;49;49m████[38;2;0;0;0m              
[38;2;0;0;0m    [38;2;49;49;49m████[38;2;65;98;172m████[38;2;49;49;49m██[38;2;246;238;172m██[38;2;65;98;172m██[38;2;49;49;49m██[38;2;0;0;0m                                        [0m
