
[38;2;0;0;0m            ██        ██              
[38;2;0;0;0m          ██[38;2;165;173;109m██[38;2;0;0;0m██  ████[38;2;189;239;133m██[38;2;0;0;0m██            
[38;2;0;0;0m          ██[38;2;165;173;109m████[38;2;0;0;0m██[38;2;165;173;109m██[38;2;189;239;133m████[38;2;0;0;0m██            
[38;2;0;0;0m        ██[38;2;80;60;50m██[38;2;165;176;106m████[38;2;66;66;66m██[38;2;189;239;133m██[38;2;198;231;142m██[38;2;0;0;16m██[38;2;0;0;0m              
[38;2;0;0;0m        ██[38;2;159;121;101m██[38;2;66;66;66m██[38;2;165;176;106m██[38;2;189;239;133m████[38;2;66;77;58m████[38;2;0;0;0m██            
[38;2;0;0;0m          ██[38;2;66;66;66m██[38;2;189;239;133m████[38;2;66;66;66m██[38;2;165;123;93m████[38;2;80;60;50m██[38;2;0;0;0m██          
[38;2;0;0;0m        ████[38;2;189;239;133m████████[38;2;66;66;66m██[38;2;165;123;93m██[38;2;159;121;101m██[38;2;0;0;0m██          
[38;2;0;0;0m      ██[38;2;189;239;133m████████[38;2;192;239;133m████████[38;2;0;0;0m██            
[38;2;0;0;0m  ████[38;2;165;173;109m██[38;2;160;177;104m██[38;2;189;239;133m██[38;2;160;177;104m██[38;2;189;239;133m██[38;2;192;239;133m████████[38;2;189;239;133m██[38;2;0;0;0m██          
[38;2;0;0;0m██[38;2;165;99;69m██[38;2;66;66;66m██[38;2;255;239;135m████[38;2;162;173;106m██[38;2;255;239;135m██[38;2;162;173;106m██████[38;2;189;239;133m████[38;2;192;239;133m████[38;2;0;0;0m██        
[38;2;0;0;0m██[38;2;110;66;46m██[38;2;255;239;135m██[38;2;66;66;66m██[38;2;255;239;135m██████[38;2;162;173;106m██[38;2;255;239;135m████[38;2;160;177;104m██[38;2;189;239;133m██[38;2;192;239;133m████[38;2;0;0;0m██        
[38;2;0;0;0m██[38;2;156;90;68m██[38;2;255;255;255m██[38;2;66;66;66m██[38;2;255;239;135m████[38;2;255;247;175m████[38;2;66;66;66m██[38;2;255;247;191m██[38;2;255;239;135m██[38;2;162;173;106m██[38;2;189;231;133m██[38;2;140;82;60m██[38;2;165;99;69m██[38;2;0;0;0m██      
[38;2;0;0;0m  ██[38;2;255;255;255m██[38;2;66;66;66m██[38;2;255;136;91m████[38;2;255;247;175m██[38;2;66;66;66m████[38;2;255;247;191m██[38;2;255;239;135m██[38;2;162;173;106m██[38;2;173;181;109m██[38;2;140;82;60m██[38;2;110;66;46m██[38;2;0;0;0m██      
[38;2;0;0;0m  ██[38;2;255;173;103m████[38;2;255;140;87m████[38;2;255;173;103m██[38;2;66;66;66m██[38;2;255;255;255m██[38;2;255;238;131m██[38;2;255;239;135m██[38;2;162;173;106m██[38;2;123;74;51m██[38;2;156;92;65m██[38;2;156;90;68m██[38;2;0;0;0m██      
[38;2;0;0;0m    ██[38;2;255;173;103m██[38;2;255;140;87m██[38;2;160;92;64m██[38;2;255;173;103m████[38;2;255;238;131m████[38;2;162;173;106m████[38;2;156;92;65m████[38;2;0;0;0m██        
[38;2;0;0;0m      ██[38;2;255;140;95m████[38;2;165;176;106m████████[38;2;165;181;117m██[38;2;60;63;50m██[38;2;0;0;0m████    ████  
[38;2;0;0;0m        [38;2;0;8;16m██[38;2;85;52;42m██[38;2;66;66;66m██[38;2;165;176;106m████[38;2;66;66;66m██[38;2;60;63;50m██[38;2;8;4;16m██[38;2;0;0;0m      ██[38;2;110;66;46m██[38;2;165;99;69m██[38;2;0;0;0m██
[38;2;0;0;0m          ██[38;2;189;239;133m██[38;2;160;177;104m██████████[38;2;0;0;0m██    ██[38;2;156;92;65m████[38;2;0;0;0m██
[38;2;0;0;0m        ██[38;2;189;239;133m████████[38;2;160;177;104m████[38;2;189;239;133m████[38;2;0;0;0m████[38;2;127;74;51m██[38;2;156;92;65m██[38;2;123;74;51m██[38;2;0;0;0m██
[38;2;0;0;0m      ██[38;2;184;74;48m██[38;2;255;140;87m██[38;2;137;165;97m██[38;2;206;247;142m██[38;2;66;66;66m██[38;2;231;173;103m██[38;2;66;66;66m██[38;2;198;239;134m██[38;2;198;231;142m██[38;2;66;77;58m██[38;2;126;74;51m████[38;2;127;74;51m██[38;2;0;0;0m██  
[38;2;0;0;0m      ██[38;2;255;140;87m████[38;2;0;0;8m██[38;2;69;82;53m██[38;2;231;173;103m████[38;2;66;66;66m██[38;2;154;181;111m██[38;2;66;77;58m██[38;2;0;0;16m██[38;2;0;0;0m██████    
[38;2;0;0;0m        ████  ██[38;2;255;132;87m██[38;2;170;88;58m██[38;2;0;0;0m██████            
[38;2;0;0;0m                ████                  [0m
