
[38;2;0;0;0m          [38;2;49;49;49m██████[38;2;0;0;0m                            
[38;2;0;0;0m      [38;2;49;49;49m████[38;2;65;123;74m██████[38;2;49;49;49m████[38;2;0;0;0m                        
[38;2;0;0;0m    [38;2;49;49;49m██[38;2;65;123;74m██[38;2;82;82;82m██[38;2;65;123;74m████[38;2;82;82;82m██[38;2;65;123;74m████[38;2;49;49;49m██[38;2;0;0;0m    [38;2;49;49;49m████[38;2;0;0;0m              
[38;2;0;0;0m    [38;2;49;49;49m██[38;2;65;123;74m████████████[38;2;82;82;82m████[38;2;49;49;49m████[38;2;74;156;90m████[38;2;49;49;49m████[38;2;0;0;0m          
[38;2;0;0;0m  [38;2;49;49;49m██[38;2;65;123;74m██████████[38;2;82;82;82m████[38;2;164;123;57m██[38;2;82;82;82m██[38;2;74;156;90m██[38;2;65;123;74m██[38;2;74;156;90m██[38;2;65;123;74m██[38;2;74;156;90m████[38;2;49;49;49m██[38;2;0;0;0m    [38;2;49;49;49m██[38;2;0;0;0m  
[38;2;0;0;0m  [38;2;49;49;49m██[38;2;65;123;74m████████[38;2;82;82;82m██[38;2;164;123;57m████[38;2;82;82;82m██[38;2;74;156;90m████████████[38;2;65;123;74m██[38;2;74;156;90m██[38;2;49;49;49m████[38;2;197;172;49m██[38;2;49;49;49m██
[38;2;0;0;0m    [38;2;49;49;49m██[38;2;65;123;74m████[38;2;82;82;82m██[38;2;164;123;57m████[38;2;82;82;82m████[38;2;65;123;74m██[38;2;74;156;90m██████████████[38;2;82;82;82m██[38;2;131;115;74m██[38;2;197;172;49m██[38;2;49;49;49m██
[38;2;0;0;0m      [38;2;49;49;49m██[38;2;82;82;82m██[38;2;164;123;57m████[38;2;82;82;82m██[38;2;222;197;41m██[38;2;82;82;82m██[38;2;74;156;90m██████████████[38;2;65;123;74m██[38;2;82;82;82m██[38;2;197;172;49m██[38;2;131;115;74m██[38;2;49;49;49m██
[38;2;0;0;0m        [38;2;49;49;49m██[38;2;164;123;57m██[38;2;82;82;82m██[38;2;222;197;41m████[38;2;82;82;82m████[38;2;74;156;90m████[38;2;82;82;82m██[38;2;74;156;90m████[38;2;82;82;82m████[38;2;131;115;74m██[38;2;197;172;49m██[38;2;82;82;82m██[38;2;49;49;49m██
[38;2;0;0;0m      [38;2;49;49;49m██[38;2;164;123;57m██[38;2;82;82;82m██[38;2;222;197;41m████[38;2;82;82;82m██[38;2;164;123;57m██[38;2;82;82;82m██████[38;2;222;197;41m██[38;2;82;82;82m████[38;2;131;115;74m██[38;2;197;172;49m████[38;2;131;115;74m██[38;2;49;49;49m██[38;2;0;0;0m  
[38;2;0;0;0m    [38;2;49;49;49m██[38;2;82;82;82m██[38;2;164;123;57m██[38;2;82;82;82m██[38;2;222;197;41m████[38;2;82;82;82m████[38;2;222;197;41m████[38;2;164;139;57m██[38;2;222;197;41m████████[38;2;131;115;74m██[38;2;197;172;49m██[38;2;82;82;82m██[38;2;49;49;49m██[38;2;0;0;0m  
[38;2;0;0;0m    [38;2;49;49;49m██[38;2;222;197;41m██[38;2;82;82;82m██[38;2;222;197;41m██[38;2;164;139;57m██[38;2;222;197;41m████████[38;2;82;82;82m██████[38;2;222;197;41m██████[38;2;82;82;82m████[38;2;123;172;90m██[38;2;49;49;49m██[38;2;0;0;0m  
[38;2;0;0;0m  [38;2;49;49;49m██[38;2;222;197;41m██████████[38;2;164;139;57m██[38;2;222;197;41m██[38;2;82;82;82m████[38;2;139;197;115m██████[38;2;82;82;82m██████[38;2;123;172;90m██████[38;2;49;49;49m██[38;2;0;0;0m  
[38;2;0;0;0m  [38;2;49;49;49m██[38;2;222;197;41m██████████[38;2;82;82;82m████[38;2;139;197;115m██████[38;2;98;148;74m████[38;2;139;197;115m████[38;2;98;148;74m██[38;2;123;172;90m██████[38;2;164;139;57m██[38;2;49;49;49m██
[38;2;49;49;49m██[38;2;197;172;49m██[38;2;49;49;49m██[38;2;222;197;41m████[38;2;82;82;82m██[38;2;49;49;49m██[38;2;205;205;205m██[38;2;164;139;57m████[38;2;139;197;115m██[38;2;98;148;74m██[38;2;139;197;115m████[38;2;98;148;74m██[38;2;139;197;115m██[38;2;49;49;49m██[38;2;164;139;57m████████[38;2;49;49;49m██
[38;2;49;49;49m██[38;2;197;172;49m██[38;2;139;197;115m██[38;2;82;82;82m████[38;2;139;197;115m██[38;2;49;49;49m██[38;2;255;255;255m██[38;2;222;197;41m████[38;2;164;139;57m██[38;2;139;197;115m████████[38;2;49;49;49m██[38;2;0;0;0m  [38;2;49;49;49m██[38;2;205;205;205m████[38;2;82;82;82m██[38;2;49;49;49m██
[38;2;0;0;0m  [38;2;49;49;49m██[38;2;139;197;115m████[38;2;65;123;74m██[38;2;139;197;115m██████[38;2;222;197;41m██[38;2;164;139;57m██[38;2;82;82;82m██[38;2;139;197;115m██████[38;2;164;139;57m██[38;2;49;49;49m██[38;2;0;0;0m    [38;2;49;49;49m██████[38;2;0;0;0m  
[38;2;0;0;0m  [38;2;49;49;49m██[38;2;82;82;82m██[38;2;123;172;90m████[38;2;65;123;74m██[38;2;164;139;57m██[38;2;197;172;49m████[38;2;49;49;49m████[38;2;82;82;82m██[38;2;164;139;57m██[38;2;197;172;49m██[38;2;222;197;41m██[38;2;49;49;49m██[38;2;0;0;0m            
[38;2;0;0;0m    [38;2;49;49;49m██████[38;2;197;172;49m████[38;2;49;49;49m████[38;2;0;0;0m  [38;2;49;49;49m██[38;2;222;197;41m██████[38;2;197;172;49m██[38;2;49;49;49m██[38;2;0;0;0m            
[38;2;0;0;0m          [38;2;49;49;49m████[38;2;0;0;0m      [38;2;49;49;49m██[38;2;82;82;82m██[38;2;255;255;255m████[38;2;49;49;49m██[38;2;0;0;0m              
[38;2;0;0;0m                      [38;2;49;49;49m██████[38;2;0;0;0m                [0m
