
[38;2;0;0;0m                ████████          
[38;2;0;0;0m            ████[38;2;222;214;198m████[38;2;206;217;214m████[38;2;0;0;0m████      
[38;2;0;0;0m          ██[38;2;231;115;71m████[38;2;160;135;120m██[38;2;99;57;43m██[38;2;206;217;214m████[38;2;206;214;214m████[38;2;0;0;0m██    
[38;2;0;0;0m        ██[38;2;231;115;71m██[38;2;231;118;71m████████[38;2;66;66;66m██[38;2;231;214;151m██[38;2;206;217;214m████[38;2;206;214;214m██[38;2;0;0;0m██  
[38;2;0;0;0m      ██[38;2;231;115;71m████[38;2;231;118;71m████████[38;2;231;214;151m██[38;2;66;66;66m██[38;2;206;217;214m████[38;2;206;214;214m██[38;2;0;0;0m██  
[38;2;0;0;0m      ██[38;2;255;206;87m██[38;2;195;155;80m██[38;2;230;115;70m████[38;2;255;214;87m████[38;2;192;190;155m██[38;2;66;61;50m██[38;2;211;201;150m██[38;2;123;140;163m██[38;2;211;201;150m██[38;2;255;231;143m██[38;2;0;0;0m██
[38;2;0;0;0m    ████[38;2;74;53;66m██[38;2;255;206;87m██[38;2;255;214;87m██████[38;2;66;66;66m██[38;2;66;61;50m██[38;2;255;255;207m██[38;2;167;170;156m██[38;2;255;231;143m██[38;2;123;140;163m██[38;2;167;170;156m██[38;2;0;0;0m██
[38;2;0;0;0m  ██[38;2;214;173;86m████[38;2;66;66;66m████████[38;2;82;61;26m██[38;2;255;255;207m██[38;2;82;61;50m██[38;2;255;255;255m██[38;2;173;181;181m██[38;2;255;214;87m██[38;2;58;60;60m██[38;2;173;181;181m██[38;2;0;0;0m██
[38;2;0;0;0m██[38;2;189;82;69m████[38;2;214;173;86m██[38;2;66;66;66m██[38;2;115;75;59m██[38;2;66;66;66m██[38;2;255;214;87m██[38;2;197;190;147m██[38;2;140;126;86m██[38;2;255;255;255m██[38;2;82;61;50m██[38;2;173;181;181m████[38;2;0;0;0m████  
[38;2;0;0;0m██[38;2;189;82;69m████[38;2;0;0;0m████[38;2;115;74;59m██[38;2;66;66;66m██[38;2;231;115;71m██[38;2;255;189;79m██[38;2;129;93;65m██[38;2;82;70;66m████[38;2;173;181;181m██[38;2;58;63;60m██[38;2;0;0;0m██    
[38;2;0;0;0m██████    ██[38;2;231;115;71m████[38;2;192;141;72m██[38;2;66;45;58m██[38;2;82;70;66m██[38;2;173;181;181m████[38;2;0;4;0m██[38;2;0;0;0m      
[38;2;0;0;0m          ██[38;2;231;115;71m████[38;2;0;0;0m████[38;2;173;181;181m████[38;2;0;0;0m██        
[38;2;0;0;0m          ██████    ████          [0m
