
[38;2;0;0;0m            [38;2;49;49;49m████[38;2;0;0;0m                              
[38;2;0;0;0m          [38;2;49;49;49m██[38;2;82;82;82m████[38;2;49;49;49m██[38;2;0;0;0m                            
[38;2;0;0;0m            [38;2;49;49;49m██[38;2;82;82;82m████[38;2;49;49;49m████[38;2;0;0;0m    [38;2;49;49;49m████████[38;2;0;0;0m            
[38;2;0;0;0m            [38;2;49;49;49m██[38;2;82;82;82m██[38;2;172;139;180m██[38;2;205;172;213m██[38;2;172;139;180m██[38;2;49;49;49m████[38;2;123;123;123m████████[38;2;49;49;49m██[38;2;0;0;0m          
[38;2;0;0;0m            [38;2;49;49;49m██[38;2;205;172;213m██[38;2;82;82;82m██[38;2;205;172;213m████[38;2;98;98;98m██[38;2;123;123;123m████[38;2;238;172;189m████[38;2;49;49;49m██[38;2;0;0;0m            
[38;2;0;0;0m          [38;2;49;49;49m██[38;2;205;172;213m████████████[38;2;98;98;98m██[38;2;123;123;123m██[38;2;205;115;139m██[38;2;49;49;49m██[38;2;0;0;0m              
[38;2;0;0;0m          [38;2;49;49;49m██[38;2;172;139;180m████[38;2;205;172;213m██████[38;2;255;255;255m██[38;2;98;98;98m██[38;2;205;115;139m██[38;2;49;49;49m██[38;2;0;0;0m                
[38;2;0;0;0m        [38;2;49;49;49m██[38;2;238;172;189m██████[38;2;172;139;180m██[38;2;205;172;213m██[38;2;49;49;49m██[38;2;255;255;255m██[38;2;172;139;180m██[38;2;98;98;98m██[38;2;49;49;49m██[38;2;0;0;0m                
[38;2;0;0;0m    [38;2;49;49;49m██████[38;2;238;172;189m████[38;2;82;82;82m██[38;2;238;172;189m██[38;2;205;172;213m██[38;2;82;82;82m██[38;2;172;139;180m██████[38;2;82;82;82m██[38;2;49;49;49m██████████[38;2;0;0;0m      
[38;2;0;0;0m  [38;2;49;49;49m██[38;2;82;82;82m████[38;2;49;49;49m██[38;2;82;82;82m██[38;2;238;172;189m██████[38;2;172;139;180m████████[38;2;82;82;82m██[38;2;123;123;123m████[38;2;49;49;49m██[38;2;238;172;189m████[38;2;205;115;139m██[38;2;49;49;49m██[38;2;0;0;0m    
[38;2;49;49;49m██[38;2;82;82;82m████████[38;2;49;49;49m██[38;2;82;82;82m██[38;2;172;139;180m████[38;2;255;255;255m████[38;2;205;172;213m██[38;2;82;82;82m██[38;2;123;123;123m██[38;2;98;98;98m██[38;2;123;123;123m████[38;2;82;82;82m████[38;2;238;172;189m████[38;2;49;49;49m██[38;2;0;0;0m  
[38;2;49;49;49m██[38;2;172;139;180m████[38;2;82;82;82m██[38;2;49;49;49m██[38;2;0;0;0m    [38;2;82;82;82m██[38;2;205;172;213m████████[38;2;82;82;82m████[38;2;123;123;123m██████[38;2;82;82;82m██[38;2;205;115;139m██[38;2;82;82;82m██[38;2;238;172;189m██[38;2;205;115;139m██[38;2;49;49;49m██
[38;2;0;0;0m  [38;2;49;49;49m██████[38;2;0;0;0m    [38;2;49;49;49m██[38;2;82;82;82m██[38;2;205;172;213m██[38;2;82;82;82m██[38;2;205;172;213m██[38;2;82;82;82m██[38;2;123;123;123m████████[38;2;82;82;82m██[38;2;205;115;139m██[38;2;238;172;189m██[38;2;205;115;139m██[38;2;82;82;82m██[38;2;238;172;189m██[38;2;49;49;49m██
[38;2;0;0;0m            [38;2;49;49;49m██[38;2;82;82;82m██[38;2;123;123;123m██████[38;2;82;82;82m██[38;2;205;172;213m████[38;2;123;123;123m██[38;2;82;82;82m████[38;2;205;115;139m██[38;2;82;82;82m██[38;2;238;172;189m██[38;2;49;49;49m██[38;2;238;172;189m██[38;2;49;49;49m██
[38;2;0;0;0m            [38;2;49;49;49m██[38;2;98;98;98m██[38;2;82;82;82m██[38;2;123;123;123m██████[38;2;82;82;82m██████[38;2;123;123;123m████[38;2;82;82;82m██[38;2;205;115;139m██[38;2;49;49;49m██[38;2;0;0;0m  [38;2;49;49;49m██[38;2;0;0;0m  
[38;2;0;0;0m              [38;2;49;49;49m██[38;2;98;98;98m████[38;2;82;82;82m██[38;2;49;49;49m██[38;2;123;123;123m██████████[38;2;49;49;49m████[38;2;0;0;0m        
[38;2;0;0;0m                [38;2;49;49;49m██████[38;2;0;0;0m  [38;2;49;49;49m██[38;2;123;123;123m██████[38;2;82;82;82m██[38;2;49;49;49m██[38;2;0;0;0m          
[38;2;0;0;0m                        [38;2;49;49;49m██[38;2;205;172;213m██[38;2;82;82;82m██[38;2;205;172;213m██[38;2;49;49;49m██[38;2;0;0;0m            
[38;2;0;0;0m                          [38;2;49;49;49m██████[38;2;0;0;0m              [0m
