
[38;2;0;0;0m          [38;2;32;32;32m████████[38;2;0;0;0m                      
[38;2;0;0;0m      [38;2;32;32;32m████[38;2;230;213;115m████████[38;2;32;32;32m██[38;2;0;0;0m                    
[38;2;0;0;0m    [38;2;32;32;32m██[38;2;230;213;115m██████████████[38;2;32;32;32m██[38;2;0;0;0m                  
[38;2;0;0;0m  [38;2;32;32;32m██[38;2;230;213;115m██████████████████[38;2;32;32;32m██[38;2;0;0;0m                
[38;2;0;0;0m  [38;2;32;32;32m██[38;2;172;156;74m██[38;2;230;213;115m██[38;2;172;156;74m██[38;2;230;213;115m████████[38;2;123;98;65m████[38;2;32;32;32m██[38;2;0;0;0m                
[38;2;32;32;32m██[38;2;172;156;74m██[38;2;230;213;115m██[38;2;172;156;74m██[38;2;230;213;115m████████[38;2;123;98;65m██[38;2;156;131;82m██[38;2;74;74;74m██[38;2;156;131;82m██[38;2;32;32;32m██[38;2;0;0;0m              
[38;2;32;32;32m██[38;2;123;98;65m██[38;2;230;213;115m██[38;2;172;156;74m██[38;2;230;213;115m██[38;2;123;98;65m██[38;2;49;49;49m████[38;2;156;131;82m████[38;2;74;74;74m██[38;2;156;131;82m██[38;2;32;32;32m██[38;2;0;0;0m              
[38;2;0;0;0m  [38;2;32;32;32m██[38;2;123;98;65m██████[38;2;238;156;164m██[38;2;255;255;255m████[38;2;156;131;82m██████[38;2;74;74;74m██[38;2;32;32;32m██[38;2;0;0;0m              
[38;2;0;0;0m  [38;2;32;32;32m██[38;2;156;131;82m██[38;2;238;156;164m████[38;2;123;98;65m██[38;2;156;131;82m████████[38;2;74;74;74m██[38;2;123;98;65m██[38;2;32;32;32m██[38;2;0;0;0m              
[38;2;0;0;0m    [38;2;32;32;32m██[38;2;255;255;255m██[38;2;197;197;197m██[38;2;255;255;255m██[38;2;197;197;197m██[38;2;255;255;255m██[38;2;123;98;65m████████[38;2;32;32;32m██[38;2;0;0;0m              
[38;2;0;0;0m      [38;2;32;32;32m██[38;2;172;156;74m██████[38;2;74;74;74m██[38;2;123;98;65m██████[38;2;156;131;82m██[38;2;32;32;32m██[38;2;0;0;0m              
[38;2;0;0;0m      [38;2;32;32;32m██[38;2;172;156;74m██[38;2;74;74;74m██[38;2;172;156;74m██[38;2;74;74;74m██[38;2;172;156;74m██[38;2;156;131;82m████████[38;2;32;32;32m██[38;2;0;0;0m            
[38;2;0;0;0m        [38;2;32;32;32m██[38;2;230;213;115m██[38;2;74;74;74m██[38;2;230;213;115m████[38;2;156;131;82m██████████[38;2;32;32;32m██[38;2;0;0;0m          
[38;2;0;0;0m        [38;2;32;32;32m██[38;2;230;213;115m████████[38;2;156;131;82m████[38;2;74;74;74m██[38;2;156;131;82m██[38;2;123;98;65m██[38;2;32;32;32m██[38;2;0;0;0m          
[38;2;0;0;0m      [38;2;32;32;32m██[38;2;230;213;115m████████[38;2;172;156;74m██[38;2;156;131;82m████[38;2;123;98;65m██[38;2;74;74;74m██[38;2;32;32;32m██[38;2;0;0;0m            
[38;2;0;0;0m      [38;2;32;32;32m██[38;2;230;213;115m████████[38;2;156;131;82m██████[38;2;123;98;65m██[38;2;32;32;32m██[38;2;0;0;0m      [38;2;32;32;32m██████[38;2;0;0;0m  
[38;2;0;0;0m      [38;2;32;32;32m██[38;2;230;213;115m████████[38;2;156;131;82m████[38;2;123;98;65m████[38;2;74;74;74m██[38;2;32;32;32m██████[38;2;172;156;74m██████[38;2;32;32;32m██
[38;2;0;0;0m      [38;2;32;32;32m██[38;2;172;156;74m██[38;2;230;213;115m██████[38;2;123;98;65m██████████[38;2;74;74;74m██[38;2;172;156;74m██████[38;2;123;98;65m██[38;2;32;32;32m██[38;2;0;0;0m  
[38;2;0;0;0m    [38;2;32;32;32m██[38;2;123;98;65m██[38;2;74;74;74m██[38;2;172;156;74m████████[38;2;123;98;65m██████████[38;2;74;74;74m██[38;2;123;98;65m████[38;2;32;32;32m██[38;2;0;0;0m    
[38;2;0;0;0m    [38;2;32;32;32m██[38;2;123;98;65m██[38;2;74;74;74m██[38;2;172;156;74m████████[38;2;123;98;65m██████[38;2;156;131;82m██[38;2;74;74;74m██[38;2;123;98;65m██[38;2;32;32;32m████[38;2;0;0;0m      
[38;2;0;0;0m    [38;2;32;32;32m██[38;2;74;74;74m██[38;2;123;98;65m██[38;2;32;32;32m██[38;2;172;156;74m██████[38;2;74;74;74m██[38;2;156;131;82m██████[38;2;74;74;74m██[38;2;32;32;32m██[38;2;0;0;0m          
[38;2;0;0;0m      [38;2;32;32;32m████[38;2;0;0;0m  [38;2;32;32;32m████████[38;2;123;98;65m██[38;2;156;131;82m██[38;2;123;98;65m██[38;2;32;32;32m██[38;2;0;0;0m            
[38;2;0;0;0m                  [38;2;32;32;32m██[38;2;74;74;74m██[38;2;123;98;65m██[38;2;74;74;74m██[38;2;32;32;32m██[38;2;0;0;0m            
[38;2;0;0;0m                    [38;2;32;32;32m██████[38;2;0;0;0m              [0m
