
[38;2;0;0;0m            [38;2;8;21;22m  [38;2;0;0;0m        [38;2;249;249;249m██[38;2;0;0;0m                          
[38;2;0;0;0m            [38;2;35;86;89m██[38;2;0;0;0m        [38;2;249;249;249m██[38;2;0;0;0m                          
[38;2;0;0;0m          [38;2;12;30;31m  [38;2;35;86;89m██[38;2;0;0;0m      [38;2;117;117;117m██[38;2;255;255;255m██[38;2;10;10;10m  [38;2;0;0;0m                        
[38;2;0;0;0m          [38;2;49;120;124m██[38;2;8;21;22m  [38;2;0;0;0m  [38;2;80;80;80m  [38;2;11;11;11m  [38;2;167;170;170m██[38;2;255;255;255m██[38;2;112;114;112m██[38;2;0;0;0m                        
[38;2;0;0;0m        [38;2;4;11;12m  [38;2;51;125;129m██[38;2;0;0;0m      [38;2;239;239;239m██[38;2;201;205;204m██[38;2;255;255;255m██[38;2;172;172;172m██[38;2;0;0;0m                        
[38;2;0;0;0m        [38;2;19;47;49m██[38;2;56;140;145m██[38;2;0;0;0m      [38;2;59;59;59m  [38;2;255;255;255m██[38;2;212;211;212m██[38;2;98;97;98m██[38;2;0;0;0m    [38;2;8;8;8m  [38;2;62;62;62m  [38;2;0;0;0m                
[38;2;0;0;0m        [38;2;28;70;73m██[38;2;60;126;129m██[38;2;37;73;91m██[38;2;14;42;56m██[38;2;0;0;0m  [38;2;59;59;59m  [38;2;209;210;209m██[38;2;27;120;188m██[38;2;18;79;122m██[38;2;0;0;0m  [38;2;9;10;9m  [38;2;197;197;197m██[38;2;83;83;83m██[38;2;0;0;0m        [38;2;0;4;7m  [38;2;1;7;13m  [38;2;0;0;0m    
[38;2;0;0;0m  [38;2;43;101;104m  [38;2;0;0;0m  [38;2;9;2;0m  [38;2;60;138;145m██[38;2;71;85;83m██[38;2;51;165;225m██[38;2;49;165;225m██[38;2;44;96;121m██[38;2;115;117;115m██[38;2;61;122;127m██[38;2;67;100;112m██[38;2;48;165;225m██[38;2;36;123;168m██[38;2;50;92;117m██[38;2;189;189;189m██[38;2;23;23;23m  [38;2;0;0;0m    [38;2;127;127;127m  [38;2;98;98;98m  [38;2;124;140;153m██[38;2;138;164;186m██[38;2;0;0;0m    
[38;2;0;0;0m  [38;2;57;134;138m██[38;2;17;27;29m██[38;2;42;67;69m██[38;2;60;138;145m██[38;2;71;85;83m██[38;2;55;143;187m██[38;2;68;98;101m██[38;2;64;110;114m██[38;2;61;123;128m██[38;2;71;87;91m██[38;2;49;163;222m██[38;2;48;165;225m██[38;2;48;164;225m██[38;2;46;146;204m██[38;2;65;94;109m██[38;2;27;39;45m  [38;2;0;0;0m    [38;2;197;197;197m████[38;2;43;153;215m██[38;2;183;209;229m██[38;2;180;180;180m██[38;2;66;66;66m██
[38;2;0;0;0m  [38;2;14;33;34m  [38;2;66;124;138m██[38;2;62;121;124m██[38;2;61;124;126m██[38;2;72;80;75m██[38;2;61;121;127m██[38;2;57;138;143m██[38;2;69;93;91m██[38;2;56;146;181m██[38;2;61;123;152m██[38;2;67;99;111m██[38;2;58;132;168m██[38;2;48;165;225m████[38;2;66;103;118m██[38;2;20;69;94m██[38;2;0;0;0m    [38;2;198;198;198m██[38;2;124;181;211m██[38;2;65;167;221m██[38;2;220;231;235m██[38;2;212;212;212m██[38;2;16;16;16m  
[38;2;0;0;0m    [38;2;65;149;151m██[38;2;58;131;135m██[38;2;61;124;126m██[38;2;58;133;137m██[38;2;61;122;127m██[38;2;85;133;167m██[38;2;39;123;178m██[38;2;48;165;225m██[38;2;40;149;212m██[38;2;48;164;224m██[38;2;61;121;149m██[38;2;55;142;185m██[38;2;67;99;111m██[38;2;139;179;181m██[38;2;0;0;3m  [38;2;0;0;0m    [38;2;27;27;27m██[38;2;99;176;215m██[38;2;59;130;190m██[38;2;255;255;255m██[38;2;0;0;0m    
[38;2;0;0;0m    [38;2;29;72;74m██[38;2;57;140;144m██[38;2;63;137;141m██[38;2;59;105;106m██[38;2;206;124;120m██[38;2;245;250;250m██[38;2;28;129;195m██[38;2;48;165;225m██[38;2;34;142;212m██[38;2;67;100;113m██[38;2;61;121;149m██[38;2;58;145;188m██[38;2;203;232;247m██[38;2;46;59;59m  [38;2;0;0;0m      [38;2;27;27;27m██[38;2;115;171;209m██[38;2;49;132;200m██[38;2;121;121;121m██[38;2;0;0;0m    
[38;2;0;0;0m      [38;2;50;102;104m██[38;2;56;115;122m██[38;2;63;26;29m██[38;2;240;176;176m██[38;2;34;119;187m██[38;2;65;161;217m██[38;2;41;150;213m██[38;2;85;124;147m██[38;2;100;186;230m██[38;2;177;221;243m██[38;2;207;208;207m██[38;2;43;62;73m██[38;2;0;0;0m          [38;2;47;104;142m██[38;2;146;156;156m  [38;2;0;0;0m      
[38;2;0;0;0m    [38;2;36;135;180m██[38;2;51;151;195m██[38;2;44;144;196m██[38;2;70;109;164m██[38;2;69;106;164m██[38;2;44;145;208m██[38;2;48;165;225m██[38;2;17;106;178m██[38;2;121;154;168m██[38;2;211;210;211m██[38;2;255;255;255m██[38;2;206;209;209m██[38;2;130;165;169m██[38;2;0;0;0m        [38;2;5;17;23m  [38;2;20;69;94m██[38;2;0;0;0m        
[38;2;0;0;0m  [38;2;46;41;31m  [38;2;80;137;162m██[38;2;60;118;143m██[38;2;47;161;211m██[38;2;48;165;225m██████████[38;2;60;124;155m██[38;2;207;208;207m██[38;2;209;210;209m██[38;2;73;79;77m██[38;2;125;184;198m██[38;2;43;67;74m██[38;2;17;23;24m  [38;2;0;0;0m    [38;2;21;22;26m██[38;2;59;82;90m██[38;2;0;0;0m        
[38;2;0;0;0m  [38;2;120;121;111m██[38;2;153;165;153m██[38;2;190;179;146m██[38;2;194;186;150m██[38;2;47;130;186m██[38;2;48;165;225m████[38;2;46;162;225m██[38;2;60;97;118m██[38;2;106;141;146m██[38;2;197;180;138m██[38;2;119;122;119m██[38;2;194;179;139m██[38;2;59;129;163m██[38;2;56;144;187m██[38;2;82;85;73m██[38;2;0;0;0m    [38;2;35;101;147m██[38;2;68;107;127m██[38;2;4;2;0m  [38;2;0;0;0m      
[38;2;2;4;6m  [38;2;48;69;82m██[38;2;167;169;154m██[38;2;122;118;119m██[38;2;175;172;156m██[38;2;219;196;148m██[38;2;47;125;173m██[38;2;47;163;223m██[38;2;51;143;193m██[38;2;32;116;167m██[38;2;84;118;129m██[38;2;67;99;112m██[38;2;209;189;142m██[38;2;218;196;145m██[38;2;79;140;165m██[38;2;57;165;219m██[38;2;133;131;111m██[38;2;13;21;26m██[38;2;44;69;82m██[38;2;57;124;165m██[38;2;54;129;179m██[38;2;4;2;0m  [38;2;0;0;0m      
[38;2;11;30;43m██[38;2;28;53;74m██[38;2;5;5;5m  [38;2;111;64;78m██[38;2;148;112;120m██[38;2;110;88;91m██[38;2;125;130;102m██[38;2;50;159;215m██[38;2;47;66;72m██[38;2;1;1;1m  [38;2;42;59;62m██[38;2;67;99;111m██[38;2;79;120;131m██[38;2;226;204;140m██[38;2;213;207;167m██[38;2;50;159;215m██[38;2;135;151;138m██[38;2;55;87;106m██[38;2;40;131;193m██[38;2;100;106;94m██[38;2;26;64;88m██[38;2;0;0;0m        
[38;2;12;34;50m██[38;2;26;44;61m██[38;2;0;0;0m    [38;2;209;115;116m██[38;2;255;147;135m██[38;2;113;110;92m██[38;2;67;68;62m██[38;2;0;0;0m    [38;2;109;98;73m██[38;2;239;214;159m██[38;2;61;121;149m██[38;2;77;80;75m██[38;2;228;205;151m██[38;2;66;103;118m██[38;2;125;187;201m██[38;2;62;84;95m██[38;2;76;116;134m██[38;2;46;120;176m██[38;2;9;17;24m  [38;2;0;0;0m        
[38;2;3;8;12m  [38;2;32;97;142m██[38;2;20;36;50m  [38;2;2;0;0m  [38;2;253;141;136m██[38;2;191;97;112m██[38;2;136;129;105m██[38;2;23;21;15m██[38;2;0;0;0m    [38;2;27;24;18m  [38;2;180;163;113m██[38;2;104;115;102m██[38;2;50;142;191m██[38;2;171;158;121m██[38;2;182;199;178m██[38;2;85;136;151m██[38;2;90;100;94m██[38;2;72;99;110m██[38;2;37;113;165m██[38;2;1;0;0m  [38;2;0;0;0m        
[38;2;0;0;0m    [38;2;36;99;144m██[38;2;163;127;128m██[38;2;217;127;119m██[38;2;160;79;101m██[38;2;176;161;125m██[38;2;16;37;50m██[38;2;5;19;27m  [38;2;0;0;0m    [38;2;175;157;118m  [38;2;156;145;117m██[38;2;49;133;181m██[38;2;162;153;124m██[38;2;189;177;140m██[38;2;93;126;129m██[38;2;41;130;190m██[38;2;37;106;151m██[38;2;0;0;0m            
[38;2;0;0;0m      [38;2;175;174;155m██[38;2;158;137;129m██[38;2;211;190;197m██[38;2;155;140;106m██[38;2;11;31;45m██[38;2;18;60;88m██[38;2;1;5;8m  [38;2;0;0;0m  [38;2;0;0;7m  [38;2;96;92;80m██[38;2;65;91;103m██[38;2;89;110;120m██[38;2;141;131;93m██[38;2;155;141;97m██[38;2;122;131;113m██[38;2;7;7;7m  [38;2;0;0;0m            
[38;2;0;0;0m        [38;2;60;54;40m  [38;2;179;160;119m██[38;2;0;0;0m            [38;2;61;57;43m  [38;2;81;78;63m██[38;2;58;102;128m██[38;2;162;145;99m██[38;2;123;111;75m██[38;2;0;0;0m                
[38;2;0;0;0m                        [38;2;0;0;1m  [38;2;20;19;15m██[38;2;40;80;107m██[38;2;38;34;23m  [38;2;0;0;0m    [38;2;19;61;89m  [38;2;0;0;0m            
[38;2;0;0;0m                            [38;2;15;28;37m  [38;2;29;95;138m██[38;2;10;32;48m██[38;2;12;39;57m██[38;2;11;37;55m  [38;2;0;0;0m            
[38;2;0;0;0m                              [38;2;0;1;2m  [38;2;10;33;48m██[38;2;9;29;43m  [38;2;0;0;0m              [0m
