
[38;2;0;0;0m                        [38;2;49;49;49m██████[38;2;0;0;0m                  
[38;2;0;0;0m                    [38;2;49;49;49m████[38;2;255;222;172m██████[38;2;49;49;49m██[38;2;0;0;0m                
[38;2;0;0;0m            [38;2;49;49;49m████████[38;2;255;222;172m████████[38;2;213;189;139m██[38;2;49;49;49m██[38;2;0;0;0m                
[38;2;0;0;0m      [38;2;49;49;49m██████[38;2;98;90;156m██[38;2;82;82;82m██[38;2;255;222;172m██████████[38;2;213;189;139m██[38;2;82;82;82m██[38;2;49;49;49m██[38;2;0;0;0m                
[38;2;0;0;0m    [38;2;49;49;49m██[38;2;230;131;106m████[38;2;82;82;82m██[38;2;98;90;156m██[38;2;255;222;172m████████[38;2;213;189;139m██[38;2;82;82;82m████[38;2;98;90;156m████[38;2;49;49;49m██[38;2;0;0;0m              
[38;2;0;0;0m    [38;2;49;49;49m██[38;2;230;131;106m████[38;2;82;82;82m██[38;2;98;90;156m██[38;2;255;222;172m████[38;2;213;189;139m██[38;2;82;82;82m████[38;2;98;90;156m████████[38;2;49;49;49m██[38;2;0;0;0m              
[38;2;0;0;0m  [38;2;49;49;49m██[38;2;82;82;82m██[38;2;230;131;106m████[38;2;82;82;82m██[38;2;98;90;156m██[38;2;255;222;172m████[38;2;82;82;82m██[38;2;98;90;156m██████[38;2;82;82;82m████[38;2;255;222;172m████[38;2;49;49;49m██[38;2;0;0;0m            
[38;2;49;49;49m██[38;2;230;131;106m██[38;2;205;98;74m██[38;2;230;131;106m██[38;2;205;98;74m██[38;2;82;82;82m████[38;2;255;222;172m██[38;2;98;90;156m██████[38;2;82;82;82m████[38;2;164;139;82m██[38;2;255;222;172m██[38;2;164;139;82m██[38;2;213;189;139m██[38;2;49;49;49m██[38;2;0;0;0m            
[38;2;49;49;49m██[38;2;230;131;106m██████[38;2;82;82;82m██[38;2;255;222;172m██[38;2;82;82;82m██[38;2;98;90;156m████[38;2;82;82;82m██[38;2;49;49;49m██[38;2;255;255;255m██[38;2;213;189;139m████████[38;2;82;82;82m██[38;2;49;49;49m██[38;2;0;0;0m  [38;2;49;49;49m████[38;2;0;0;0m      
[38;2;0;0;0m  [38;2;49;49;49m██[38;2;230;131;106m██[38;2;82;82;82m██[38;2;255;222;172m████[38;2;213;189;139m██[38;2;82;82;82m████[38;2;213;189;139m██████[38;2;164;139;82m██[38;2;82;82;82m██████[38;2;213;189;139m████[38;2;49;49;49m██[38;2;230;131;106m████[38;2;49;49;49m██[38;2;0;0;0m    
[38;2;0;0;0m    [38;2;49;49;49m████[38;2;255;222;172m████████[38;2;213;189;139m██[38;2;82;82;82m████████[38;2;213;189;139m████████[38;2;164;139;82m██[38;2;82;82;82m██[38;2;230;131;106m████[38;2;49;49;49m██[38;2;0;0;0m    
[38;2;0;0;0m      [38;2;49;49;49m██[38;2;213;189;139m██[38;2;255;222;172m██████████████████[38;2;213;189;139m██[38;2;82;82;82m██████[38;2;230;131;106m████[38;2;205;98;74m██[38;2;82;82;82m██[38;2;49;49;49m██[38;2;0;0;0m  
[38;2;0;0;0m    [38;2;49;49;49m██[38;2;189;148;49m██[38;2;82;82;82m██[38;2;230;131;106m██[38;2;213;189;139m██[38;2;255;222;172m████████████[38;2;213;189;139m██[38;2;82;82;82m██[38;2;230;131;106m████[38;2;82;82;82m██[38;2;230;131;106m████[38;2;82;82;82m██[38;2;230;131;106m████[38;2;49;49;49m██
[38;2;0;0;0m  [38;2;49;49;49m██[38;2;189;148;49m████[38;2;82;82;82m██[38;2;230;131;106m██████[38;2;205;98;74m██[38;2;213;189;139m████[38;2;82;82;82m████████[38;2;230;131;106m████████████████[38;2;49;49;49m██
[38;2;0;0;0m  [38;2;49;49;49m██[38;2;189;148;49m██[38;2;82;82;82m██[38;2;255;205;74m██[38;2;82;82;82m██[38;2;230;131;106m██[38;2;205;98;74m██[38;2;82;82;82m██████[38;2;189;148;49m██████[38;2;82;82;82m██[38;2;205;98;74m██[38;2;230;131;106m██████████[38;2;82;82;82m██[38;2;49;49;49m██[38;2;0;0;0m  
[38;2;0;0;0m    [38;2;49;49;49m██[38;2;255;205;74m██[38;2;189;148;49m██[38;2;255;205;74m██[38;2;82;82;82m████[38;2;189;148;49m████████████[38;2;255;205;74m██[38;2;82;82;82m██[38;2;230;131;106m██████[38;2;205;98;74m██[38;2;82;82;82m██[38;2;49;49;49m██[38;2;0;0;0m    
[38;2;0;0;0m    [38;2;49;49;49m██[38;2;255;205;74m██████[38;2;189;148;49m██[38;2;255;205;74m████[38;2;82;82;82m██[38;2;255;205;74m██[38;2;189;148;49m██[38;2;255;205;74m██[38;2;189;148;49m██[38;2;255;205;74m████[38;2;82;82;82m████████[38;2;98;90;156m██[38;2;49;49;49m██[38;2;0;0;0m    
[38;2;0;0;0m      [38;2;49;49;49m██[38;2;82;82;82m██[38;2;255;205;74m██████[38;2;82;82;82m██[38;2;98;90;156m██[38;2;255;205;74m████████[38;2;98;90;156m██[38;2;255;205;74m████████[38;2;98;90;156m████[38;2;49;49;49m██[38;2;0;0;0m    
[38;2;0;0;0m      [38;2;49;49;49m██[38;2;205;98;74m██[38;2;82;82;82m██████[38;2;98;90;156m██[38;2;49;49;49m██[38;2;82;82;82m██[38;2;255;205;74m██████[38;2;98;90;156m████[38;2;255;205;74m██████[38;2;98;90;156m██[38;2;49;49;49m██[38;2;0;0;0m      
[38;2;0;0;0m        [38;2;49;49;49m██[38;2;205;98;74m████[38;2;49;49;49m████[38;2;0;0;0m  [38;2;49;49;49m████[38;2;98;90;156m████████████[38;2;82;82;82m██[38;2;49;49;49m██[38;2;0;0;0m        
[38;2;0;0;0m          [38;2;49;49;49m████[38;2;0;0;0m          [38;2;49;49;49m██████[38;2;82;82;82m██████[38;2;205;98;74m██[38;2;49;49;49m██[38;2;0;0;0m        
[38;2;0;0;0m                              [38;2;49;49;49m██[38;2;205;98;74m████[38;2;49;49;49m██[38;2;0;0;0m          
[38;2;0;0;0m                                [38;2;49;49;49m████[38;2;0;0;0m            [0m
