
[38;2;0;0;0m                      [38;2;38;45;48m  [38;2;0;0;0m            
[38;2;0;0;0m                    [38;2;38;45;48m  [38;2;180;211;226m██[38;2;0;0;0m            
[38;2;0;0;0m                [38;2;17;20;21m  [38;2;158;186;199m██[38;2;179;214;231m██[38;2;146;173;202m██[38;2;38;44;53m  [38;2;0;0;0m          
[38;2;0;0;0m    [38;2;169;199;212m██[38;2;216;223;227m████[38;2;169;199;212m██[38;2;0;0;0m  [38;2;95;112;133m  [38;2;172;205;219m██[38;2;189;222;237m██[38;2;142;168;195m██[38;2;79;92;105m██[38;2;104;123;146m██[38;2;0;0;0m          
[38;2;41;49;54m██[38;2;166;196;218m██[38;2;131;149;157m██[38;2;131;148;157m██[38;2;184;216;238m██[38;2;187;220;235m████[38;2;185;219;234m██[38;2;210;228;238m██[38;2;153;175;200m██[38;2;126;148;170m██[38;2;29;32;35m██[38;2;120;142;169m██[38;2;15;18;22m  [38;2;0;0;0m        
[38;2;0;0;0m  [38;2;105;123;147m██[38;2;139;164;195m██[38;2;142;164;187m██[38;2;66;66;66m████[38;2;186;219;234m██[38;2;237;246;249m██[38;2;255;255;255m██[38;2;254;254;254m██[38;2;141;166;183m██[38;2;0;0;0m  [38;2;35;41;49m██[38;2;34;41;48m██[38;2;0;0;0m        
[38;2;0;0;0m    [38;2;76;86;100m██[38;2;104;119;136m██[38;2;140;165;195m██[38;2;140;165;193m██[38;2;106;119;136m██[38;2;119;124;130m██[38;2;168;174;178m██[38;2;193;221;236m██[38;2;186;219;234m██[38;2;123;142;152m██[38;2;72;81;88m██[38;2;129;151;178m██[38;2;0;0;0m        
[38;2;0;0;0m    [38;2;182;218;234m██[38;2;189;209;224m██[38;2;78;80;81m██[38;2;164;175;187m██[38;2;173;207;226m██[38;2;184;193;211m██[38;2;163;166;178m██[38;2;124;132;139m██[38;2;181;216;232m██[38;2;187;221;236m██[38;2;123;143;164m██[38;2;118;135;157m██[38;2;108;127;151m██[38;2;3;3;4m  [38;2;0;0;0m    
[38;2;0;0;0m  [38;2;90;105;113m  [38;2;147;161;171m██[38;2;137;117;128m██[38;2;207;210;221m██[38;2;177;167;178m██[38;2;128;146;154m██[38;2;205;228;240m██[38;2;219;225;234m██[38;2;130;146;166m██[38;2;108;122;137m██[38;2;157;185;209m██[38;2;140;165;193m██[38;2;84;90;98m██[38;2;103;114;133m██[38;2;103;119;142m██[38;2;0;0;0m    
[38;2;11;11;11m  [38;2;152;177;188m██[38;2;101;102;108m██[38;2;217;218;225m██[38;2;215;211;221m██[38;2;93;82;83m██[38;2;64;64;64m██[38;2;146;165;176m██[38;2;192;218;234m██[38;2;163;186;210m██[38;2;121;140;161m██[38;2;111;126;143m██[38;2;140;165;194m██[38;2;140;165;195m██[38;2;40;38;39m  [38;2;89;102;120m  [38;2;104;123;146m██[38;2;0;0;0m  
[38;2;51;56;59m██[38;2;190;219;235m██[38;2;95;95;99m██[38;2;206;206;216m██[38;2;166;166;174m██[38;2;52;52;52m██[38;2;176;176;182m██[38;2;104;104;106m██[38;2;192;223;237m██[38;2;190;219;235m██[38;2;144;166;187m██[38;2;106;120;136m██[38;2;140;165;195m██[38;2;140;165;193m██[38;2;0;0;0m    [38;2;130;153;182m██[38;2;25;29;35m  
[38;2;48;53;58m██[38;2;194;213;232m██[38;2;149;173;198m██[38;2;150;157;171m██[38;2;199;207;222m██[38;2;178;186;200m██[38;2;151;161;171m██[38;2;165;191;203m██[38;2;186;219;234m██[38;2;186;218;234m██[38;2;194;213;232m██[38;2;84;89;94m██[38;2;0;0;0m        [38;2;47;55;59m████
[38;2;9;9;10m  [38;2;180;163;172m██[38;2;188;205;222m██[38;2;95;100;106m██[38;2;128;145;167m██[38;2;150;161;172m██[38;2;177;194;207m██[38;2;189;216;235m██[38;2;208;208;224m████[38;2;220;204;218m██[38;2;60;49;52m██[38;2;0;0;0m        [38;2;124;146;159m██[38;2;47;55;59m██
[38;2;0;0;0m  [38;2;110;98;102m  [38;2;197;187;198m██[38;2;167;161;180m██[38;2;103;101;104m██[38;2;152;137;143m██[38;2;187;185;205m██[38;2;222;205;217m██[38;2;226;203;216m██[38;2;241;199;209m██[38;2;224;179;188m██[38;2;39;31;32m  [38;2;0;0;0m    [38;2;89;73;75m██[38;2;122;111;118m██[38;2;92;107;116m  [38;2;0;0;0m  
[38;2;0;0;0m    [38;2;67;53;58m██[38;2;230;184;193m██[38;2;193;158;165m██[38;2;205;168;174m██[38;2;247;201;207m████[38;2;247;200;207m██[38;2;78;62;65m██[38;2;16;13;14m  [38;2;0;0;0m    [38;2;45;45;45m  [38;2;247;200;207m██[38;2;197;163;168m██[38;2;5;2;0m  [38;2;0;0;0m  
[38;2;0;0;0m      [38;2;154;117;130m██[38;2;130;108;116m██[38;2;147;123;130m██[38;2;246;201;207m██[38;2;228;180;192m██[38;2;104;86;90m██[38;2;7;7;7m  [38;2;0;0;0m  [38;2;64;75;80m  [38;2;110;130;139m██[38;2;186;219;233m██[38;2;134;129;136m██[38;2;140;115;126m██[38;2;0;0;0m    
[38;2;0;0;0m        [38;2;216;166;182m██[38;2;246;197;206m██[38;2;247;201;207m██[38;2;203;165;171m██[38;2;106;88;92m██[38;2;203;156;171m██[38;2;0;0;0m    [38;2;65;65;65m██[38;2;158;183;194m██[38;2;176;208;225m██[38;2;34;41;48m██[38;2;0;0;0m    
[38;2;0;0;0m      [38;2;154;117;130m██[38;2;141;118;127m██[38;2;134;121;123m██[38;2;172;145;149m██[38;2;223;180;187m██[38;2;241;193;202m██[38;2;208;160;177m██[38;2;154;116;130m██[38;2;0;0;0m  [38;2;117;138;150m██[38;2;66;71;76m██[38;2;85;100;114m██[38;2;16;19;21m  [38;2;0;0;0m    
[38;2;0;0;0m      [38;2;0;5;5m  [38;2;109;101;105m██[38;2;120;120;122m██[38;2;230;185;194m██[38;2;120;104;108m██[38;2;220;175;186m██[38;2;199;153;172m██[38;2;140;106;118m  [38;2;0;0;0m  [38;2;1;0;0m  [38;2;37;40;44m  [38;2;106;124;146m██[38;2;1;0;0m  [38;2;0;0;0m    
[38;2;0;0;0m        [38;2;17;18;19m  [38;2;158;166;179m██[38;2;144;150;159m██[38;2;177;186;199m██[38;2;145;146;155m██[38;2;122;112;119m██[38;2;31;31;31m  [38;2;0;0;0m      [38;2;38;44;53m  [38;2;0;0;0m      
[38;2;0;0;0m        [38;2;38;40;43m  [38;2;154;161;174m██[38;2;52;52;52m  [38;2;204;204;206m██[38;2;116;118;126m██[38;2;157;164;177m██[38;2;154;161;174m██[38;2;38;40;43m  [38;2;0;0;0m            
[38;2;0;0;0m              [38;2;52;52;52m  [38;2;56;56;56m██[38;2;4;4;4m  [38;2;0;0;0m                [0m
