
[38;2;0;0;0m                                  [38;2;0;4;0m████[38;2;0;0;0m                                
[38;2;0;0;0m                              [38;2;0;4;0m████[38;2;255;165;87m████[38;2;66;65;66m██[38;2;0;4;0m██[38;2;0;0;0m                            
[38;2;0;0;0m                            [38;2;0;4;0m██[38;2;66;66;66m██[38;2;255;165;87m██[38;2;255;168;90m████[38;2;255;173;95m██[38;2;0;8;8m██[38;2;0;4;0m██[38;2;0;0;0m                          
[38;2;0;0;0m                          [38;2;0;4;0m██[38;2;165;123;93m██[38;2;66;66;66m██[38;2;255;165;87m██[38;2;255;168;90m████[38;2;170;118;66m██[38;2;255;173;95m██[38;2;255;165;87m██[38;2;0;4;0m██[38;2;0;0;0m                        
[38;2;0;0;0m                          [38;2;0;8;8m██[38;2;82;63;37m██[38;2;66;66;66m████[38;2;160;121;84m████[38;2;255;165;87m████[38;2;0;4;0m██[38;2;0;0;0m                          
[38;2;0;0;0m                        [38;2;0;4;0m██[38;2;0;8;8m██[38;2;247;173;95m██[38;2;255;165;87m████[38;2;66;70;74m██[38;2;255;173;95m██[38;2;0;4;0m████[38;2;0;0;0m                            
[38;2;0;0;0m                      [38;2;0;4;0m██[38;2;255;165;87m██████████[38;2;222;214;126m██[38;2;0;45;32m██[38;2;0;0;0m                                
[38;2;0;0;0m                    [38;2;0;4;0m██[38;2;255;165;87m██████[38;2;66;132;98m██████[38;2;148;158;95m██[38;2;74;101;63m██[38;2;0;4;0m██[38;2;0;0;0m                              
[38;2;0;0;0m                  [38;2;0;12;8m██[38;2;231;181;111m██[38;2;255;165;87m████[38;2;66;132;98m██[38;2;88;209;141m██[38;2;90;206;138m██[38;2;68;135;95m██[38;2;74;107;82m██[38;2;255;165;87m██[38;2;255;173;103m██[38;2;0;8;8m██[38;2;0;0;0m                            
[38;2;0;0;0m                  [38;2;0;12;8m██[38;2;115;96;59m██[38;2;255;165;87m██[38;2;66;132;98m██[38;2;88;209;141m████[38;2;68;135;95m████[38;2;255;165;87m██[38;2;74;107;82m██[38;2;85;63;40m██[38;2;0;8;8m██[38;2;0;0;0m                            
[38;2;0;0;0m                [38;2;0;4;0m██[38;2;87;206;138m████[38;2;66;132;98m██[38;2;88;209;141m██████[38;2;66;132;98m██[38;2;255;189;79m██[38;2;0;4;0m██[38;2;255;239;71m██[38;2;82;82;66m██[38;2;255;165;87m██[38;2;0;4;0m██[38;2;0;0;0m                          
[38;2;0;0;0m                [38;2;0;4;0m██[38;2;87;206;138m████[38;2;88;209;141m██████[38;2;66;132;98m██[38;2;255;189;79m████[38;2;0;4;0m██[38;2;255;239;71m██[38;2;82;82;66m██[38;2;255;165;87m██[38;2;0;4;0m██[38;2;0;0;0m                          
[38;2;0;0;0m              [38;2;0;4;0m██[38;2;90;206;138m████[38;2;200;69;93m██[38;2;90;206;138m████[38;2;88;209;141m██[38;2;66;132;98m██[38;2;255;189;79m████[38;2;82;82;66m██[38;2;255;239;71m██[38;2;74;107;82m██[38;2;255;165;87m██[38;2;0;4;0m██[38;2;0;0;0m                          
[38;2;0;0;0m    [38;2;0;4;0m████[38;2;0;0;0m      [38;2;0;4;0m██[38;2;90;206;138m██[38;2;200;69;93m████[38;2;189;61;93m██[38;2;90;206;138m██[38;2;88;209;141m████[38;2;66;132;98m██[38;2;255;189;79m██[38;2;255;239;71m██[38;2;82;82;66m██[38;2;255;165;87m██[38;2;74;107;82m██[38;2;0;4;0m██[38;2;0;0;0m                          
[38;2;0;0;0m  [38;2;0;0;24m██[38;2;170;137;66m██[38;2;206;70;94m██[38;2;0;4;0m████[38;2;0;0;0m    [38;2;0;4;0m██[38;2;222;86;86m████[38;2;145;118;121m██[38;2;90;53;58m██[38;2;49;74;65m██[38;2;140;164;156m██[38;2;82;206;138m██[38;2;74;136;102m██[38;2;255;165;87m████[38;2;77;126;95m██[38;2;82;206;138m██[38;2;0;4;0m██[38;2;0;0;0m      [38;2;8;0;8m████[38;2;0;0;0m                
[38;2;0;4;0m██[38;2;255;206;87m██[38;2;85;69;45m██[38;2;206;70;94m████[38;2;189;61;93m██[38;2;0;4;0m████[38;2;156;66;76m██[38;2;82;82;66m██[38;2;222;86;86m██[38;2;90;53;58m██[38;2;255;247;247m██[38;2;231;255;247m██[38;2;49;74;65m██[38;2;66;66;66m██[38;2;82;206;138m██[38;2;85;209;141m████[38;2;82;206;138m██[38;2;74;86;74m██[38;2;90;206;138m██[38;2;0;4;0m██[38;2;0;0;0m  [38;2;0;4;0m██[38;2;255;206;87m██[38;2;173;137;61m██[38;2;0;4;0m██[38;2;0;0;0m              
[38;2;0;0;0m  [38;2;0;4;0m██[38;2;189;61;93m██[38;2;74;49;66m██[38;2;255;222;71m██[38;2;198;61;94m██[38;2;66;66;66m██[38;2;159;66;76m████[38;2;165;72;79m██[38;2;66;61;66m██[38;2;247;255;255m██[38;2;214;193;198m██[38;2;189;211;224m████[38;2;255;255;255m██[38;2;66;66;66m██[38;2;107;74;69m██[38;2;90;206;138m██[38;2;82;82;66m██[38;2;222;86;86m██[38;2;74;73;66m████[38;2;0;0;24m██[38;2;82;80;42m██[38;2;66;66;66m██[38;2;206;70;94m██[38;2;206;78;94m██[38;2;0;20;16m██[38;2;0;4;0m██[38;2;0;0;0m          
[38;2;0;0;0m    [38;2;0;4;0m██[38;2;134;107;68m██[38;2;74;49;66m██[38;2;66;66;66m██[38;2;154;63;85m██[38;2;159;66;76m████[38;2;165;72;79m██[38;2;214;78;86m██[38;2;148;70;84m██[38;2;247;255;255m██[38;2;255;255;255m████████[38;2;107;74;69m████[38;2;222;86;86m████████[38;2;82;80;42m██[38;2;247;239;79m██[38;2;206;70;94m████[38;2;69;39;42m██[38;2;206;78;94m██[38;2;222;86;86m██[38;2;0;4;0m██[38;2;0;0;0m        
[38;2;0;0;0m  [38;2;0;4;0m██[38;2;159;64;74m██[38;2;156;65;76m██[38;2;57;107;81m██[38;2;70;136;98m██[38;2;66;66;66m██████[38;2;222;86;86m████[38;2;181;74;77m██[38;2;255;255;255m██[38;2;181;74;77m██[38;2;255;255;255m██[38;2;181;74;77m██[38;2;255;255;255m██[38;2;156;66;76m██[38;2;222;88;89m██[38;2;222;86;86m████[38;2;206;70;94m████[38;2;107;66;75m████[38;2;66;66;66m████[38;2;255;222;79m██[38;2;140;107;76m██[38;2;222;88;89m████[38;2;0;4;0m██[38;2;0;0;0m      
[38;2;0;0;0m  [38;2;0;4;0m██[38;2;159;64;74m██[38;2;57;107;81m████[38;2;70;136;98m████████[38;2;66;66;66m██[38;2;222;86;86m██[38;2;181;74;77m████████████[38;2;222;88;89m████[38;2;193;61;93m████[38;2;206;70;94m██[38;2;66;66;66m██[38;2;107;66;75m██[38;2;90;206;138m██████[38;2;82;49;74m████[38;2;156;66;76m██[38;2;222;88;89m██[38;2;0;4;0m██[38;2;0;0;0m      
[38;2;0;4;0m██[38;2;156;66;76m████[38;2;57;94;73m██[38;2;68;135;95m██[38;2;69;136;95m████████[38;2;70;136;98m██[38;2;66;66;66m██[38;2;156;96;111m████[38;2;222;86;89m████████[38;2;206;70;94m████[38;2;255;255;255m████[38;2;66;66;66m██[38;2;90;206;138m██[38;2;87;206;138m████████[38;2;88;209;141m████[38;2;99;66;67m████[38;2;159;64;74m██[38;2;0;4;0m██[38;2;0;0;0m    
[38;2;0;4;0m██[38;2;156;66;76m██[38;2;57;93;73m██[38;2;68;135;95m██[38;2;57;94;73m██[38;2;69;136;95m████████[38;2;70;136;98m████[38;2;107;24;43m██[38;2;255;239;247m██[38;2;189;61;93m██[38;2;222;86;89m██[38;2;189;61;93m██[38;2;222;86;89m██[38;2;206;70;94m██[38;2;255;255;255m████[38;2;66;66;66m██[38;2;90;206;138m████[38;2;87;206;138m████████[38;2;66;132;98m██[38;2;88;209;141m██[38;2;90;206;138m██[38;2;99;66;67m██[38;2;159;64;74m████[38;2;0;4;0m██[38;2;0;0;0m  
[38;2;0;4;0m██[38;2;123;94;91m██[38;2;82;69;63m██[38;2;0;4;0m██[38;2;57;92;73m██[38;2;69;136;95m████[38;2;49;89;71m██[38;2;74;132;106m██[38;2;70;136;98m████[38;2;66;66;66m████[38;2;255;255;255m██[38;2;189;61;93m██[38;2;255;255;255m██[38;2;189;61;93m██[38;2;255;255;255m██████[38;2;66;66;66m██[38;2;90;206;138m████[38;2;88;209;141m██[38;2;66;132;98m██[38;2;88;209;141m████[38;2;90;206;138m██[38;2;60;139;92m██[38;2;0;4;0m██[38;2;90;206;138m██[38;2;77;50;53m██[38;2;154;81;90m██[38;2;0;4;0m██[38;2;0;0;0m  
[38;2;0;4;0m██[38;2;82;69;63m██[38;2;0;20;8m██[38;2;0;0;0m  [38;2;0;4;0m██[38;2;69;136;95m████[38;2;0;4;0m██[38;2;49;89;71m██[38;2;70;136;98m██[38;2;66;66;66m██[38;2;189;214;221m████[38;2;255;255;255m████████████████[38;2;66;66;66m██[38;2;90;206;138m██[38;2;88;209;141m████[38;2;66;132;98m██[38;2;88;209;141m██[38;2;90;206;138m██[38;2;0;4;0m██[38;2;0;0;0m  [38;2;0;4;0m██[38;2;0;20;16m██[38;2;77;50;53m██[38;2;156;66;76m██[38;2;0;4;0m██
[38;2;0;0;0m  [38;2;0;4;0m██[38;2;0;0;0m    [38;2;0;4;0m██[38;2;66;132;98m██[38;2;0;4;0m██[38;2;0;0;0m  [38;2;0;4;0m██[38;2;63;71;74m██[38;2;189;214;221m██[38;2;66;66;66m████[38;2;192;193;192m██[38;2;255;255;255m████[38;2;189;211;224m██[38;2;255;255;255m██[38;2;66;70;66m██[38;2;66;66;66m████[38;2;90;206;138m████████[38;2;60;139;92m████[38;2;90;206;138m██[38;2;0;4;0m██[38;2;0;0;0m      [38;2;0;4;0m██████
[38;2;0;0;0m          [38;2;0;4;0m██[38;2;0;0;0m      ██[38;2;189;214;221m██████[38;2;66;70;66m████[38;2;255;255;255m██[38;2;189;211;224m██[38;2;66;70;66m██[38;2;192;193;192m██[38;2;255;255;255m████[38;2;66;66;66m██[38;2;90;206;138m██[38;2;0;4;0m██[38;2;90;206;138m████[38;2;0;4;0m████[38;2;0;0;0m              
[38;2;0;0;0m                    [38;2;0;4;0m██[38;2;148;148;132m████[38;2;189;214;221m██[38;2;0;4;0m██[38;2;222;239;238m████[38;2;0;4;0m██[38;2;255;255;255m████████[38;2;0;8;0m██[38;2;0;0;0m  [38;2;0;4;0m████[38;2;0;0;0m                  
[38;2;0;0;0m                  [38;2;0;4;0m██[38;2;255;239;71m██[38;2;201;193;93m██[38;2;255;239;55m██[38;2;0;4;0m██[38;2;0;0;0m  [38;2;0;4;0m████[38;2;0;0;0m  [38;2;0;4;0m██[38;2;255;255;255m██[38;2;148;150;140m██[38;2;127;131;127m██[38;2;0;8;0m██[38;2;0;0;0m                        
[38;2;0;0;0m                    [38;2;0;4;0m██████[38;2;0;0;0m            [38;2;0;4;0m██[38;2;255;239;71m██[38;2;170;167;53m██[38;2;255;247;79m██[38;2;0;4;0m██[38;2;0;0;0m                      
[38;2;0;0;0m                                        [38;2;0;4;0m██[38;2;0;8;0m████[38;2;0;0;0m                        [0m
