
[38;2;0;0;0m        [38;2;15;6;3m  [38;2;5;2;1m██[38;2;0;0;0m                                  
[38;2;0;0;0m        [38;2;104;42;25m██[38;2;5;2;1m  [38;2;0;0;0m        [38;2;64;26;16m██[38;2;0;0;0m                        
[38;2;0;0;0m    [38;2;13;5;3m  [38;2;157;64;39m██[38;2;0;0;0m            [38;2;64;26;16m  [38;2;180;73;44m██[38;2;0;0;0m                      
[38;2;0;0;0m    [38;2;145;63;40m██[38;2;66;32;24m██[38;2;0;0;0m              [38;2;180;73;44m██[38;2;64;26;16m  [38;2;0;0;0m                    
[38;2;0;0;0m  [38;2;35;14;8m  [38;2;157;70;46m██[38;2;39;34;32m██[38;2;18;16;6m  [38;2;48;45;16m██[38;2;192;183;68m██[38;2;151;143;53m██[38;2;33;31;16m██[38;2;33;32;14m██[38;2;12;12;13m  [38;2;155;75;51m██[38;2;86;35;21m██[38;2;0;0;0m                    
[38;2;0;0;0m  [38;2;141;57;35m██[38;2;104;83;70m██[38;2;80;78;74m██[38;2;150;136;52m██[38;2;186;175;65m██[38;2;192;181;67m████[38;2;119;115;65m██[38;2;178;170;72m██[38;2;74;76;61m██[38;2;79;80;71m██[38;2;86;35;21m██[38;2;0;0;0m                    
[38;2;47;19;11m██[38;2;162;76;50m██[38;2;92;92;80m██[38;2;104;105;94m██[38;2;109;105;67m██[38;2;192;181;67m██[38;2;180;171;67m██[38;2;86;85;70m██[38;2;117;110;62m██[38;2;165;158;76m██[38;2;82;84;83m██[38;2;79;80;71m██[38;2;121;69;57m██[38;2;45;43;16m  [38;2;0;0;0m                  
[38;2;47;19;11m██[38;2;102;80;65m██[38;2;98;100;89m██[38;2;79;82;73m██[38;2;159;149;63m██[38;2;187;176;65m██[38;2;146;139;67m██[38;2;199;199;196m██[38;2;143;96;76m██[38;2;77;77;68m██[38;2;90;89;81m██[38;2;155;75;51m██[38;2;112;79;61m██[38;2;187;179;72m██[38;2;0;1;5m  [38;2;0;0;0m            [38;2;16;16;14m  [38;2;20;20;17m  
[38;2;47;19;11m██[38;2;101;78;65m██[38;2;92;95;85m██[38;2;12;13;11m  [38;2;148;139;53m██[38;2;186;176;68m██[38;2;126;123;68m██[38;2;113;78;70m██[38;2;153;83;72m██[38;2;75;76;72m██[38;2;92;91;80m██[38;2;180;74;45m██[38;2;138;110;62m██[38;2;68;68;44m██[38;2;79;75;32m██[38;2;0;0;0m            [38;2;97;97;86m██[38;2;20;20;17m  
[38;2;47;19;11m██[38;2;101;78;65m██[38;2;70;72;64m██[38;2;0;0;0m  [38;2;65;62;23m██[38;2;114;113;73m██[38;2;84;91;74m██[38;2;143;83;79m██[38;2;93;93;84m██[38;2;101;103;89m██[38;2;120;81;61m██[38;2;180;73;45m██[38;2;106;102;60m██[38;2;122;116;58m██[38;2;120;113;59m██[38;2;0;0;0m          [38;2;53;53;47m  [38;2;80;80;71m██[38;2;0;0;0m  
[38;2;35;14;8m  [38;2;171;69;42m██[38;2;0;0;0m    [38;2;21;20;18m  [38;2;97;97;85m██[38;2;94;93;78m██[38;2;86;84;70m██[38;2;97;97;87m██[38;2;88;87;74m██[38;2;144;79;57m██[38;2;66;66;65m██[38;2;133;126;57m██[38;2;97;94;66m██[38;2;115;109;61m██[38;2;33;31;25m  [38;2;0;0;0m      [38;2;8;7;5m  [38;2;79;72;44m██[38;2;60;60;53m  [38;2;0;0;0m  
[38;2;0;0;0m  [38;2;141;57;35m██[38;2;0;0;0m      [38;2;22;22;30m  [38;2;93;88;51m██[38;2;101;96;68m██[38;2;103;99;64m██[38;2;154;77;55m██[38;2;139;71;54m██[38;2;93;93;84m██[38;2;75;70;64m██[38;2;192;181;69m██[38;2;175;165;64m██[38;2;78;76;59m██[38;2;0;0;0m      [38;2;34;31;11m██[38;2;150;138;62m██[38;2;0;0;0m    
[38;2;0;0;0m        [38;2;26;21;15m██[38;2;132;121;57m██[38;2;132;123;55m██[38;2;65;63;50m██[38;2;69;57;54m██[38;2;149;71;52m██[38;2;89;89;81m██[38;2;103;103;91m██[38;2;109;105;66m██[38;2;85;83;63m██[38;2;127;122;66m██[38;2;155;147;68m██[38;2;48;47;36m██[38;2;0;0;0m  [38;2;31;29;10m  [38;2;105;100;67m██[38;2;126;117;62m██[38;2;0;0;0m    
[38;2;0;0;0m        [38;2;125;93;57m██[38;2;103;96;54m██[38;2;21;20;14m  [38;2;0;0;0m  [38;2;19;8;4m  [38;2;75;73;69m██[38;2;94;95;85m██[38;2;104;105;94m██[38;2;89;91;81m██[38;2;141;133;56m██[38;2;127;122;66m██[38;2;163;154;68m██[38;2;115;111;67m██[38;2;141;135;51m██[38;2;120;116;60m██[38;2;146;140;64m██[38;2;63;59;35m██[38;2;0;0;0m    
[38;2;0;0;0m          [38;2;118;48;29m  [38;2;0;0;0m    [38;2;49;52;42m██[38;2;96;93;84m██[38;2;92;91;81m██[38;2;84;85;76m██[38;2;116;110;62m██[38;2;72;71;67m██[38;2;84;73;64m██[38;2;156;148;68m██[38;2;77;76;64m██[38;2;127;120;58m██[38;2;114;108;62m██[38;2;127;120;57m██[38;2;33;31;13m  [38;2;0;0;0m    
[38;2;0;0;0m            [38;2;30;31;27m  [38;2;77;79;70m██[38;2;93;93;82m██[38;2;77;75;68m██[38;2;109;105;67m██[38;2;86;85;75m██[38;2;93;91;74m██[38;2;94;93;84m██[38;2;79;71;67m██[38;2;146;78;57m██[38;2;113;108;59m██[38;2;76;75;64m██[38;2;146;138;58m██[38;2;16;16;14m  [38;2;0;0;0m      
[38;2;0;0;0m            [38;2;103;103;89m██[38;2;98;100;88m██[38;2;91;89;67m██[38;2;127;119;52m██[38;2;147;138;57m██[38;2;147;138;56m██[38;2;90;88;66m██[38;2;93;92;79m██[38;2;105;94;79m██[38;2;76;81;70m██[38;2;144;136;56m██[38;2;132;125;56m██[38;2;17;17;17m  [38;2;0;0;0m        
[38;2;0;0;0m            [38;2;49;49;42m██[38;2;127;122;64m██[38;2;145;137;56m██[38;2;130;120;56m██[38;2;88;83;41m██[38;2;145;137;56m████[38;2;106;102;69m██[38;2;71;71;62m██[38;2;97;98;82m██[38;2;128;121;60m██[38;2;32;30;13m  [38;2;0;0;0m          
[38;2;0;0;0m            [38;2;7;7;6m  [38;2;71;69;64m██[38;2;97;92;55m██[38;2;2;2;1m  [38;2;0;0;0m          [38;2;74;71;69m██[38;2;44;43;37m██[38;2;0;0;0m            
[38;2;0;0;0m          [38;2;96;53;54m  [38;2;76;56;52m██[38;2;80;78;69m██[38;2;65;63;59m██[38;2;2;2;2m  [38;2;0;0;0m        [38;2;27;27;27m  [38;2;80;77;69m██[38;2;74;73;67m██[38;2;60;40;42m  [38;2;0;3;2m  [38;2;0;0;0m        
[38;2;0;0;0m          [38;2;0;2;0m  [38;2;45;21;22m  [38;2;117;49;57m██[38;2;0;0;0m          [38;2;5;2;2m██[38;2;85;55;54m██[38;2;54;51;51m██[38;2;93;70;68m██[38;2;88;62;65m██[38;2;36;22;24m██[38;2;0;0;0m        
[38;2;0;0;0m                              [38;2;3;1;1m  [38;2;39;16;18m██[38;2;14;14;14m  [38;2;0;0;0m          [0m
