
[38;2;0;0;0m                    ████████[38;2;0;4;8m████[38;2;0;0;0m                                          
[38;2;0;0;0m              ██████[38;2;170;159;138m████████[38;2;137;81;65m██[38;2;206;119;94m██[38;2;0;0;0m██████    ██████                          
[38;2;0;0;0m          ████[38;2;206;181;150m████[38;2;173;156;137m██[38;2;173;158;138m████████[38;2;170;160;138m██[38;2;132;103;100m██[38;2;209;107;68m████[38;2;206;107;70m██[38;2;0;0;0m██[38;2;0;0;8m██[38;2;189;132;109m██[38;2;170;159;138m████[38;2;0;0;0m██                        
[38;2;0;0;0m        ██[38;2;206;181;150m██████[38;2;173;156;137m████[38;2;173;158;138m████████[38;2;170;160;138m██[38;2;132;103;100m██[38;2;209;107;68m████[38;2;206;107;70m████[38;2;189;132;109m██[38;2;94;66;58m██[38;2;66;66;66m██[38;2;170;159;138m██[38;2;173;156;141m██[38;2;0;0;0m██                      
[38;2;0;0;0m      ██[38;2;206;181;150m██████[38;2;173;156;137m██[38;2;165;123;93m██[38;2;173;160;137m██[38;2;173;158;138m████████████[38;2;134;93;92m██[38;2;255;189;63m██[38;2;239;173;92m██[38;2;206;107;86m██[38;2;210;105;70m████[38;2;192;132;101m██[38;2;66;66;66m██[38;2;140;140;128m████[38;2;0;0;0m██                    
[38;2;0;0;0m    ██[38;2;206;181;150m████[38;2;173;159;138m██[38;2;173;156;137m████[38;2;165;123;93m██[38;2;173;160;137m██[38;2;173;158;138m████████████[38;2;134;93;92m██[38;2;195;141;77m██[38;2;239;173;92m██[38;2;255;206;95m██[38;2;255;206;71m██[38;2;210;105;70m██[38;2;66;66;66m██[38;2;192;132;101m██[38;2;66;66;66m████[38;2;140;140;132m██[38;2;0;0;0m██                  
[38;2;0;0;0m    ██[38;2;170;159;138m██[38;2;173;160;137m████[38;2;139;129;123m████[38;2;255;255;255m██[38;2;172;158;136m██[38;2;173;158;138m████████[38;2;170;160;138m████[38;2;132;103;100m██[38;2;209;108;70m██[38;2;209;107;68m████[38;2;255;198;71m████[38;2;66;66;66m████[38;2;170;159;138m████[38;2;63;60;58m██[38;2;8;8;16m██[38;2;0;0;0m                  
[38;2;0;0;0m  ██[38;2;170;159;138m████[38;2;173;160;137m██[38;2;165;123;93m██[38;2;24;4;0m██[38;2;255;255;247m██[38;2;255;255;255m██[38;2;172;158;136m██[38;2;173;158;138m████████[38;2;170;160;138m██[38;2;132;103;100m██[38;2;209;108;70m████[38;2;209;107;68m████[38;2;177;132;69m██[38;2;99;66;67m██[38;2;206;107;70m████[38;2;66;66;66m████[38;2;63;60;58m██[38;2;173;165;141m██[38;2;0;0;0m██                
[38;2;0;0;0m  ██[38;2;173;158;138m████[38;2;90;86;66m██[38;2;255;255;255m██████[38;2;0;0;0m██████[38;2;140;140;132m██[38;2;137;133;124m██[38;2;173;165;149m██[38;2;145;120;111m████[38;2;255;206;71m████[38;2;239;173;79m██[38;2;206;107;78m██[38;2;209;107;68m████[38;2;66;66;66m████[38;2;80;74;69m██[38;2;173;156;141m████[38;2;80;74;69m██[38;2;99;57;43m██[38;2;0;4;8m██[38;2;0;0;0m              
[38;2;0;0;0m  ██[38;2;173;158;138m████[38;2;145;142;129m████[38;2;0;0;0m████      ██[38;2;66;70;74m██[38;2;137;133;124m██[38;2;145;120;111m██[38;2;206;107;70m██[38;2;210;105;70m████[38;2;255;206;79m████[38;2;209;107;68m████[38;2;206;107;70m████[38;2;80;74;69m████████[38;2;198;111;78m██[38;2;0;4;8m██[38;2;0;0;0m              
[38;2;0;0;0m██[38;2;170;159;138m██[38;2;173;157;138m████[38;2;140;140;132m██[38;2;0;0;0m██  ████████  ██[38;2;82;69;66m██[38;2;173;126;55m██[38;2;255;189;79m██[38;2;255;206;79m██[38;2;206;107;78m██[38;2;210;105;66m██[38;2;239;173;111m██[38;2;255;198;71m████[38;2;66;66;66m████[38;2;170;159;138m██[38;2;66;66;66m██[38;2;170;159;138m████[38;2;79;79;71m██[38;2;189;132;101m██[38;2;0;0;0m██            
[38;2;0;0;0m██[38;2;170;159;138m██[38;2;173;157;138m██[38;2;140;140;132m██[38;2;0;0;0m██  ██[38;2;82;78;70m██[38;2;170;159;138m████[38;2;82;78;70m██[38;2;0;0;0m██[38;2;123;103;99m████[38;2;8;0;8m██[38;2;173;126;55m██[38;2;255;206;79m██[38;2;239;173;79m██[38;2;210;105;66m████[38;2;195;150;69m██[38;2;74;53;66m██[38;2;170;159;138m██████████[38;2;66;66;66m██[38;2;189;132;101m██[38;2;79;79;71m██[38;2;0;0;0m██            
[38;2;0;0;0m██[38;2;143;143;127m████[38;2;0;0;0m██  ██[38;2;209;108;70m████[38;2;79;79;71m██[38;2;189;132;101m██[38;2;170;159;138m██[38;2;85;80;69m██[38;2;132;107;100m██[38;2;0;0;0m██  ██[38;2;206;107;70m██[38;2;255;206;87m██[38;2;210;105;66m████[38;2;74;70;66m██[38;2;173;161;138m██[38;2;79;80;71m████████[38;2;170;159;138m████[38;2;173;165;141m██[38;2;66;66;66m██[38;2;0;0;0m██    ██[38;2;0;4;8m████[38;2;0;0;0m  
[38;2;0;0;0m██[38;2;143;143;127m████[38;2;0;0;0m██  ██[38;2;132;103;100m████[38;2;189;132;101m██[38;2;79;79;71m██[38;2;170;159;138m████[38;2;88;71;67m██[38;2;0;0;0m██  ██[38;2;206;107;70m██[38;2;239;173;81m██[38;2;239;173;111m██[38;2;210;105;66m██[38;2;74;70;66m████[38;2;206;107;70m████████[38;2;85;80;69m██[38;2;170;159;138m██[38;2;66;66;66m██[38;2;137;132;116m██[38;2;0;0;0m██  ██[38;2;127;99;95m██[38;2;206;119;94m██[38;2;137;81;65m██[38;2;0;0;0m██
[38;2;0;0;0m  ████  [38;2;0;0;8m██[38;2;148;115;65m██[38;2;231;181;71m██[38;2;132;102;96m██[38;2;132;110;76m██[38;2;82;78;74m██[38;2;173;156;141m██[38;2;140;140;129m██[38;2;0;0;0m██    ██[38;2;210;105;66m████[38;2;239;173;111m██[38;2;66;66;66m██[38;2;255;206;71m████[38;2;129;101;94m████[38;2;209;108;70m████[38;2;206;107;70m██[38;2;79;80;71m██[38;2;143;143;127m████[38;2;0;0;0m██  ██[38;2;206;107;70m██[38;2;209;108;70m████[38;2;0;0;0m██
[38;2;0;0;0m        [38;2;0;0;8m██[38;2;222;173;94m██[38;2;132;102;96m██[38;2;231;181;71m██[38;2;231;173;79m██[38;2;82;78;74m██[38;2;140;140;129m████[38;2;0;0;0m██  ██[38;2;127;99;95m██[38;2;239;173;111m██[38;2;210;105;66m██[38;2;239;173;111m██[38;2;66;66;66m██[38;2;255;206;71m██[38;2;129;101;94m██[38;2;255;206;71m████[38;2;132;103;100m██[38;2;209;108;70m██[38;2;206;107;70m██[38;2;79;80;71m██[38;2;143;143;127m██[38;2;0;0;0m██    ██[38;2;206;107;70m██[38;2;209;108;70m██[38;2;132;103;100m██[38;2;0;0;0m██
[38;2;0;0;0m        [38;2;0;0;8m██[38;2;222;173;94m██[38;2;148;115;57m██[38;2;222;173;78m██[38;2;70;70;66m██[38;2;140;140;132m██[38;2;140;140;128m██[38;2;66;66;66m██[38;2;82;69;66m██[38;2;0;0;0m██[38;2;132;103;100m██[38;2;209;108;70m██[38;2;255;214;95m██[38;2;82;82;82m██[38;2;66;66;66m██[38;2;255;206;71m██[38;2;129;101;94m██[38;2;255;206;71m████[38;2;129;101;94m██[38;2;255;206;71m██[38;2;129;101;94m██[38;2;198;127;94m██[38;2;82;86;74m██[38;2;154;108;87m██[38;2;66;70;74m██[38;2;0;0;0m██  ██[38;2;132;99;95m██[38;2;132;101;97m████[38;2;0;0;0m██
[38;2;0;0;0m        [38;2;0;0;8m██[38;2;148;115;65m██[38;2;222;173;78m██[38;2;0;0;16m██[38;2;0;0;0m████[38;2;66;66;66m████[38;2;123;103;99m████[38;2;132;103;100m██[38;2;209;108;70m██[38;2;82;82;82m██[38;2;168;148;88m██[38;2;66;66;66m██[38;2;255;206;71m██[38;2;129;101;94m██[38;2;255;206;71m██[38;2;129;101;94m██[38;2;255;206;71m████[38;2;129;101;94m██[38;2;82;86;74m██[38;2;159;113;87m██[38;2;66;70;74m██[38;2;198;127;94m██[38;2;66;66;66m██[38;2;0;0;0m██[38;2;132;99;95m████[38;2;132;101;97m████[38;2;0;0;0m██
[38;2;0;0;0m          ████      [38;2;8;4;0m██[38;2;77;74;66m██[38;2;132;101;97m████[38;2;127;113;99m██[38;2;82;78;66m██[38;2;170;159;138m████[38;2;66;70;74m██[38;2;136;90;76m██[38;2;255;206;71m██[38;2;129;101;94m██[38;2;255;206;71m████[38;2;136;90;76m██[38;2;206;111;78m██[38;2;66;66;66m████[38;2;209;107;68m████[38;2;66;70;74m██[38;2;136;90;76m██[38;2;132;99;96m████[38;2;123;103;99m██[38;2;0;0;0m██  
[38;2;0;0;0m                  ██[38;2;145;144;132m██[38;2;77;74;66m██[38;2;132;101;97m████[38;2;82;78;66m██[38;2;173;148;133m██[38;2;170;159;138m██[38;2;85;80;69m██[38;2;206;111;78m██[38;2;66;70;74m██[38;2;129;101;94m██[38;2;255;206;71m██[38;2;192;159;69m██[38;2;66;66;66m██[38;2;66;70;74m████[38;2;206;107;70m████[38;2;209;107;68m████[38;2;206;111;78m██[38;2;66;70;74m██[38;2;66;66;66m████[38;2;82;69;66m██[38;2;0;0;0m██  
[38;2;0;0;0m                  ██[38;2;140;141;132m████[38;2;87;79;69m██[38;2;118;110;96m██[38;2;82;78;66m██[38;2;173;148;133m██[38;2;173;165;149m██[38;2;82;82;74m██[38;2;206;107;70m██[38;2;79;80;71m██[38;2;66;66;66m██████[38;2;132;103;92m██[38;2;66;66;66m██[38;2;206;107;70m████[38;2;145;120;111m██[38;2;132;103;100m████[38;2;206;111;78m██[38;2;66;70;74m██[38;2;143;143;127m████[38;2;0;0;0m██    
[38;2;0;0;0m                  ██[38;2;131;101;99m██[38;2;140;141;132m██[38;2;148;140;124m██[38;2;87;79;69m██[38;2;127;113;99m██[38;2;82;78;66m██[38;2;143;137;124m████[38;2;79;80;71m████[38;2;140;140;128m████[38;2;88;78;75m██[38;2;132;103;92m██[38;2;66;66;66m██[38;2;206;107;70m██[38;2;145;120;111m████[38;2;170;160;138m████[38;2;136;90;76m██[38;2;66;70;74m██[38;2;0;0;0m████      
[38;2;0;0;0m                    [38;2;0;0;24m██[38;2;154;132;82m██[38;2;159;137;87m████[38;2;0;0;0m██████[38;2;140;140;132m██[38;2;143;143;127m████[38;2;140;140;129m████[38;2;140;140;132m██[38;2;74;72;66m██[38;2;140;140;132m██[38;2;70;70;66m██[38;2;170;160;138m████████[38;2;66;66;66m██[38;2;0;0;0m██          
[38;2;0;0;0m                  ██[38;2;231;198;111m██[38;2;154;132;82m██[38;2;239;206;119m██[38;2;0;0;24m██[38;2;0;0;0m      ████[38;2;143;143;127m██[38;2;140;140;129m████[38;2;140;140;132m██[38;2;8;4;0m██[38;2;0;0;0m████[38;2;170;160;138m██[38;2;132;103;100m██[38;2;170;160;138m██[38;2;132;103;100m██[38;2;0;0;0m██            
[38;2;0;0;0m                    ██████            ████████      ██[38;2;255;206;71m██[38;2;66;66;66m██[38;2;0;0;0m██[38;2;255;206;71m██[38;2;0;0;0m██          
[38;2;0;0;0m                                                      ████  ████          [0m
