
[38;2;0;0;0m                                      ██████████                        
[38;2;0;0;0m                                ██████[38;2;103;103;91m██████████[38;2;0;0;0m██████  ████            
[38;2;0;0;0m                            ████[38;2;103;103;91m████[38;2;104;106;94m████████████[38;2;103;103;91m██[38;2;66;66;66m██[38;2;66;66;58m██[38;2;0;0;8m██[38;2;132;132;105m████[38;2;0;0;0m████        
[38;2;0;0;0m                    ████████[38;2;66;66;66m████████[38;2;104;106;94m████████████[38;2;66;66;66m██[38;2;103;103;91m██[38;2;132;132;108m████[38;2;66;66;66m████[38;2;132;132;111m██[38;2;66;66;55m██[38;2;0;0;0m██      
[38;2;0;0;0m                ████[38;2;219;206;97m████████[38;2;192;181;67m████████[38;2;66;66;66m████[38;2;103;103;91m██████[38;2;66;66;66m██[38;2;107;103;91m██[38;2;66;66;66m██████[38;2;123;127;107m██[38;2;104;107;93m██[38;2;66;66;66m██[38;2;103;103;91m██[38;2;0;0;0m██      
[38;2;0;0;0m            ████[38;2;222;206;94m████[38;2;219;206;97m████████[38;2;220;206;97m██[38;2;192;181;67m██████[38;2;192;181;69m████[38;2;66;66;66m██[38;2;103;103;91m████[38;2;66;66;66m██[38;2;80;78;74m██[38;2;107;103;91m██[38;2;66;66;66m██████[38;2;104;107;93m██[38;2;66;66;66m████[38;2;0;0;0m██      
[38;2;0;0;0m          ██[38;2;112;112;75m██[38;2;74;78;74m██[38;2;192;181;67m██[38;2;220;206;97m████████[38;2;192;181;67m██████[38;2;189;181;77m██[38;2;66;66;74m██[38;2;66;66;66m████[38;2;192;181;69m██[38;2;66;66;66m██[38;2;104;106;94m████[38;2;66;66;66m██[38;2;80;80;74m██[38;2;103;103;91m██████[38;2;66;66;66m██[38;2;103;103;91m██[38;2;0;0;0m██        
[38;2;0;0;0m        ██[38;2;103;103;91m██[38;2;74;78;74m██[38;2;189;181;77m██[38;2;192;181;67m████████████████[38;2;66;66;74m██[38;2;107;104;75m██[38;2;103;103;91m████[38;2;66;66;66m████[38;2;104;106;94m████[38;2;107;107;91m██[38;2;66;66;66m████████[38;2;103;103;91m██████[38;2;0;0;0m██      
[38;2;0;0;0m        ██[38;2;99;103;91m██[38;2;74;70;66m██[38;2;195;183;69m██[38;2;192;181;69m████████[38;2;192;181;67m████[38;2;192;181;69m██[38;2;66;66;66m██[38;2;104;106;94m████[38;2;99;103;99m██[38;2;66;69;66m██[38;2;66;78;66m██[38;2;156;98;64m██[38;2;74;70;66m████[38;2;74;78;74m██[38;2;112;112;75m██[38;2;104;106;94m████[38;2;103;103;91m██[38;2;66;66;66m██[38;2;66;66;69m██[38;2;99;99;88m██[38;2;0;0;0m██      
[38;2;0;0;0m    ████[38;2;99;103;91m██[38;2;66;69;61m██[38;2;74;70;66m████[38;2;66;66;66m████████[38;2;192;181;67m████[38;2;192;181;69m██[38;2;66;66;66m██[38;2;104;106;94m████[38;2;66;69;66m██[38;2;0;0;0m██[38;2;247;119;63m██[38;2;66;78;66m██[38;2;74;70;66m██[38;2;195;183;69m██[38;2;189;181;77m██[38;2;74;78;74m██[38;2;104;106;94m████[38;2;66;66;66m██[38;2;103;103;91m██[38;2;132;132;108m██[38;2;66;66;69m██[38;2;148;140;60m██[38;2;0;0;0m██    
[38;2;0;0;0m  ██[38;2;107;106;88m██[38;2;82;79;69m██[38;2;66;66;66m██[38;2;132;132;105m██████[38;2;104;104;94m████[38;2;101;104;93m██[38;2;79;80;71m██[38;2;88;85;75m██[38;2;66;61;58m██[38;2;66;66;66m████[38;2;103;103;91m██[38;2;66;66;66m██[38;2;255;99;63m████[38;2;247;119;63m██[38;2;66;78;66m██[38;2;144;136;56m██[38;2;66;66;66m██[38;2;192;181;67m████[38;2;74;78;74m██[38;2;112;112;75m██[38;2;66;66;66m██[38;2;132;132;105m██[38;2;66;66;66m████[38;2;148;137;57m██[38;2;0;0;0m██    
[38;2;0;0;0m██[38;2;103;103;91m██[38;2;82;79;69m██[38;2;132;132;108m██[38;2;132;132;105m████████[38;2;132;132;108m██[38;2;104;104;94m██[38;2;79;80;71m██[38;2;101;104;93m██[38;2;132;132;108m████[38;2;103;103;91m██[38;2;66;66;66m████[38;2;103;103;91m██[38;2;101;104;90m██[38;2;255;99;63m██[38;2;66;78;66m██[38;2;156;98;64m██[38;2;144;136;56m██[38;2;66;66;66m██[38;2;192;181;67m████[38;2;189;181;77m██[38;2;74;78;74m██[38;2;66;66;66m██[38;2;132;132;105m██[38;2;66;66;66m████[38;2;148;137;57m████[38;2;0;0;0m██  
[38;2;0;0;0m██[38;2;103;103;91m██[38;2;82;82;66m██[38;2;102;104;90m██[38;2;132;132;108m██████[38;2;104;104;94m██[38;2;103;103;91m██[38;2;66;66;66m██[38;2;103;103;91m██[38;2;66;66;66m██████[38;2;123;127;107m██[38;2;104;107;93m██[38;2;66;66;66m████████[38;2;145;137;57m████[38;2;148;143;63m██[38;2;66;66;66m██[38;2;192;181;67m████[38;2;198;181;62m██[38;2;88;82;64m██[38;2;66;66;66m██[38;2;107;107;91m██[38;2;66;66;66m████[38;2;145;137;57m████[38;2;0;0;0m██  
[38;2;0;0;0m  ██[38;2;102;104;90m████[38;2;104;104;94m████████[38;2;103;103;91m██[38;2;66;66;66m██[38;2;103;103;91m████[38;2;66;66;66m██████[38;2;104;107;93m██[38;2;66;66;66m██[38;2;144;136;56m██████[38;2;145;137;57m████[38;2;148;143;63m██[38;2;189;181;61m██[38;2;192;181;67m████[38;2;143;132;63m████[38;2;80;80;74m██[38;2;66;66;66m████[38;2;144;136;56m██[38;2;145;137;57m████[38;2;0;0;0m██  
[38;2;0;0;0m██[38;2;107;111;99m██[38;2;104;106;94m████████████████[38;2;66;66;66m██[38;2;103;103;91m████████[38;2;66;66;66m████[38;2;144;136;56m██[38;2;145;137;57m████[38;2;144;136;56m████[38;2;148;143;63m██[38;2;189;181;61m██[38;2;192;181;64m██[38;2;82;82;66m██[38;2;144;136;56m████████[38;2;66;66;66m██[38;2;144;136;56m██[38;2;148;137;57m████[38;2;0;0;0m██  
[38;2;0;0;0m██[38;2;71;74;66m██[38;2;104;106;94m████████████████[38;2;103;103;91m██[38;2;66;66;66m████████[38;2;103;103;91m██[38;2;66;66;66m██[38;2;144;136;56m██[38;2;145;137;57m████[38;2;144;136;56m██[38;2;66;66;66m████[38;2;189;181;61m██[38;2;192;181;64m████[38;2;66;66;66m██[38;2;144;136;56m████[38;2;66;66;66m██[38;2;144;136;56m████[38;2;148;137;57m██[38;2;0;0;0m██    
[38;2;0;0;0m██[38;2;103;103;91m██[38;2;104;106;94m████████████[38;2;102;104;90m██[38;2;82;82;66m██[38;2;102;104;90m██████[38;2;82;82;66m██[38;2;103;103;91m████[38;2;66;66;66m██[38;2;144;136;56m██████[38;2;66;66;66m██[38;2;144;136;56m██[38;2;146;137;55m██[38;2;192;179;67m██[38;2;146;137;55m██[38;2;192;179;67m██[38;2;66;66;66m██[38;2;148;143;63m██[38;2;148;140;68m██[38;2;65;65;71m██[38;2;79;80;71m██████[38;2;101;104;93m██[38;2;0;0;0m██  
[38;2;0;0;0m  ██[38;2;104;106;94m████████████[38;2;102;104;90m██████[38;2;82;82;66m██[38;2;102;104;90m████[38;2;103;103;91m██[38;2;66;66;66m██[38;2;144;136;56m██████[38;2;66;66;66m██[38;2;144;136;56m████[38;2;192;179;67m██[38;2;146;137;55m██[38;2;192;179;67m██[38;2;146;137;55m██[38;2;189;181;61m██[38;2;66;66;66m██[38;2;65;65;71m██[38;2;107;103;69m██[38;2;101;104;93m██████[38;2;79;80;71m██[38;2;0;0;0m██  
[38;2;0;0;0m    ██[38;2;103;103;91m██[38;2;70;66;46m████[38;2;66;66;66m████[38;2;65;65;71m██[38;2;107;103;69m██[38;2;103;103;91m████[38;2;107;103;69m██[38;2;65;65;71m██[38;2;66;66;66m██[38;2;144;136;56m██[38;2;148;137;63m████[38;2;0;0;0m██[38;2;66;66;66m██[38;2;82;82;74m██[38;2;148;140;60m██[38;2;140;134;65m██[38;2;197;187;64m██[38;2;140;134;65m██[38;2;197;187;64m██[38;2;80;80;74m██[38;2;66;66;66m██[38;2;82;82;66m████████[38;2;77;74;66m████[38;2;206;198;198m██[38;2;0;0;0m██
[38;2;0;0;0m      ██[38;2;0;0;16m██[38;2;140;132;76m██[38;2;144;136;56m████[38;2;148;140;68m██[38;2;65;65;71m██[38;2;66;66;66m████[38;2;65;65;71m██[38;2;148;140;68m██[38;2;144;136;56m██[38;2;66;66;66m██[38;2;74;69;39m██[38;2;0;0;16m██[38;2;0;0;0m  ██[38;2;104;101;69m██[38;2;82;82;74m██[38;2;82;82;66m████████[38;2;107;107;91m██[38;2;66;66;66m██[38;2;206;198;198m████[38;2;82;82;66m██[38;2;206;198;198m██[38;2;214;206;198m██[38;2;8;8;0m██[38;2;0;0;0m██  
[38;2;0;0;0m          ████[38;2;148;140;60m██[38;2;148;137;63m████[38;2;144;136;56m████[38;2;121;118;97m██[38;2;74;74;50m██[38;2;69;66;66m██[38;2;206;198;198m██[38;2;0;0;0m██    ██[38;2;82;80;70m██[38;2;107;103;91m██[38;2;101;104;93m████████[38;2;74;74;66m████[38;2;66;66;66m██[38;2;0;0;0m████████      
[38;2;0;0;0m              ██[38;2;0;0;16m██[38;2;74;69;39m██[38;2;66;66;66m████[38;2;74;74;50m██[38;2;214;206;190m██[38;2;0;0;0m████    ██[38;2;255;255;255m██[38;2;82;80;70m████[38;2;79;80;71m████████[38;2;74;74;66m██[38;2;255;255;255m██[38;2;0;0;0m██              
[38;2;0;0;0m                  ██████████          ████[38;2;255;255;255m██[38;2;255;255;247m██[38;2;85;85;82m██[38;2;255;255;255m████[38;2;0;0;0m████                
[38;2;0;0;0m                                          ██████████                    [0m
