
[38;2;0;0;0m                                                      ██                  
[38;2;0;0;0m                                                    ██[38;2;255;255;255m██[38;2;0;0;0m████              
[38;2;0;0;0m                    ██[38;2;0;4;0m████[38;2;0;0;0m                          ██[38;2;79;156;196m██[38;2;123;189;251m██[38;2;82;140;170m██[38;2;0;8;8m██[38;2;0;0;0m██          
[38;2;0;0;0m                ████[38;2;82;156;202m██[38;2;123;206;251m██[38;2;82;139;167m██[38;2;0;0;0m██████                  ██[38;2;82;156;202m██[38;2;123;189;251m████[38;2;123;206;251m██[38;2;82;140;170m██[38;2;82;156;202m██[38;2;0;0;0m████      
[38;2;0;0;0m              ██[38;2;255;255;255m██[38;2;46;71;84m██[38;2;123;206;251m██[38;2;123;189;251m████[38;2;99;76;47m██[38;2;198;148;94m████[38;2;0;4;0m██[38;2;0;0;0m                ██[38;2;82;156;202m██[38;2;85;149;205m██[38;2;115;189;251m██[38;2;79;156;199m████[38;2;79;158;199m██[38;2;57;111;161m██[38;2;214;214;214m██[38;2;0;0;0m████  
[38;2;0;0;0m                ██[38;2;8;4;0m██[38;2;85;139;167m██[38;2;123;189;251m██[38;2;79;156;196m██[38;2;0;4;0m████[38;2;99;76;47m██[38;2;198;148;94m██[38;2;0;0;0m██                ██[38;2;54;110;158m████[38;2;79;156;199m████[38;2;79;158;199m████[38;2;214;214;214m██████[38;2;0;0;0m██
[38;2;0;0;0m          ██        ██████    ██[38;2;103;86;51m██[38;2;198;148;94m██[38;2;0;0;0m██              ██[38;2;131;154;159m██[38;2;255;255;255m██[38;2;55;104;140m██[38;2;82;156;210m██[38;2;57;111;161m████[38;2;66;66;66m██[38;2;0;0;0m████  
[38;2;0;0;0m        ██[38;2;255;255;255m██[38;2;0;0;0m██                  ██[38;2;198;148;94m██[38;2;0;0;0m██            ██[38;2;173;132;109m██[38;2;255;255;255m██[38;2;131;154;159m██[38;2;0;0;0m████[38;2;214;214;214m████[38;2;0;0;0m██      
[38;2;0;0;0m        ██[38;2;46;63;84m██[38;2;8;0;0m██[38;2;0;0;0m                    [38;2;8;4;0m██[38;2;46;71;84m██[38;2;0;0;0m██    ██[38;2;0;4;0m████[38;2;214;165;126m████[38;2;0;0;0m████    ████        
[38;2;0;0;0m      ██[38;2;82;156;202m██[38;2;123;189;251m████[38;2;0;0;0m██              ████[38;2;85;139;167m██[38;2;123;206;251m██[38;2;123;189;251m██[38;2;0;0;0m████[38;2;173;132;109m██[38;2;148;117;89m██[38;2;222;173;134m██[38;2;214;165;126m██[38;2;0;0;0m██                    
[38;2;0;0;0m    ██[38;2;82;154;197m██[38;2;214;165;126m██[38;2;79;156;196m██[38;2;123;189;251m████[38;2;8;0;0m██[38;2;0;0;0m          ██[38;2;66;66;66m██[38;2;214;165;126m██[38;2;126;155;177m████[38;2;123;189;251m██████[38;2;46;63;84m██[38;2;0;0;0m██████                      
[38;2;0;0;0m    ██[38;2;82;154;197m██[38;2;214;165;126m██[38;2;79;156;196m██[38;2;123;189;251m████[38;2;46;63;84m██[38;2;0;0;0m██████████[38;2;214;165;126m██████[38;2;82;70;58m██[38;2;148;198;236m██[38;2;123;189;251m██[38;2;79;156;196m██[38;2;123;189;251m██[38;2;8;0;0m██[38;2;0;0;0m                            
[38;2;0;0;0m  ██[38;2;123;189;251m██[38;2;79;156;196m██████[38;2;123;189;251m██[38;2;123;192;251m████[38;2;255;255;255m████[38;2;165;132;106m██[38;2;214;165;126m██████[38;2;66;66;66m████[38;2;123;192;251m████[38;2;82;154;197m██[38;2;214;165;126m██[38;2;63;126;175m████[38;2;0;0;0m██                          
[38;2;0;0;0m  ██[38;2;123;189;251m████[38;2;79;156;196m██[38;2;123;189;251m████[38;2;123;192;251m████[38;2;0;0;0m████[38;2;66;66;66m████[38;2;71;58;47m██[38;2;0;4;8m██[38;2;66;66;66m██[38;2;123;189;251m██[38;2;123;192;251m████[38;2;82;154;197m██[38;2;214;165;126m██[38;2;173;132;109m██[38;2;63;126;175m██[38;2;0;0;0m██                          
[38;2;0;0;0m  [38;2;0;12;40m██[38;2;154;174;183m██[38;2;123;192;251m████████[38;2;123;189;251m██[38;2;0;0;0m██    [38;2;0;8;16m██[38;2;71;63;55m██[38;2;0;0;0m██  ██[38;2;123;189;251m██[38;2;66;66;66m████[38;2;115;165;187m██[38;2;99;118;125m██[38;2;156;140;124m██[38;2;90;93;101m██[38;2;99;82;63m██[38;2;0;0;0m██████                    
[38;2;0;0;0m██[38;2;231;255;255m██[38;2;77;93;112m██[38;2;123;192;251m████████[38;2;123;189;251m██[38;2;0;0;0m██  ██[38;2;214;173;134m██[38;2;71;63;55m██[38;2;214;165;126m██[38;2;0;0;0m██  ██[38;2;214;165;126m████[38;2;82;71;64m████[38;2;57;70;89m████[38;2;99;82;63m██[38;2;198;165;126m██[38;2;206;165;126m██[38;2;103;82;63m██[38;2;0;0;0m██                  
[38;2;0;0;0m██[38;2;255;255;255m████[38;2;82;96;117m████[38;2;77;93;112m██[38;2;154;174;183m██[38;2;0;0;0m██  [38;2;8;4;8m██[38;2;214;165;126m██[38;2;211;165;126m████[38;2;214;165;126m██[38;2;74;66;66m██[38;2;0;0;0m██[38;2;214;165;126m██[38;2;66;66;66m████[38;2;214;165;126m██[38;2;165;132;106m██[38;2;255;255;255m████[38;2;214;165;126m████████[38;2;0;0;0m██                  
[38;2;0;0;0m██[38;2;255;255;255m██[38;2;0;0;0m██[38;2;0;16;48m██[38;2;247;255;255m██[38;2;231;255;255m██[38;2;0;12;40m██[38;2;0;0;0m  ██[38;2;214;165;126m██[38;2;77;58;47m██[38;2;211;165;126m████[38;2;74;66;66m██[38;2;214;165;126m██████████[38;2;66;66;66m████████[38;2;104;85;53m██[38;2;214;165;126m████[38;2;104;85;53m██[38;2;66;66;66m██[38;2;0;0;0m██                
[38;2;0;0;0m████    ██[38;2;255;255;255m██[38;2;0;0;0m██  ██[38;2;214;165;126m██████[38;2;82;68;63m██[38;2;211;165;126m████[38;2;214;165;126m████[38;2;211;165;126m████████[38;2;214;165;126m████[38;2;66;66;66m████████[38;2;170;134;106m██[38;2;102;88;54m██[38;2;0;0;0m██              
[38;2;0;0;0m        ██[38;2;255;255;255m██[38;2;0;0;0m██    ██[38;2;214;165;126m██████[38;2;211;165;126m████[38;2;104;85;53m██[38;2;214;165;126m██[38;2;211;165;126m████████[38;2;104;85;53m██[38;2;214;165;126m██[38;2;170;132;106m██[38;2;66;66;66m██[38;2;170;132;106m████[38;2;102;88;54m██[38;2;170;134;106m██[38;2;173;132;109m██[38;2;0;0;0m██            
[38;2;0;0;0m          ██      ██[38;2;214;165;126m██[38;2;104;85;53m██[38;2;214;165;126m████████[38;2;104;85;53m██[38;2;214;165;126m████[38;2;102;88;54m████[38;2;214;165;126m██[38;2;170;132;103m██[38;2;170;132;106m████[38;2;66;66;66m██[38;2;170;132;106m██[38;2;170;134;106m████[38;2;110;88;67m██[38;2;0;0;0m██            
[38;2;0;0;0m                    ██[38;2;104;85;53m██[38;2;214;165;126m██[38;2;66;66;66m████[38;2;214;165;126m████[38;2;104;85;53m████[38;2;170;134;106m████[38;2;170;132;103m████[38;2;170;132;106m████[38;2;66;66;66m██[38;2;170;132;106m██[38;2;170;134;106m██[38;2;102;88;54m██[38;2;165;132;101m██[38;2;0;0;0m██            
[38;2;0;0;0m                    ██[38;2;99;90;75m██[38;2;66;61;53m██[38;2;66;66;66m██████[38;2;170;132;106m████████[38;2;66;66;66m████[38;2;170;132;106m██████████[38;2;165;132;101m████[38;2;0;0;0m██              
[38;2;0;0;0m                      [38;2;0;4;8m██[38;2;66;61;53m██[38;2;214;214;214m██[38;2;66;66;66m████[38;2;170;132;106m██████[38;2;66;66;66m████████[38;2;170;132;106m████████[38;2;110;88;67m██[38;2;0;0;0m██                
[38;2;0;0;0m                        ██[38;2;66;66;66m████[38;2;170;134;106m████████[38;2;74;66;58m██[38;2;222;214;198m██[38;2;66;66;66m████[38;2;170;134;106m██[38;2;102;88;54m██[38;2;173;132;109m██[38;2;0;0;0m████                  
[38;2;0;0;0m                          ██[38;2;66;66;66m██[38;2;102;88;54m████[38;2;170;134;106m██[38;2;102;88;54m██[38;2;148;140;128m██[38;2;74;66;58m██[38;2;66;66;66m██[38;2;102;86;51m██[38;2;102;88;54m██[38;2;170;134;106m██[38;2;0;0;0m██                      
[38;2;0;0;0m                            ██[38;2;82;66;58m██[38;2;165;132;109m██[38;2;102;88;54m████[38;2;110;88;62m████[38;2;173;132;109m██[38;2;0;0;0m██████                        
[38;2;0;0;0m                              [38;2;0;0;8m██[38;2;165;132;109m██[38;2;170;134;106m████[38;2;165;132;93m██[38;2;0;0;0m████                              
[38;2;0;0;0m                                ██[38;2;170;132;106m████[38;2;0;0;0m██                                  
[38;2;0;0;0m                                  ████                                    [0m
