
[38;2;0;0;0m                    [38;2;40;34;29m    [38;2;0;0;0m                    
[38;2;0;0;0m                  [38;2;9;9;9m  [38;2;167;145;126m██[38;2;153;131;112m██[38;2;0;0;0m                    
[38;2;0;0;0m                  [38;2;173;140;132m██[38;2;191;157;137m██[38;2;153;131;112m██[38;2;0;0;0m  [38;2;77;65;57m██[38;2;214;181;158m██[38;2;0;0;0m              
[38;2;0;0;0m                [38;2;95;77;74m  [38;2;156;114;108m██[38;2;207;176;152m██[38;2;184;153;133m██[38;2;21;20;19m  [38;2;150;114;105m██[38;2;213;180;158m██[38;2;0;0;0m              
[38;2;0;0;0m                [38;2;115;94;89m██[38;2;152;109;104m██[38;2;211;180;155m██[38;2;190;158;138m██[38;2;85;63;62m██[38;2;211;179;156m██[38;2;146;123;107m██[38;2;0;0;0m  [38;2;181;147;141m██[38;2;82;67;64m██[38;2;0;0;0m        
[38;2;0;0;0m                [38;2;115;94;89m██[38;2;152;109;104m██[38;2;211;180;155m██[38;2;188;158;138m██[38;2;190;147;130m██[38;2;211;181;155m██[38;2;19;16;14m██[38;2;71;58;55m  [38;2;180;147;140m██[38;2;10;8;8m  [38;2;0;0;0m        
[38;2;0;0;0m              [38;2;16;13;12m██[38;2;172;136;124m██[38;2;211;181;155m██[38;2;211;180;155m██[38;2;205;175;152m██[38;2;206;173;156m██[38;2;211;181;155m██[38;2;120;105;100m██[38;2;181;147;139m██[38;2;110;90;85m  [38;2;0;0;0m          
[38;2;0;0;0m            [38;2;0;3;7m  [38;2;68;63;63m██[38;2;209;180;154m██[38;2;211;181;155m██[38;2;211;180;155m██[38;2;210;180;155m████[38;2;200;171;152m██[38;2;180;148;140m██[38;2;181;147;140m██[38;2;0;0;0m            
[38;2;0;0;0m          ██[38;2;181;150;142m██[38;2;76;71;71m██[38;2;211;181;155m████[38;2;211;180;155m██[38;2;207;180;158m██[38;2;164;149;136m██[38;2;135;115;114m██[38;2;180;148;140m██[38;2;110;92;91m██[38;2;3;3;0m  [38;2;0;0;0m          
[38;2;0;0;0m            [38;2;102;83;78m██[38;2;79;76;74m██[38;2;211;181;155m████[38;2;213;180;157m██[38;2;78;77;78m██[38;2;219;220;215m██[38;2;154;116;109m██[38;2;181;148;139m██[38;2;111;110;135m██[38;2;57;57;70m  [38;2;0;0;0m          
[38;2;0;0;0m    [38;2;44;17;18m  [38;2;84;32;36m██[38;2;49;15;24m  [38;2;0;0;0m    [38;2;44;42;41m██[38;2;188;161;142m██[38;2;207;174;156m██[38;2;147;141;134m██[38;2;98;99;98m██[38;2;255;255;255m██[38;2;167;132;124m██[38;2;130;112;107m██[38;2;120;105;100m██[38;2;181;148;139m██[38;2;203;170;153m██[38;2;102;86;75m████[38;2;0;0;0m    
[38;2;0;0;0m  [38;2;154;50;78m██[38;2;253;102;72m██[38;2;252;101;73m██[38;2;121;63;78m██[38;2;188;60;92m██[38;2;0;0;0m██  [38;2;115;97;92m██[38;2;181;151;141m██[38;2;180;151;141m██[38;2;181;150;141m██[38;2;181;147;141m██[38;2;152;98;109m██[38;2;66;65;65m██[38;2;69;60;65m██[38;2;230;156;151m██[38;2;211;181;155m████[38;2;212;181;156m██[38;2;214;181;158m██[38;2;58;49;43m██
[38;2;60;22;22m██[38;2;247;98;74m██[38;2;253;101;72m██[38;2;222;82;84m██[38;2;133;67;77m██[38;2;223;80;89m██[38;2;116;61;66m██[38;2;102;83;79m██[38;2;84;70;67m██[38;2;89;73;69m██[38;2;145;111;106m██[38;2;161;119;116m██[38;2;128;107;104m██[38;2;160;75;84m██[38;2;249;101;74m██[38;2;231;102;79m██[38;2;133;57;81m██[38;2;177;153;134m██[38;2;136;119;104m██[38;2;115;94;87m██[38;2;90;70;68m██[38;2;9;7;6m  
[38;2;68;27;19m██[38;2;249;99;74m██[38;2;227;86;82m██[38;2;184;61;94m██[38;2;156;75;75m██[38;2;243;94;83m██[38;2;97;77;77m██[38;2;0;6;6m  [38;2;0;0;0m    [38;2;0;5;5m  [38;2;64;62;61m██[38;2;160;75;94m██[38;2;255;103;71m██[38;2;252;101;73m████[38;2;188;62;95m██[38;2;70;67;68m██[38;2;187;164;144m██[38;2;0;1;2m  [38;2;0;0;0m    
[38;2;22;7;11m  [38;2;169;56;85m██[38;2;164;62;88m██[38;2;44;32;33m██[38;2;110;44;30m██[38;2;0;0;0m            [38;2;70;67;87m██[38;2;166;61;88m██[38;2;231;88;79m██[38;2;255;103;71m██[38;2;204;72;90m██[38;2;188;63;95m██[38;2;131;90;96m██[38;2;194;164;143m██[38;2;0;0;0m      
[38;2;0;0;0m                  [38;2;2;1;2m  [38;2;16;16;25m██[38;2;165;164;191m██[38;2;102;95;116m██[38;2;178;61;90m████[38;2;189;61;94m██[38;2;188;63;96m██[38;2;114;78;87m██[38;2;148;105;100m██[38;2;72;63;55m██[38;2;0;0;0m    
[38;2;0;0;0m                  [38;2;9;8;12m  [38;2;104;102;118m██[38;2;140;140;157m██[38;2;208;208;239m██[38;2;144;143;169m██[38;2;107;103;135m██[38;2;114;62;79m██[38;2;114;64;77m██[38;2;165;126;124m██[38;2;180;147;137m██[38;2;59;46;44m██[38;2;0;0;0m    
[38;2;0;0;0m                [38;2;10;7;6m  [38;2;47;37;29m██[38;2;165;127;100m██[38;2;104;79;63m  [38;2;0;0;0m  [38;2;142;140;194m██[38;2;125;119;165m██[38;2;151;142;201m██[38;2;143;135;199m██[38;2;111;96;92m██[38;2;143;116;111m  [38;2;0;0;0m      
[38;2;0;0;0m                [38;2;101;74;61m██[38;2;145;111;89m██[38;2;57;45;35m██[38;2;0;0;0m    [38;2;8;8;8m  [38;2;133;123;133m██[38;2;79;74;87m██[38;2;0;0;0m            
[38;2;0;0;0m            [38;2;15;14;20m  [38;2;41;38;55m██[38;2;151;123;153m██[38;2;0;0;0m          [38;2;107;86;78m  [38;2;194;154;137m██[38;2;24;19;17m██[38;2;13;12;17m  [38;2;0;0;0m        
[38;2;0;0;0m            [38;2;90;85;120m██[38;2;165;156;221m██[38;2;91;86;123m██[38;2;0;0;0m          [38;2;0;0;2m  [38;2;83;74;92m██[38;2;158;142;184m██[38;2;74;70;100m██[38;2;0;0;0m        
[38;2;0;0;0m                              [38;2;162;164;184m██[38;2;204;201;228m██[38;2;0;0;0m          
[38;2;0;0;0m                              [38;2;56;56;67m██[38;2;38;38;50m  [38;2;0;0;0m          [0m
