
[38;2;0;0;0m        [38;2;49;49;49m██████[38;2;0;0;0m                          
[38;2;0;0;0m      [38;2;49;49;49m██[38;2;189;189;189m██[38;2;255;255;255m████[38;2;49;49;49m████████[38;2;0;0;0m                  
[38;2;0;0;0m    [38;2;49;49;49m██[38;2;255;255;255m████[38;2;189;189;189m██[38;2;82;82;82m████[38;2;255;255;255m██████[38;2;49;49;49m██[38;2;0;0;0m                
[38;2;0;0;0m    [38;2;49;49;49m██[38;2;255;255;255m████[38;2;82;82;82m████[38;2;255;255;255m██████████[38;2;49;49;49m██[38;2;0;0;0m      [38;2;49;49;49m██████[38;2;0;0;0m  
[38;2;0;0;0m      [38;2;49;49;49m██[38;2;82;82;82m██[38;2;115;115;115m██[38;2;82;82;82m██[38;2;255;255;255m████[38;2;49;49;49m████[38;2;255;255;255m██[38;2;49;49;49m██[38;2;0;0;0m      [38;2;49;49;49m████[38;2;0;0;0m    
[38;2;0;0;0m    [38;2;49;49;49m██[38;2;246;148;41m██[38;2;115;115;115m██████[38;2;82;82;82m██[38;2;49;49;49m██[38;2;0;0;0m    [38;2;49;49;49m██[38;2;0;0;0m        [38;2;49;49;49m██[38;2;0;0;0m  [38;2;49;49;49m██[38;2;0;0;0m  
[38;2;0;0;0m  [38;2;49;49;49m██[38;2;115;115;115m██[38;2;246;148;41m██[38;2;115;115;115m████[38;2;255;255;255m██[38;2;115;115;115m██[38;2;82;82;82m██[38;2;49;49;49m██[38;2;0;0;0m                [38;2;82;82;82m██[38;2;49;49;49m██
[38;2;49;49;49m██[38;2;246;148;41m██████[38;2;205;106;74m██[38;2;49;49;49m██[38;2;255;255;255m██[38;2;115;115;115m████[38;2;49;49;49m██[38;2;0;0;0m                  [38;2;49;49;49m██
[38;2;49;49;49m██[38;2;82;82;82m██[38;2;246;148;41m████████[38;2;115;115;115m██████[38;2;49;49;49m██[38;2;0;0;0m                  [38;2;49;49;49m██
[38;2;0;0;0m  [38;2;49;49;49m████[38;2;205;106;74m████[38;2;82;82;82m██[38;2;115;115;115m██████[38;2;82;82;82m██[38;2;49;49;49m██[38;2;0;0;0m  [38;2;49;49;49m████████[38;2;0;0;0m    [38;2;82;82;82m██[38;2;49;49;49m██
[38;2;0;0;0m      [38;2;49;49;49m████[38;2;115;115;115m██████[38;2;82;82;82m██[38;2;255;255;255m██[38;2;82;82;82m██[38;2;49;49;49m██[38;2;255;255;255m██[38;2;115;115;115m██[38;2;255;255;255m██[38;2;115;115;115m██[38;2;49;49;49m██[38;2;82;82;82m██[38;2;49;49;49m██[38;2;0;0;0m  
[38;2;0;0;0m        [38;2;49;49;49m██[38;2;115;115;115m██████[38;2;82;82;82m██[38;2;255;255;255m██[38;2;82;82;82m██[38;2;255;255;255m██[38;2;115;115;115m██[38;2;255;255;255m██[38;2;115;115;115m██[38;2;255;255;255m██[38;2;115;115;115m██[38;2;49;49;49m██[38;2;0;0;0m    
[38;2;0;0;0m      [38;2;49;49;49m██[38;2;255;255;255m██[38;2;189;189;189m██[38;2;115;115;115m██[38;2;82;82;82m██[38;2;255;255;255m██[38;2;189;189;189m██[38;2;82;82;82m██[38;2;255;255;255m██[38;2;115;115;115m██[38;2;255;255;255m██[38;2;115;115;115m██[38;2;255;255;255m██[38;2;115;115;115m██[38;2;49;49;49m██[38;2;0;0;0m    
[38;2;0;0;0m      [38;2;49;49;49m██[38;2;255;255;255m██[38;2;115;115;115m██[38;2;82;82;82m██[38;2;255;255;255m██[38;2;189;189;189m██[38;2;82;82;82m██[38;2;115;115;115m██[38;2;189;189;189m██[38;2;115;115;115m██[38;2;189;189;189m██[38;2;115;115;115m██████[38;2;49;49;49m██[38;2;0;0;0m    
[38;2;0;0;0m      [38;2;49;49;49m██[38;2;115;115;115m████████████████████[38;2;82;82;82m██[38;2;115;115;115m████[38;2;49;49;49m██[38;2;0;0;0m    
[38;2;0;0;0m        [38;2;49;49;49m██[38;2;205;106;74m██[38;2;115;115;115m████████████[38;2;205;106;74m████[38;2;49;49;49m██[38;2;115;115;115m████[38;2;49;49;49m██[38;2;0;0;0m    
[38;2;0;0;0m        [38;2;49;49;49m██[38;2;82;82;82m██[38;2;205;106;74m████[38;2;82;82;82m██[38;2;115;115;115m████[38;2;205;106;74m██[38;2;49;49;49m████[38;2;0;0;0m  [38;2;49;49;49m██[38;2;148;148;156m██[38;2;189;189;189m██[38;2;49;49;49m██[38;2;0;0;0m  
[38;2;0;0;0m        [38;2;49;49;49m██[38;2;189;189;189m██[38;2;82;82;82m██[38;2;49;49;49m██[38;2;82;82;82m██[38;2;115;115;115m████[38;2;49;49;49m██[38;2;0;0;0m      [38;2;49;49;49m██[38;2;255;255;255m████[38;2;49;49;49m██[38;2;0;0;0m  
[38;2;0;0;0m      [38;2;49;49;49m██[38;2;255;255;255m████[38;2;49;49;49m██[38;2;0;0;0m  [38;2;49;49;49m██[38;2;115;115;115m██[38;2;82;82;82m██[38;2;49;49;49m██[38;2;0;0;0m      [38;2;49;49;49m██[38;2;115;115;115m██[38;2;82;82;82m██[38;2;49;49;49m██[38;2;0;0;0m  
[38;2;0;0;0m      [38;2;49;49;49m██[38;2;115;115;115m██[38;2;82;82;82m██[38;2;49;49;49m██[38;2;0;0;0m  [38;2;49;49;49m██[38;2;189;189;189m██[38;2;49;49;49m██[38;2;0;0;0m          [38;2;49;49;49m████[38;2;0;0;0m    
[38;2;0;0;0m        [38;2;49;49;49m████[38;2;0;0;0m  [38;2;49;49;49m██[38;2;255;255;255m████[38;2;49;49;49m██[38;2;0;0;0m                  
[38;2;0;0;0m              [38;2;49;49;49m██[38;2;115;115;115m██[38;2;82;82;82m██[38;2;49;49;49m██[38;2;0;0;0m                  
[38;2;0;0;0m                [38;2;49;49;49m████[38;2;0;0;0m                    [0m
