
[38;2;0;0;0m                    [38;2;0;4;0m██[38;2;0;0;0m            [38;2;0;4;0m██[38;2;0;0;0m                                
[38;2;0;0;0m        [38;2;0;4;0m██[38;2;0;0;0m  [38;2;0;12;8m████[38;2;0;0;0m  [38;2;0;4;0m██[38;2;82;80;69m██[38;2;0;4;0m██[38;2;0;0;0m  [38;2;0;4;0m████[38;2;0;0;0m  [38;2;0;4;0m██[38;2;82;80;69m██[38;2;0;4;0m██[38;2;0;0;0m        [38;2;0;4;0m██[38;2;0;0;0m                    
[38;2;0;0;0m      [38;2;0;4;0m██[38;2;255;86;87m██[38;2;0;4;0m██[38;2;77;45;48m██[38;2;154;78;87m██[38;2;0;4;0m██[38;2;66;65;66m██[38;2;82;80;69m████[38;2;0;4;0m██[38;2;255;86;87m██[38;2;82;80;70m██[38;2;0;4;0m██[38;2;82;80;69m████[38;2;0;4;0m██[38;2;0;0;0m    [38;2;0;4;0m████[38;2;255;86;87m██[38;2;0;4;0m██[38;2;0;0;0m                  
[38;2;0;0;0m      [38;2;0;4;0m██[38;2;255;86;87m██[38;2;160;65;76m██[38;2;66;66;66m████[38;2;74;70;66m████[38;2;82;82;66m████[38;2;255;86;87m██[38;2;160;65;76m██[38;2;74;74;66m████[38;2;74;70;66m████[38;2;71;70;66m██[38;2;0;4;0m██[38;2;0;4;8m██[38;2;127;45;47m██[38;2;255;86;87m████[38;2;0;4;0m██[38;2;0;0;0m                  
[38;2;0;4;0m██████[38;2;66;65;66m██[38;2;255;86;87m████[38;2;160;74;76m██[38;2;255;82;87m██[38;2;74;70;66m██[38;2;160;63;76m██[38;2;255;86;87m██████████[38;2;74;74;66m██[38;2;74;70;66m██[38;2;239;82;55m██[38;2;71;70;66m████[38;2;255;86;87m██████[38;2;129;42;57m██[38;2;0;4;0m██[38;2;0;0;0m                  
[38;2;0;4;0m██[38;2;255;86;87m████[38;2;160;65;76m██[38;2;66;61;66m██[38;2;255;82;87m██[38;2;255;86;87m██[38;2;160;73;76m██[38;2;255;86;87m██[38;2;66;61;66m██[38;2;66;66;66m██[38;2;255;86;87m██[38;2;160;74;76m██[38;2;66;66;66m████[38;2;255;86;87m████[38;2;66;66;66m██[38;2;82;80;69m████[38;2;66;66;66m██[38;2;255;86;87m████[38;2;0;4;8m██[38;2;0;0;0m    [38;2;0;4;0m██████[38;2;0;0;0m          
[38;2;0;0;0m  [38;2;0;4;0m██[38;2;255;86;87m████[38;2;160;71;76m████[38;2;255;86;87m██[38;2;66;61;66m██[38;2;160;73;76m██[38;2;255;86;87m██[38;2;66;66;66m██[38;2;255;86;87m██[38;2;66;66;66m██[38;2;255;82;87m██[38;2;255;86;87m████[38;2;66;66;66m██[38;2;255;86;87m██[38;2;82;80;69m██[38;2;66;66;66m██[38;2;255;86;87m████[38;2;127;45;47m████[38;2;0;4;0m████[38;2;255;86;87m████[38;2;0;4;0m██[38;2;0;0;0m          
[38;2;0;0;0m    [38;2;0;4;0m██[38;2;156;66;76m██[38;2;255;86;87m██████[38;2;66;66;66m██[38;2;255;222;79m██[38;2;178;148;55m██[38;2;255;86;87m████████[38;2;49;74;81m████[38;2;255;239;71m██[38;2;255;85;87m██[38;2;74;70;66m████[38;2;255;86;84m████████[38;2;255;86;87m████[38;2;247;90;95m██[38;2;0;4;0m██[38;2;0;0;0m            
[38;2;0;0;0m      [38;2;0;4;0m██[38;2;160;65;76m████[38;2;255;86;87m██[38;2;66;66;66m██[38;2;255;222;79m██[38;2;24;0;8m██[38;2;255;86;87m██[38;2;66;66;66m██[38;2;255;86;87m██[38;2;0;4;0m██[38;2;140;164;88m██[38;2;231;255;95m██[38;2;255;239;71m██[38;2;255;85;87m██[38;2;74;70;66m██[38;2;255;86;87m██[38;2;255;86;84m████████[38;2;255;86;87m██[38;2;160;65;76m██[38;2;165;61;63m██[38;2;0;4;0m██[38;2;0;0;0m            
[38;2;0;0;0m    [38;2;0;20;16m██[38;2;85;43;40m██[38;2;255;86;84m████[38;2;255;86;87m████[38;2;66;66;66m██[38;2;82;80;69m██[38;2;66;66;66m██[38;2;82;80;69m██[38;2;66;66;66m██[38;2;82;80;69m██████[38;2;82;82;66m████[38;2;255;86;84m████[38;2;255;86;87m██████[38;2;160;65;76m██[38;2;165;63;66m████[38;2;0;4;0m██[38;2;0;0;0m              
[38;2;0;0;0m  [38;2;0;4;0m██[38;2;255;90;87m████[38;2;255;86;84m████[38;2;160;73;76m██[38;2;66;61;66m██[38;2;82;80;69m██████████████[38;2;66;66;66m██[38;2;255;255;255m██[38;2;82;82;66m██[38;2;255;86;84m████[38;2;129;42;57m██[38;2;255;86;87m██████[38;2;247;90;95m██[38;2;0;8;8m██[38;2;0;0;0m                
[38;2;0;0;0m    [38;2;0;4;0m██[38;2;66;65;66m██[38;2;66;61;66m██[38;2;160;73;76m██[38;2;255;82;87m██[38;2;66;61;66m██[38;2;74;70;66m██[38;2;255;86;87m████[38;2;74;74;66m██████[38;2;66;74;74m██[38;2;255;255;255m████[38;2;99;66;67m██[38;2;160;71;76m██[38;2;255;82;87m██[38;2;255;86;87m██[38;2;129;42;57m██[38;2;129;64;70m██[38;2;255;78;79m██[38;2;255;90;87m████[38;2;0;4;0m██[38;2;0;0;0m              
[38;2;0;0;0m      [38;2;0;4;0m██[38;2;255;86;87m████[38;2;160;71;76m████[38;2;74;70;66m████[38;2;74;74;66m██████[38;2;255;255;255m██[38;2;129;134;134m██[38;2;255;255;255m██[38;2;99;66;67m████[38;2;66;61;66m██[38;2;160;71;76m██[38;2;255;86;87m████[38;2;66;57;66m████[38;2;85;43;40m██[38;2;0;20;16m██[38;2;0;0;0m                
[38;2;0;0;0m        [38;2;0;4;0m██[38;2;66;65;66m██[38;2;66;66;66m████[38;2;99;115;127m██[38;2;66;66;66m██[38;2;66;70;74m██[38;2;148;86;100m██[38;2;160;66;76m████[38;2;148;86;100m██[38;2;66;70;74m██[38;2;66;66;66m██[38;2;136;148;148m████[38;2;66;66;66m██████████[38;2;0;4;0m██[38;2;0;0;0m      [38;2;0;4;0m██[38;2;0;0;0m  [38;2;0;4;0m██████[38;2;0;0;0m  
[38;2;0;0;0m          [38;2;0;4;0m██[38;2;160;66;76m██[38;2;66;66;66m██[38;2;99;115;127m████[38;2;121;81;91m██[38;2;66;70;74m██[38;2;66;66;66m████[38;2;66;70;74m██[38;2;121;81;91m██[38;2;136;148;148m██████████[38;2;66;66;66m██[38;2;255;86;87m██████[38;2;0;4;0m██[38;2;0;0;0m  [38;2;0;4;0m██[38;2;82;80;70m██[38;2;0;4;0m██[38;2;159;64;74m████[38;2;66;65;66m██[38;2;0;4;0m██
[38;2;0;0;0m        [38;2;0;20;16m██[38;2;77;50;53m██[38;2;66;66;66m██[38;2;160;66;76m██[38;2;66;66;66m██[38;2;99;115;127m██[38;2;99;118;128m████[38;2;104;115;118m████[38;2;137;148;148m████████[38;2;137;149;151m████[38;2;66;66;66m██[38;2;255;86;87m████[38;2;82;82;66m██[38;2;82;81;69m████[38;2;0;4;0m██[38;2;71;70;66m██[38;2;82;80;69m██[38;2;66;66;66m██[38;2;160;66;76m████[38;2;159;64;74m██[38;2;0;4;0m██
[38;2;0;0;0m      [38;2;0;4;0m██[38;2;154;81;90m██[38;2;77;50;53m██[38;2;66;66;66m██[38;2;160;66;76m██[38;2;66;66;66m██[38;2;99;115;127m██[38;2;99;118;128m████[38;2;77;82;79m██[38;2;132;148;156m██[38;2;137;148;148m████████[38;2;137;149;151m██[38;2;102;118;128m██[38;2;66;66;66m██[38;2;255;86;87m██[38;2;82;82;66m████[38;2;82;81;69m████[38;2;71;70;66m████[38;2;66;66;66m████████[38;2;159;64;74m██[38;2;0;4;0m██
[38;2;0;0;0m      [38;2;0;4;0m██[38;2;66;66;66m██[38;2;160;66;76m██[38;2;66;66;66m████[38;2;154;78;87m██[38;2;77;45;48m██[38;2;107;115;123m████[38;2;82;79;69m██[38;2;99;114;128m██[38;2;137;148;148m██████[38;2;82;82;66m██[38;2;82;79;69m██[38;2;99;114;128m██[38;2;74;53;55m██[38;2;222;111;118m██[38;2;82;80;69m████[38;2;82;82;66m██[38;2;255;86;87m████[38;2;74;74;66m██[38;2;159;66;76m████[38;2;74;70;66m████[38;2;0;4;0m██[38;2;0;0;0m  
[38;2;0;0;0m    [38;2;0;4;0m██[38;2;156;66;76m██[38;2;66;66;66m████[38;2;160;66;76m██[38;2;66;66;66m██[38;2;0;12;8m████[38;2;0;4;0m██[38;2;71;78;82m██[38;2;82;79;69m████[38;2;82;82;66m████████[38;2;99;114;128m████[38;2;148;82;87m██[38;2;0;24;24m██[38;2;0;4;0m██[38;2;82;80;69m██[38;2;255;86;87m██[38;2;82;82;66m██[38;2;74;74;66m████[38;2;159;66;76m████[38;2;160;63;76m██[38;2;74;70;66m██[38;2;82;80;70m██[38;2;0;4;0m██
[38;2;0;0;0m  [38;2;0;4;0m██[38;2;160;66;76m██[38;2;66;66;66m██[38;2;154;81;90m██[38;2;77;50;53m██[38;2;0;4;0m████[38;2;0;0;0m      [38;2;0;4;0m██[38;2;82;86;90m████[38;2;255;148;71m██[38;2;101;118;130m██[38;2;115;120;99m████[38;2;120;124;83m██[38;2;57;66;81m██[38;2;0;4;0m██[38;2;0;0;0m    [38;2;0;4;0m██[38;2;85;59;48m████[38;2;255;86;87m████[38;2;66;66;66m██[38;2;160;66;76m██[38;2;156;66;76m██[38;2;0;4;0m████[38;2;0;0;0m  
[38;2;0;0;0m  [38;2;0;4;0m██[38;2;160;66;76m████[38;2;77;50;53m██[38;2;0;20;16m██[38;2;0;0;0m        [38;2;0;4;0m██[38;2;255;239;71m██[38;2;255;99;63m██[38;2;82;86;90m██[38;2;255;148;71m████[38;2;49;61;105m██[38;2;247;239;87m██[38;2;57;66;81m██[38;2;247;239;87m██[38;2;255;99;63m██[38;2;0;4;0m██[38;2;0;0;0m    [38;2;0;37;24m██[38;2;255;103;95m██[38;2;82;82;66m████[38;2;66;66;66m██[38;2;160;66;76m██[38;2;0;4;0m██[38;2;0;0;0m      
[38;2;0;4;0m██[38;2;159;64;74m██[38;2;159;66;76m████[38;2;160;66;76m████[38;2;0;4;0m██[38;2;0;0;0m      [38;2;0;4;0m██[38;2;255;239;71m██[38;2;74;57;66m██[38;2;255;222;71m██[38;2;255;239;71m████[38;2;195;156;69m██[38;2;255;206;71m██[38;2;195;156;69m██[38;2;255;206;71m██[38;2;154;78;87m██[38;2;0;12;8m██[38;2;0;0;0m  [38;2;0;4;0m██[38;2;74;70;66m████[38;2;82;82;66m██[38;2;255;86;87m████[38;2;66;66;66m██[38;2;0;0;0m        
[38;2;0;4;0m██[38;2;159;64;74m██[38;2;159;66;76m████[38;2;66;66;66m██[38;2;160;66;76m██[38;2;0;4;0m██[38;2;0;0;0m        [38;2;0;4;0m██[38;2;74;57;66m██[38;2;164;139;68m██[38;2;255;239;71m██[38;2;211;104;70m██[38;2;74;57;66m████████[38;2;77;45;48m██[38;2;0;12;8m██[38;2;0;4;0m██[38;2;156;66;76m██[38;2;74;70;66m██[38;2;160;63;76m██[38;2;255;86;87m████████[38;2;0;4;0m██[38;2;0;0;0m      
[38;2;0;0;0m  [38;2;0;4;0m██[38;2;159;64;74m████[38;2;156;66;76m██[38;2;0;4;0m██[38;2;0;0;0m        [38;2;0;4;0m██[38;2;159;64;74m██[38;2;160;66;76m██[38;2;66;66;66m██[38;2;66;61;66m██[38;2;160;73;76m██[38;2;255;86;84m████████[38;2;66;66;66m██[38;2;160;66;76m██[38;2;159;64;74m████[38;2;85;43;40m██[38;2;255;90;87m██[38;2;255;86;87m████[38;2;255;86;84m████[38;2;0;4;0m██[38;2;0;0;0m      
[38;2;0;0;0m    [38;2;0;4;0m██████[38;2;0;0;0m        [38;2;0;4;0m██[38;2;159;64;74m████[38;2;160;66;76m████[38;2;255;86;87m████[38;2;255;86;84m████████[38;2;66;66;66m██[38;2;160;66;76m██[38;2;159;64;74m██[38;2;0;4;0m██[38;2;0;20;16m██[38;2;255;90;87m██[38;2;160;65;76m██[38;2;255;86;87m██[38;2;255;86;84m████[38;2;0;4;0m██[38;2;0;0;0m      
[38;2;0;0;0m                [38;2;0;4;0m██[38;2;66;65;66m██[38;2;66;66;66m██[38;2;160;66;76m██[38;2;156;70;84m████[38;2;0;4;0m████[38;2;255;86;87m██████[38;2;82;82;66m██[38;2;77;74;69m████[38;2;0;4;0m██[38;2;0;0;0m    [38;2;0;4;0m████[38;2;255;86;87m████[38;2;0;4;0m██[38;2;0;0;0m        
[38;2;0;0;0m                [38;2;0;4;0m██[38;2;66;65;66m██[38;2;66;66;66m████[38;2;78;43;46m██[38;2;0;16;8m██[38;2;0;0;0m    [38;2;0;4;0m████[38;2;82;82;66m████[38;2;77;74;69m██[38;2;0;4;0m██[38;2;0;0;0m          [38;2;0;4;0m████[38;2;0;0;0m          
[38;2;0;0;0m                  [38;2;0;4;0m██[38;2;66;61;66m████[38;2;0;4;0m██[38;2;0;0;0m          [38;2;0;24;16m██[38;2;85;46;40m██[38;2;255;86;87m██[38;2;0;4;0m██[38;2;0;0;0m                        
[38;2;0;0;0m                [38;2;0;4;0m██[38;2;156;66;76m██[38;2;126;56;67m██[38;2;156;53;68m██[38;2;0;4;0m██[38;2;0;0;0m        [38;2;0;4;0m██[38;2;255;90;87m████[38;2;255;86;87m████[38;2;0;4;0m██[38;2;0;0;0m                      
[38;2;0;0;0m                  [38;2;0;4;0m██████[38;2;0;0;0m          [38;2;0;4;0m██[38;2;165;61;63m██[38;2;247;90;95m██[38;2;165;61;63m██[38;2;247;90;95m██[38;2;0;4;0m██[38;2;0;0;0m                      
[38;2;0;0;0m                                    [38;2;0;4;0m████████[38;2;0;0;0m                        [0m
