
[38;2;0;0;0m                    ██████                
[38;2;0;0;0m                  ██[38;2;156;57;68m██[38;2;231;99;111m████[38;2;0;0;0m██              
[38;2;0;0;0m                ██[38;2;189;82;93m██[38;2;231;99;111m██[38;2;156;57;68m██[38;2;231;99;111m████[38;2;0;0;0m██            
[38;2;0;0;0m                [38;2;8;4;8m██[38;2;239;103;119m██[38;2;193;80;89m██[38;2;156;57;68m██[38;2;231;99;111m████[38;2;85;52;56m██[38;2;0;12;8m██[38;2;0;0;0m████      
[38;2;0;0;0m            ████[38;2;162;70;82m██[38;2;239;103;119m██[38;2;156;57;68m██[38;2;231;103;111m██[38;2;231;99;111m██[38;2;190;82;94m██[38;2;170;92;103m██[38;2;85;52;56m██[38;2;82;143;82m████[38;2;0;0;0m██    
[38;2;0;0;0m      ██  [38;2;8;0;8m██[38;2;66;103;66m██[38;2;57;65;57m██[38;2;189;82;93m████[38;2;156;57;68m██[38;2;189;82;93m██[38;2;189;83;93m████[38;2;189;82;93m██[38;2;74;90;74m██[38;2;57;82;49m██[38;2;0;0;8m██[38;2;0;0;0m      
[38;2;0;0;0m    ██[38;2;107;189;163m██[38;2;49;70;49m██[38;2;90;140;90m██[38;2;74;140;74m██[38;2;66;103;66m██[38;2;66;66;66m██[38;2;189;82;93m██[38;2;156;57;68m██[38;2;189;82;93m██[38;2;189;83;93m████[38;2;74;90;74m████[38;2;115;165;91m██[38;2;0;0;8m██[38;2;0;0;0m██    
[38;2;0;0;0m    ██[38;2;107;189;163m████[38;2;66;66;66m██[38;2;66;70;66m██[38;2;71;127;103m██[38;2;82;143;82m██[38;2;66;66;66m██[38;2;189;82;93m████[38;2;57;66;65m████[38;2;57;107;57m██████[38;2;107;173;83m██[38;2;99;173;83m██[38;2;0;0;0m██  
[38;2;0;0;0m    ██[38;2;107;189;163m██████[38;2;74;156;122m██[38;2;66;70;66m██[38;2;66;66;66m████████[38;2;99;173;83m██[38;2;71;102;71m██[38;2;107;173;83m████[38;2;57;107;57m████[38;2;66;115;55m██[38;2;0;0;0m██  
[38;2;0;0;0m  ██[38;2;107;190;163m████[38;2;107;189;163m██[38;2;33;115;97m██[38;2;33;118;97m████[38;2;33;115;97m██[38;2;69;151;130m██[38;2;66;66;66m████[38;2;66;70;58m██[38;2;85;132;104m██[38;2;107;173;86m██[38;2;57;107;57m██[38;2;107;173;83m████[38;2;57;107;57m██[38;2;107;173;83m██[38;2;0;0;0m██
[38;2;0;0;0m  ██[38;2;65;148;129m██[38;2;107;190;163m██[38;2;107;189;163m████[38;2;33;118;97m████[38;2;69;151;130m██[38;2;104;186;163m██[38;2;107;189;163m████[38;2;104;193;149m██[38;2;66;70;58m██[38;2;82;140;71m██[38;2;57;107;57m██[38;2;82;140;72m██[38;2;58;107;60m██[38;2;107;173;83m██[38;2;57;107;57m██[38;2;0;0;0m██
[38;2;0;0;0m██[38;2;189;82;93m██[38;2;33;115;97m██[38;2;107;189;163m██[38;2;33;115;97m██[38;2;107;189;163m██[38;2;107;190;163m████[38;2;107;192;163m████[38;2;90;189;162m██[38;2;79;148;130m██[38;2;66;66;66m████████[38;2;66;70;58m██[38;2;66;96;79m██[38;2;82;143;82m████[38;2;0;0;0m██
[38;2;0;0;0m██[38;2;189;82;93m██[38;2;107;189;163m████████[38;2;65;148;129m██[38;2;107;190;163m██[38;2;107;192;163m████[38;2;79;148;130m██[38;2;57;66;65m██[38;2;66;66;66m██[38;2;66;148;130m██████[38;2;66;148;122m██[38;2;66;70;58m██[38;2;66;66;66m████[38;2;0;0;0m██
[38;2;0;0;0m██[38;2;107;189;163m██[38;2;107;192;163m████[38;2;107;189;163m██[38;2;33;115;97m██[38;2;115;189;163m██[38;2;44;63;54m██[38;2;0;4;0m██[38;2;143;171;169m██[38;2;107;189;163m██[38;2;65;148;129m██[38;2;66;148;130m████[38;2;66;66;66m██[38;2;66;148;130m██[38;2;33;115;97m████[38;2;66;148;130m████[38;2;0;0;0m██
[38;2;0;0;0m  ██[38;2;107;192;163m████[38;2;107;189;163m████[38;2;8;0;0m████[38;2;214;255;254m██[38;2;143;171;169m██[38;2;65;148;129m████[38;2;33;115;97m████[38;2;66;148;130m██[38;2;66;66;66m██[38;2;66;148;130m██████[38;2;0;0;0m██  
[38;2;0;0;0m  ██[38;2;71;133;114m██[38;2;107;198;171m██[38;2;107;206;179m██[38;2;0;8;8m██[38;2;231;99;111m████[38;2;255;255;255m██[38;2;66;148;130m██████[38;2;33;115;97m████[38;2;66;148;130m██[38;2;0;0;0m██[38;2;165;198;189m██[38;2;110;133;126m██[38;2;189;189;189m██[38;2;0;0;0m██  
[38;2;0;0;0m    [38;2;0;4;0m████[38;2;71;140;122m████[38;2;66;148;130m████████[38;2;66;66;66m██[38;2;66;148;130m██████[38;2;0;0;0m██  [38;2;0;4;0m████[38;2;0;0;0m██    
[38;2;0;0;0m        ████[38;2;63;63;63m██[38;2;189;189;189m██[38;2;0;0;0m████[38;2;66;148;130m████[38;2;111;133;127m████[38;2;0;0;0m██            
[38;2;0;0;0m            ████  ██[38;2;255;255;255m██[38;2;66;148;130m██[38;2;222;255;254m██[38;2;0;12;0m██[38;2;0;0;0m              
[38;2;0;0;0m                    ██████                [0m
