
[38;2;0;0;0m                                [38;2;0;4;0m██[38;2;0;0;0m    [38;2;0;4;0m██[38;2;0;0;0m                    
[38;2;0;0;0m                              [38;2;0;4;0m██[38;2;231;247;255m██[38;2;0;4;0m████[38;2;231;247;255m██[38;2;0;4;0m██[38;2;0;0;0m                  
[38;2;0;0;0m                              [38;2;0;4;0m██[38;2;173;206;221m██[38;2;231;247;255m██[38;2;93;134;144m██[38;2;173;206;221m██[38;2;0;4;0m██[38;2;0;0;0m                  
[38;2;0;0;0m                              [38;2;0;4;0m██[38;2;115;139;147m██[38;2;231;247;255m████[38;2;115;139;147m██[38;2;0;4;0m██[38;2;0;0;0m                  
[38;2;0;0;0m                          [38;2;0;4;0m████[38;2;66;66;66m████[38;2;189;214;224m████[38;2;0;4;0m██[38;2;0;0;0m                    
[38;2;0;0;0m                      [38;2;0;4;0m████[38;2;231;247;255m████[38;2;107;181;219m██[38;2;66;66;66m██[38;2;189;214;224m████[38;2;66;65;66m██[38;2;0;4;0m██[38;2;0;0;0m                  
[38;2;0;0;0m                  [38;2;0;4;0m████[38;2;140;231;252m██[38;2;111;181;223m██[38;2;110;181;224m████[38;2;231;247;255m████[38;2;90;133;142m████[38;2;231;247;255m████[38;2;0;0;0m████              
[38;2;0;0;0m              [38;2;0;4;0m████[38;2;140;231;252m████████[38;2;110;181;224m██[38;2;231;247;255m████[38;2;110;181;224m██[38;2;107;181;219m████[38;2;110;181;224m██[38;2;231;247;255m██[38;2;231;239;247m██[38;2;77;80;82m██[38;2;0;4;0m██[38;2;0;0;0m            
[38;2;0;0;0m            [38;2;0;4;0m██[38;2;140;231;252m████████[38;2;140;228;252m████[38;2;111;181;223m██████[38;2;140;231;252m██[38;2;140;228;252m████[38;2;140;231;252m██[38;2;111;181;223m████[38;2;140;231;252m████[38;2;0;4;0m██[38;2;0;0;0m          
[38;2;0;0;0m          [38;2;0;4;0m██[38;2;140;231;252m████[38;2;74;126;165m██[38;2;140;231;252m██[38;2;74;126;165m██[38;2;140;228;252m████[38;2;140;231;252m████████[38;2;140;228;252m████[38;2;140;231;252m████████████[38;2;0;4;0m██[38;2;0;0;0m        
[38;2;0;0;0m        [38;2;0;4;0m██[38;2;231;247;255m██[38;2;110;181;224m██[38;2;140;231;252m████[38;2;118;118;134m██[38;2;255;255;255m██[38;2;74;126;165m██[38;2;140;231;252m██████[38;2;66;127;170m██[38;2;176;212;227m██[38;2;74;126;165m██[38;2;140;231;252m██[38;2;140;228;252m████████████[38;2;140;222;252m██[38;2;8;0;0m██[38;2;0;0;0m      
[38;2;0;0;0m      [38;2;0;4;0m██[38;2;231;247;255m██████[38;2;111;181;223m████[38;2;118;118;134m████[38;2;74;126;165m██[38;2;140;231;252m████[38;2;74;126;165m██[38;2;231;255;255m██[38;2;66;127;170m██[38;2;140;231;252m████[38;2;140;228;252m████████████[38;2;140;222;252m██[38;2;52;74;84m██[38;2;0;4;0m██[38;2;0;0;0m    
[38;2;0;0;0m      [38;2;0;4;0m██[38;2;214;239;246m██[38;2;228;247;255m████████[38;2;118;173;209m██[38;2;66;132;186m██[38;2;140;228;252m████[38;2;140;231;252m██[38;2;74;126;165m██[38;2;181;86;61m██[38;2;115;155;176m██[38;2;140;228;252m████████████████[38;2;140;231;252m██[38;2;111;181;223m██[38;2;189;214;221m██[38;2;0;4;0m██[38;2;0;0;0m  
[38;2;0;0;0m    [38;2;0;4;0m██[38;2;214;239;246m████[38;2;228;247;255m████████[38;2;222;255;254m██[38;2;118;173;209m██[38;2;140;228;252m████[38;2;140;231;252m████[38;2;115;155;176m██[38;2;82;189;234m██[38;2;140;228;252m████████████████[38;2;111;181;223m████[38;2;189;214;221m██[38;2;0;4;0m██[38;2;0;0;0m  
[38;2;0;0;0m    [38;2;0;4;0m██[38;2;189;214;221m██[38;2;231;247;255m██[38;2;228;247;255m████████████[38;2;111;181;223m██[38;2;140;231;252m██[38;2;110;181;224m████████[38;2;107;189;227m██[38;2;148;211;236m██[38;2;140;231;252m████[38;2;140;228;252m████[38;2;140;231;252m████[38;2;110;181;224m██[38;2;231;247;255m██[38;2;189;214;224m████[38;2;0;4;0m██
[38;2;0;0;0m    [38;2;0;4;0m██[38;2;189;214;221m████[38;2;228;247;255m████████████[38;2;111;181;223m████[38;2;231;247;255m████████[38;2;231;255;255m██[38;2;107;189;227m██[38;2;111;181;223m██[38;2;140;231;252m██[38;2;140;228;252m████[38;2;140;231;252m██[38;2;111;181;223m██[38;2;231;247;255m████[38;2;189;214;224m████[38;2;0;4;0m██
[38;2;0;0;0m      [38;2;0;4;0m██[38;2;189;214;221m██[38;2;189;214;224m████[38;2;231;247;255m████████[38;2;228;247;255m████████████████[38;2;231;247;255m██[38;2;110;181;224m████████[38;2;231;247;255m████[38;2;189;214;221m██████[38;2;0;4;0m██
[38;2;0;0;0m      [38;2;0;4;0m██[38;2;189;214;221m██[38;2;189;214;224m████[38;2;189;214;221m████████[38;2;228;247;255m████████████████[38;2;231;247;255m████████████[38;2;189;214;221m██████[38;2;0;4;0m██[38;2;0;0;0m  
[38;2;0;0;0m        [38;2;0;4;0m██[38;2;189;214;221m████[38;2;189;214;224m████████[38;2;189;214;221m██[38;2;231;247;255m██████[38;2;228;247;255m████████████[38;2;231;247;255m██████[38;2;189;214;221m██[38;2;189;214;224m████[38;2;189;214;221m██[38;2;0;4;0m██[38;2;0;0;0m  
[38;2;0;0;0m          [38;2;0;4;0m██[38;2;189;214;221m██[38;2;189;214;224m████████[38;2;189;214;221m████████[38;2;228;247;255m████████████[38;2;231;247;255m██[38;2;189;214;221m██████[38;2;189;214;224m████[38;2;0;4;0m██[38;2;0;0;0m    
[38;2;0;0;0m            [38;2;0;4;0m████[38;2;189;214;221m████[38;2;66;66;66m██[38;2;189;214;221m████[38;2;189;214;224m████████████████████[38;2;189;214;221m██████[38;2;0;4;0m██[38;2;0;0;0m      
[38;2;0;0;0m  [38;2;0;4;0m████████[38;2;0;0;0m      [38;2;0;4;0m██[38;2;66;66;66m██████[38;2;189;214;221m██[38;2;189;214;224m████████████████████[38;2;189;214;221m██[38;2;0;4;0m████[38;2;0;0;0m        
[38;2;0;4;0m██[38;2;66;66;66m██[38;2;165;231;245m██[38;2;140;228;252m████[38;2;0;4;0m██████[38;2;107;181;219m██[38;2;137;171;188m██[38;2;66;70;74m██[38;2;165;222;253m██[38;2;57;70;81m██[38;2;66;70;74m██[38;2;173;222;245m██[38;2;189;214;221m██████████[38;2;0;4;0m████████[38;2;0;0;0m            
[38;2;0;4;0m██[38;2;165;231;245m████[38;2;140;228;252m████[38;2;140;231;252m████[38;2;107;181;219m██[38;2;0;4;0m██[38;2;66;70;74m██[38;2;173;222;245m██[38;2;129;171;196m████[38;2;137;171;188m██[38;2;66;70;74m██[38;2;66;66;66m████████[38;2;0;4;0m██[38;2;0;0;0m                    
[38;2;0;0;0m  [38;2;0;4;0m██[38;2;222;247;230m██[38;2;140;231;252m████[38;2;222;247;230m██[38;2;0;4;0m████[38;2;0;0;0m  [38;2;0;12;16m██[38;2;121;163;174m██[38;2;107;181;219m██[38;2;66;66;66m██[38;2;107;181;219m████[38;2;189;214;221m██[38;2;66;66;66m██[38;2;107;181;219m████[38;2;49;63;73m██[38;2;16;4;0m██[38;2;0;0;0m    [38;2;0;4;0m████[38;2;0;0;0m          
[38;2;0;0;0m    [38;2;0;4;0m██[38;2;222;247;230m████[38;2;0;4;0m██[38;2;0;0;0m    [38;2;0;4;0m██[38;2;181;239;253m████[38;2;66;66;66m██████[38;2;107;181;219m██[38;2;189;214;221m████[38;2;66;66;66m██[38;2;107;181;219m██[38;2;115;181;219m████[38;2;0;4;0m████[38;2;181;239;245m████[38;2;0;4;0m████[38;2;0;0;0m      
[38;2;0;0;0m      [38;2;0;4;0m████[38;2;0;0;0m      [38;2;0;4;0m██[38;2;165;231;245m████[38;2;66;65;66m██[38;2;0;4;0m████[38;2;140;231;252m██[38;2;107;198;235m██[38;2;184;231;237m██[38;2;165;222;237m██[38;2;60;74;79m██[38;2;0;4;0m██[38;2;107;181;219m██[38;2;140;231;252m████[38;2;140;228;252m████[38;2;140;231;252m██[38;2;222;247;230m██[38;2;0;4;0m██[38;2;0;0;0m    
[38;2;0;0;0m                  [38;2;0;4;0m██[38;2;165;231;245m██[38;2;0;4;0m██[38;2;0;0;0m    [38;2;0;4;0m██[38;2;145;214;236m████[38;2;165;222;237m██[38;2;8;0;0m██[38;2;0;0;0m  [38;2;0;4;0m██[38;2;222;247;230m██[38;2;140;231;252m██[38;2;140;228;252m████[38;2;140;231;252m██[38;2;222;247;230m██[38;2;0;4;0m██[38;2;0;0;0m    
[38;2;0;0;0m                    [38;2;0;4;0m██[38;2;0;0;0m        [38;2;0;4;0m██[38;2;222;247;230m██[38;2;140;231;252m██[38;2;0;4;0m██[38;2;0;0;0m  [38;2;0;4;0m██[38;2;222;247;230m████[38;2;140;231;252m██[38;2;222;247;230m████[38;2;0;4;0m██[38;2;0;0;0m      
[38;2;0;0;0m                              [38;2;0;4;0m██[38;2;222;247;230m██[38;2;0;4;0m██[38;2;0;0;0m      [38;2;0;4;0m████[38;2;222;247;230m████[38;2;0;4;0m██[38;2;0;0;0m        
[38;2;0;0;0m                                [38;2;66;66;66m██[38;2;0;0;0m            [38;2;0;4;0m████[38;2;0;0;0m          [0m
