
[38;2;0;0;0m                    ████                    
[38;2;0;0;0m                  ██[38;2;255;247;111m██[38;2;192;187;93m██[38;2;0;0;0m██                  
[38;2;0;0;0m                ██[38;2;66;66;66m██[38;2;66;66;58m██[38;2;255;247;111m██[38;2;0;0;0m██                  
[38;2;0;0;0m              ██[38;2;66;66;66m██[38;2;107;173;155m██[38;2;66;66;66m██[38;2;255;247;119m██[38;2;170;171;74m██[38;2;0;4;0m██[38;2;0;0;0m                
[38;2;0;0;0m          ████[38;2;165;140;53m██[38;2;66;66;66m██[38;2;107;173;155m██[38;2;66;66;66m██[38;2;255;247;119m██[38;2;255;255;111m██[38;2;0;4;0m██[38;2;0;0;0m                
[38;2;0;0;0m      ████[38;2;206;189;62m██[38;2;200;184;67m██[38;2;173;148;45m██[38;2;66;66;66m██[38;2;107;173;155m██[38;2;66;66;66m██[38;2;255;247;119m████[38;2;165;140;53m██[38;2;0;0;0m██              
[38;2;0;0;0m  [38;2;66;66;66m██[38;2;0;0;0m██[38;2;206;189;62m██████[38;2;200;184;67m██[38;2;255;255;111m██[38;2;66;66;66m████[38;2;255;247;119m████[38;2;165;140;53m██[38;2;255;247;119m████[38;2;0;0;0m██            
[38;2;66;66;66m██[38;2;107;173;155m██[38;2;66;66;66m██[38;2;0;0;0m██[38;2;206;189;62m████[38;2;200;184;67m██[38;2;255;255;111m██[38;2;255;247;119m████████████████[38;2;0;0;0m████        
[38;2;66;66;66m██[38;2;107;173;155m██[38;2;66;66;66m██[38;2;0;0;0m  ██[38;2;206;189;62m██[38;2;173;148;45m██[38;2;200;184;67m██[38;2;255;247;119m████[38;2;173;148;45m██[38;2;200;181;70m██[38;2;255;247;119m████████[38;2;255;239;103m██[38;2;170;159;69m██[38;2;0;0;0m██      
[38;2;66;66;66m██[38;2;107;173;155m██[38;2;66;66;66m██[38;2;0;0;0m██[38;2;206;189;62m████[38;2;0;0;0m██[38;2;231;231;231m██[38;2;165;140;53m████[38;2;231;231;231m████[38;2;200;181;70m██[38;2;255;247;119m██████[38;2;255;247;111m████[38;2;61;82;73m██[38;2;8;0;0m██[38;2;0;0;0m    
[38;2;66;66;66m████[38;2;0;0;0m  ██[38;2;206;189;62m██[38;2;164;140;52m██[38;2;77;77;77m██[38;2;231;231;231m██████[38;2;0;0;0m██[38;2;231;231;231m██[38;2;173;148;45m██[38;2;255;247;119m██[38;2;165;140;53m██[38;2;255;247;119m██[38;2;192;187;93m██[38;2;66;66;58m██[38;2;115;165;147m██[38;2;61;82;73m██[38;2;0;0;0m    
[38;2;0;0;0m        ████[38;2;231;231;231m████████[38;2;66;66;66m██[38;2;231;231;231m██[38;2;137;132;84m██[38;2;247;247;167m██[38;2;165;140;53m██[38;2;0;0;0m████[38;2;66;66;66m██[38;2;107;173;155m██[38;2;66;66;66m██[38;2;0;0;0m    
[38;2;0;0;0m            ██[38;2;231;231;231m██[38;2;66;66;66m██[38;2;231;231;231m██████[38;2;247;247;167m██[38;2;82;74;42m██[38;2;0;0;0m██    [38;2;66;66;66m██[38;2;107;173;155m██[38;2;66;66;66m██[38;2;0;0;0m    
[38;2;0;0;0m            [38;2;0;0;24m██[38;2;69;63;39m██[38;2;176;181;176m██[38;2;231;239;231m██[38;2;231;231;231m██[38;2;181;181;173m██[38;2;66;66;66m████[38;2;206;189;70m██[38;2;0;0;24m██[38;2;0;0;8m██[38;2;69;63;29m██[38;2;66;66;66m██[38;2;0;0;0m      
[38;2;0;0;0m        ████[38;2;206;189;70m████[38;2;66;66;66m████[38;2;181;181;173m██[38;2;231;231;231m██[38;2;231;239;231m██[38;2;176;181;176m██[38;2;69;63;39m██[38;2;206;189;70m████[38;2;0;0;8m██[38;2;0;0;0m██      
[38;2;0;0;0m      ██[38;2;206;189;62m████[38;2;206;189;70m██[38;2;69;63;39m██[38;2;231;231;231m██[38;2;0;0;0m██[38;2;239;239;239m████[38;2;80;80;80m██[38;2;239;239;239m██[38;2;255;247;199m██[38;2;74;74;50m██[38;2;205;189;61m██[38;2;255;247;119m████[38;2;0;0;0m████  
[38;2;0;0;0m        ██[38;2;206;189;62m██[38;2;206;189;70m██[38;2;0;0;24m██[38;2;0;0;0m██  [38;2;8;8;8m██[38;2;162;162;162m██[38;2;159;159;159m██[38;2;0;0;0m██[38;2;74;74;50m██[38;2;164;160;124m██[38;2;255;247;119m██████████[38;2;0;0;0m██
[38;2;0;0;0m          ████        ████  ██[38;2;255;247;119m████[38;2;205;189;61m██[38;2;255;247;119m████[38;2;0;0;0m██  
[38;2;0;0;0m                              ██[38;2;255;247;119m████[38;2;0;0;0m████    
[38;2;0;0;0m                                ████        [0m
