
[38;2;0;0;0m            [38;2;19;14;8m  [38;2;3;2;1m  [38;2;0;0;0m                          
[38;2;0;0;0m            [38;2;163;122;68m██[38;2;13;10;5m██[38;2;0;0;0m                          
[38;2;0;0;0m          [38;2;42;31;17m  [38;2;192;144;80m██[38;2;153;105;85m██[38;2;18;12;12m  [38;2;0;0;0m                        
[38;2;0;0;0m        [38;2;51;38;21m  [38;2;186;139;77m██[38;2;192;144;80m████[38;2;162;120;72m██[38;2;144;108;60m██[38;2;123;87;63m██[38;2;0;0;0m                    
[38;2;0;0;0m        [38;2;68;51;28m██[38;2;179;131;81m██[38;2;167;119;83m██[38;2;192;144;80m██████████[38;2;169;121;83m██[38;2;47;35;20m██[38;2;13;8;8m  [38;2;0;0;0m        [38;2;48;36;20m██[38;2;12;9;5m██
[38;2;0;0;0m        [38;2;161;120;67m██[38;2;142;94;87m██[38;2;192;144;80m██████████████[38;2;191;143;80m██[38;2;132;91;72m██[38;2;0;0;0m    [38;2;144;108;60m████[38;2;181;137;78m██[38;2;37;29;19m██
[38;2;0;0;0m        [38;2;171;123;82m██[38;2;194;144;89m██[38;2;232;176;120m████[38;2;202;152;90m██[38;2;192;144;80m██[38;2;197;148;85m██[38;2;192;144;80m████[38;2;191;143;80m██[38;2;186;138;80m██[38;2;192;144;80m████████[38;2;113;84;47m  [38;2;0;0;0m  
[38;2;0;0;0m        [38;2;171;123;82m██[38;2;220;165;116m██[38;2;231;176;120m████[38;2;218;165;106m██[38;2;221;167;109m██[38;2;212;160;100m██[38;2;192;144;80m████[38;2;151;103;85m██[38;2;186;138;80m██[38;2;192;144;80m██████[38;2;158;123;75m██[38;2;0;0;0m    
[38;2;0;0;0m    [38;2;19;19;19m  [38;2;217;217;217m██[38;2;89;72;72m██[38;2;220;165;116m██[38;2;232;176;120m██████[38;2;202;152;90m██[38;2;190;145;92m██[38;2;159;123;76m██[38;2;150;102;85m██[38;2;192;144;80m████████[38;2;162;124;73m██[38;2;29;24;16m  [38;2;0;0;0m    
[38;2;0;0;0m    [38;2;76;76;76m██[38;2;167;172;177m██[38;2;124;120;124m██[38;2;214;163;114m██[38;2;231;176;120m██████[38;2;202;152;90m██[38;2;149;143;135m██[38;2;113;95;70m██[38;2;192;144;80m██████[38;2;186;140;79m██[38;2;82;63;39m██[38;2;26;21;14m  [38;2;0;0;0m      
[38;2;0;0;0m  [38;2;48;48;48m  [38;2;221;222;223m██[38;2;142;147;154m██[38;2;127;127;132m██[38;2;178;141;104m██[38;2;226;171;114m██[38;2;215;164;114m██[38;2;161;142;126m██[38;2;2;3;3m██[38;2;240;234;226m██[38;2;145;114;74m██[38;2;183;138;78m██[38;2;159;123;75m██[38;2;131;106;72m██[38;2;70;65;58m██[38;2;0;0;0m          
[38;2;0;0;0m  [38;2;171;171;171m██[38;2;148;152;159m██[38;2;173;174;182m██[38;2;25;25;26m██[38;2;135;135;141m██[38;2;80;67;52m██[38;2;96;94;96m██[38;2;183;148;102m██[38;2;145;109;61m██[38;2;174;141;97m██[38;2;95;83;67m██[38;2;87;78;66m██[38;2;64;64;64m██[38;2;92;81;67m██[38;2;81;74;64m██[38;2;96;78;54m██[38;2;0;0;0m        
[38;2;13;13;13m  [38;2;157;158;160m██[38;2;133;137;144m██[38;2;21;21;22m  [38;2;0;0;0m        [38;2;21;21;21m  [38;2;90;90;92m██[38;2;80;81;84m██[38;2;176;176;184m██[38;2;160;160;167m██[38;2;70;68;64m██[38;2;130;115;96m██[38;2;226;226;226m██[38;2;94;83;67m██[38;2;165;127;76m██[38;2;92;69;38m██[38;2;37;28;15m  [38;2;0;0;0m  
[38;2;54;54;54m██[38;2;138;145;151m██[38;2;121;121;127m██[38;2;0;0;0m            [38;2;42;42;44m  [38;2;79;80;83m██[38;2;91;91;93m██[38;2;102;93;80m██[38;2;73;73;73m██[38;2;229;229;229m██[38;2;151;156;162m██[38;2;94;94;96m██[38;2;69;67;64m██[38;2;62;50;34m██[38;2;37;28;15m  [38;2;0;0;0m  
[38;2;40;40;40m  [38;2;145;149;154m██[38;2;0;0;0m              [38;2;31;25;17m  [38;2;113;117;128m██[38;2;151;153;163m██[38;2;103;104;109m██[38;2;119;119;119m██[38;2;171;176;181m██[38;2;162;162;169m██[38;2;94;83;67m██[38;2;79;64;44m  [38;2;0;0;0m      
[38;2;0;0;0m  [38;2;163;163;163m██[38;2;0;0;0m            [38;2;43;35;24m  [38;2;127;103;71m██[38;2;65;66;68m██[38;2;206;208;212m██[38;2;128;129;130m██[38;2;241;241;242m██[38;2;157;161;168m██[38;2;94;92;91m██[38;2;112;94;70m██[38;2;80;65;45m  [38;2;0;0;0m      
[38;2;0;0;0m              [38;2;178;133;74m██[38;2;124;102;71m██[38;2;113;94;70m██[38;2;47;38;26m  [38;2;183;183;183m██[38;2;83;83;83m██[38;2;229;230;230m██[38;2;136;139;146m██[38;2;96;84;68m██[38;2;75;71;65m██[38;2;109;91;67m██[38;2;29;24;16m  [38;2;0;0;0m    
[38;2;0;0;0m              [38;2;44;33;18m  [38;2;129;104;72m██[38;2;18;17;17m██[38;2;0;0;0m    [38;2;121;121;121m██[38;2;143;149;155m██[38;2;103;104;107m██[38;2;192;144;80m██[38;2;140;111;73m██[38;2;13;13;13m  [38;2;0;0;0m      
[38;2;0;0;0m              [38;2;48;48;48m  [38;2;90;88;84m██[38;2;95;77;54m██[38;2;0;0;0m    [38;2;113;113;113m██[38;2;83;89;94m  [38;2;0;0;0m  [38;2;101;82;56m██[38;2;174;133;77m██[38;2;40;30;16m  [38;2;0;0;0m      
[38;2;0;0;0m              [38;2;48;48;48m  [38;2;42;40;36m██[38;2;0;0;0m      [38;2;113;113;113m██[38;2;0;0;0m    [38;2;22;17;9m██[38;2;192;144;80m██[38;2;95;82;65m██[38;2;29;24;16m  [38;2;0;0;0m    
[38;2;0;0;0m                        [38;2;85;85;85m  [38;2;0;0;0m  [38;2;36;36;36m  [38;2;150;118;118m██[38;2;87;87;87m██[38;2;155;122;118m██[38;2;34;29;21m██[38;2;0;0;0m    
[38;2;0;0;0m                            [38;2;36;36;36m  [38;2;54;54;54m  [38;2;39;39;39m  [38;2;54;54;54m██[38;2;4;4;4m  [38;2;0;0;0m    [0m
