
[38;2;0;0;0m        [38;2;21;20;14m██[38;2;62;60;42m██[38;2;0;0;0m                                  
[38;2;0;0;0m        [38;2;21;20;14m  [38;2;223;216;151m██[38;2;132;128;95m██[38;2;4;4;4m  [38;2;100;100;100m██[38;2;91;91;91m██[38;2;102;102;102m██[38;2;0;0;0m                        
[38;2;0;0;0m          [38;2;161;156;109m  [38;2;111;111;111m██[38;2;152;152;152m██[38;2;141;141;141m██[38;2;143;143;143m██[38;2;135;135;135m██[38;2;120;120;120m██[38;2;73;73;73m██[38;2;0;0;0m  [38;2;35;33;23m  [38;2;62;60;42m████[38;2;0;0;0m            
[38;2;0;0;0m          [38;2;78;78;78m  [38;2;152;152;152m██████[38;2;121;121;121m██[38;2;124;124;124m██[38;2;120;120;120m██[38;2;98;98;98m██[38;2;186;180;126m██[38;2;221;213;149m██[38;2;248;240;168m██[38;2;247;240;168m██[38;2;161;156;109m  [38;2;0;0;0m          
[38;2;0;0;0m          [38;2;104;104;104m██[38;2;129;129;129m██[38;2;143;143;143m██[38;2;133;133;133m██[38;2;120;120;120m██████[38;2;159;155;118m██[38;2;247;240;168m████[38;2;200;194;140m██[38;2;72;70;49m  [38;2;0;0;0m            
[38;2;0;0;0m        [38;2;31;31;31m  [38;2;116;116;116m██[38;2;120;120;120m██████████[38;2;78;78;78m██[38;2;87;86;77m██[38;2;242;234;164m██[38;2;110;108;89m██[38;2;14;14;14m  [38;2;0;0;0m              
[38;2;0;0;0m        [38;2;73;62;55m██[38;2;118;118;118m██[38;2;120;120;120m██████[38;2;106;106;106m██[38;2;75;57;57m██[38;2;247;247;247m██[38;2;168;160;156m██[38;2;96;80;72m██[38;2;41;34;31m██[38;2;0;0;0m                
[38;2;0;0;0m        [38;2;168;126;95m██[38;2;76;76;76m██[38;2;120;120;120m████[38;2;78;78;78m██[38;2;185;76;76m██[38;2;116;66;41m██[38;2;248;247;247m██[38;2;172;128;108m██[38;2;192;128;96m██[38;2;164;109;82m██[38;2;0;0;0m                
[38;2;0;0;0m      [38;2;39;26;19m  [38;2;197;144;104m██[38;2;119;97;80m██[38;2;103;87;75m████[38;2;190;136;101m██[38;2;145;105;87m██[38;2;222;91;83m██[38;2;138;97;83m██[38;2;160;112;88m██[38;2;100;82;73m██[38;2;181;122;93m██[38;2;55;39;27m████[38;2;0;0;0m            
[38;2;0;0;0m  [38;2;112;75;56m  [38;2;143;95;71m██[38;2;183;122;91m██[38;2;119;97;80m██[38;2;224;160;112m████████[38;2;201;137;100m██[38;2;192;128;96m██[38;2;96;80;72m██[38;2;180;155;142m██[38;2;97;80;72m██[38;2;158;109;88m██[38;2;224;160;112m████[38;2;146;104;73m  [38;2;0;0;0m          
[38;2;50;33;25m██[38;2;192;128;96m██[38;2;169;116;90m██[38;2;126;92;81m██[38;2;105;81;75m██[38;2;170;127;95m██[38;2;153;114;90m██[38;2;177;131;97m██[38;2;119;90;78m██[38;2;95;79;71m████[38;2;160;112;88m██[38;2;126;95;79m██[38;2;187;125;94m██[38;2;132;98;81m██[38;2;154;109;86m██[38;2;134;99;81m██[38;2;213;150;107m██[38;2;68;49;36m██[38;2;0;0;0m        
[38;2;35;25;21m██[38;2;105;83;74m██[38;2;115;110;108m██[38;2;59;53;51m██[38;2;30;22;20m██[38;2;96;74;68m██[38;2;201;195;141m██[38;2;114;91;81m██[38;2;96;80;72m██████[38;2;159;111;87m██[38;2;176;120;92m██[38;2;189;126;95m██[38;2;150;105;86m██[38;2;162;113;88m██[38;2;172;118;91m██[38;2;93;78;71m██[38;2;121;86;70m██[38;2;0;0;0m        
[38;2;0;0;0m  [38;2;145;145;145m  [38;2;33;33;33m  [38;2;0;0;0m    [38;2;175;170;123m██[38;2;220;213;152m██[38;2;248;240;168m██████[38;2;162;122;97m██[38;2;191;127;95m██[38;2;192;128;96m██[38;2;190;127;95m██[38;2;129;95;81m██[38;2;103;87;75m██[38;2;162;117;90m██[38;2;192;128;96m████[38;2;0;0;0m        
[38;2;0;0;0m        [38;2;16;16;16m  [38;2;98;87;82m██[38;2;107;99;88m██[38;2;110;108;90m██[38;2;169;165;123m██[38;2;248;240;168m██[38;2;232;221;157m██[38;2;138;98;84m██[38;2;192;128;96m██[38;2;99;82;73m██[38;2;183;135;99m██[38;2;224;160;112m████[38;2;212;148;106m██[38;2;129;96;80m██[38;2;0;0;0m        
[38;2;0;0;0m      [38;2;13;13;13m  [38;2;92;84;80m██[38;2;120;104;96m████[38;2;236;235;234m██[38;2;162;161;153m██[38;2;241;234;164m██[38;2;247;240;168m██[38;2;151;125;101m██[38;2;138;99;83m██[38;2;113;111;109m██[38;2;212;152;108m██[38;2;224;160;112m████[38;2;218;156;110m██[38;2;114;92;79m██[38;2;104;76;69m██[38;2;9;6;6m  [38;2;0;0;0m    
[38;2;0;0;0m    [38;2;43;29;21m  [38;2;77;69;65m██[38;2;120;104;96m████[38;2;103;92;86m██[38;2;107;106;106m██[38;2;131;120;129m██[38;2;241;234;164m██[38;2;248;240;168m██[38;2;206;192;144m██[38;2;112;84;77m██[38;2;114;114;114m██[38;2;176;150;139m██[38;2;152;110;90m██[38;2;224;160;112m██[38;2;104;87;76m██[38;2;87;74;70m██[38;2;120;88;80m██[38;2;69;60;57m██[38;2;89;65;59m██[38;2;23;17;15m  
[38;2;0;0;0m    [38;2;52;35;27m██[38;2;83;73;68m██[38;2;120;104;96m██[38;2;107;95;89m██[38;2;119;119;119m██[38;2;162;140;176m██[38;2;161;129;162m██[38;2;94;87;98m██[38;2;175;161;126m██[38;2;160;148;118m██[38;2;100;80;73m██[38;2;187;125;94m██[38;2;95;79;71m██[38;2;192;191;190m██[38;2;95;79;71m██[38;2;71;67;66m██[38;2;120;88;80m██[38;2;77;69;67m██[38;2;107;82;76m██[38;2;70;51;46m  [38;2;0;0;0m  
[38;2;0;0;0m    [38;2;9;6;6m  [38;2;92;71;66m██[38;2;78;74;72m██[38;2;138;122;148m██[38;2;138;120;150m██[38;2;151;117;145m██[38;2;171;145;182m██[38;2;176;152;192m██[38;2;79;77;72m██[38;2;201;195;141m██[38;2;150;105;86m██[38;2;192;128;96m████[38;2;162;113;88m██[38;2;192;128;96m██[38;2;102;80;74m██[38;2;105;81;75m██[38;2;104;76;69m██[38;2;30;22;20m██[38;2;0;0;0m    
[38;2;0;0;0m        [38;2;90;66;60m██[38;2;53;50;49m██[38;2;101;98;85m██[38;2;144;128;153m██[38;2;168;155;162m██[38;2;110;107;90m██[38;2;234;224;160m██[38;2;64;64;64m██[38;2;154;107;87m██[38;2;192;128;96m████[38;2;170;116;91m██[38;2;137;97;83m██[38;2;166;111;83m██[38;2;0;0;0m          
[38;2;0;0;0m            [38;2;53;50;37m██[38;2;151;140;111m██[38;2;159;147;117m██[38;2;204;190;142m██[38;2;123;112;87m██[38;2;16;16;16m██[38;2;128;92;81m██[38;2;192;128;96m████[38;2;126;91;81m██[38;2;192;128;96m██[38;2;41;27;20m  [38;2;0;0;0m          
[38;2;0;0;0m                        [38;2;97;97;97m  [38;2;151;127;121m██[38;2;164;122;105m██[38;2;195;149;127m██[38;2;90;66;60m██[38;2;0;0;0m            
[38;2;0;0;0m                          [38;2;62;62;62m██[38;2;43;39;38m██[38;2;56;56;56m  [38;2;0;0;0m              [0m
