
[38;2;0;0;0m                            [38;2;49;49;49m████[38;2;0;0;0m                      
[38;2;0;0;0m                          [38;2;49;49;49m██[38;2;255;255;255m██[38;2;156;180;213m██[38;2;49;49;49m██[38;2;0;0;0m                    
[38;2;0;0;0m                          [38;2;49;49;49m██[38;2;156;180;213m██[38;2;205;230;255m██[38;2;49;49;49m██[38;2;0;0;0m                    
[38;2;0;0;0m                            [38;2;49;49;49m██[38;2;205;230;255m██[38;2;49;49;49m██[38;2;0;0;0m                    
[38;2;0;0;0m                          [38;2;49;49;49m██[38;2;205;230;255m████[38;2;49;49;49m██[38;2;0;0;0m              [38;2;49;49;49m██████
[38;2;0;0;0m                            [38;2;49;49;49m██[38;2;205;230;255m██[38;2;49;49;49m██[38;2;0;0;0m            [38;2;49;49;49m██[38;2;255;255;255m████[38;2;49;49;49m██
[38;2;0;0;0m                      [38;2;49;49;49m██████[38;2;98;123;148m██[38;2;156;180;213m██[38;2;49;49;49m████[38;2;0;0;0m    [38;2;49;49;49m██████[38;2;255;255;255m██[38;2;189;189;189m██[38;2;49;49;49m██[38;2;0;0;0m  
[38;2;0;0;0m          [38;2;49;49;49m██████[38;2;0;0;0m  [38;2;49;49;49m████[38;2;205;230;255m████[38;2;49;49;49m██[38;2;205;230;255m██[38;2;82;82;82m██[38;2;205;230;255m████[38;2;49;49;49m██████[38;2;106;106;106m██[38;2;189;189;189m████[38;2;49;49;49m██[38;2;0;0;0m    
[38;2;0;0;0m  [38;2;49;49;49m████████[38;2;255;205;131m████[38;2;49;49;49m████[38;2;156;180;213m██[38;2;205;230;255m██[38;2;98;123;148m██[38;2;82;82;82m██[38;2;205;230;255m██████[38;2;82;82;82m████[38;2;156;180;213m██[38;2;82;82;82m████[38;2;106;106;106m██[38;2;82;82;82m██[38;2;49;49;49m██[38;2;0;0;0m      
[38;2;49;49;49m██[38;2;213;164;65m██[38;2;255;205;131m██[38;2;213;164;65m██[38;2;255;205;131m██[38;2;213;164;65m██████[38;2;156;180;213m██[38;2;205;230;255m██[38;2;98;123;148m██[38;2;82;82;82m██[38;2;205;230;255m██[38;2;255;90;139m██[38;2;98;123;148m██[38;2;156;180;213m██[38;2;205;230;255m██[38;2;82;82;82m██████[38;2;205;230;255m██[38;2;82;82;82m██[38;2;106;106;106m██[38;2;49;49;49m██[38;2;0;0;0m      
[38;2;49;49;49m██[38;2;82;82;82m██[38;2;213;164;65m██[38;2;255;205;131m████[38;2;213;164;65m████[38;2;82;82;82m██[38;2;213;164;65m██[38;2;82;82;82m██[38;2;49;49;49m██[38;2;205;230;255m██[38;2;98;123;148m██[38;2;255;90;139m██[38;2;205;230;255m████[38;2;156;180;213m██[38;2;205;230;255m██[38;2;82;82;82m██[38;2;106;106;106m██[38;2;82;82;82m██[38;2;205;230;255m██[38;2;49;49;49m██[38;2;0;0;0m        
[38;2;0;0;0m  [38;2;49;49;49m████████[38;2;255;205;131m██[38;2;49;49;49m██[38;2;82;82;82m██[38;2;205;230;255m██[38;2;49;49;49m████[38;2;98;123;148m██[38;2;205;230;255m██████████[38;2;98;123;148m██[38;2;205;230;255m██[38;2;49;49;49m████[38;2;205;230;255m██[38;2;49;49;49m██[38;2;0;0;0m        
[38;2;0;0;0m          [38;2;49;49;49m████[38;2;205;230;255m██[38;2;49;49;49m██[38;2;0;0;0m  [38;2;49;49;49m██[38;2;98;123;148m██[38;2;82;82;82m████[38;2;205;230;255m██[38;2;49;49;49m██[38;2;205;230;255m██[38;2;98;123;148m██[38;2;205;230;255m██[38;2;49;49;49m██[38;2;0;0;0m  [38;2;49;49;49m██[38;2;205;230;255m██[38;2;49;49;49m██[38;2;0;0;0m      
[38;2;0;0;0m            [38;2;49;49;49m██[38;2;205;230;255m██[38;2;49;49;49m██[38;2;0;0;0m  [38;2;49;49;49m██[38;2;156;180;213m██[38;2;82;82;82m██[38;2;106;106;106m██[38;2;205;230;255m██[38;2;49;49;49m██[38;2;156;180;213m██[38;2;98;123;148m██[38;2;156;180;213m██[38;2;49;49;49m██[38;2;0;0;0m  [38;2;49;49;49m██[38;2;205;230;255m██[38;2;49;49;49m██[38;2;0;0;0m      
[38;2;0;0;0m            [38;2;49;49;49m██[38;2;205;230;255m██[38;2;49;49;49m████[38;2;0;0;0m  [38;2;49;49;49m██[38;2;82;82;82m████[38;2;106;106;106m██[38;2;156;180;213m██[38;2;98;123;148m██[38;2;156;180;213m██[38;2;49;49;49m██[38;2;0;0;0m    [38;2;49;49;49m██[38;2;205;230;255m██[38;2;49;49;49m██[38;2;0;0;0m      
[38;2;0;0;0m              [38;2;49;49;49m██[38;2;106;106;106m████[38;2;49;49;49m██[38;2;0;0;0m  [38;2;49;49;49m████[38;2;189;74;115m████[38;2;49;49;49m████[38;2;0;0;0m    [38;2;49;49;49m████[38;2;205;230;255m██[38;2;49;49;49m██[38;2;0;0;0m      
[38;2;0;0;0m              [38;2;49;49;49m██[38;2;106;106;106m██[38;2;82;82;82m██[38;2;49;49;49m██[38;2;0;0;0m    [38;2;49;49;49m██[38;2;205;230;255m██[38;2;255;90;139m██[38;2;49;49;49m██[38;2;0;0;0m    [38;2;49;49;49m██[38;2;82;82;82m██[38;2;189;106;82m██[38;2;49;49;49m██[38;2;0;0;0m        
[38;2;0;0;0m        [38;2;49;49;49m██[38;2;0;0;0m  [38;2;49;49;49m██[38;2;106;106;106m██[38;2;82;82;82m██[38;2;205;230;255m██[38;2;49;49;49m██[38;2;0;0;0m      [38;2;49;49;49m████[38;2;0;0;0m      [38;2;49;49;49m██[38;2;189;106;82m██████[38;2;49;49;49m██[38;2;0;0;0m      
[38;2;0;0;0m      [38;2;49;49;49m██[38;2;106;106;106m██[38;2;49;49;49m██[38;2;106;106;106m██[38;2;49;49;49m██[38;2;106;106;106m██[38;2;82;82;82m██[38;2;205;230;255m██[38;2;49;49;49m████[38;2;0;0;0m        [38;2;49;49;49m████[38;2;180;205;238m██[38;2;49;49;49m██[38;2;189;106;82m██[38;2;148;74;57m██[38;2;49;49;49m██[38;2;0;0;0m      
[38;2;0;0;0m      [38;2;49;49;49m████[38;2;106;106;106m██[38;2;49;49;49m██[38;2;0;0;0m  [38;2;49;49;49m██████[38;2;205;230;255m████[38;2;49;49;49m████████[38;2;205;230;255m████[38;2;49;49;49m██[38;2;189;106;82m██[38;2;148;74;57m██[38;2;49;49;49m██[38;2;0;0;0m        
[38;2;0;0;0m        [38;2;49;49;49m████[38;2;0;0;0m          [38;2;49;49;49m████[38;2;205;230;255m████████[38;2;49;49;49m████[38;2;0;0;0m  [38;2;49;49;49m██[38;2;189;106;82m████[38;2;49;49;49m██[38;2;0;0;0m      
[38;2;0;0;0m                          [38;2;49;49;49m████████[38;2;0;0;0m      [38;2;49;49;49m██[38;2;189;106;82m██[38;2;49;49;49m██[38;2;0;0;0m        
[38;2;0;0;0m                                          [38;2;49;49;49m██[38;2;189;106;82m██[38;2;49;49;49m██[38;2;0;0;0m      
[38;2;0;0;0m                                          [38;2;49;49;49m████[38;2;0;0;0m        [0m
