
[38;2;0;0;0m          ██████                            
[38;2;0;0;0m  ████  ██[38;2;206;214;214m████[38;2;148;156;156m██[38;2;0;0;0m██                          
[38;2;0;0;0m██[38;2;205;214;213m████[38;2;0;4;0m██[38;2;127;129;127m██[38;2;206;214;214m████[38;2;143;149;151m██[38;2;0;4;8m██[38;2;0;0;0m                          
[38;2;0;0;0m██[38;2;205;214;213m██[38;2;189;198;197m██[38;2;255;255;255m██[38;2;127;129;127m██[38;2;115;119;115m██[38;2;145;151;148m██[38;2;214;222;222m██[38;2;143;149;151m██[38;2;0;0;0m████                      
[38;2;0;0;0m  [38;2;0;4;0m██[38;2;255;255;255m██[38;2;0;12;16m██[38;2;222;239;238m██[38;2;115;115;115m████[38;2;115;119;115m██[38;2;198;204;203m██[38;2;206;214;214m██[38;2;148;156;156m██[38;2;0;0;0m██      ██████        
[38;2;0;0;0m  [38;2;0;4;0m██[38;2;170;171;170m██[38;2;222;239;238m██[38;2;111;125;127m██[38;2;107;206;219m██[38;2;115;115;115m██[38;2;198;204;203m██[38;2;239;247;247m██[38;2;206;214;214m██[38;2;148;156;156m██[38;2;0;0;0m████  ██[38;2;206;214;214m████[38;2;148;156;156m██[38;2;0;0;0m██      
[38;2;0;0;0m██[38;2;206;217;214m████[38;2;74;66;66m██[38;2;99;148;147m████[38;2;74;66;66m██[38;2;239;247;247m██[38;2;198;204;203m██[38;2;148;156;156m██[38;2;66;66;66m██[38;2;206;217;214m████[38;2;0;0;0m██[38;2;137;143;137m██[38;2;203;208;208m████[38;2;154;159;159m██[38;2;0;0;0m██      
[38;2;0;0;0m██[38;2;206;217;214m████[38;2;91;121;120m██[38;2;74;66;66m████[38;2;91;121;120m██[38;2;115;119;115m██[38;2;198;204;203m██[38;2;148;156;156m██[38;2;66;66;66m██[38;2;206;217;214m████[38;2;206;214;206m██[38;2;137;143;137m██[38;2;115;115;115m██[38;2;203;208;208m██[38;2;231;239;239m██[38;2;154;159;159m██[38;2;0;0;0m████  
[38;2;0;0;0m  ████[38;2;206;214;214m██[38;2;107;109;107m██[38;2;0;0;0m██[38;2;137;143;137m██[38;2;206;214;214m██████[38;2;148;156;156m██[38;2;66;66;66m██[38;2;198;206;206m██[38;2;101;126;128m████[38;2;104;123;123m██[38;2;214;255;254m██[38;2;203;208;208m████[38;2;206;214;214m██[38;2;148;156;156m██[38;2;0;0;0m██
[38;2;0;0;0m      [38;2;8;4;0m██[38;2;206;214;214m██[38;2;206;214;206m██[38;2;137;143;137m██[38;2;148;156;156m██[38;2;206;214;214m████[38;2;148;156;156m██[38;2;66;66;66m██[38;2;198;206;206m██[38;2;255;255;255m██[38;2;101;126;128m██[38;2;159;189;188m██[38;2;104;123;123m██[38;2;115;115;115m██[38;2;203;208;208m██[38;2;206;214;214m██[38;2;148;156;156m██[38;2;0;0;0m██
[38;2;0;0;0m      ██[38;2;206;214;214m██[38;2;214;222;222m██[38;2;143;148;148m██[38;2;0;0;0m██████[38;2;66;66;66m██[38;2;211;217;216m██[38;2;255;255;255m██[38;2;0;0;0m██[38;2;143;165;164m██[38;2;99;148;147m██[38;2;74;66;66m██[38;2;107;109;107m██[38;2;206;214;214m██[38;2;148;156;156m██[38;2;0;0;0m██  
[38;2;0;0;0m        ██████      ██[38;2;211;217;216m██[38;2;189;198;197m██[38;2;214;247;246m██[38;2;71;82;82m██[38;2;74;66;66m██[38;2;91;121;120m██[38;2;8;4;0m██[38;2;206;214;214m██[38;2;148;156;156m██[38;2;0;0;0m██  
[38;2;0;0;0m                      ████[38;2;206;214;214m██[38;2;107;109;107m██[38;2;115;119;115m████[38;2;206;214;214m██████[38;2;148;156;156m██[38;2;0;0;0m██
[38;2;0;0;0m                          [38;2;8;4;0m██[38;2;206;214;214m████[38;2;145;151;148m██[38;2;148;156;156m██[38;2;206;214;214m████[38;2;148;156;156m██[38;2;0;0;0m██
[38;2;0;0;0m                          ██[38;2;206;214;214m██[38;2;214;222;222m██[38;2;143;148;148m██[38;2;0;0;0m████████  
[38;2;0;0;0m                            ██████          [0m
