
[38;2;0;0;0m            ██████████                                                  
[38;2;0;0;0m    ████████[38;2;103;103;91m██[38;2;222;222;222m████[38;2;222;222;214m██[38;2;111;111;107m██[38;2;0;0;0m██                ██████████                      
[38;2;0;0;0m  ██[38;2;111;111;107m██[38;2;206;207;203m██[38;2;107;111;99m██[38;2;107;103;91m██[38;2;222;222;222m██[38;2;222;225;219m████[38;2;222;222;222m██[38;2;107;103;91m██[38;2;107;111;103m██[38;2;0;0;0m████  ██████  ██[38;2;173;173;173m██[38;2;170;176;173m████[38;2;170;178;170m██[38;2;102;118;126m██[38;2;0;0;0m██  ██████            
[38;2;0;0;0m  ██[38;2;222;222;214m██[38;2;206;207;203m██[38;2;255;255;255m██[38;2;222;222;222m████[38;2;222;225;219m████[38;2;222;222;222m████[38;2;214;222;206m██[38;2;107;111;103m██[38;2;66;66;66m██[38;2;0;0;0m██[38;2;173;173;173m████[38;2;99;115;127m██[38;2;0;0;0m██[38;2;173;173;173m████[38;2;170;176;173m████[38;2;170;178;170m████[38;2;99;115;127m██[38;2;0;0;0m██[38;2;173;173;173m████[38;2;99;115;127m██[38;2;0;0;0m██          
[38;2;0;0;0m  ██[38;2;222;222;222m██[38;2;247;247;247m██[38;2;0;0;0m██[38;2;255;255;255m██[38;2;140;140;134m██[38;2;148;148;140m████[38;2;219;219;217m████[38;2;222;225;219m████[38;2;103;103;91m██[38;2;66;66;66m██[38;2;170;176;170m████[38;2;173;173;173m██[38;2;66;66;66m██████[38;2;66;61;58m████[38;2;165;173;173m████[38;2;170;176;173m████████[38;2;170;178;170m██[38;2;102;118;126m██[38;2;0;0;0m██        
[38;2;0;0;0m    ██[38;2;247;247;247m████[38;2;82;82;74m████[38;2;82;79;69m██[38;2;148;148;140m████[38;2;255;255;255m██[38;2;222;225;219m████[38;2;103;103;91m██[38;2;66;66;66m████████[38;2;102;102;102m██[38;2;222;222;222m████[38;2;214;222;214m██[38;2;115;115;110m██[38;2;60;63;68m██[38;2;113;118;121m██[38;2;170;176;173m████████[38;2;170;178;170m██[38;2;102;118;126m██[38;2;0;0;0m██        
[38;2;0;0;0m    ██[38;2;148;148;140m██[38;2;82;79;69m██[38;2;74;123;122m██[38;2;96;156;165m██[38;2;85;118;119m██[38;2;79;79;69m██[38;2;255;255;255m██████[38;2;107;107;91m██[38;2;66;61;58m██[38;2;115;115;110m██[38;2;222;222;222m██[38;2;107;103;91m████[38;2;222;222;222m██[38;2;222;225;219m████[38;2;222;222;222m██[38;2;107;103;91m██[38;2;109;112;104m██[38;2;57;57;49m██[38;2;66;66;66m██[38;2;170;176;170m██[38;2;170;176;173m████[38;2;99;115;127m██[38;2;0;0;0m██          
[38;2;0;0;0m    ██[38;2;148;148;140m██[38;2;82;79;69m██[38;2;96;156;165m████[38;2;90;156;170m██[38;2;79;79;69m██[38;2;148;150;140m██[38;2;255;255;255m██[38;2;206;206;200m██[38;2;107;107;91m██[38;2;66;61;58m██[38;2;214;222;214m██[38;2;222;222;222m████████[38;2;222;225;219m████[38;2;222;222;222m████[38;2;214;222;214m██[38;2;109;112;104m██[38;2;66;66;66m████[38;2;170;176;173m████[38;2;99;115;127m██[38;2;0;0;0m██          
[38;2;0;0;0m  ██[38;2;222;222;222m██[38;2;151;149;143m██[38;2;79;77;71m██[38;2;85;118;119m██[38;2;90;156;170m██[38;2;103;115;111m██[38;2;74;82;74m██[38;2;148;148;140m████[38;2;222;222;222m██[38;2;107;103;91m██[38;2;66;61;58m██[38;2;214;222;214m██[38;2;222;222;222m████[38;2;66;66;66m████[38;2;57;70;73m██[38;2;206;231;230m██[38;2;222;225;219m████████[38;2;103;103;91m██[38;2;66;66;66m██[38;2;170;178;170m██████[38;2;102;118;126m██[38;2;0;0;0m████      
[38;2;0;0;0m  ██[38;2;222;222;222m██[38;2;222;222;214m██[38;2;151;149;143m██[38;2;79;79;69m████[38;2;74;82;74m██[38;2;132;148;148m██[38;2;148;148;140m██[38;2;222;222;222m██████[38;2;115;115;110m██[38;2;66;61;58m██[38;2;222;222;222m██[38;2;66;66;66m██[38;2;115;214;211m██[38;2;99;165;163m██[38;2;131;150;151m██[38;2;57;70;73m██[38;2;222;225;219m████████[38;2;103;103;91m██[38;2;66;66;66m██[38;2;102;118;126m██[38;2;170;178;170m██████[38;2;165;173;181m██[38;2;110;115;121m██[38;2;0;0;0m██    
[38;2;0;0;0m  ██[38;2;103;103;91m██[38;2;222;222;214m████[38;2;148;148;143m██[38;2;0;0;0m██[38;2;148;148;140m████[38;2;222;222;222m████████[38;2;103;103;91m██[38;2;66;66;66m████[38;2;115;214;211m██████[38;2;96;158;165m████[38;2;66;66;66m██[38;2;222;222;222m████[38;2;107;103;91m██[38;2;66;66;66m██[38;2;170;176;170m██[38;2;66;66;66m██[38;2;0;0;0m██[38;2;63;60;58m██[38;2;173;173;173m██[38;2;170;178;170m██[38;2;102;118;126m██[38;2;0;0;0m██    
[38;2;0;0;0m    ████[38;2;111;111;107m██[38;2;222;222;214m██[38;2;0;0;0m██[38;2;222;222;222m████[38;2;107;103;91m████[38;2;222;222;222m██[38;2;107;103;91m██[38;2;66;66;66m██████[38;2;99;165;163m██[38;2;115;214;211m██[38;2;94;158;166m██[38;2;96;158;165m████[38;2;66;66;66m██[38;2;222;222;222m████[38;2;107;103;91m██[38;2;66;66;66m██[38;2;170;176;170m██[38;2;0;0;0m████[38;2;8;4;0m██[38;2;173;173;173m██[38;2;170;178;170m██[38;2;102;118;126m██[38;2;0;0;0m██    
[38;2;0;0;0m        ██[38;2;222;222;222m████[38;2;222;222;214m██[38;2;111;111;107m██[38;2;103;103;91m██[38;2;0;0;0m████[38;2;66;66;66m████[38;2;222;222;222m██[38;2;57;66;65m██[38;2;107;121;117m██[38;2;96;156;165m████[38;2;90;165;170m██[38;2;76;118;119m██[38;2;66;66;66m██[38;2;222;222;222m████[38;2;107;103;91m██[38;2;66;66;66m██[38;2;173;173;173m██[38;2;63;60;58m██[38;2;8;4;0m██[38;2;60;63;68m██[38;2;165;173;173m██[38;2;165;173;181m██[38;2;110;115;121m██[38;2;0;0;0m██    
[38;2;0;0;0m          ██████████    ██[38;2;66;66;66m██[38;2;222;222;222m██[38;2;206;231;222m██[38;2;57;66;65m██[38;2;74;123;122m████[38;2;76;118;119m██[38;2;63;71;68m██[38;2;222;222;222m████████[38;2;102;102;102m██[38;2;66;66;66m██[38;2;173;173;173m████[38;2;165;173;173m██[38;2;113;118;121m██[38;2;0;0;0m████      
[38;2;0;0;0m                          ██[38;2;103;103;91m██[38;2;222;222;214m████[38;2;66;66;66m██████[38;2;222;222;222m██████████[38;2;103;103;91m██[38;2;66;66;66m██[38;2;170;178;170m████[38;2;99;115;127m██[38;2;0;0;0m██          
[38;2;0;0;0m                            ██[38;2;57;57;57m██[38;2;112;112;109m██[38;2;222;222;222m████████[38;2;107;103;91m████[38;2;222;222;222m██[38;2;107;103;91m██[38;2;66;66;66m████[38;2;170;178;170m██[38;2;102;118;126m██[38;2;0;0;0m██            
[38;2;0;0;0m                          ██[38;2;85;58;64m██[38;2;66;66;66m████[38;2;74;61;58m██[38;2;239;214;207m██[38;2;214;222;214m██[38;2;115;115;110m██[38;2;93;101;104m██[38;2;66;66;66m████████[38;2;170;176;170m██[38;2;170;178;170m██[38;2;102;118;126m██[38;2;0;0;0m██            
[38;2;0;0;0m                  ████████[38;2;170;115;127m██[38;2;255;173;191m██[38;2;255;148;175m████[38;2;156;137;132m██[38;2;74;61;58m██[38;2;66;61;58m████[38;2;66;66;66m██[38;2;107;119;123m██[38;2;170;176;170m████████[38;2;170;178;170m████[38;2;99;115;127m██[38;2;0;0;0m██          
[38;2;0;0;0m    ████    ██████[38;2;222;222;222m████[38;2;222;222;214m██[38;2;189;115;117m██[38;2;255;123;143m████[38;2;255;126;143m████[38;2;255;132;143m██[38;2;206;103;110m██[38;2;222;222;222m████[38;2;222;231;222m██[38;2;66;66;66m██[38;2;170;178;170m████[38;2;173;173;173m████[38;2;170;178;170m████[38;2;107;119;131m██[38;2;8;4;0m██[38;2;0;0;0m  ████    
[38;2;0;0;0m    ██[38;2;173;173;173m██[38;2;0;0;0m████[38;2;173;173;173m██████[38;2;74;74;66m████[38;2;222;222;214m██[38;2;173;61;69m██[38;2;203;111;107m██[38;2;255;123;143m██[38;2;255;126;143m████[38;2;206;103;110m██[38;2;156;74;76m██[38;2;222;222;222m██[38;2;82;82;66m██[38;2;66;66;66m██[38;2;170;176;170m██[38;2;170;178;170m██[38;2;102;118;126m██[38;2;0;0;0m██[38;2;173;173;173m██[38;2;170;178;170m██[38;2;102;118;126m██[38;2;57;61;65m████[38;2;0;0;0m██[38;2;173;173;173m██[38;2;0;0;0m██    
[38;2;0;0;0m      [38;2;8;12;8m██[38;2;157;163;157m██[38;2;94;99;94m██[38;2;0;0;0m████[38;2;66;66;66m██[38;2;82;82;66m██[38;2;222;222;222m██████[38;2;156;66;76m████████[38;2;107;74;75m██[38;2;222;222;222m██████[38;2;74;70;66m████[38;2;99;115;127m██[38;2;0;0;0m██  ████████[38;2;94;99;94m██[38;2;173;181;173m██[38;2;0;4;0m██[38;2;0;0;0m      
[38;2;0;0;0m    ██[38;2;231;239;231m██[38;2;82;88;82m██[38;2;0;0;0m██    ██[38;2;222;222;222m████[38;2;82;82;66m████[38;2;222;222;222m████████[38;2;107;74;75m████[38;2;82;82;66m██[38;2;222;222;222m████[38;2;74;70;66m██[38;2;0;0;0m██            ██[38;2;86;92;86m██[38;2;173;181;173m██[38;2;0;0;0m██    
[38;2;0;0;0m    ██[38;2;222;222;222m██[38;2;0;0;0m██      ██[38;2;82;80;69m████[38;2;82;78;70m██[38;2;0;0;0m██[38;2;79;80;71m██[38;2;222;231;214m██[38;2;222;222;222m██[38;2;82;82;66m██[38;2;82;78;70m██[38;2;0;0;0m██[38;2;82;80;69m████[38;2;82;78;70m██[38;2;0;0;0m██                ██[38;2;222;222;222m██[38;2;0;0;0m██    
[38;2;0;0;0m    ██[38;2;222;222;222m████[38;2;0;0;0m██      ██████  [38;2;8;4;0m██[38;2;79;80;71m██[38;2;82;82;66m████[38;2;0;0;0m██  ██████                ██[38;2;222;222;222m████[38;2;0;0;0m██    
[38;2;0;0;0m    ██[38;2;107;103;91m██[38;2;222;222;222m████[38;2;0;0;0m████            ██████                      ████[38;2;222;222;222m████[38;2;107;103;91m██[38;2;0;0;0m██    
[38;2;0;0;0m  ██[38;2;222;222;222m████[38;2;107;103;91m██[38;2;222;222;222m██████[38;2;0;0;0m████████                        ████████[38;2;222;222;222m██████[38;2;107;103;91m██[38;2;222;222;222m████[38;2;0;0;0m██  
[38;2;0;0;0m██[38;2;222;222;222m████[38;2;103;103;91m██[38;2;0;0;0m██[38;2;222;222;222m████[38;2;222;225;219m████████[38;2;222;222;222m██[38;2;0;0;0m██████████[38;2;0;4;0m████[38;2;0;0;0m██████████[38;2;222;222;222m██[38;2;222;225;219m████████[38;2;222;222;222m████[38;2;0;0;0m██[38;2;103;103;91m██[38;2;222;222;222m████[38;2;0;0;0m██
[38;2;0;0;0m  ██████  ████[38;2;222;225;219m████████[38;2;222;222;222m████████[38;2;222;222;214m██[38;2;111;111;107m██[38;2;173;181;173m██[38;2;86;92;86m██[38;2;222;222;222m████████████[38;2;222;225;219m████████[38;2;0;0;0m████  ██████  
[38;2;0;0;0m              ████████[38;2;222;222;222m████████[38;2;88;88;82m██[38;2;231;239;231m██[38;2;222;222;217m████[38;2;111;111;107m██[38;2;222;222;214m██[38;2;222;222;222m████████[38;2;0;0;0m████████              
[38;2;0;0;0m                      ████████[38;2;16;12;8m██[38;2;159;163;157m██[38;2;222;222;217m██[38;2;173;173;173m██[38;2;0;0;0m████████████                      
[38;2;0;0;0m                                ██[38;2;222;222;222m██[38;2;0;0;0m██                                  
[38;2;0;0;0m                                  ██                                    [0m
