
[38;2;0;0;0m      [38;2;181;173;93m██████[38;2;0;0;0m                [38;2;181;173;93m████[38;2;0;0;0m        [38;2;181;173;93m██████[38;2;0;0;0m    
[38;2;0;0;0m    [38;2;181;176;90m██[38;2;247;247;151m██████[38;2;181;173;93m██[38;2;0;0;0m            [38;2;181;173;93m██[38;2;247;247;151m████[38;2;181;173;93m██[38;2;0;0;0m    [38;2;181;173;93m██[38;2;214;214;118m██[38;2;247;247;151m████[38;2;181;173;93m██[38;2;0;0;0m  
[38;2;0;0;0m  [38;2;181;173;93m██[38;2;214;211;121m██[38;2;247;247;151m████████[38;2;181;173;93m██[38;2;0;0;0m          [38;2;181;173;93m██[38;2;247;247;151m████[38;2;181;173;93m██[38;2;0;0;0m  [38;2;181;173;93m████[38;2;247;247;151m████████[38;2;181;173;93m██
[38;2;0;0;0m  [38;2;181;173;93m██[38;2;214;214;118m████[38;2;247;247;151m██████[38;2;181;173;93m██[38;2;0;0;0m            [38;2;181;173;93m████[38;2;0;0;0m  [38;2;181;173;93m██[38;2;214;217;118m████[38;2;247;247;151m████████[38;2;181;173;93m██
[38;2;0;0;0m    [38;2;181;173;93m████[38;2;214;214;118m████[38;2;181;173;93m██[38;2;0;0;0m        ████        [38;2;181;173;93m██[38;2;214;217;118m████[38;2;247;247;151m██████[38;2;181;173;93m██[38;2;0;0;0m  
[38;2;0;0;0m        [38;2;181;173;93m████[38;2;0;0;0m        [38;2;8;8;0m██[38;2;156;165;252m████[38;2;8;8;0m██[38;2;0;0;0m        [38;2;181;173;93m██[38;2;214;214;118m██[38;2;214;211;121m██[38;2;247;247;151m██████[38;2;181;173;93m██
[38;2;0;0;0m  [38;2;181;173;93m████[38;2;0;0;0m      ████  ██[38;2;57;60;84m██[38;2;107;113;168m████[38;2;57;60;84m██[38;2;0;0;0m██        [38;2;181;173;93m██[38;2;181;176;90m██[38;2;247;247;151m████[38;2;181;173;93m████
[38;2;181;173;93m██[38;2;214;214;118m████[38;2;181;173;93m██[38;2;0;0;0m  ██[38;2;107;115;187m██[38;2;82;90;122m██[38;2;0;0;0m██[38;2;156;156;252m████[38;2;106;115;186m████[38;2;156;156;252m████[38;2;0;0;0m██████      [38;2;181;173;93m██████[38;2;0;0;0m  
[38;2;181;173;93m██[38;2;214;214;118m████[38;2;181;173;93m██[38;2;0;0;0m  ██[38;2;82;90;122m██[38;2;107;115;187m██[38;2;156;156;252m████████████████[38;2;104;110;168m██[38;2;156;165;252m██[38;2;0;0;0m██            
[38;2;0;0;0m  [38;2;181;173;93m████[38;2;0;0;0m      [38;2;0;0;24m██[38;2;231;231;255m██[38;2;156;156;252m██████████████████[38;2;104;105;171m██[38;2;0;0;0m██            
[38;2;0;0;0m          ██[38;2;154;154;178m██[38;2;231;231;255m██[38;2;156;156;252m██████████████████[38;2;0;4;8m██[38;2;0;0;0m        [38;2;181;173;93m██[38;2;0;0;0m    
[38;2;0;0;0m          ██[38;2;156;156;252m████████████[38;2;0;0;0m██[38;2;255;255;255m██[38;2;107;115;211m██[38;2;156;162;226m██[38;2;148;148;252m██[38;2;57;61;65m██[38;2;0;0;0m██    [38;2;181;173;93m██[38;2;247;247;151m██[38;2;181;173;93m██[38;2;0;0;0m  
[38;2;0;0;0m        ██[38;2;107;115;187m██[38;2;66;66;66m██[38;2;156;156;252m████████[38;2;255;255;255m████████[38;2;156;162;226m██[38;2;118;119;190m████[38;2;82;90;122m██[38;2;0;0;0m██    [38;2;181;173;93m██[38;2;0;0;0m    
[38;2;0;0;0m        ██[38;2;107;115;187m██[38;2;222;181;198m██[38;2;57;49;65m██[38;2;82;66;58m██[38;2;189;156;237m██[38;2;156;156;252m████████[38;2;66;66;66m██[38;2;107;115;187m████████[38;2;0;0;0m██          
[38;2;0;0;0m          ██[38;2;112;93;109m██[38;2;167;137;154m██[38;2;135;111;147m██[38;2;82;66;58m██[38;2;66;66;66m████████[38;2;107;115;187m██████[38;2;82;90;122m██[38;2;0;0;0m██            
[38;2;0;0;0m            [38;2;0;4;0m██[38;2;107;119;187m██[38;2;198;99;126m████████[38;2;247;247;255m██[38;2;57;74;137m██[38;2;107;118;187m████[38;2;107;115;187m██[38;2;0;0;0m██              
[38;2;0;0;0m      [38;2;181;173;93m████[38;2;0;0;0m██[38;2;71;81;125m██[38;2;107;119;187m██[38;2;214;206;214m████[38;2;107;115;187m████[38;2;120;132;176m████[38;2;107;118;187m████[38;2;107;115;187m██[38;2;0;0;0m██              
[38;2;0;0;0m    [38;2;181;173;93m██[38;2;214;214;118m████[38;2;0;0;0m██[38;2;115;119;179m██[38;2;57;59;89m██[38;2;121;121;166m██[38;2;181;181;245m██[38;2;156;156;252m██[38;2;214;206;214m████[38;2;107;115;187m██████[38;2;66;66;66m██[38;2;82;91;122m██[38;2;0;0;0m██            
[38;2;0;0;0m    [38;2;181;173;93m██[38;2;214;214;118m██████[38;2;0;0;0m████[38;2;0;0;8m██[38;2;181;181;245m██[38;2;214;206;214m██[38;2;156;156;252m██[38;2;107;115;187m██████[38;2;0;0;0m██[38;2;82;91;122m████[38;2;0;0;0m██            
[38;2;0;0;0m  [38;2;181;173;93m██[38;2;214;214;118m████████[38;2;181;173;93m██[38;2;0;0;0m    ████[38;2;107;115;187m██[38;2;214;206;214m██[38;2;0;0;0m████  ████              
[38;2;0;0;0m  [38;2;181;173;93m████[38;2;214;214;118m████[38;2;181;173;93m██[38;2;0;0;0m    [38;2;181;173;93m██[38;2;0;0;0m    ████          [38;2;181;173;93m████[38;2;0;0;0m          
[38;2;0;0;0m    [38;2;181;173;93m██████[38;2;0;0;0m    [38;2;181;173;93m██[38;2;214;214;118m██[38;2;181;173;93m██[38;2;0;0;0m            [38;2;181;173;93m████[38;2;247;247;151m████[38;2;181;173;93m██[38;2;0;0;0m        
[38;2;0;0;0m                [38;2;181;173;93m██[38;2;0;0;0m            [38;2;181;173;93m██[38;2;247;247;151m████████[38;2;214;214;118m██[38;2;181;173;93m██[38;2;0;0;0m      
[38;2;0;0;0m                              [38;2;181;173;93m██[38;2;247;247;151m██████[38;2;214;211;121m██[38;2;214;214;118m██[38;2;181;173;93m██[38;2;0;0;0m      
[38;2;0;0;0m                                [38;2;181;173;93m██[38;2;247;247;151m████[38;2;181;176;90m██[38;2;181;173;93m██[38;2;0;0;0m        
[38;2;0;0;0m                                  [38;2;181;173;93m████[38;2;0;0;0m            [0m
