
[38;2;0;0;0m              [38;2;49;49;49m██████[38;2;0;0;0m                              
[38;2;0;0;0m            [38;2;49;49;49m██[38;2;230;189;123m████[38;2;197;148;90m██[38;2;49;49;49m████[38;2;0;0;0m                          
[38;2;0;0;0m          [38;2;49;49;49m██[38;2;197;148;90m██[38;2;230;189;123m████[38;2;82;82;82m██[38;2;230;189;123m██[38;2;197;148;90m██[38;2;49;49;49m██[38;2;0;0;0m                        
[38;2;0;0;0m          [38;2;49;49;49m██[38;2;230;189;123m████[38;2;148;106;74m██[38;2;230;189;123m██████[38;2;197;148;90m██[38;2;49;49;49m██[38;2;0;0;0m                      
[38;2;0;0;0m        [38;2;49;49;49m██[38;2;255;255;255m██[38;2;82;82;82m██[38;2;230;189;123m██[38;2;197;148;90m██[38;2;230;189;123m████[38;2;197;148;90m██[38;2;82;82;82m██[38;2;49;49;49m██[38;2;0;0;0m                      
[38;2;0;0;0m  [38;2;49;49;49m████[38;2;0;0;0m  [38;2;49;49;49m██[38;2;115;115;115m██[38;2;82;82;82m██████[38;2;255;255;255m██[38;2;82;82;82m██████[38;2;230;189;123m██[38;2;49;49;49m██[38;2;0;0;0m                    
[38;2;49;49;49m██[38;2;230;189;123m██[38;2;197;148;90m██[38;2;49;49;49m██[38;2;115;115;115m██[38;2;82;82;82m████[38;2;230;189;123m██[38;2;82;82;82m██[38;2;115;115;115m██[38;2;82;82;82m██████[38;2;230;189;123m████[38;2;49;49;49m██[38;2;0;0;0m                  
[38;2;49;49;49m██[38;2;115;115;115m██[38;2;230;189;123m████████[38;2;115;115;115m████[38;2;230;189;123m██[38;2;82;82;82m██████[38;2;230;189;123m██████[38;2;49;49;49m██[38;2;0;0;0m                  
[38;2;49;49;49m██[38;2;230;189;123m██[38;2;197;148;90m██[38;2;230;189;123m██[38;2;115;115;115m██[38;2;230;189;123m██████[38;2;197;148;90m████████[38;2;82;82;82m██[38;2;230;189;123m██[38;2;197;148;90m██[38;2;49;49;49m██[38;2;0;0;0m                  
[38;2;0;0;0m  [38;2;49;49;49m██[38;2;255;255;255m██[38;2;49;49;49m██[38;2;230;189;123m████[38;2;197;148;90m████[38;2;82;82;82m████[38;2;255;255;255m██[38;2;82;82;82m██[38;2;197;148;90m████[38;2;49;49;49m██[38;2;0;0;0m            [38;2;49;49;49m██[38;2;0;0;0m      
[38;2;0;0;0m    [38;2;49;49;49m██[38;2;0;0;0m  [38;2;49;49;49m██[38;2;255;255;255m██[38;2;82;82;82m████[38;2;222;123;156m████[38;2;82;82;82m██[38;2;197;148;90m██[38;2;82;82;82m██[38;2;230;189;123m████[38;2;49;49;49m██[38;2;0;0;0m    [38;2;49;49;49m██[38;2;0;0;0m  [38;2;49;49;49m██[38;2;115;115;115m██[38;2;49;49;49m██████
[38;2;0;0;0m          [38;2;49;49;49m████[38;2;197;148;90m██[38;2;115;115;115m████[38;2;82;82;82m████[38;2;230;189;123m████[38;2;197;148;90m██[38;2;49;49;49m██[38;2;0;0;0m  [38;2;49;49;49m██[38;2;115;115;115m██[38;2;49;49;49m██[38;2;82;82;82m██████[38;2;230;189;123m██[38;2;49;49;49m██
[38;2;0;0;0m              [38;2;49;49;49m██[38;2;82;82;82m██[38;2;230;189;123m████[38;2;115;115;115m██[38;2;230;189;123m██[38;2;82;82;82m████[38;2;148;106;74m██[38;2;49;49;49m██[38;2;82;82;82m██████[38;2;230;189;123m██[38;2;197;148;90m██[38;2;115;115;115m██[38;2;49;49;49m██[38;2;0;0;0m  
[38;2;0;0;0m            [38;2;49;49;49m██[38;2;115;115;115m██[38;2;148;106;74m██[38;2;82;82;82m██[38;2;115;115;115m████[38;2;82;82;82m████[38;2;148;106;74m██[38;2;230;189;123m██[38;2;82;82;82m██[38;2;230;189;123m██[38;2;197;148;90m██[38;2;115;115;115m████[38;2;230;189;123m██[38;2;49;49;49m██[38;2;0;0;0m    
[38;2;0;0;0m            [38;2;49;49;49m██[38;2;230;189;123m██[38;2;148;106;74m██[38;2;222;123;156m██[38;2;82;82;82m████[38;2;222;123;156m██[38;2;148;106;74m██[38;2;230;189;123m██████[38;2;82;82;82m██[38;2;230;189;123m██[38;2;115;115;115m████[38;2;49;49;49m██[38;2;0;0;0m      
[38;2;0;0;0m          [38;2;49;49;49m██[38;2;189;189;189m██[38;2;82;82;82m██[38;2;197;148;90m██[38;2;115;115;115m██[38;2;222;123;156m████[38;2;148;106;74m██[38;2;197;148;90m██[38;2;115;115;115m████[38;2;230;189;123m██[38;2;82;82;82m██[38;2;230;189;123m██[38;2;49;49;49m████[38;2;0;0;0m        
[38;2;0;0;0m          [38;2;49;49;49m████[38;2;255;255;255m██[38;2;197;148;90m██[38;2;49;49;49m██████[38;2;148;106;74m██[38;2;230;189;123m██████[38;2;197;148;90m██[38;2;82;82;82m██[38;2;49;49;49m██[38;2;0;0;0m            
[38;2;0;0;0m            [38;2;49;49;49m██████[38;2;0;0;0m      [38;2;49;49;49m██[38;2;148;106;74m██[38;2;197;148;90m██[38;2;148;106;74m██[38;2;82;82;82m██[38;2;49;49;49m██[38;2;0;0;0m              
[38;2;0;0;0m                          [38;2;49;49;49m██[38;2;82;82;82m██[38;2;197;148;90m████[38;2;49;49;49m██[38;2;0;0;0m              
[38;2;0;0;0m                          [38;2;49;49;49m██[38;2;255;255;255m██[38;2;49;49;49m██[38;2;255;255;255m██[38;2;49;49;49m██[38;2;0;0;0m              
[38;2;0;0;0m                          [38;2;49;49;49m████[38;2;0;0;0m  [38;2;49;49;49m██[38;2;0;0;0m                [0m
