
[38;2;0;0;0m                  ██                  
[38;2;0;0;0m                ██[38;2;107;107;107m██[38;2;0;0;0m██                
[38;2;0;0;0m                ██[38;2;107;107;107m██[38;2;0;0;0m██                
[38;2;0;0;0m            ████[38;2;71;69;71m██[38;2;107;107;107m██[38;2;66;66;66m██[38;2;0;0;0m████            
[38;2;0;0;0m        ████[38;2;107;107;107m██[38;2;107;103;107m██[38;2;71;69;71m██[38;2;66;66;66m████[38;2;107;107;107m████[38;2;0;0;0m████        
[38;2;0;0;0m    ████[38;2;107;107;107m██[38;2;107;110;107m████████████████████[38;2;0;0;0m████    
[38;2;0;0;0m  ██[38;2;107;107;107m██████[38;2;107;110;107m████████████████████[38;2;107;107;107m████[38;2;0;0;0m██  
[38;2;0;0;0m██[38;2;107;107;107m████████[38;2;107;110;107m████████████████[38;2;107;107;107m██████████[38;2;0;0;0m██
[38;2;0;0;0m  ████[38;2;66;66;66m████[38;2;107;110;107m████████████████[38;2;107;107;107m██[38;2;66;66;66m██[38;2;71;71;71m██[38;2;0;0;0m████  
[38;2;0;0;0m      ████[38;2;99;123;235m██[38;2;255;239;127m██[38;2;66;66;66m████[38;2;66;66;74m████[38;2;66;66;66m████[38;2;90;107;202m██[38;2;0;0;0m████      
[38;2;0;0;0m        ██[38;2;151;162;199m██[38;2;255;239;127m██[38;2;132;123;228m████[38;2;132;137;193m██[38;2;165;173;253m██[38;2;214;206;182m████[38;2;90;107;202m██[38;2;0;0;0m██        
[38;2;0;0;0m██████  ██[38;2;165;181;245m████[38;2;137;123;220m████[38;2;173;170;237m██[38;2;140;127;220m██[38;2;255;231;119m██[38;2;165;181;245m████[38;2;0;0;0m██        
[38;2;0;0;0m██[38;2;107;107;107m████[38;2;0;0;0m██  ██[38;2;165;181;245m████[38;2;137;123;220m██[38;2;206;214;254m██[38;2;140;127;220m██[38;2;165;181;245m████[38;2;0;0;0m██          
[38;2;0;0;0m  ██[38;2;66;66;66m██[38;2;107;107;107m██[38;2;0;0;0m██  ██[38;2;115;115;203m████[38;2;148;127;204m████[38;2;90;107;202m██[38;2;0;0;0m██    ████████
[38;2;0;0;0m    ████[38;2;107;107;107m██[38;2;66;66;66m████[38;2;0;0;0m████[38;2;55;50;68m██[38;2;8;12;0m██[38;2;0;0;0m██  ████[38;2;71;71;71m██[38;2;107;107;107m████[38;2;0;0;0m██
[38;2;0;0;0m        ████████[38;2;66;66;66m██[38;2;107;107;107m██[38;2;71;71;71m██[38;2;66;66;66m████[38;2;107;107;107m██████[38;2;0;0;0m████  
[38;2;0;0;0m                ██[38;2;107;107;107m██[38;2;0;0;0m████████████      
[38;2;0;0;0m                  ██                  [0m
