
[38;2;0;0;0m                    [38;2;49;49;49m████[38;2;0;0;0m                                
[38;2;0;0;0m          [38;2;49;49;49m██[38;2;0;0;0m      [38;2;49;49;49m██[38;2;172;172;172m██[38;2;222;222;222m██[38;2;49;49;49m██[38;2;0;0;0m                              
[38;2;0;0;0m        [38;2;49;49;49m██[38;2;172;172;172m██[38;2;49;49;49m██[38;2;0;0;0m  [38;2;49;49;49m██[38;2;222;222;222m██[38;2;172;172;172m██[38;2;222;222;222m██[38;2;49;49;49m██[38;2;0;0;0m                              
[38;2;0;0;0m      [38;2;49;49;49m██[38;2;172;172;172m████[38;2;82;82;82m██[38;2;49;49;49m████[38;2;222;222;222m██████[38;2;49;49;49m██[38;2;0;0;0m                          [38;2;49;49;49m████
[38;2;0;0;0m      [38;2;49;49;49m██[38;2;57;98;148m████[38;2;222;222;222m██[38;2;82;82;82m██[38;2;222;222;222m██████[38;2;49;49;49m██[38;2;0;0;0m                          [38;2;49;49;49m██[38;2;90;156;255m██[38;2;49;49;49m██
[38;2;0;0;0m    [38;2;49;49;49m██[38;2;82;82;82m██[38;2;90;156;255m████[38;2;57;98;148m██[38;2;82;82;82m██[38;2;222;222;222m██████[38;2;49;49;49m██[38;2;0;0;0m                        [38;2;49;49;49m██[38;2;90;156;255m██[38;2;49;49;49m██[38;2;0;0;0m  
[38;2;0;0;0m    [38;2;49;49;49m██[38;2;222;222;222m████[38;2;90;156;255m██████[38;2;222;222;222m████[38;2;49;49;49m██[38;2;0;0;0m                        [38;2;49;49;49m██[38;2;90;156;255m██[38;2;74;123;205m████[38;2;49;49;49m██
[38;2;0;0;0m  [38;2;49;49;49m██[38;2;222;222;222m████[38;2;90;156;255m████[38;2;49;49;49m██[38;2;255;255;255m██[38;2;172;172;172m██[38;2;222;222;222m██[38;2;49;49;49m██[38;2;0;0;0m                      [38;2;49;49;49m██[38;2;90;156;255m██[38;2;74;123;205m██[38;2;49;49;49m████[38;2;0;0;0m  
[38;2;49;49;49m██[38;2;90;156;255m████████[38;2;255;106;74m██[38;2;49;49;49m██[38;2;255;255;255m██[38;2;172;172;172m██[38;2;222;222;222m██[38;2;172;172;172m██[38;2;49;49;49m██[38;2;0;0;0m                [38;2;49;49;49m████[38;2;90;156;255m██[38;2;74;123;205m██[38;2;49;49;49m██[38;2;0;0;0m      
[38;2;0;0;0m  [38;2;49;49;49m██[38;2;90;156;255m████[38;2;74;123;205m████[38;2;255;255;255m██[38;2;172;172;172m██[38;2;222;222;222m██[38;2;172;172;172m████[38;2;49;49;49m██[38;2;0;0;0m              [38;2;49;49;49m██[38;2;57;98;148m██[38;2;90;156;255m██[38;2;74;123;205m██[38;2;57;98;148m██[38;2;49;49;49m██[38;2;0;0;0m      
[38;2;0;0;0m    [38;2;49;49;49m████[38;2;172;172;172m████████████████[38;2;49;49;49m██[38;2;0;0;0m          [38;2;49;49;49m██[38;2;90;156;255m████[38;2;74;123;205m████[38;2;49;49;49m██[38;2;0;0;0m        
[38;2;0;0;0m        [38;2;49;49;49m██████[38;2;172;172;172m██████████[38;2;222;222;222m██[38;2;49;49;49m████[38;2;0;0;0m    [38;2;49;49;49m██[38;2;90;156;255m██[38;2;74;123;205m██████[38;2;49;49;49m██[38;2;0;0;0m          
[38;2;0;0;0m              [38;2;49;49;49m████[38;2;172;172;172m██████[38;2;222;222;222m██████[38;2;49;49;49m████[38;2;74;123;205m████████[38;2;57;98;148m██[38;2;49;49;49m██[38;2;0;0;0m          
[38;2;0;0;0m                  [38;2;49;49;49m██[38;2;172;172;172m██[38;2;222;222;222m██████████[38;2;57;98;148m████[38;2;74;123;205m██████[38;2;49;49;49m██[38;2;0;0;0m            
[38;2;0;0;0m                  [38;2;49;49;49m██[38;2;82;82;82m██[38;2;222;222;222m████████[38;2;156;156;156m████[38;2;172;172;172m██[38;2;57;98;148m██[38;2;90;156;255m████[38;2;57;98;148m██[38;2;49;49;49m██[38;2;0;0;0m          
[38;2;0;0;0m                [38;2;49;49;49m██[38;2;172;172;172m██[38;2;82;82;82m██[38;2;222;222;222m██[38;2;90;156;255m██[38;2;222;222;222m██[38;2;156;156;156m██[38;2;222;222;222m████[38;2;82;82;82m██[38;2;90;156;255m████[38;2;74;123;205m████[38;2;49;49;49m██[38;2;0;0;0m          
[38;2;0;0;0m            [38;2;49;49;49m██████[38;2;82;82;82m██[38;2;222;222;222m██[38;2;90;156;255m██████[38;2;222;222;222m██[38;2;82;82;82m██[38;2;222;222;222m████[38;2;82;82;82m██[38;2;57;98;148m██[38;2;74;123;205m████[38;2;82;82;82m██[38;2;49;49;49m████[38;2;0;0;0m      
[38;2;0;0;0m          [38;2;49;49;49m██[38;2;57;98;148m████████[38;2;49;49;49m██[38;2;90;156;255m██[38;2;255;106;74m██[38;2;90;156;255m██[38;2;74;123;205m██[38;2;172;172;172m██[38;2;82;82;82m████[38;2;172;172;172m██[38;2;82;82;82m██[38;2;74;123;205m██[38;2;82;82;82m██[38;2;57;98;148m██████[38;2;49;49;49m██[38;2;0;0;0m    
[38;2;0;0;0m        [38;2;49;49;49m██[38;2;222;222;222m██[38;2;57;98;148m██████[38;2;49;49;49m██[38;2;0;0;0m  [38;2;49;49;49m██[38;2;74;123;205m██[38;2;197;82;65m██[38;2;82;82;82m████[38;2;90;156;255m████[38;2;82;82;82m██[38;2;74;123;205m██[38;2;82;82;82m████[38;2;57;98;148m██[38;2;82;82;82m██[38;2;49;49;49m██[38;2;0;0;0m      
[38;2;0;0;0m          [38;2;49;49;49m████████[38;2;0;0;0m      [38;2;49;49;49m████[38;2;74;123;205m██[38;2;90;156;255m████[38;2;74;123;205m██[38;2;49;49;49m████[38;2;57;98;148m██████████[38;2;49;49;49m██[38;2;0;0;0m    
[38;2;0;0;0m                          [38;2;49;49;49m██[38;2;222;222;222m██[38;2;57;98;148m██[38;2;222;222;222m██[38;2;49;49;49m██[38;2;0;0;0m    [38;2;49;49;49m██[38;2;57;98;148m████[38;2;49;49;49m████[38;2;0;0;0m      
[38;2;0;0;0m                            [38;2;49;49;49m██████[38;2;0;0;0m        [38;2;49;49;49m████[38;2;0;0;0m          [0m
