
[38;2;0;0;0m              [38;2;0;4;0m████[38;2;0;0;0m                  [38;2;0;4;0m██[38;2;0;0;0m                      [38;2;0;4;0m████[38;2;0;0;0m  
[38;2;0;0;0m        [38;2;0;4;0m██████[38;2;66;132;98m██[38;2;0;4;0m██[38;2;0;0;0m                [38;2;0;4;0m██[38;2;71;133;98m██[38;2;0;4;0m██[38;2;0;0;0m                [38;2;0;4;0m████[38;2;77;139;103m██[38;2;132;206;164m██[38;2;0;4;0m██
[38;2;0;0;0m      [38;2;0;4;0m██[38;2;66;132;98m██[38;2;71;133;98m████[38;2;0;4;0m██[38;2;0;0;0m                  [38;2;0;4;0m██[38;2;71;133;98m██[38;2;0;4;0m██[38;2;0;0;0m              [38;2;0;4;0m██[38;2;132;206;164m██[38;2;77;139;103m██[38;2;115;206;155m██[38;2;0;4;0m██[38;2;0;0;0m  
[38;2;0;0;0m        [38;2;0;4;0m██[38;2;71;133;98m████[38;2;0;4;0m██[38;2;0;0;0m                [38;2;0;4;0m██[38;2;126;203;163m██[38;2;66;132;98m██[38;2;132;206;164m██[38;2;0;4;0m██[38;2;0;0;0m          [38;2;0;4;0m██[38;2;126;203;163m██[38;2;66;132;98m██[38;2;132;206;164m██[38;2;0;4;0m██[38;2;0;0;0m    
[38;2;0;0;0m    [38;2;0;4;0m████[38;2;66;132;98m██[38;2;71;133;98m██[38;2;0;4;0m██[38;2;0;0;0m                  [38;2;0;4;0m██[38;2;126;203;163m██[38;2;66;132;98m██[38;2;132;206;164m██[38;2;0;4;0m██[38;2;0;0;0m      [38;2;0;4;0m████[38;2;132;206;164m██[38;2;66;132;98m██[38;2;126;203;163m██[38;2;0;4;0m██[38;2;0;0;0m      
[38;2;0;0;0m  [38;2;0;4;0m██[38;2;71;133;98m██[38;2;57;121;92m██[38;2;123;66;51m██[38;2;79;118;98m██[38;2;57;70;65m██[38;2;0;4;0m████[38;2;0;0;0m            [38;2;0;4;0m██[38;2;132;206;164m██[38;2;126;203;163m██[38;2;66;132;98m██[38;2;82;139;103m██[38;2;0;4;0m██[38;2;0;0;0m    [38;2;0;4;0m██[38;2;123;206;155m██[38;2;126;203;163m████[38;2;66;132;98m██[38;2;126;203;163m██[38;2;132;206;164m██[38;2;0;4;0m██[38;2;0;0;0m    
[38;2;0;0;0m  [38;2;0;4;0m██[38;2;71;133;98m██[38;2;123;66;51m██[38;2;90;93;71m██[38;2;57;70;65m██[38;2;123;214;163m██[38;2;132;206;164m████[38;2;0;4;0m██[38;2;0;0;0m        [38;2;0;4;0m██[38;2;132;206;164m████[38;2;66;132;98m██[38;2;126;203;163m██[38;2;123;206;155m██[38;2;0;4;0m██[38;2;0;0;0m  [38;2;0;4;0m██[38;2;123;206;155m██[38;2;82;139;103m██[38;2;126;203;163m██[38;2;66;132;98m██[38;2;126;203;163m████[38;2;0;4;0m██[38;2;0;0;0m      
[38;2;0;4;0m██[38;2;101;144;82m██[38;2;123;70;51m██[38;2;82;61;58m██[38;2;148;198;156m██[38;2;132;206;164m████[38;2;129;206;161m████[38;2;132;206;164m██[38;2;0;4;0m██[38;2;0;0;0m      [38;2;0;4;0m██[38;2;107;123;88m██[38;2;123;206;163m██[38;2;123;74;51m██[38;2;132;206;164m████[38;2;0;4;0m██[38;2;0;0;0m  [38;2;0;4;0m██[38;2;132;206;164m████[38;2;66;132;98m██[38;2;126;203;163m██████[38;2;123;206;155m██[38;2;0;4;0m██[38;2;0;0;0m    
[38;2;0;4;0m██[38;2;90;181;98m██[38;2;123;70;51m██[38;2;104;107;91m██[38;2;82;61;58m██[38;2;82;79;71m██[38;2;132;206;164m██[38;2;129;206;161m████[38;2;132;206;164m██[38;2;0;4;0m██[38;2;0;0;0m    [38;2;0;4;0m██[38;2;132;206;164m██[38;2;123;206;163m██[38;2;99;82;51m██[38;2;123;74;51m██[38;2;132;206;164m████[38;2;0;4;0m██[38;2;0;0;0m    [38;2;0;4;0m██[38;2;132;206;164m██[38;2;66;132;98m██[38;2;126;203;163m████[38;2;66;132;98m██[38;2;82;139;103m██[38;2;0;4;0m██[38;2;0;0;0m    
[38;2;0;4;0m██[38;2;164;163;79m██[38;2;115;78;51m██[38;2;132;86;68m██[38;2;115;189;91m██[38;2;79;79;71m████[38;2;129;206;161m████[38;2;132;206;164m██[38;2;66;66;66m██[38;2;0;4;0m██[38;2;0;0;0m  [38;2;0;4;0m██[38;2;173;231;141m██[38;2;123;74;51m██[38;2;156;92;65m██[38;2;115;74;51m██[38;2;111;140;103m██[38;2;0;4;0m██[38;2;0;0;0m      [38;2;0;4;0m██[38;2;132;206;164m██[38;2;126;203;163m██[38;2;66;132;98m████[38;2;126;203;163m██[38;2;132;206;164m██[38;2;0;4;0m██[38;2;0;0;0m    
[38;2;0;4;0m██[38;2;189;206;93m██[38;2;115;78;51m██[38;2;132;86;68m████[38;2;222;189;86m██[38;2;79;79;71m██[38;2;129;206;161m████[38;2;66;66;66m████[38;2;222;189;86m██[38;2;0;4;0m██[38;2;173;231;141m████[38;2;123;74;51m██[38;2;156;92;65m██[38;2;115;74;51m██[38;2;107;206;155m██[38;2;0;4;0m██[38;2;0;0;0m        [38;2;0;4;0m██[38;2;126;203;163m██[38;2;66;132;98m██[38;2;126;203;163m████[38;2;0;4;0m██[38;2;0;0;0m      
[38;2;0;4;0m██[38;2;222;189;86m████[38;2;82;82;66m██[38;2;255;239;135m██[38;2;175;197;122m██[38;2;82;82;66m██[38;2;132;206;164m████[38;2;74;70;58m██[38;2;195;188;93m██[38;2;195;189;101m██[38;2;74;74;66m██[38;2;189;239;133m██[38;2;123;74;51m██████[38;2;189;239;133m██[38;2;0;4;0m██[38;2;0;0;0m          [38;2;0;4;0m██[38;2;126;203;163m██[38;2;66;132;98m██[38;2;132;206;164m██[38;2;0;4;0m██[38;2;0;0;0m        
[38;2;0;0;0m  [38;2;0;4;0m██[38;2;222;189;86m██[38;2;82;82;66m██[38;2;255;239;135m██[38;2;82;82;66m██[38;2;175;197;122m██[38;2;132;206;164m██[38;2;66;66;66m██[38;2;195;188;93m██[38;2;255;247;111m██[38;2;74;74;66m██[38;2;255;247;119m██[38;2;189;239;133m██[38;2;123;74;51m██[38;2;189;239;133m██████[38;2;0;4;0m██[38;2;0;0;0m        [38;2;0;4;0m██[38;2;132;206;164m██[38;2;66;132;98m██[38;2;126;203;163m██[38;2;132;206;164m██[38;2;0;4;0m██[38;2;0;0;0m        
[38;2;0;0;0m  [38;2;0;8;16m██[38;2;206;181;86m██[38;2;255;239;132m████[38;2;66;115;90m██[38;2;152;185;120m██[38;2;66;66;66m██[38;2;255;239;135m██[38;2;222;190;86m██[38;2;255;239;135m██[38;2;82;82;66m██[38;2;255;239;135m██[38;2;123;74;51m██[38;2;255;239;135m████[38;2;0;4;0m████[38;2;0;0;0m        [38;2;0;4;0m██[38;2;148;198;92m██[38;2;65;135;95m██[38;2;148;198;92m██[38;2;0;4;0m████[38;2;0;0;0m          
[38;2;0;4;0m██[38;2;206;181;86m██[38;2;69;66;39m██[38;2;255;239;132m████[38;2;239;255;151m██[38;2;66;115;90m██[38;2;255;239;135m████████████████[38;2;0;4;0m██[38;2;0;0;0m            [38;2;0;4;0m██[38;2;148;198;92m██[38;2;65;135;95m██[38;2;0;4;0m██[38;2;0;0;0m              
[38;2;0;0;0m  [38;2;8;0;0m██[38;2;255;255;247m██[38;2;99;70;59m██[38;2;255;239;135m██████[38;2;200;187;104m██[38;2;255;239;127m██[38;2;99;78;67m████[38;2;255;239;135m████[38;2;85;80;50m██[38;2;0;0;8m██[38;2;0;0;0m            [38;2;0;4;0m██[38;2;222;189;86m██[38;2;66;140;98m██[38;2;170;179;90m██[38;2;148;198;92m██[38;2;0;4;0m██[38;2;0;0;0m            
[38;2;0;0;0m  [38;2;8;0;0m██[38;2;90;85;82m██[38;2;99;70;59m██[38;2;255;239;135m████[38;2;222;190;86m██[38;2;255;239;127m██[38;2;90;82;58m██[38;2;255;255;255m██[38;2;99;78;67m██[38;2;82;82;66m██[38;2;255;239;135m██████[38;2;0;4;0m██[38;2;0;0;0m          [38;2;0;4;0m██[38;2;222;189;86m██[38;2;222;198;86m████[38;2;0;4;0m██[38;2;0;0;0m              
[38;2;0;0;0m    [38;2;0;4;0m██[38;2;123;74;51m██[38;2;255;239;135m██[38;2;255;239;132m████[38;2;107;66;59m██[38;2;156;121;82m██[38;2;156;92;65m██[38;2;123;74;51m██[38;2;132;74;44m██[38;2;255;247;119m██[38;2;222;189;86m██[38;2;0;4;0m██[38;2;0;0;0m            [38;2;0;4;0m██[38;2;222;189;86m██[38;2;0;4;0m████[38;2;0;0;0m                
[38;2;0;0;0m    [38;2;0;4;0m██[38;2;255;239;135m████[38;2;255;239;132m████[38;2;255;231;127m██[38;2;107;66;59m██[38;2;123;74;51m████[38;2;214;189;94m████[38;2;0;4;0m██[38;2;0;0;0m      [38;2;0;4;0m████████[38;2;222;189;86m██[38;2;0;4;0m██[38;2;0;0;0m                    
[38;2;0;0;0m      [38;2;0;4;0m██[38;2;156;90;68m██[38;2;255;247;127m████[38;2;255;239;135m██[38;2;222;189;86m████████[38;2;66;66;66m██[38;2;231;206;103m██[38;2;0;4;0m██████[38;2;255;239;132m████[38;2;255;239;135m██[38;2;66;66;66m██[38;2;0;4;0m██[38;2;0;0;0m                      
[38;2;0;0;0m        [38;2;0;4;0m██[38;2;16;12;0m██[38;2;175;169;85m██[38;2;222;189;86m████[38;2;66;66;66m██████[38;2;222;189;86m██[38;2;231;206;103m████[38;2;255;239;135m████[38;2;255;239;132m████[38;2;255;239;135m████[38;2;0;4;0m██[38;2;0;0;0m                      
[38;2;0;0;0m            [38;2;0;4;0m██[38;2;74;66;47m████[38;2;225;189;84m████[38;2;222;189;86m████[38;2;255;239;132m████████[38;2;255;239;135m████[38;2;255;239;132m████[38;2;0;4;0m██[38;2;0;0;0m                      
[38;2;0;0;0m              [38;2;0;4;24m██[38;2;222;189;94m██[38;2;225;189;84m████[38;2;222;189;86m██[38;2;255;239;135m██[38;2;255;239;132m████████[38;2;140;115;116m██[38;2;255;239;135m██[38;2;255;239;132m████[38;2;255;239;135m██[38;2;0;4;0m██[38;2;0;0;0m                    
[38;2;0;0;0m            [38;2;0;4;0m██[38;2;71;140;87m██[38;2;102;177;118m██[38;2;222;189;86m██[38;2;79;79;71m██[38;2;200;187;104m██[38;2;255;239;127m██[38;2;255;239;135m████[38;2;66;65;66m██[38;2;0;4;0m████[38;2;222;189;86m██[38;2;255;239;135m████[38;2;70;136;98m██[38;2;132;206;164m██[38;2;0;4;0m████[38;2;0;0;0m                
[38;2;0;0;0m          [38;2;0;4;0m██[38;2;132;206;164m██[38;2;132;214;148m██[38;2;71;140;87m██[38;2;79;79;71m██[38;2;222;189;86m██[38;2;90;82;58m██[38;2;255;239;127m██[38;2;255;239;135m██[38;2;66;66;66m██[38;2;0;4;0m██[38;2;0;0;0m    [38;2;0;4;0m██[38;2;66;66;66m██[38;2;255;239;135m██[38;2;70;136;98m████[38;2;132;206;164m████[38;2;0;4;0m██[38;2;0;0;0m              
[38;2;0;0;0m            [38;2;0;4;0m████[38;2;66;65;66m██[38;2;222;189;86m████[38;2;82;82;66m██[38;2;255;239;135m██[38;2;231;247;143m██[38;2;0;8;8m██[38;2;0;0;0m        ██[38;2;231;173;87m██[38;2;231;173;95m██[38;2;77;58;42m██[38;2;0;4;0m████[38;2;0;0;0m                
[38;2;0;0;0m                [38;2;0;4;0m██[38;2;222;189;86m██[38;2;79;79;71m██[38;2;255;239;135m████[38;2;115;127;75m██[38;2;0;8;8m██[38;2;0;0;0m        ██[38;2;154;115;58m██[38;2;154;115;69m██[38;2;0;0;16m██[38;2;0;0;0m                    
[38;2;0;0;0m              [38;2;0;4;0m██[38;2;126;73;51m██[38;2;66;66;66m██[38;2;96;75;67m██[38;2;198;198;86m██[38;2;162;157;79m██[38;2;132;206;164m██[38;2;0;4;0m██[38;2;0;0;0m        [38;2;0;4;0m██[38;2;156;90;68m████[38;2;0;4;0m██[38;2;0;0;0m                    
[38;2;0;0;0m              [38;2;0;4;0m██[38;2;126;73;51m██[38;2;66;66;66m██[38;2;156;94;68m██[38;2;126;115;73m██[38;2;90;74;66m██[38;2;0;4;0m██[38;2;132;206;164m██[38;2;0;4;0m██[38;2;0;0;0m        [38;2;0;4;0m████[38;2;0;0;0m                      
[38;2;0;0;0m                [38;2;0;4;0m████[38;2;156;90;68m████[38;2;0;4;0m██[38;2;0;0;0m  [38;2;0;4;0m████[38;2;0;0;0m                                  
[38;2;0;0;0m                    [38;2;0;4;0m████[38;2;0;0;0m                                          [0m
