
[38;2;0;0;0m        [38;2;49;49;49m████[38;2;0;0;0m                    
[38;2;0;0;0m      [38;2;49;49;49m████[38;2;0;0;0m      [38;2;49;49;49m████[38;2;0;0;0m            
[38;2;0;0;0m    [38;2;49;49;49m████[38;2;0;0;0m    [38;2;49;49;49m██████[38;2;0;0;0m              
[38;2;0;0;0m    [38;2;49;49;49m████████████[38;2;0;0;0m                
[38;2;0;0;0m    [38;2;49;49;49m████[38;2;255;148;65m████[38;2;49;49;49m████████[38;2;0;0;0m            
[38;2;0;0;0m  [38;2;49;49;49m██[38;2;213;98;65m██[38;2;255;148;65m██████[38;2;49;49;49m██[38;2;255;148;65m██[38;2;213;98;65m██[38;2;139;57;32m██[38;2;49;49;49m████[38;2;0;0;0m        
[38;2;49;49;49m██[38;2;82;82;82m██[38;2;255;255;255m██[38;2;255;148;65m████████[38;2;189;213;213m████[38;2;213;98;65m██[38;2;139;57;32m██[38;2;82;82;82m██[38;2;49;49;49m██[38;2;0;0;0m      
[38;2;49;49;49m████[38;2;255;255;255m██[38;2;255;148;65m██████[38;2;189;213;213m██[38;2;255;255;255m██[38;2;49;49;49m██[38;2;189;213;213m██[38;2;139;57;32m██[38;2;213;98;65m████[38;2;49;49;49m██[38;2;0;0;0m    
[38;2;49;49;49m██[38;2;255;255;255m██[38;2;255;148;65m████████[38;2;255;255;255m██[38;2;49;49;49m████[38;2;255;255;255m██[38;2;139;57;32m██[38;2;82;82;82m████[38;2;213;98;65m██[38;2;49;49;49m██[38;2;0;0;0m  
[38;2;49;49;49m██[38;2;213;98;65m██[38;2;82;82;82m██[38;2;123;106;49m████[38;2;213;98;65m████[38;2;255;255;255m████[38;2;213;98;65m██[38;2;82;82;82m██[38;2;255;255;255m██[38;2;189;213;213m██[38;2;139;57;32m██[38;2;49;49;49m██[38;2;0;0;0m  
[38;2;0;0;0m  [38;2;49;49;49m██[38;2;238;238;123m██████[38;2;123;106;49m████[38;2;213;98;65m████[38;2;82;82;82m██[38;2;98;106;230m██[38;2;255;255;255m██[38;2;189;213;213m██[38;2;82;82;82m██[38;2;213;98;65m██[38;2;49;49;49m██
[38;2;0;0;0m  [38;2;49;49;49m██[38;2;82;82;82m██[38;2;238;238;123m████████[38;2;82;82;82m████[38;2;123;106;49m██[38;2;255;148;65m██[38;2;82;82;82m██████[38;2;49;49;49m████
[38;2;0;0;0m  [38;2;49;49;49m██[38;2;189;213;213m██[38;2;98;106;230m██[38;2;82;82;82m████[38;2;123;106;49m██[38;2;238;238;123m██████[38;2;123;106;49m██[38;2;255;148;65m██[38;2;98;106;230m██[38;2;255;255;255m██[38;2;189;213;213m██[38;2;49;49;49m██
[38;2;0;0;0m    [38;2;49;49;49m████[38;2;82;82;82m██[38;2;238;238;123m██[38;2;189;164;65m██[38;2;238;238;123m██████[38;2;123;106;49m██[38;2;213;98;65m██[38;2;82;82;82m██[38;2;255;255;255m██[38;2;189;213;213m██[38;2;49;49;49m██
[38;2;0;0;0m        [38;2;49;49;49m██[38;2;82;82;82m██[38;2;238;238;123m██[38;2;189;164;65m██[38;2;238;238;123m██████[38;2;123;106;49m██[38;2;213;98;65m██[38;2;82;82;82m██[38;2;49;49;49m██[38;2;0;0;0m  
[38;2;0;0;0m        [38;2;49;49;49m██[38;2;189;213;213m██[38;2;82;82;82m██[38;2;49;49;49m██[38;2;189;164;65m██[38;2;238;238;123m██[38;2;189;164;65m██[38;2;82;82;82m██[38;2;98;106;230m██[38;2;255;255;255m██[38;2;189;213;213m██[38;2;49;49;49m██
[38;2;0;0;0m          [38;2;49;49;49m████[38;2;0;0;0m  [38;2;49;49;49m██████████[38;2;255;255;255m██[38;2;189;213;213m██[38;2;49;49;49m██
[38;2;0;0;0m                          [38;2;49;49;49m████[38;2;0;0;0m  [0m
