
[38;2;0;0;0m                ██████                        
[38;2;0;0;0m            ████[38;2;232;176;184m██████[38;2;0;0;0m████    ██████          
[38;2;0;0;0m          ██[38;2;232;176;184m██████████████[38;2;0;0;0m████[38;2;232;144;152m████[38;2;184;104;112m██[38;2;0;0;0m████      
[38;2;0;0;0m    ██████[38;2;64;64;64m██[38;2;232;144;152m██[38;2;232;176;184m██████[38;2;248;248;248m██[38;2;64;64;64m██[38;2;232;144;152m████[38;2;64;64;64m██[38;2;232;144;152m██████[38;2;184;104;112m████[38;2;0;0;0m██    
[38;2;0;0;0m  ██[38;2;184;104;112m████[38;2;64;64;64m██[38;2;232;144;152m████[38;2;176;72;88m██[38;2;232;144;152m████[38;2;0;0;0m██[38;2;176;72;88m██[38;2;232;144;152m████[38;2;64;64;64m██[38;2;232;144;152m██████[38;2;64;64;64m██[38;2;184;104;112m██[38;2;0;0;0m██    
[38;2;0;0;0m██[38;2;184;104;112m██████[38;2;64;64;64m██[38;2;184;104;112m██[38;2;232;144;152m████████████████[38;2;184;104;112m██[38;2;64;64;64m██[38;2;232;144;152m██[38;2;184;104;112m████[38;2;64;64;64m██[38;2;184;104;112m██[38;2;0;0;0m██  
[38;2;0;0;0m██[38;2;184;104;112m████████[38;2;64;64;64m██[38;2;184;104;112m██[38;2;232;144;152m██[38;2;184;104;112m██[38;2;64;64;64m████[38;2;184;104;112m██[38;2;232;144;152m██[38;2;184;104;112m████[38;2;64;64;64m██[38;2;184;104;112m██████[38;2;64;64;64m██[38;2;184;104;112m████[38;2;0;0;0m██
[38;2;0;0;0m  ██[38;2;200;192;192m██[38;2;0;0;0m████[38;2;192;184;104m██[38;2;64;64;64m████████████[38;2;184;104;112m██████[38;2;232;144;152m██[38;2;64;64;64m████[38;2;184;104;112m████[38;2;0;0;0m████  
[38;2;0;0;0m    ██    ██[38;2;64;64;64m██[38;2;176;72;88m██[38;2;64;64;64m██[38;2;176;72;88m████[38;2;64;64;64m██[38;2;192;184;104m██[38;2;184;104;112m████[38;2;232;144;152m██████[38;2;64;64;64m██[38;2;184;104;112m██[38;2;0;0;0m██    
[38;2;0;0;0m        ██[38;2;176;72;88m██[38;2;224;96;88m██[38;2;176;72;88m████████[38;2;192;184;104m████[38;2;184;104;112m██[38;2;232;144;152m██████████[38;2;0;0;0m██      
[38;2;0;0;0m      ██[38;2;224;96;88m████[38;2;176;72;88m██[38;2;224;96;88m████[38;2;64;64;64m██[38;2;192;184;104m████[38;2;240;224;152m██[38;2;232;144;152m██[38;2;64;64;64m████[38;2;232;144;152m██████[38;2;0;0;0m██      
[38;2;0;0;0m    ██[38;2;224;96;88m████[38;2;176;72;88m██[38;2;224;96;88m████[38;2;64;64;64m██[38;2;192;184;104m██[38;2;240;224;152m████[38;2;232;144;152m██████[38;2;184;104;112m██[38;2;64;64;64m██[38;2;248;248;248m██[38;2;64;64;64m██[38;2;0;0;0m██      
[38;2;0;0;0m    ██[38;2;224;96;88m██[38;2;176;72;88m██[38;2;224;96;88m██████[38;2;64;64;64m██[38;2;184;104;112m████[38;2;64;64;64m██[38;2;240;224;152m████[38;2;232;144;152m██[38;2;64;64;64m██[38;2;184;104;112m██[38;2;0;0;0m████        
[38;2;0;0;0m  ██[38;2;224;96;88m████[38;2;176;72;88m██[38;2;224;96;88m████[38;2;64;64;64m██[38;2;192;184;104m████[38;2;64;64;64m██[38;2;232;144;152m██[38;2;240;224;152m████[38;2;232;144;152m████[38;2;0;0;0m██            
[38;2;0;0;0m  ██[38;2;224;96;88m██████████[38;2;64;64;64m██[38;2;0;0;0m██[38;2;184;104;112m██[38;2;64;64;64m██[38;2;232;144;152m██[38;2;184;104;112m████[38;2;232;144;152m████[38;2;0;0;0m██            
[38;2;0;0;0m  ██[38;2;224;96;88m████████[38;2;176;72;88m██[38;2;0;0;0m██  ██████[38;2;248;248;248m████[38;2;184;104;112m██[38;2;0;0;0m██              
[38;2;0;0;0m    ██[38;2;224;96;88m██████[38;2;0;0;0m██          ██████                
[38;2;0;0;0m      ██████                                  [0m
