
[38;2;0;0;0m            [38;2;49;49;49m██████[38;2;0;0;0m                          
[38;2;0;0;0m          [38;2;49;49;49m██[38;2;238;115;148m██████[38;2;49;49;49m████[38;2;0;0;0m                      
[38;2;0;0;0m        [38;2;49;49;49m██[38;2;238;115;148m██████████[38;2;189;82;115m██[38;2;49;49;49m██[38;2;0;0;0m                    
[38;2;0;0;0m        [38;2;49;49;49m██[38;2;238;115;148m██████[38;2;189;82;115m██[38;2;238;115;148m████[38;2;49;49;49m██[38;2;0;0;0m                    
[38;2;0;0;0m          [38;2;49;49;49m██[38;2;238;115;148m██████[38;2;189;82;115m████[38;2;238;115;148m██[38;2;49;49;49m██[38;2;0;0;0m                  
[38;2;0;0;0m          [38;2;49;49;49m██[38;2;189;82;115m████[38;2;238;115;148m████████[38;2;49;49;49m████[38;2;0;0;0m                
[38;2;0;0;0m        [38;2;49;49;49m██[38;2;238;115;148m████████████████[38;2;189;82;115m██[38;2;49;49;49m██[38;2;0;0;0m              
[38;2;0;0;0m      [38;2;49;49;49m██[38;2;238;115;148m████████████████████[38;2;189;82;115m██[38;2;49;49;49m██[38;2;0;0;0m            
[38;2;0;0;0m      [38;2;49;49;49m██[38;2;238;115;148m████████████[38;2;255;255;255m██[38;2;82;82;82m██[38;2;238;115;148m██████[38;2;49;49;49m██[38;2;0;0;0m  [38;2;49;49;49m██████[38;2;0;0;0m    
[38;2;0;0;0m      [38;2;49;49;49m██[38;2;238;115;148m██[38;2;189;82;115m██[38;2;82;82;82m████[38;2;238;115;148m████[38;2;49;49;49m██[38;2;189;82;115m██[38;2;238;115;148m██████[38;2;82;82;82m██[38;2;49;49;49m██[38;2;189;82;115m██████[38;2;49;49;49m██[38;2;0;0;0m  
[38;2;0;0;0m        [38;2;49;49;49m██[38;2;230;131;115m██████[38;2;82;82;82m████[38;2;238;115;148m████████[38;2;189;82;115m██[38;2;82;82;82m██[38;2;189;82;115m██████████[38;2;49;49;49m██
[38;2;0;0;0m    [38;2;49;49;49m████[38;2;230;131;115m██[38;2;205;98;82m██[38;2;230;131;115m████████[38;2;82;82;82m██[38;2;189;82;115m██[38;2;238;115;148m██[38;2;189;82;115m████[38;2;238;115;148m██[38;2;82;82;82m████[38;2;189;82;115m██████[38;2;49;49;49m██
[38;2;0;0;0m  [38;2;49;49;49m██[38;2;230;131;115m████[38;2;205;98;82m██[38;2;230;131;115m████████[38;2;82;82;82m██[38;2;189;82;115m██████[38;2;238;115;148m██████████[38;2;82;82;82m██[38;2;189;82;115m██[38;2;49;49;49m██[38;2;0;0;0m  
[38;2;49;49;49m██[38;2;230;131;115m████[38;2;205;98;82m██[38;2;230;131;115m██████████[38;2;82;82;82m██[38;2;255;255;255m██[38;2;246;189;205m██[38;2;238;115;148m██████[38;2;82;82;82m██[38;2;238;115;148m██████[38;2;49;49;49m██[38;2;0;0;0m    
[38;2;49;49;49m██[38;2;246;189;205m██[38;2;230;131;115m████████████[38;2;82;82;82m██[38;2;255;255;255m████[38;2;238;115;148m██████[38;2;189;82;115m████[38;2;82;82;82m██[38;2;255;255;255m██[38;2;238;115;148m██[38;2;49;49;49m██[38;2;0;0;0m    
[38;2;49;49;49m██[38;2;230;131;115m████████████[38;2;82;82;82m██[38;2;255;255;255m██████[38;2;246;189;205m██[38;2;238;115;148m██████████[38;2;49;49;49m████[38;2;0;0;0m      
[38;2;0;0;0m  [38;2;49;49;49m██[38;2;230;131;115m██████[38;2;82;82;82m████[38;2;255;255;255m██[38;2;246;189;205m██[38;2;238;115;148m██[38;2;246;189;205m██[38;2;255;255;255m██[38;2;238;115;148m████████████[38;2;49;49;49m██[38;2;0;0;0m      
[38;2;0;0;0m    [38;2;49;49;49m██████[38;2;238;115;148m████████████████████████[38;2;189;82;115m██[38;2;49;49;49m██[38;2;0;0;0m      
[38;2;0;0;0m          [38;2;49;49;49m██[38;2;238;115;148m██████[38;2;238;205;90m██[38;2;238;115;148m████████████[38;2;189;82;115m██[38;2;49;49;49m██[38;2;0;0;0m        
[38;2;0;0;0m            [38;2;49;49;49m██[38;2;238;205;90m████[38;2;238;115;148m████[38;2;238;205;90m██[38;2;238;115;148m████[38;2;189;82;115m██████[38;2;49;49;49m██[38;2;0;0;0m        
[38;2;0;0;0m              [38;2;49;49;49m████[38;2;238;205;90m████[38;2;238;115;148m██[38;2;189;82;115m████████[38;2;49;49;49m██[38;2;0;0;0m          
[38;2;0;0;0m                  [38;2;49;49;49m████████[38;2;189;82;115m██[38;2;255;255;255m██[38;2;205;205;205m██[38;2;49;49;49m██[38;2;0;0;0m          
[38;2;0;0;0m                          [38;2;49;49;49m██████[38;2;0;0;0m            [0m
