
[38;2;0;0;0m                                [38;2;9;6;9m██  [38;2;0;0;0m        
[38;2;0;0;0m                                [38;2;8;5;8m  [38;2;94;66;94m██[38;2;0;0;0m        
[38;2;0;0;0m                                  [38;2;80;51;80m  [38;2;126;83;126m██[38;2;66;52;66m██[38;2;115;74;115m██[38;2;0;0;0m  
[38;2;0;0;0m                                  [38;2;40;40;40m  [38;2;151;99;151m██[38;2;140;95;140m██[38;2;115;74;115m██[38;2;0;0;0m  
[38;2;0;0;0m                              [38;2;41;27;40m██[38;2;133;84;128m██[38;2;99;64;99m██[38;2;150;100;150m██[38;2;151;101;151m██[38;2;152;99;152m██[38;2;38;24;38m██
[38;2;0;0;0m                            [38;2;34;22;33m  [38;2;119;78;117m██[38;2;12;7;10m  [38;2;0;0;0m  [38;2;52;35;52m██[38;2;151;100;151m████[38;2;37;25;37m██
[38;2;0;0;0m  [38;2;37;22;31m  [38;2;107;66;90m██[38;2;12;7;10m  [38;2;0;0;0m            [38;2;57;40;57m██[38;2;14;10;14m  [38;2;0;0;0m    [38;2;38;24;38m████[38;2;0;0;0m      [38;2;115;74;115m██[38;2;150;97;147m██[38;2;36;22;33m██
[38;2;0;0;0m  [38;2;96;58;80m██[38;2;128;78;107m██[38;2;120;72;100m██[38;2;0;0;0m        [38;2;35;22;35m  [38;2;139;91;139m██[38;2;116;77;116m██[38;2;3;2;3m  [38;2;0;0;0m    [38;2;38;24;38m████[38;2;0;0;0m      [38;2;10;6;10m  [38;2;130;79;109m██[38;2;32;19;26m██
[38;2;44;26;33m██[38;2;141;84;114m██[38;2;131;80;112m██[38;2;138;87;126m██[38;2;152;99;152m████[38;2;131;85;131m██[38;2;128;87;128m██[38;2;194;116;158m██[38;2;203;120;160m██[38;2;64;42;64m  [38;2;0;0;0m      [38;2;21;13;21m  [38;2;70;47;70m██[38;2;0;0;0m        [38;2;114;69;95m██[38;2;18;11;15m  
[38;2;61;35;41m██[38;2;158;92;124m██[38;2;224;175;92m██[38;2;151;100;151m████[38;2;151;101;151m██[38;2;173;110;154m██[38;2;242;138;166m██[38;2;247;140;163m██[38;2;177;109;156m██[38;2;0;0;0m          [38;2;4;3;4m  [38;2;106;73;106m  [38;2;0;0;0m      [38;2;95;58;80m██[38;2;0;0;0m  
[38;2;32;18;21m  [38;2;190;121;128m██[38;2;205;142;131m██[38;2;229;179;91m██[38;2;209;124;161m██[38;2;247;140;164m██[38;2;228;135;155m██[38;2;228;135;158m██[38;2;223;130;163m██[38;2;38;25;38m██[38;2;0;0;0m            [38;2;78;50;78m██[38;2;18;11;18m  [38;2;0;0;0m  [38;2;49;30;41m██[38;2;0;0;0m    
[38;2;0;0;0m  [38;2;185;105;125m██[38;2;152;100;152m██[38;2;223;130;163m██[38;2;247;140;167m██[38;2;111;96;85m██[38;2;96;79;77m██[38;2;232;122;159m██[38;2;146;96;143m██[38;2;28;21;27m██[38;2;0;0;0m            [38;2;31;19;26m████[38;2;0;0;0m        
[38;2;49;30;39m██[38;2;163;105;153m██[38;2;161;103;148m██[38;2;216;110;156m██[38;2;83;77;63m██[38;2;104;101;88m██[38;2;232;215;216m██[38;2;161;94;119m██[38;2;99;78;97m██[38;2;117;97;44m██[38;2;0;0;0m            [38;2;64;39;54m██[38;2;15;9;12m  [38;2;0;0;0m        
[38;2;0;0;0m  [38;2;177;100;119m  [38;2;246;158;139m██[38;2;252;211;70m██[38;2;136;146;104m██[38;2;224;224;211m██[38;2;135;112;104m██[38;2;205;146;90m██[38;2;246;199;69m██[38;2;60;49;17m  [38;2;0;0;0m    [38;2;6;4;6m████[38;2;8;7;2m██[38;2;95;58;80m██[38;2;91;55;76m  [38;2;0;0;0m          
[38;2;0;0;0m    [38;2;82;64;30m████[38;2;161;132;79m██[38;2;138;113;67m██[38;2;127;107;67m██[38;2;166;140;68m██[38;2;171;138;52m██[38;2;36;29;11m  [38;2;0;0;0m  [38;2;62;43;62m  [38;2;209;160;107m██[38;2;165;115;142m██[38;2;177;130;116m██[38;2;70;51;66m██[38;2;0;0;0m            
[38;2;0;0;0m        [38;2;47;37;17m██[38;2;196;150;69m██[38;2;179;135;75m██[38;2;91;68;91m██[38;2;81;67;89m██[38;2;77;70;77m██[38;2;151;99;152m██[38;2;222;172;97m██[38;2;160;110;146m██[38;2;224;175;95m██[38;2;153;103;152m██[38;2;224;175;95m██[38;2;0;0;0m            
[38;2;0;0;0m        [38;2;97;61;73m██[38;2;229;180;75m██[38;2;233;183;85m██[38;2;157;108;132m██[38;2;203;161;90m██[38;2;208;158;108m██[38;2;151;100;153m██[38;2;151;101;154m██[38;2;191;142;121m██[38;2;161;111;145m██[38;2;163;114;137m██[38;2;207;150;129m██[38;2;0;0;0m            
[38;2;0;0;0m        [38;2;154;104;99m██[38;2;249;201;69m██[38;2;248;201;68m██[38;2;170;122;132m██[38;2;222;172;97m████[38;2;156;109;132m██[38;2;172;137;68m██[38;2;168;129;87m██[38;2;152;102;151m██[38;2;221;173;85m██[38;2;39;29;45m██[38;2;0;0;0m            
[38;2;0;0;0m        [38;2;59;41;51m██[38;2;125;101;74m██[38;2;176;147;68m██[38;2;130;90;130m██[38;2;160;110;146m██[38;2;162;108;146m██[38;2;61;47;61m██[38;2;84;87;84m██[38;2;76;73;66m██[38;2;129;86;110m██[38;2;144;94;114m██[38;2;41;30;26m██[38;2;0;0;0m            
[38;2;0;0;0m          [38;2;100;70;63m██[38;2;88;66;83m██[38;2;149;120;67m██[38;2;175;128;114m██[38;2;52;40;23m██[38;2;0;0;0m  [38;2;58;61;58m  [38;2;87;87;87m██[38;2;13;13;13m  [38;2;165;128;59m██[38;2;192;147;67m██[38;2;0;0;0m            
[38;2;0;0;0m          [38;2;45;31;17m  [38;2;174;134;72m██[38;2;97;87;66m██[38;2;255;206;68m██[38;2;63;51;17m██[38;2;0;0;0m    [38;2;22;22;22m  [38;2;0;0;0m  [38;2;14;11;5m  [38;2;157;122;56m██[38;2;0;0;0m            
[38;2;0;0;0m            [38;2;123;99;53m██[38;2;193;153;65m██[38;2;191;154;53m██[38;2;0;0;0m                          
[38;2;0;0;0m              [38;2;36;28;13m  [38;2;49;40;13m  [38;2;0;0;0m                          [0m
