
[38;2;0;0;0m                [38;2;49;49;49m████[38;2;0;0;0m                
[38;2;0;0;0m      [38;2;49;49;49m██████[38;2;0;0;0m  [38;2;49;49;49m██[38;2;246;180;180m████[38;2;49;49;49m██[38;2;0;0;0m  [38;2;49;49;49m██████[38;2;0;0;0m      
[38;2;0;0;0m    [38;2;49;49;49m██[38;2;246;180;180m██████[38;2;49;49;49m██[38;2;82;82;82m██[38;2;230;131;164m████[38;2;82;82;82m██[38;2;49;49;49m██[38;2;246;180;180m██████[38;2;49;49;49m██[38;2;0;0;0m    
[38;2;0;0;0m  [38;2;49;49;49m██[38;2;230;131;164m██[38;2;189;98;131m████[38;2;230;131;164m████[38;2;82;82;82m████████[38;2;230;131;164m████[38;2;189;98;131m████[38;2;230;131;164m██[38;2;49;49;49m██[38;2;0;0;0m  
[38;2;0;0;0m  [38;2;49;49;49m██[38;2;189;98;131m████[38;2;82;82;82m██████[38;2;246;230;106m██[38;2;115;115;115m████[38;2;82;82;82m████████[38;2;189;98;131m████[38;2;49;49;49m██[38;2;0;0;0m  
[38;2;0;0;0m    [38;2;49;49;49m██[38;2;82;82;82m██[38;2;246;180;180m██[38;2;230;131;164m██[38;2;82;82;82m██[38;2;115;115;115m██████[38;2;246;230;106m██[38;2;82;82;82m██[38;2;230;131;164m██[38;2;246;180;180m██[38;2;82;82;82m██[38;2;49;49;49m██[38;2;0;0;0m    
[38;2;0;0;0m  [38;2;49;49;49m██[38;2;246;180;180m████████[38;2;230;131;164m██[38;2;82;82;82m██[38;2;115;115;115m████[38;2;82;82;82m██[38;2;230;131;164m██[38;2;246;180;180m████████[38;2;49;49;49m██[38;2;0;0;0m  
[38;2;49;49;49m██[38;2;230;131;164m██[38;2;189;98;131m██[38;2;246;180;180m██[38;2;82;82;82m██████[38;2;246;180;180m██[38;2;82;82;82m████[38;2;246;180;180m██[38;2;82;82;82m██████[38;2;246;180;180m██[38;2;189;98;131m██[38;2;230;131;164m██[38;2;49;49;49m██
[38;2;49;49;49m██[38;2;230;131;164m████[38;2;82;82;82m██[38;2;172;156;205m██[38;2;82;82;82m██[38;2;246;180;180m████[38;2;82;82;82m████[38;2;246;180;180m████[38;2;82;82;82m██[38;2;172;156;205m██[38;2;82;82;82m██[38;2;230;131;164m████[38;2;49;49;49m██
[38;2;0;0;0m  [38;2;49;49;49m██[38;2;82;82;82m██[38;2;123;123;197m██[38;2;82;82;82m██[38;2;246;180;180m████[38;2;82;82;82m██[38;2;172;156;205m████[38;2;82;82;82m██[38;2;246;180;180m████[38;2;82;82;82m██[38;2;123;123;197m██[38;2;82;82;82m██[38;2;49;49;49m██[38;2;0;0;0m  
[38;2;0;0;0m    [38;2;49;49;49m██[38;2;123;123;197m██[38;2;82;82;82m██[38;2;189;98;131m████[38;2;82;82;82m██[38;2;123;123;197m████[38;2;82;82;82m██[38;2;189;98;131m████[38;2;82;82;82m██[38;2;123;123;197m██[38;2;49;49;49m██[38;2;0;0;0m    
[38;2;0;0;0m      [38;2;49;49;49m████[38;2;230;131;164m████[38;2;82;82;82m██[38;2;123;123;197m████[38;2;82;82;82m██[38;2;230;131;164m████[38;2;49;49;49m████[38;2;0;0;0m      
[38;2;0;0;0m          [38;2;49;49;49m████[38;2;123;123;197m████████[38;2;49;49;49m████[38;2;0;0;0m          
[38;2;0;0;0m              [38;2;49;49;49m██[38;2;82;82;82m████[38;2;49;49;49m██[38;2;0;0;0m              
[38;2;0;0;0m          [38;2;49;49;49m████[38;2;82;82;82m██[38;2;197;172;41m████[38;2;82;82;82m██[38;2;49;49;49m████[38;2;0;0;0m          
[38;2;0;0;0m        [38;2;49;49;49m██[38;2;123;123;197m████[38;2;82;82;82m██[38;2;246;230;106m████[38;2;82;82;82m██[38;2;123;123;197m████[38;2;49;49;49m██[38;2;0;0;0m        
[38;2;0;0;0m          [38;2;49;49;49m██[38;2;172;156;205m████[38;2;123;123;197m████[38;2;172;156;205m████[38;2;49;49;49m██[38;2;0;0;0m          
[38;2;0;0;0m        [38;2;49;49;49m██[38;2;172;156;205m██[38;2;123;123;197m██[38;2;172;156;205m████████[38;2;123;123;197m██[38;2;172;156;205m██[38;2;49;49;49m██[38;2;0;0;0m        
[38;2;0;0;0m        [38;2;49;49;49m██████[38;2;123;123;197m██[38;2;172;156;205m████[38;2;123;123;197m██[38;2;49;49;49m██████[38;2;0;0;0m        
[38;2;0;0;0m              [38;2;49;49;49m████████[38;2;0;0;0m              [0m
