
[38;2;0;0;0m                              ████████      
[38;2;0;0;0m                            ██[38;2;198;165;150m██[38;2;247;231;239m██[38;2;231;222;231m████[38;2;0;0;0m██    
[38;2;0;0;0m                          ██[38;2;198;165;150m██[38;2;247;231;239m████[38;2;231;222;231m██[38;2;0;0;0m██      
[38;2;0;0;0m                          ██[38;2;198;165;150m██[38;2;247;231;239m██████[38;2;0;0;0m██      
[38;2;0;0;0m                            ██[38;2;148;124;92m██[38;2;247;231;239m██████[38;2;0;0;0m██    
[38;2;0;0;0m                          ████[38;2;198;165;150m██[38;2;148;123;92m██[38;2;247;231;239m████[38;2;181;166;160m██[38;2;33;20;1m██[38;2;0;0;0m  
[38;2;0;0;0m          ██        ██████[38;2;247;231;239m████[38;2;198;165;150m██[38;2;148;123;92m██[38;2;247;231;239m████[38;2;255;239;239m██[38;2;107;93;80m██[38;2;0;0;0m██
[38;2;0;0;0m        ██[38;2;247;231;239m██[38;2;0;0;0m██  ████[38;2;255;239;231m██[38;2;247;231;239m████[38;2;247;231;231m██[38;2;198;177;160m██[38;2;148;124;92m████[38;2;247;231;239m████[38;2;247;231;231m██[38;2;148;124;90m██[38;2;0;0;0m██
[38;2;0;0;0m      ██[38;2;247;231;239m████[38;2;82;77;80m██[38;2;0;0;0m██[38;2;247;231;239m██[38;2;170;159;154m██[38;2;85;80;77m██[38;2;148;124;92m████[38;2;148;124;90m████[38;2;148;124;92m██[38;2;247;231;239m██████[38;2;198;177;160m██[38;2;148;124;90m██[38;2;0;0;0m██
[38;2;0;0;0m      [38;2;8;4;0m██[38;2;255;239;239m██[38;2;198;165;150m████[38;2;148;123;92m████[38;2;66;66;66m██[38;2;247;231;239m██[38;2;74;66;58m██[38;2;134;121;116m██[38;2;156;127;92m██[38;2;186;162;141m██[38;2;247;231;239m████[38;2;255;239;239m██[38;2;189;164;146m██[38;2;148;123;92m██[38;2;0;0;0m██  
[38;2;0;0;0m    ██[38;2;255;239;239m██[38;2;173;161;159m██[38;2;148;123;92m██████[38;2;66;66;66m██[38;2;247;231;239m████[38;2;74;66;58m██[38;2;255;231;231m██[38;2;247;231;239m████████[38;2;189;164;146m██[38;2;156;127;100m██[38;2;148;123;92m██[38;2;0;0;0m██  
[38;2;0;0;0m  ██[38;2;206;173;150m██[38;2;148;123;92m████[38;2;156;127;92m██[38;2;186;162;141m██[38;2;247;231;239m████████[38;2;198;165;150m██[38;2;148;123;92m██[38;2;148;124;92m██[38;2;247;231;239m██[38;2;239;239;247m██[38;2;148;127;100m██[38;2;156;127;92m██[38;2;185;162;149m██[38;2;206;198;206m██[38;2;123;123;123m██[38;2;0;0;0m██
[38;2;0;0;0m  ██[38;2;137;115;100m██[38;2;148;123;92m██[38;2;198;165;150m██[38;2;247;231;239m████████[38;2;186;162;141m██[38;2;156;127;92m██[38;2;148;123;92m████[38;2;247;231;239m████[38;2;209;202;198m████[38;2;214;198;206m████[38;2;206;198;206m██[38;2;123;123;123m██[38;2;0;0;0m██
[38;2;0;0;0m██[38;2;247;231;239m██[38;2;148;124;92m██[38;2;186;162;141m██[38;2;247;231;239m██[38;2;195;193;195m████[38;2;198;165;150m██[38;2;148;123;92m██[38;2;140;124;103m████[38;2;148;123;92m██████[38;2;206;198;206m██[38;2;198;198;198m██[38;2;132;132;132m██[38;2;206;198;206m████[38;2;137;132;137m██[38;2;206;198;206m██[38;2;0;0;0m██
[38;2;0;0;0m██[38;2;247;231;239m██████[38;2;156;127;92m██[38;2;255;255;255m██[38;2;74;70;74m██[38;2;148;123;92m████[38;2;140;124;103m██[38;2;198;165;150m██[38;2;206;198;206m████████[38;2;132;132;132m██[38;2;0;0;0m████[38;2;137;132;137m██[38;2;206;198;206m██[38;2;0;0;0m██  
[38;2;0;0;0m██[38;2;123;119;119m██[38;2;247;239;239m██[38;2;206;189;190m██[38;2;82;140;202m██[38;2;0;0;0m██[38;2;69;66;69m██[38;2;198;165;150m██[38;2;206;198;206m████[38;2;123;123;123m██[38;2;206;198;206m████[38;2;148;123;92m██[38;2;0;0;0m████    ████    
[38;2;0;0;0m  ████[38;2;206;189;190m████[38;2;206;198;206m████████[38;2;123;123;123m████[38;2;137;132;137m██[38;2;0;0;0m████                
[38;2;0;0;0m      ████████[38;2;123;121;119m████[38;2;206;198;206m████[38;2;0;0;0m██                    
[38;2;0;0;0m              [38;2;0;4;0m██[38;2;247;239;239m██[38;2;206;198;206m██[38;2;0;0;0m██                      
[38;2;0;0;0m                ████                        [0m
