
[38;2;0;0;0m            ██                                    
[38;2;0;0;0m          ██[38;2;74;90;122m██[38;2;0;0;0m██      ██                          
[38;2;0;0;0m          ██[38;2;198;198;206m██[38;2;0;0;8m██[38;2;0;0;0m    [38;2;0;0;8m██[38;2;94;99;106m██[38;2;0;0;0m██                        
[38;2;0;0;0m          ██[38;2;198;198;206m██[38;2;99;99;107m██[38;2;0;0;0m████[38;2;0;0;8m██[38;2;189;198;205m██[38;2;74;90;122m██[38;2;0;0;0m██                      
[38;2;0;0;0m          ██[38;2;184;82;83m██[38;2;74;90;122m██[38;2;66;78;106m████[38;2;0;0;8m██[38;2;198;198;206m██[38;2;74;90;122m██[38;2;0;0;0m██                      
[38;2;0;0;0m          ██[38;2;74;90;122m██[38;2;239;78;63m██[38;2;239;82;63m██[38;2;181;81;77m██[38;2;99;99;107m██[38;2;198;198;206m██[38;2;74;90;122m████[38;2;0;0;0m██          ██  ████  
[38;2;0;0;0m        [38;2;0;4;8m██[38;2;156;94;100m██[38;2;239;82;79m██[38;2;181;74;61m██[38;2;74;90;122m████████[38;2;74;91;122m████[38;2;0;0;0m██        ██[38;2;74;90;122m██[38;2;0;0;0m██[38;2;74;94;122m██[38;2;0;0;8m██[38;2;0;0;0m  
[38;2;0;0;0m        [38;2;0;4;8m██[38;2;104;64;69m██[38;2;239;82;79m████████[38;2;181;74;61m██[38;2;74;90;122m██[38;2;74;91;122m████[38;2;0;0;0m██        ██[38;2;74;90;122m████[38;2;74;94;122m██[38;2;49;63;84m██[38;2;0;0;0m██
[38;2;0;0;0m      ██[38;2;69;79;109m██[38;2;206;189;54m██[38;2;239;82;79m██[38;2;74;90;122m██[38;2;82;80;58m████[38;2;57;66;97m██████[38;2;73;90;121m██[38;2;74;90;122m██[38;2;0;0;0m██    ██[38;2;49;63;87m██[38;2;74;94;122m████[38;2;0;0;0m████  
[38;2;0;0;0m  ████[38;2;57;66;97m██[38;2;69;79;109m██[38;2;206;189;54m██[38;2;74;90;122m████[38;2;247;239;79m██[38;2;0;0;48m██[38;2;255;239;55m████[38;2;57;66;97m██[38;2;73;90;121m██[38;2;74;90;122m██[38;2;0;0;0m██    ██[38;2;74;94;130m██[38;2;49;63;84m██[38;2;0;0;8m██[38;2;0;0;0m      
[38;2;0;0;0m██[38;2;181;74;61m████[38;2;0;0;0m██[38;2;231;90;95m██[38;2;115;53;63m██[38;2;74;90;122m██[38;2;239;82;79m██[38;2;255;239;55m██[38;2;211;80;70m██[38;2;255;239;55m████[38;2;184;82;83m██[38;2;74;90;122m████[38;2;0;0;0m██    ██[38;2;74;90;122m██[38;2;0;0;0m██        
[38;2;0;0;0m  ████  [38;2;0;16;32m██[38;2;231;90;95m██[38;2;239;82;79m████[38;2;211;80;70m██[38;2;255;239;55m████[38;2;181;74;61m██[38;2;239;78;63m██[38;2;74;90;122m██[38;2;0;0;0m██      ██[38;2;74;90;122m██[38;2;57;66;97m██[38;2;0;0;0m██      
[38;2;0;0;0m          ████[38;2;239;82;79m██[38;2;247;94;87m██[38;2;165;68;69m██[38;2;178;77;80m██[38;2;239;82;71m██[38;2;115;53;63m██[38;2;0;16;32m██[38;2;0;0;0m          ██[38;2;74;94;130m██[38;2;0;0;0m██      
[38;2;0;0;0m              ██[38;2;0;16;32m██[38;2;82;42;50m██[38;2;57;66;97m████[38;2;231;90;95m████[38;2;0;0;0m██        ██[38;2;49;63;87m██[38;2;0;0;0m██      
[38;2;0;0;0m                  ██[38;2;74;90;122m████[38;2;66;74;106m██[38;2;239;82;79m██[38;2;231;94;95m██[38;2;0;8;16m██[38;2;0;0;0m    ██[38;2;57;66;97m████[38;2;0;0;0m██      
[38;2;0;0;0m                ██[38;2;57;66;97m██[38;2;57;65;97m██[38;2;74;90;122m██[38;2;66;74;106m████[38;2;77;37;42m██[38;2;0;8;16m██[38;2;0;0;0m████[38;2;57;66;97m████[38;2;0;0;0m██        
[38;2;0;0;0m                [38;2;0;16;32m██[38;2;165;90;93m██[38;2;66;74;106m████[38;2;57;66;97m██[38;2;73;90;121m██[38;2;74;91;122m████[38;2;57;66;97m██████[38;2;0;0;0m██          
[38;2;0;0;0m              ██[38;2;82;53;62m████[38;2;66;74;106m██[38;2;239;82;79m██[38;2;57;66;97m██[38;2;73;90;121m██[38;2;74;91;122m████[38;2;0;0;0m██████            
[38;2;0;0;0m            ██[38;2;181;74;61m██[38;2;165;68;69m██[38;2;82;42;50m██[38;2;66;74;106m████[38;2;57;66;97m████[38;2;74;90;122m██[38;2;0;0;0m██                  
[38;2;0;0;0m              ██[38;2;0;16;32m██[38;2;247;94;87m██[38;2;239;82;79m██[38;2;66;74;106m██[38;2;0;0;0m██████                    
[38;2;0;0;0m                  ██████                          [0m
