
[38;2;0;0;0m              ████████████            
[38;2;0;0;0m          ████[38;2;99;181;67m██[38;2;98;181;66m████████[38;2;0;0;0m██            
[38;2;0;0;0m    ████  ██[38;2;99;181;67m████[38;2;74;115;82m████████[38;2;0;0;0m██            
[38;2;0;0;0m  ██[38;2;140;231;92m██[38;2;104;177;80m██[38;2;0;0;0m████[38;2;74;115;82m████[38;2;99;181;67m██[38;2;148;222;100m██[38;2;148;222;108m██[38;2;8;0;8m██[38;2;0;0;0m    ████[38;2;8;0;8m████[38;2;0;0;0m██
[38;2;0;0;0m██[38;2;148;222;100m██[38;2;104;177;80m██[38;2;69;124;69m██[38;2;74;115;82m██████[38;2;148;222;100m████[38;2;99;181;67m██[38;2;55;74;41m██[38;2;8;0;8m██[38;2;0;0;0m████[38;2;99;181;67m████[38;2;55;74;41m██[38;2;148;222;108m██[38;2;0;0;0m██
[38;2;0;4;0m██[38;2;148;239;100m██[38;2;57;66;65m██[38;2;85;118;77m██[38;2;112;176;83m██[38;2;140;231;92m██[38;2;148;222;100m██[38;2;74;115;82m██[38;2;74;119;74m██[38;2;140;231;92m██████[38;2;74;115;82m████[38;2;66;66;66m████[38;2;148;222;100m██[38;2;99;181;67m██[38;2;0;0;0m██
[38;2;0;4;0m██[38;2;99;161;67m██[38;2;140;222;100m██[38;2;57;66;65m████[38;2;85;121;74m██[38;2;74;115;82m████[38;2;74;119;74m██[38;2;107;175;83m██[38;2;112;177;80m██[38;2;57;70;57m██[38;2;66;66;66m████[38;2;148;222;100m████[38;2;99;181;67m████[38;2;0;0;0m██
[38;2;0;0;0m██[38;2;74;115;82m██[38;2;104;177;80m██[38;2;140;231;92m████[38;2;57;70;57m██[38;2;66;66;66m████████████[38;2;148;222;100m████[38;2;98;181;66m████[38;2;99;181;67m██[38;2;0;0;0m██  
[38;2;0;0;0m  ██[38;2;69;124;69m██[38;2;104;177;80m██[38;2;112;177;80m██[38;2;140;231;92m██[38;2;148;222;100m████████████[38;2;99;181;67m████[38;2;98;181;66m██[38;2;74;115;82m██[38;2;0;0;0m██    
[38;2;0;0;0m    ████[38;2;77;104;69m████[38;2;99;181;67m████████████[38;2;99;181;75m██[38;2;66;66;68m██[38;2;0;0;0m████      
[38;2;0;0;0m      ██[38;2;231;74;95m██[38;2;77;104;69m██[38;2;66;66;66m████████████[38;2;66;66;68m██[38;2;82;123;72m██[38;2;0;0;0m██        
[38;2;0;0;0m      ██[38;2;162;126;95m████[38;2;222;74;86m██[38;2;140;184;116m██[38;2;247;255;247m██[38;2;0;20;0m██[38;2;255;255;255m██[38;2;203;230;195m██[38;2;99;189;83m████[38;2;0;0;0m██        
[38;2;0;0;0m        [38;2;41;0;1m██[38;2;222;189;142m██[38;2;99;239;131m██[38;2;222;74;86m██[38;2;165;177;165m██[38;2;247;255;247m██[38;2;255;255;255m██[38;2;99;181;75m██[38;2;99;189;83m██[38;2;0;0;0m██          
[38;2;0;0;0m        [38;2;16;0;8m██[38;2;49;74;49m██[38;2;88;165;99m██[38;2;132;247;148m██████[38;2;93;166;93m██[38;2;66;70;66m██[38;2;49;74;49m██[38;2;16;0;8m██[38;2;0;0;0m          
[38;2;0;0;0m    ████[38;2;115;222;131m██[38;2;82;148;90m██[38;2;0;0;0m████[38;2;8;0;8m██[38;2;49;82;55m██[38;2;66;70;66m██[38;2;107;214;107m██[38;2;115;222;131m██[38;2;82;148;90m██[38;2;0;0;0m██        
[38;2;0;0;0m  ██[38;2;189;119;101m████[38;2;107;206;123m██[38;2;0;0;0m██    [38;2;8;0;8m██[38;2;99;181;75m██[38;2;99;181;67m██[38;2;132;247;148m██[38;2;94;158;102m██[38;2;132;247;148m██[38;2;123;239;139m██[38;2;0;0;0m████    
[38;2;0;0;0m  ████[38;2;189;119;101m██[38;2;0;0;0m██    ██[38;2;53;90;41m██[38;2;99;181;75m██[38;2;99;181;67m██[38;2;132;247;148m████[38;2;57;70;57m██[38;2;123;239;139m████[38;2;82;165;90m██[38;2;0;0;0m██  
[38;2;0;0;0m    ████    ██[38;2;231;74;95m██[38;2;137;97;73m██[38;2;69;63;45m██[38;2;99;181;75m████[38;2;107;211;115m████[38;2;66;66;66m██[38;2;132;247;148m██[38;2;222;189;142m██[38;2;162;126;95m██[38;2;0;0;0m██
[38;2;0;0;0m            ████[38;2;206;132;102m██[38;2;0;28;16m██[38;2;0;0;8m██[38;2;66;121;53m██[38;2;90;167;90m██[38;2;74;123;66m██[38;2;66;66;66m████[38;2;162;126;95m██[38;2;41;0;1m██[38;2;0;0;0m██
[38;2;0;0;0m              ████    ██[38;2;214;107;94m██[38;2;143;82;63m██[38;2;99;181;67m██[38;2;0;0;0m████    
[38;2;0;0;0m                      ██[38;2;0;33;0m██[38;2;214;107;94m██[38;2;0;0;0m████      
[38;2;0;0;0m                        ████          [0m
