
[38;2;0;0;0m              [38;2;32;32;32m████[38;2;0;0;0m                      
[38;2;0;0;0m            [38;2;32;32;32m██[38;2;230;213;90m████[38;2;32;32;32m██[38;2;0;0;0m                    
[38;2;0;0;0m          [38;2;32;32;32m██[38;2;238;222;222m██[38;2;180;172;164m████[38;2;230;213;90m██[38;2;32;32;32m██[38;2;0;0;0m      [38;2;32;32;32m██████[38;2;0;0;0m      
[38;2;0;0;0m            [38;2;32;32;32m██[38;2;238;222;222m████[38;2;180;172;164m██[38;2;32;32;32m██[38;2;0;0;0m    [38;2;32;32;32m██[38;2;230;213;90m██████[38;2;32;32;32m██[38;2;0;0;0m    
[38;2;0;0;0m              [38;2;32;32;32m██[38;2;238;222;222m██[38;2;82;82;82m██[38;2;32;32;32m██[38;2;0;0;0m  [38;2;32;32;32m██[38;2;230;213;90m██[38;2;180;172;164m██████[38;2;230;213;90m██[38;2;32;32;32m██[38;2;0;0;0m  
[38;2;0;0;0m          [38;2;32;32;32m████[38;2;0;0;0m  [38;2;32;32;32m██[38;2;255;255;255m████[38;2;32;32;32m██[38;2;230;213;90m██[38;2;180;172;164m██[38;2;238;222;222m██████████[38;2;32;32;32m██
[38;2;0;0;0m        [38;2;32;32;32m██[38;2;156;148;148m██[38;2;255;255;255m██[38;2;32;32;32m██[38;2;82;82;82m██[38;2;255;255;255m████[38;2;82;82;82m██[38;2;180;172;164m██[38;2;82;82;82m████[38;2;238;222;222m██[38;2;32;32;32m██████[38;2;0;0;0m  
[38;2;0;0;0m        [38;2;32;32;32m██[38;2;255;255;255m██████[38;2;82;82;82m██████[38;2;255;255;255m██[38;2;82;82;82m██[38;2;255;255;255m██[38;2;156;148;148m██[38;2;32;32;32m██[38;2;0;0;0m        
[38;2;0;0;0m        [38;2;32;32;32m██[38;2;82;82;82m██[38;2;255;255;255m██[38;2;156;148;148m██[38;2;238;222;222m████[38;2;156;148;148m██[38;2;82;82;82m██[38;2;255;255;255m██████[38;2;82;82;82m██[38;2;32;32;32m██[38;2;0;0;0m      
[38;2;0;0;0m      [38;2;32;32;32m██[38;2;255;255;255m██[38;2;238;222;222m██[38;2;156;148;148m████[38;2;238;222;222m██[38;2;156;148;148m██[38;2;238;222;222m████[38;2;82;82;82m██[38;2;255;255;255m██[38;2;82;82;82m██[38;2;238;222;222m██[38;2;32;32;32m██[38;2;0;0;0m      
[38;2;0;0;0m      [38;2;32;32;32m██[38;2;255;255;255m██[38;2;156;148;148m██[38;2;255;115;115m██[38;2;238;222;222m██[38;2;156;148;148m████████[38;2;82;82;82m██[38;2;255;255;255m██[38;2;82;82;82m████[38;2;32;32;32m██[38;2;0;0;0m      
[38;2;0;0;0m        [38;2;32;32;32m██[38;2;82;82;82m██[38;2;255;246;255m██[38;2;238;222;222m████[38;2;255;115;115m██[38;2;238;222;222m██████[38;2;82;82;82m██[38;2;255;255;255m████[38;2;32;32;32m██[38;2;0;0;0m      
[38;2;0;0;0m          [38;2;32;32;32m██[38;2;255;115;115m██[38;2;74;172;156m██[38;2;238;222;222m██[38;2;255;246;255m██[38;2;255;115;115m██[38;2;238;222;222m████[38;2;82;82;82m██[38;2;255;255;255m████[38;2;32;32;32m██[38;2;0;0;0m      
[38;2;0;0;0m        [38;2;32;32;32m██[38;2;180;172;164m██[38;2;82;82;82m██[38;2;238;222;222m████[38;2;255;246;255m██[38;2;255;115;115m██[38;2;238;222;222m██[38;2;82;82;82m██[38;2;255;255;255m██[38;2;32;32;32m████[38;2;0;0;0m        
[38;2;0;0;0m    [38;2;32;32;32m██████[38;2;238;222;222m██[38;2;180;172;164m██[38;2;82;82;82m██[38;2;180;172;164m██[38;2;255;115;115m██[38;2;238;222;222m██[38;2;82;82;82m████[38;2;238;222;222m██[38;2;32;32;32m██[38;2;0;0;0m          
[38;2;0;0;0m  [38;2;32;32;32m██[38;2;238;222;222m████[38;2;180;172;164m██[38;2;82;82;82m████[38;2;106;197;230m██[38;2;82;82;82m██████[38;2;238;222;222m██[38;2;180;172;164m██[38;2;82;82;82m██[38;2;32;32;32m██[38;2;0;0;0m          
[38;2;32;32;32m██[38;2;255;255;255m██[38;2;180;172;164m██[38;2;238;222;222m██[38;2;82;82;82m████[38;2;238;222;222m██[38;2;82;139;156m██[38;2;180;230;255m████[38;2;82;82;82m██[38;2;180;172;164m██[38;2;238;222;222m██[38;2;82;82;82m██[38;2;238;222;222m██[38;2;32;32;32m██[38;2;0;0;0m        
[38;2;0;0;0m  [38;2;32;32;32m████[38;2;82;82;82m████[38;2;238;222;222m██[38;2;180;172;164m██[38;2;255;255;255m██[38;2;82;139;156m██████[38;2;82;82;82m████[38;2;180;172;164m██[38;2;82;82;82m██[38;2;32;32;32m██[38;2;0;0;0m        
[38;2;0;0;0m      [38;2;32;32;32m██[38;2;238;222;222m██████[38;2;180;172;164m██[38;2;255;255;255m██████[38;2;82;82;82m██[38;2;238;222;222m████[38;2;82;82;82m██[38;2;238;222;222m██[38;2;32;32;32m██[38;2;0;0;0m      
[38;2;0;0;0m      [38;2;32;32;32m██[38;2;238;222;222m██████████████[38;2;82;82;82m██[38;2;180;172;164m██[38;2;238;222;222m██[38;2;82;82;82m██[38;2;238;222;222m██[38;2;32;32;32m██[38;2;0;0;0m      
[38;2;0;0;0m      [38;2;32;32;32m██[38;2;82;82;82m██[38;2;238;222;222m██[38;2;180;172;164m██[38;2;230;213;90m██[38;2;238;222;222m██[38;2;180;172;164m██[38;2;238;222;222m██[38;2;82;82;82m██[38;2;238;222;222m██[38;2;82;82;82m██[38;2;238;222;222m██[38;2;82;82;82m██[38;2;32;32;32m██[38;2;0;0;0m      
[38;2;0;0;0m        [38;2;32;32;32m██[38;2;82;82;82m██[38;2;230;213;90m██[38;2;238;222;222m████[38;2;230;213;90m██[38;2;180;172;164m██[38;2;238;222;222m██[38;2;82;82;82m██[38;2;238;222;222m██[38;2;82;82;82m██[38;2;32;32;32m██[38;2;0;0;0m        
[38;2;0;0;0m        [38;2;32;32;32m██[38;2;255;255;255m██[38;2;230;213;90m██[38;2;238;222;222m████[38;2;230;213;90m██[38;2;82;82;82m████████[38;2;255;255;255m██[38;2;32;32;32m██[38;2;0;0;0m        
[38;2;0;0;0m          [38;2;32;32;32m██[38;2;255;255;255m██[38;2;180;172;164m██[38;2;230;213;90m██[38;2;156;148;148m██[38;2;255;255;255m████████[38;2;32;32;32m██[38;2;0;0;0m          
[38;2;0;0;0m            [38;2;32;32;32m████[38;2;156;148;148m██[38;2;255;255;255m██████[38;2;32;32;32m████[38;2;0;0;0m            
[38;2;0;0;0m                [38;2;32;32;32m████[38;2;156;148;148m████[38;2;32;32;32m██[38;2;0;0;0m              
[38;2;0;0;0m                  [38;2;32;32;32m██[38;2;180;172;164m██[38;2;32;32;32m██[38;2;0;0;0m                [0m
