
[38;2;0;0;0m        [38;2;61;35;41m██[38;2;63;33;43m██[38;2;1;0;1m  [38;2;0;0;0m                            
[38;2;0;0;0m      [38;2;118;46;88m  [38;2;247;140;163m██[38;2;199;103;136m██[38;2;190;101;130m██[38;2;185;105;125m██[38;2;0;0;0m          [38;2;13;9;10m  [38;2;191;124;149m██[38;2;112;68;87m  [38;2;0;0;0m          
[38;2;0;0;0m    [38;2;246;140;166m██[38;2;246;140;163m██[38;2;123;102;97m██[38;2;83;91;68m██[38;2;138;107;97m██[38;2;186;107;128m██[38;2;0;0;0m        [38;2;34;24;27m  [38;2;124;83;102m██[38;2;217;143;169m██[38;2;215;138;166m██[38;2;16;6;12m  [38;2;63;45;49m██[38;2;52;26;39m██[38;2;0;0;0m    
[38;2;0;0;0m    [38;2;105;58;72m██[38;2;126;85;98m██[38;2;106;162;88m██[38;2;167;160;74m██[38;2;188;183;73m██[38;2;98;144;69m██[38;2;0;0;0m        [38;2;108;69;81m██[38;2;205;98;153m██[38;2;225;157;114m██[38;2;232;183;94m██[38;2;158;62;118m██[38;2;205;100;153m██[38;2;228;137;174m██[38;2;0;0;0m    
[38;2;0;0;0m    [38;2;119;62;80m██[38;2;96;70;82m██[38;2;112;187;91m██[38;2;160;172;78m██[38;2;123;117;75m██[38;2;126;186;88m██[38;2;62;102;49m██[38;2;0;0;0m    [38;2;4;2;3m  [38;2;226;148;176m██[38;2;251;175;195m██[38;2;195;84;145m██[38;2;238;197;87m██[38;2;206;118;121m██[38;2;241;158;186m██[38;2;122;87;95m██[38;2;0;0;0m    
[38;2;0;0;0m    [38;2;233;131;159m██[38;2;201;112;141m██[38;2;91;129;78m██[38;2;112;187;91m██[38;2;113;187;91m██[38;2;92;112;75m██[38;2;89;140;70m██[38;2;1;2;1m  [38;2;0;0;0m    [38;2;34;24;27m  [38;2;205;100;153m██[38;2;177;150;141m██[38;2;193;83;144m██[38;2;238;154;183m██[38;2;191;78;140m██[38;2;239;156;184m██[38;2;0;0;0m    
[38;2;0;0;0m    [38;2;26;16;18m  [38;2;158;96;109m  [38;2;58;87;50m██[38;2;111;181;89m██[38;2;96;133;78m██[38;2;242;227;70m██[38;2;109;123;81m██[38;2;18;19;18m██[38;2;0;0;0m    [38;2;128;119;39m██[38;2;189;160;73m██[38;2;147;222;131m██[38;2;184;116;142m██[38;2;249;171;193m██[38;2;223;158;174m██[38;2;19;14;15m  [38;2;0;0;0m    
[38;2;0;0;0m          [38;2;25;41;20m  [38;2;85;110;94m██[38;2;242;227;70m██[38;2;231;222;73m██[38;2;81;80;72m██[38;2;57;73;49m  [38;2;1;1;7m  [38;2;111;149;86m██[38;2;158;206;117m██[38;2;147;222;131m██[38;2;173;161;82m██[38;2;119;95;75m██[38;2;53;37;41m  [38;2;0;0;0m      
[38;2;0;0;0m          [38;2;0;1;3m  [38;2;71;75;48m██[38;2;145;138;71m██[38;2;190;172;69m██[38;2;112;125;92m██[38;2;172;238;140m██[38;2;56;73;54m██[38;2;108;156;103m██[38;2;83;114;85m██[38;2;121;175;108m██[38;2;149;124;52m██[38;2;66;64;32m  [38;2;0;0;0m        
[38;2;0;0;0m          [38;2;168;170;71m  [38;2;181;206;104m██[38;2;171;214;130m██[38;2;169;211;129m██[38;2;197;253;149m██[38;2;154;228;134m██[38;2;126;180;114m██[38;2;79;111;94m██[38;2;86;139;121m██[38;2;56;86;64m██[38;2;0;0;0m            
[38;2;0;0;0m    [38;2;38;55;48m██[38;2;33;53;45m██[38;2;7;6;6m  [38;2;227;212;64m██[38;2;174;186;94m██[38;2;182;246;144m██[38;2;160;213;128m██[38;2;112;95;72m██[38;2;138;119;72m██[38;2;160;190;105m██[38;2;114;157;104m██[38;2;54;74;51m  [38;2;0;0;0m  [38;2;2;4;3m  [38;2;8;12;10m  [38;2;34;46;33m██[38;2;28;42;32m██[38;2;0;0;0m    
[38;2;17;27;23m  [38;2;65;105;91m██[38;2;85;129;106m██[38;2;80;100;88m██[38;2;91;147;74m██[38;2;122;125;69m██[38;2;151;218;118m██[38;2;147;225;129m██[38;2;133;161;104m██[38;2;216;199;71m██[38;2;241;228;73m██[38;2;174;144;69m██[38;2;147;226;130m██[38;2;0;0;0m  [38;2;3;0;7m  [38;2;47;63;48m██[38;2;69;101;78m██[38;2;169;153;71m██[38;2;121;127;66m██[38;2;0;7;14m  [38;2;0;0;0m  
[38;2;16;15;4m  [38;2;77;108;88m██[38;2;83;121;107m██[38;2;101;163;101m██[38;2;112;187;91m██[38;2;92;118;74m██[38;2;117;171;103m██[38;2;145;224;126m██[38;2;126;167;103m██[38;2;165;148;72m██[38;2;214;189;70m██[38;2;172;166;75m██[38;2;122;186;102m██[38;2;82;102;78m██[38;2;105;154;92m██[38;2;61;77;63m██[38;2;183;183;77m██[38;2;183;171;82m██[38;2;183;182;99m██[38;2;108;126;85m██[38;2;17;27;23m  
[38;2;16;15;4m  [38;2;65;64;55m██[38;2;88;139;112m██[38;2;89;108;83m██[38;2;112;187;91m██[38;2;114;188;91m██[38;2;87;130;75m██[38;2;96;149;88m██[38;2;97;168;89m██[38;2;88;124;80m██[38;2;139;167;81m██[38;2;114;187;90m██[38;2;110;154;94m██[38;2;147;225;129m██[38;2;110;153;106m██[38;2;92;123;97m██[38;2;99;125;86m██[38;2;149;219;129m██[38;2;125;143;79m██[38;2;29;30;29m  [38;2;0;0;0m  
[38;2;0;0;0m    [38;2;81;131;111m██[38;2;11;17;15m  [38;2;61;77;68m██[38;2;85;136;70m██[38;2;89;135;72m██[38;2;68;88;56m██[38;2;81;105;80m██[38;2;100;154;98m██[38;2;83;92;81m██[38;2;78;74;70m██[38;2;120;169;109m██[38;2;147;225;129m██[38;2;139;224;118m██[38;2;76;98;68m██[38;2;73;116;81m██[38;2;77;104;87m██[38;2;22;28;22m██[38;2;0;0;0m    
[38;2;0;0;0m    [38;2;15;24;20m  [38;2;0;0;0m  [38;2;10;11;10m  [38;2;2;3;3m  [38;2;0;0;0m  [38;2;15;19;12m  [38;2;48;55;45m██[38;2;130;183;116m██[38;2;94;121;93m██[38;2;76;80;74m██[38;2;147;222;131m██[38;2;123;191;100m██[38;2;118;189;95m██[38;2;28;45;24m██[38;2;10;14;11m  [38;2;33;52;45m██[38;2;27;43;37m██[38;2;0;0;0m    
[38;2;0;0;0m                [38;2;16;25;14m  [38;2;145;218;128m██[38;2;120;169;108m██[38;2;141;223;135m██[38;2;105;149;94m██[38;2;39;62;34m  [38;2;0;0;2m  [38;2;0;0;0m            
[38;2;0;0;0m                [38;2;41;62;37m██[38;2;146;222;127m██[38;2;121;184;105m██[38;2;120;187;102m██[38;2;112;187;91m██[38;2;0;0;0m                
[38;2;0;0;0m                [38;2;10;15;13m  [38;2;70;91;72m██[38;2;78;120;88m██[38;2;80;129;86m██[38;2;79;118;70m██[38;2;0;0;0m                
[38;2;0;0;0m              [38;2;62;97;84m  [38;2;76;123;103m██[38;2;81;123;106m██[38;2;83;116;86m████[38;2;74;120;98m██[38;2;0;0;0m                
[38;2;0;0;0m                  [38;2;63;102;89m  [38;2;87;140;121m██[38;2;63;102;89m  [38;2;36;58;49m  [38;2;65;107;89m██[38;2;26;43;36m  [38;2;0;0;0m            
[38;2;0;0;0m                    [38;2;22;34;30m██[38;2;0;0;0m                    [0m
