
[38;2;0;0;0m                                  [38;2;49;49;49m██████[38;2;0;0;0m    
[38;2;0;0;0m                                [38;2;49;49;49m██[38;2;255;255;255m██[38;2;255;222;115m██[38;2;230;106;57m██[38;2;49;49;49m██[38;2;0;0;0m  
[38;2;0;0;0m                                [38;2;49;49;49m██[38;2;255;222;115m████[38;2;255;139;106m██[38;2;49;49;49m██[38;2;0;0;0m  
[38;2;0;0;0m          [38;2;49;49;49m████████[38;2;0;0;0m              [38;2;49;49;49m██[38;2;230;106;57m██[38;2;255;139;106m██[38;2;189;65;32m██[38;2;49;49;49m██[38;2;0;0;0m  
[38;2;0;0;0m        [38;2;49;49;49m██[38;2;222;197;90m██[38;2;255;238;172m████[38;2;189;148;82m██[38;2;49;49;49m██[38;2;0;0;0m  [38;2;49;49;49m██████[38;2;0;0;0m      [38;2;49;49;49m████[38;2;82;82;82m██[38;2;49;49;49m██[38;2;0;0;0m  
[38;2;0;0;0m      [38;2;49;49;49m██[38;2;255;238;172m██████████[38;2;222;197;90m██[38;2;49;49;49m██[38;2;222;197;90m██[38;2;255;238;172m████[38;2;49;49;49m██████[38;2;0;0;0m    [38;2;49;49;49m██[38;2;255;197;57m██[38;2;49;49;49m██
[38;2;0;0;0m  [38;2;49;49;49m████[38;2;255;238;172m████[38;2;189;148;82m████[38;2;255;238;172m██████[38;2;82;82;82m██[38;2;255;238;172m██████[38;2;189;148;82m██[38;2;255;238;172m████[38;2;49;49;49m██[38;2;0;0;0m  [38;2;49;49;49m██[38;2;82;82;82m██[38;2;49;49;49m██
[38;2;49;49;49m██[38;2;123;123;123m██[38;2;49;49;49m██[38;2;255;238;172m██[38;2;189;148;82m██[38;2;255;238;172m████[38;2;189;148;82m██[38;2;255;238;172m████[38;2;189;148;82m██[38;2;255;238;172m████████████[38;2;222;197;90m██[38;2;49;49;49m██[38;2;255;197;57m██[38;2;82;82;82m██[38;2;49;49;49m██
[38;2;49;49;49m██[38;2;123;123;123m██[38;2;49;49;49m██[38;2;255;238;172m██[38;2;222;197;90m██[38;2;189;148;82m██[38;2;255;238;172m██[38;2;189;148;82m██[38;2;255;238;172m██[38;2;82;82;82m██████[38;2;255;238;172m████████████[38;2;82;82;82m██[38;2;189;148;82m██[38;2;255;197;57m██[38;2;49;49;49m██
[38;2;0;0;0m  [38;2;49;49;49m██[38;2;189;148;82m██[38;2;82;82;82m██[38;2;255;238;172m████[38;2;222;197;90m██[38;2;82;82;82m████[38;2;123;123;123m██[38;2;255;222;115m██[38;2;123;123;123m██[38;2;82;82;82m██[38;2;255;238;172m██[38;2;222;197;90m██[38;2;255;238;172m████████[38;2;82;82;82m██[38;2;255;197;57m██[38;2;49;49;49m██
[38;2;0;0;0m    [38;2;49;49;49m██[38;2;255;255;255m██[38;2;82;82;82m██████[38;2;82;131;205m██[38;2;82;82;82m██[38;2;123;123;123m██[38;2;255;197;57m██[38;2;123;123;123m██[38;2;82;82;82m██[38;2;255;238;172m████[38;2;222;197;90m██[38;2;255;238;172m██████[38;2;82;82;82m██[38;2;49;49;49m██[38;2;0;0;0m  
[38;2;0;0;0m    [38;2;49;49;49m████[38;2;148;189;246m████████[38;2;82;131;205m██[38;2;82;82;82m██[38;2;238;156;0m██[38;2;82;82;82m██[38;2;255;238;172m██████[38;2;222;197;90m██[38;2;255;238;172m████[38;2;222;197;90m██[38;2;49;49;49m██[38;2;0;0;0m    
[38;2;0;0;0m    [38;2;49;49;49m██[38;2;148;189;246m██████[38;2;255;255;255m██[38;2;49;49;49m██[38;2;82;131;205m██[38;2;82;82;82m████[38;2;222;197;90m██[38;2;255;238;172m████[38;2;222;197;90m████[38;2;255;238;172m████[38;2;49;49;49m██[38;2;0;0;0m      
[38;2;0;0;0m    [38;2;49;49;49m██[38;2;82;131;205m██[38;2;148;189;246m████[38;2;49;49;49m████[38;2;82;131;205m██[38;2;82;82;82m██[38;2;222;197;90m██████████████[38;2;189;148;82m██[38;2;222;197;90m██[38;2;49;49;49m██[38;2;0;0;0m    
[38;2;0;0;0m      [38;2;49;49;49m██[38;2;82;131;205m████████[38;2;82;82;82m██[38;2;222;197;90m████████████████████[38;2;49;49;49m██[38;2;0;0;0m    
[38;2;0;0;0m        [38;2;49;49;49m████[38;2;82;82;82m██[38;2;189;148;82m██[38;2;222;197;90m██████████[38;2;82;82;82m██[38;2;222;197;90m████████[38;2;49;49;49m██[38;2;0;0;0m      
[38;2;0;0;0m          [38;2;49;49;49m██[38;2;82;131;205m██[38;2;49;49;49m██[38;2;222;197;90m██████[38;2;189;148;82m██[38;2;49;49;49m████[38;2;222;197;90m████[38;2;82;82;82m██[38;2;49;49;49m██[38;2;0;0;0m        
[38;2;0;0;0m          [38;2;49;49;49m████[38;2;0;0;0m  [38;2;49;49;49m██[38;2;82;82;82m██[38;2;49;49;49m████[38;2;0;0;0m    [38;2;49;49;49m████[38;2;82;131;205m██[38;2;49;49;49m██[38;2;0;0;0m        
[38;2;0;0;0m                [38;2;49;49;49m██[38;2;82;131;205m██[38;2;49;49;49m██[38;2;0;0;0m        [38;2;49;49;49m████[38;2;0;0;0m          
[38;2;0;0;0m                [38;2;49;49;49m████[38;2;0;0;0m                        [0m
