
[38;2;0;0;0m                [38;2;6;9;8m  [38;2;26;34;34m████[38;2;6;9;8m  [38;2;0;0;0m            
[38;2;0;0;0m              [38;2;32;38;39m  [38;2;85;102;110m██[38;2;98;117;127m██[38;2;99;117;127m██[38;2;85;102;110m██[38;2;0;2;0m  [38;2;0;0;0m  [38;2;0;3;0m  [38;2;0;0;0m      
[38;2;0;0;0m            [38;2;0;1;0m  [38;2;76;83;88m██[38;2;99;116;129m██[38;2;99;117;128m██[38;2;99;117;127m████[38;2;83;98;108m██[38;2;34;39;37m██[38;2;85;87;85m██[38;2;14;17;14m  [38;2;0;0;0m    
[38;2;0;0;0m      [38;2;0;2;0m  [38;2;0;0;0m      [38;2;6;9;6m  [38;2;97;104;108m██[38;2;99;117;128m██[38;2;76;92;98m██[38;2;9;14;11m██[38;2;94;99;101m██[38;2;94;96;95m██[38;2;6;9;6m  [38;2;0;0;0m      
[38;2;0;0;0m    [38;2;0;1;0m  [38;2;74;88;95m██[38;2;44;55;57m██[38;2;11;15;14m  [38;2;33;34;34m  [38;2;72;79;77m██[38;2;96;99;96m██[38;2;62;65;62m██[38;2;0;1;0m  [38;2;0;0;0m  [38;2;0;2;0m    [38;2;0;0;0m        
[38;2;0;0;0m    [38;2;24;31;32m  [38;2;95;102;106m██[38;2;94;105;113m██[38;2;94;108;113m██[38;2;98;117;127m██[38;2;99;115;126m██[38;2;66;66;66m██[38;2;57;63;63m██[38;2;5;5;0m  [38;2;0;0;0m  [38;2;0;3;0m  [38;2;0;0;0m          
[38;2;0;0;0m  [38;2;0;3;0m  [38;2;97;112;119m██[38;2;97;110;119m██[38;2;90;95;97m██[38;2;97;113;121m██[38;2;94;110;119m██[38;2;83;91;97m██[38;2;99;116;127m██[38;2;99;115;126m██[38;2;88;102;112m██[38;2;53;66;69m██[38;2;74;88;95m██[38;2;0;0;0m          
[38;2;0;0;0m    [38;2;27;31;27m██[38;2;83;82;74m██[38;2;99;114;128m██[38;2;99;117;128m██[38;2;90;104;112m██[38;2;90;102;111m██[38;2;99;118;128m██[38;2;79;82;82m██[38;2;81;84;85m██[38;2;98;116;126m██[38;2;0;2;0m  [38;2;0;0;0m          
[38;2;0;0;0m  [38;2;0;3;0m  [38;2;99;117;127m██[38;2;99;118;128m██████[38;2;95;112;122m██[38;2;80;87;92m██[38;2;99;118;128m██[38;2;89;102;110m██[38;2;90;102;111m████[38;2;0;2;0m  [38;2;0;0;0m          
[38;2;0;1;0m  [38;2;74;87;95m██[38;2;96;104;106m██[38;2;82;77;69m██[38;2;94;108;118m██[38;2;99;114;127m██[38;2;92;106;115m████[38;2;72;74;77m██[38;2;92;104;114m██[38;2;78;85;89m██[38;2;38;47;49m██[38;2;0;0;0m            
[38;2;0;1;0m  [38;2;78;89;97m██[38;2;108;82;69m██[38;2;127;97;78m██[38;2;74;78;76m██[38;2;80;88;92m██[38;2;77;76;67m██[38;2;77;77;65m██[38;2;81;88;88m██[38;2;98;116;126m██[38;2;99;117;127m██[38;2;99;116;127m██[38;2;0;2;0m  [38;2;0;0;0m          
[38;2;0;0;0m  [38;2;4;5;0m  [38;2;102;80;77m██[38;2;120;95;86m██[38;2;81;86;87m██[38;2;82;84;77m██[38;2;160;114;79m██[38;2;126;113;82m██[38;2;75;77;72m██[38;2;90;105;111m██[38;2;99;117;127m██[38;2;24;32;31m██[38;2;0;0;0m            
[38;2;0;0;0m    [38;2;36;44;46m██[38;2;97;112;124m██[38;2;100;114;129m██[38;2;97;108;115m██[38;2;221;97;67m██[38;2;97;93;84m██[38;2;77;76;68m██[38;2;90;105;112m██[38;2;78;94;101m██[38;2;4;6;5m  [38;2;0;0;0m            
[38;2;0;0;0m  [38;2;27;34;34m  [38;2;96;110;117m██[38;2;91;98;102m██[38;2;85;93;96m██[38;2;92;107;113m██[38;2;99;118;128m████[38;2;80;87;92m██[38;2;86;95;96m██[38;2;26;31;29m  [38;2;0;1;0m  [38;2;0;0;0m            
[38;2;0;0;0m  [38;2;6;10;8m  [38;2;99;116;127m██[38;2;97;112;123m██[38;2;96;114;122m██[38;2;86;90;86m██[38;2;83;82;74m████[38;2;100;113;129m██[38;2;93;98;100m██[38;2;92;94;92m██[38;2;85;87;85m██[38;2;0;2;0m  [38;2;0;0;0m          
[38;2;0;0;0m  [38;2;2;2;0m  [38;2;43;44;39m██[38;2;86;92;92m██[38;2;83;94;99m██[38;2;95;109;120m██[38;2;99;114;127m██[38;2;95;108;119m██[38;2;84;90;96m██[38;2;59;61;59m██[38;2;0;2;0m    [38;2;0;0;0m            
[38;2;0;1;0m  [38;2;55;56;49m██[38;2;96;96;90m██[38;2;78;76;68m██[38;2;82;80;69m██[38;2;69;69;66m██[38;2;66;66;66m████[38;2;81;80;69m██[38;2;20;22;17m██[38;2;0;0;0m                
[38;2;21;26;25m██[38;2;87;94;100m██[38;2;84;90;96m██[38;2;95;109;120m██[38;2;94;105;108m██[38;2;91;98;100m██[38;2;91;96;96m██[38;2;77;77;69m██[38;2;92;101;101m██[38;2;89;98;103m██[38;2;43;48;50m  [38;2;0;0;0m              
[38;2;22;29;28m  [38;2;95;108;118m██[38;2;66;71;73m██[38;2;97;109;120m██[38;2;96;111;122m██[38;2;99;117;127m████[38;2;74;78;81m██[38;2;99;118;128m██[38;2;87;91;87m██[38;2;97;112;123m██[38;2;24;32;31m██[38;2;0;0;0m    [38;2;1;3;1m  [38;2;7;10;6m██[38;2;0;5;0m██[38;2;0;1;0m  
[38;2;0;0;0m  [38;2;2;2;0m  [38;2;39;43;41m██[38;2;94;97;95m██[38;2;84;86;87m██[38;2;81;87;89m██[38;2;98;115;127m██[38;2;89;103;110m██[38;2;83;92;98m██[38;2;98;114;127m██[38;2;89;98;102m██[38;2;19;25;22m██[38;2;0;5;0m  [38;2;39;40;32m  [38;2;46;47;39m██[38;2;29;31;25m██[38;2;0;1;0m    
[38;2;0;0;0m    [38;2;16;19;13m  [38;2;74;77;71m██[38;2;60;62;60m  [38;2;45;44;41m  [38;2;98;114;127m██[38;2;99;117;127m██[38;2;87;100;108m██[38;2;53;54;53m██[38;2;60;63;62m██[38;2;80;88;87m██[38;2;80;78;74m██[38;2;64;64;55m██[38;2;0;2;0m  [38;2;0;0;0m      
[38;2;0;0;0m      [38;2;0;1;0m  [38;2;0;0;0m    [38;2;26;34;34m████[38;2;20;26;25m  [38;2;0;1;0m          [38;2;0;0;0m        [0m
