
[38;2;0;0;0m                          ████████                                  
[38;2;0;0;0m                      ████[38;2;148;148;148m██[38;2;115;115;115m██████[38;2;0;0;0m████                              
[38;2;0;0;0m                    [38;2;0;4;0m██[38;2;148;156;148m██[38;2;148;148;148m██████[38;2;115;115;115m██[38;2;115;118;115m████[38;2;115;119;115m██[38;2;0;0;0m██                            
[38;2;0;0;0m                  ██[38;2;99;105;99m██[38;2;148;156;148m██[38;2;148;148;148m████[38;2;115;115;115m████[38;2;115;118;115m████[38;2;77;79;77m██[38;2;115;119;115m██[38;2;0;0;0m██                          
[38;2;0;0;0m                  ██[38;2;115;115;115m██[38;2;247;214;151m████[38;2;115;115;115m██[38;2;115;118;115m████████[38;2;90;82;82m████[38;2;66;66;66m██[38;2;0;0;0m████████                  
[38;2;0;0;0m                  ██[38;2;247;214;151m████████[38;2;115;118;115m████████[38;2;66;66;66m██[38;2;90;82;82m██[38;2;66;66;66m████[38;2;90;82;82m██████[38;2;0;0;0m████              
[38;2;0;0;0m                [38;2;0;0;8m██[38;2;123;111;87m██[38;2;247;217;151m████████[38;2;115;118;115m████[38;2;115;115;115m██[38;2;91;82;83m██[38;2;66;66;66m██[38;2;90;82;82m██[38;2;66;66;66m██[38;2;214;173;118m██[38;2;214;176;118m████[38;2;90;82;82m████[38;2;90;86;82m██[38;2;0;4;0m██[38;2;0;0;0m████        
[38;2;0;0;0m                [38;2;0;0;8m██[38;2;247;222;167m██[38;2;247;217;151m████████[38;2;115;118;115m████[38;2;115;115;115m██[38;2;91;82;83m██[38;2;66;66;66m██[38;2;90;82;82m██[38;2;66;66;66m██[38;2;214;173;118m██[38;2;214;176;118m████[38;2;214;173;118m████[38;2;90;86;82m██[38;2;60;59;55m██[38;2;90;82;82m████[38;2;0;0;0m████    
[38;2;0;0;0m                ██[38;2;247;214;151m██[38;2;247;217;151m████████[38;2;115;118;115m████[38;2;82;78;74m████[38;2;90;82;82m██[38;2;66;66;66m██[38;2;214;176;118m████████[38;2;222;165;118m██[38;2;90;41;50m██[38;2;247;214;151m██[38;2;74;74;74m██[38;2;66;66;66m██[38;2;0;0;0m██[38;2;77;79;77m██[38;2;115;119;115m██[38;2;0;0;0m██  
[38;2;0;0;0m                ██[38;2;247;214;151m██[38;2;247;217;151m████████[38;2;115;118;115m████[38;2;82;78;74m██[38;2;198;189;222m██[38;2;90;82;82m██[38;2;66;66;66m██[38;2;214;176;118m████████[38;2;222;165;118m██[38;2;134;82;73m██[38;2;74;74;74m██[38;2;247;214;151m██[38;2;0;0;0m██  ██[38;2;115;119;115m██[38;2;90;82;82m██[38;2;0;0;0m██
[38;2;0;0;0m                [38;2;0;4;16m██[38;2;247;222;167m██[38;2;247;217;151m████[38;2;247;214;151m██[38;2;115;115;115m██████[38;2;82;66;66m██[38;2;239;198;239m██[38;2;71;71;71m████[38;2;214;176;118m████████[38;2;214;173;118m██[38;2;165;41;53m██[38;2;239;239;247m██[38;2;124;124;121m██[38;2;247;214;151m██[38;2;0;0;0m██  ██[38;2;90;82;82m██[38;2;0;0;0m██
[38;2;0;0;0m              ██[38;2;123;113;91m████[38;2;247;217;151m████[38;2;115;115;115m██████[38;2;90;82;82m██[38;2;160;132;152m██[38;2;82;66;66m██[38;2;71;71;71m██[38;2;214;173;118m██[38;2;214;176;118m████████[38;2;214;173;118m██[38;2;165;41;53m██[38;2;66;66;58m██[38;2;239;239;247m██[38;2;123;107;75m██[38;2;0;0;0m██  ██[38;2;90;82;82m██[38;2;0;0;0m██
[38;2;0;0;0m              ██[38;2;115;118;115m████████████[38;2;126;126;129m██[38;2;82;82;74m██[38;2;189;99;133m██[38;2;101;80;82m██[38;2;71;60;45m██[38;2;214;173;118m██[38;2;214;176;118m████████████[38;2;181;61;45m██[38;2;247;255;223m██[38;2;247;214;151m██[38;2;0;0;0m██    ██  
[38;2;0;0;0m              ██[38;2;115;118;115m████████████[38;2;82;82;74m██[38;2;214;214;238m██[38;2;57;70;57m██[38;2;101;80;82m██[38;2;0;4;8m██[38;2;214;173;118m██[38;2;214;176;118m████████████[38;2;225;190;164m████[38;2;247;214;151m██[38;2;0;0;0m██        
[38;2;0;0;0m              ██[38;2;115;118;115m████████[38;2;115;115;115m████[38;2;87;68;74m██[38;2;214;173;222m██[38;2;90;82;82m██[38;2;0;0;0m██  ████[38;2;214;173;118m██[38;2;214;176;118m████[38;2;231;198;135m████[38;2;247;214;151m██[38;2;0;0;0m████          
[38;2;0;0;0m            ██[38;2;115;115;115m██[38;2;115;118;115m████████[38;2;115;115;115m██[38;2;90;82;82m██[38;2;151;121;148m██[38;2;87;68;74m██[38;2;90;82;82m██[38;2;0;0;0m██      ██[38;2;214;176;118m████[38;2;115;101;71m██[38;2;0;4;8m██[38;2;0;0;0m██              
[38;2;0;0;0m            ██[38;2;115;115;115m██[38;2;115;118;115m████████[38;2;148;115;132m██[38;2;107;70;75m██[38;2;189;99;133m██[38;2;101;80;82m██[38;2;0;0;0m██      ██[38;2;206;173;118m██[38;2;214;173;118m██[38;2;247;214;151m██[38;2;0;0;0m██                  
[38;2;0;0;0m          ██[38;2;115;115;115m████[38;2;115;118;115m████████[38;2;231;206;247m██[38;2;148;115;132m██[38;2;57;70;57m██[38;2;101;80;82m██[38;2;0;0;0m██    ██[38;2;206;173;118m██[38;2;137;115;79m██[38;2;214;173;118m██[38;2;247;214;151m████[38;2;0;0;0m████              
[38;2;0;0;0m          ██[38;2;115;118;115m████████[38;2;123;96;102m██[38;2;90;90;82m██[38;2;255;247;255m██[38;2;82;57;66m██[38;2;90;82;82m██[38;2;0;0;0m██    [38;2;0;4;0m██[38;2;90;86;82m██[38;2;71;71;71m████[38;2;247;217;151m████[38;2;126;112;89m██[38;2;247;214;151m██[38;2;115;115;115m██[38;2;0;0;0m████          
[38;2;0;0;0m        ██[38;2;115;115;115m██[38;2;115;118;115m████████[38;2;90;90;82m██[38;2;189;107;141m██[38;2;140;120;129m██[38;2;82;57;66m██[38;2;90;82;82m██[38;2;0;0;0m██  ██[38;2;90;86;82m██[38;2;60;59;55m██[38;2;71;71;71m██[38;2;214;173;118m██[38;2;247;217;151m████[38;2;247;214;151m██[38;2;66;61;58m██[38;2;115;115;115m████[38;2;90;82;82m██[38;2;0;0;0m██        
[38;2;0;0;0m      ██[38;2;115;118;115m████████[38;2;123;96;102m██[38;2;90;90;82m██[38;2;247;231;247m██[38;2;164;140;152m██[38;2;60;59;55m██[38;2;90;86;82m██[38;2;0;0;0m██      ██[38;2;206;173;118m██[38;2;214;173;118m██████[38;2;247;214;151m████[38;2;214;173;118m██[38;2;77;68;58m████[38;2;0;0;0m██          
[38;2;0;0;0m    ██[38;2;115;115;115m██[38;2;115;118;115m████████[38;2;90;90;82m██[38;2;189;107;141m██[38;2;247;231;247m██[38;2;82;49;58m██[38;2;90;86;82m██[38;2;0;4;0m██[38;2;0;0;0m      ██[38;2;206;173;118m██[38;2;137;115;79m██[38;2;214;173;118m██[38;2;123;107;83m██[38;2;247;214;151m████████[38;2;214;181;126m██[38;2;8;12;24m██[38;2;0;0;0m            
[38;2;0;0;0m  ██[38;2;115;118;115m████████[38;2;123;121;126m██[38;2;74;74;66m██[38;2;189;99;133m██[38;2;57;70;65m██[38;2;90;82;82m████[38;2;0;0;0m██      ██[38;2;214;173;118m██[38;2;123;107;83m██[38;2;214;173;118m██[38;2;192;171;123m██[38;2;66;70;66m██[38;2;247;214;151m██[38;2;206;178;128m██[38;2;247;214;151m████[38;2;214;173;118m████[38;2;0;0;0m██          
[38;2;0;0;0m██[38;2;115;115;115m██[38;2;115;118;115m████████[38;2;74;74;66m██[38;2;222;214;246m██[38;2;57;70;65m██[38;2;101;80;88m██[38;2;90;82;82m██[38;2;0;0;0m██        ██[38;2;214;173;118m██[38;2;123;107;83m██[38;2;214;173;118m██[38;2;66;70;66m██[38;2;255;222;151m██[38;2;247;214;151m██[38;2;123;107;83m██[38;2;247;214;151m██[38;2;214;173;118m██[38;2;123;107;83m██[38;2;214;173;118m██[38;2;0;0;0m██          
[38;2;0;0;0m██[38;2;90;82;82m██[38;2;115;115;115m████[38;2;66;66;66m████[38;2;85;85;85m██[38;2;255;255;255m██[38;2;90;82;82m██[38;2;0;0;0m████            ██[38;2;71;60;47m██[38;2;214;173;126m██[38;2;82;71;56m██[38;2;247;214;151m████[38;2;123;107;83m██[38;2;247;214;151m██[38;2;214;173;118m██[38;2;123;107;83m██[38;2;214;173;118m████[38;2;0;0;0m██        
[38;2;0;0;0m  ██[38;2;66;66;66m████[38;2;90;82;82m████[38;2;85;85;85m██[38;2;0;0;0m████                  [38;2;0;4;8m████[38;2;0;0;8m████[38;2;247;214;151m██[38;2;123;107;83m██[38;2;214;173;118m██████[38;2;123;107;83m██[38;2;0;0;0m██          
[38;2;0;0;0m    ██████████                              ████████████            [0m
