
[38;2;0;0;0m                  [38;2;49;49;49m████[38;2;0;0;0m            
[38;2;0;0;0m                [38;2;49;49;49m██[38;2;238;115;156m████[38;2;49;49;49m██[38;2;0;0;0m          
[38;2;0;0;0m                [38;2;49;49;49m██[38;2;238;115;156m██[38;2;197;82;106m██[38;2;49;49;49m██[38;2;0;0;0m          
[38;2;0;0;0m              [38;2;49;49;49m██[38;2;131;82;90m██[38;2;197;82;106m██[38;2;49;49;49m██[38;2;0;0;0m            
[38;2;0;0;0m          [38;2;49;49;49m████[38;2;238;115;156m████[38;2;131;82;90m██[38;2;49;49;49m██[38;2;0;0;0m            
[38;2;0;0;0m        [38;2;49;49;49m██[38;2;238;115;156m██████████[38;2;197;82;106m██[38;2;49;49;49m██[38;2;0;0;0m          
[38;2;0;0;0m    [38;2;49;49;49m████[38;2;238;115;156m██[38;2;255;222;65m██[38;2;238;115;156m██████████[38;2;49;49;49m██[38;2;0;0;0m          
[38;2;0;0;0m  [38;2;49;49;49m██[38;2;197;82;106m██[38;2;131;82;90m██[38;2;238;115;156m████████[38;2;255;222;65m██[38;2;238;115;156m████[38;2;197;82;106m██[38;2;49;49;49m██[38;2;0;0;0m        
[38;2;0;0;0m  [38;2;49;49;49m██[38;2;197;82;106m██[38;2;131;82;90m██[38;2;197;82;106m██[38;2;238;115;156m██[38;2;255;222;65m██[38;2;238;115;156m████[38;2;197;82;106m████[38;2;238;115;156m██[38;2;197;82;106m██[38;2;49;49;49m██[38;2;0;0;0m      
[38;2;0;0;0m    [38;2;49;49;49m██[38;2;148;148;131m██[38;2;205;205;205m██[38;2;197;82;106m████████[38;2;255;255;255m██[38;2;197;82;106m██[38;2;238;115;156m██████[38;2;49;49;49m██[38;2;0;0;0m    
[38;2;0;0;0m      [38;2;49;49;49m██[38;2;205;205;205m██████[38;2;82;82;82m██[38;2;49;49;49m██[38;2;255;255;255m██[38;2;148;148;131m██[38;2;49;49;49m██[38;2;238;115;156m████[38;2;49;49;49m██[38;2;0;0;0m    
[38;2;0;0;0m      [38;2;49;49;49m██[38;2;205;205;205m██████████[38;2;148;148;131m████[38;2;82;82;82m██[38;2;49;49;49m████[38;2;0;0;0m      
[38;2;0;0;0m        [38;2;49;49;49m██[38;2;238;115;156m██[38;2;205;205;205m████[38;2;148;148;131m████[38;2;49;49;49m██[38;2;0;0;0m            
[38;2;0;0;0m  [38;2;49;49;49m████[38;2;0;0;0m    [38;2;49;49;49m██[38;2;82;82;82m████[38;2;148;148;131m██[38;2;49;49;49m██[38;2;0;0;0m              
[38;2;49;49;49m██[38;2;148;148;131m████[38;2;49;49;49m████[38;2;148;148;131m████[38;2;82;82;82m██[38;2;205;205;205m████[38;2;49;49;49m████[38;2;0;0;0m    [38;2;49;49;49m████[38;2;0;0;0m  
[38;2;49;49;49m██[38;2;82;82;82m██[38;2;148;148;131m██████[38;2;82;82;82m████[38;2;205;205;205m████[38;2;148;148;131m██[38;2;205;205;205m████[38;2;49;49;49m████[38;2;205;205;205m████[38;2;49;49;49m██
[38;2;0;0;0m  [38;2;49;49;49m██████[38;2;82;82;82m██[38;2;230;180;41m██[38;2;148;148;131m██[38;2;205;205;205m██[38;2;148;115;24m██[38;2;255;222;65m██[38;2;82;82;82m████[38;2;205;205;205m██████[38;2;82;82;82m██[38;2;49;49;49m██
[38;2;0;0;0m        [38;2;49;49;49m██[38;2;230;180;41m██[38;2;148;148;131m██[38;2;148;115;24m██[38;2;255;222;65m██[38;2;238;115;156m██████[38;2;82;82;82m████[38;2;49;49;49m████[38;2;0;0;0m  
[38;2;0;0;0m      [38;2;49;49;49m██[38;2;197;82;106m████[38;2;230;180;41m██[38;2;148;115;24m██[38;2;255;222;65m██[38;2;238;115;156m████████[38;2;49;49;49m██[38;2;0;0;0m      
[38;2;0;0;0m      [38;2;49;49;49m██[38;2;230;180;41m██[38;2;197;82;106m████[38;2;148;115;24m██[38;2;238;115;156m████[38;2;255;222;65m████[38;2;238;115;156m██[38;2;49;49;49m██[38;2;0;0;0m      
[38;2;0;0;0m      [38;2;49;49;49m██[38;2;82;82;82m██[38;2;197;82;106m████[38;2;82;82;82m██[38;2;197;82;106m██[38;2;238;115;156m██[38;2;255;222;65m██[38;2;230;180;41m██[38;2;197;82;106m██[38;2;49;49;49m██[38;2;0;0;0m      
[38;2;0;0;0m        [38;2;49;49;49m██████[38;2;148;148;131m██[38;2;49;49;49m██[38;2;197;82;106m██████[38;2;49;49;49m██[38;2;0;0;0m        
[38;2;0;0;0m            [38;2;49;49;49m████[38;2;0;0;0m  [38;2;49;49;49m██[38;2;148;148;131m██[38;2;49;49;49m██[38;2;0;0;0m          
[38;2;0;0;0m                  [38;2;49;49;49m██[38;2;205;205;205m██[38;2;49;49;49m██[38;2;0;0;0m          
[38;2;0;0;0m                    [38;2;49;49;49m████[38;2;0;0;0m          [0m
