
[38;2;0;0;0m          ████████████            
[38;2;0;0;0m      [38;2;0;4;8m████[38;2;177;152;93m████████[38;2;255;214;103m████[38;2;0;0;0m██          
[38;2;0;0;0m    ██[38;2;127;113;63m██[38;2;255;222;119m██[38;2;255;214;103m████████[38;2;134;121;89m██[38;2;255;214;103m████[38;2;0;0;0m██        
[38;2;0;0;0m    ██[38;2;255;239;183m████[38;2;132;119;92m██[38;2;0;0;0m████[38;2;255;214;103m████[38;2;134;121;89m██[38;2;255;214;103m████[38;2;0;0;0m██      
[38;2;0;0;0m  ██[38;2;255;239;183m████[38;2;66;66;66m██[38;2;0;0;0m██    ██[38;2;255;214;103m████[38;2;134;121;89m██[38;2;255;214;103m██[38;2;0;0;0m██      
[38;2;0;0;0m██[38;2;134;121;89m██[38;2;255;214;103m██[38;2;74;74;82m██[38;2;255;255;255m██[38;2;86;86;114m██[38;2;0;0;0m██    ██[38;2;255;214;103m██[38;2;173;151;96m██[38;2;132;119;92m██[38;2;170;148;79m██[38;2;0;0;0m██    
[38;2;0;0;0m██[38;2;255;214;103m████[38;2;74;74;82m████[38;2;86;86;114m██[38;2;0;0;0m██    ██[38;2;255;214;103m████[38;2;132;119;92m██[38;2;255;222;119m██[38;2;0;0;0m██    
[38;2;0;0;0m██[38;2;127;113;63m██[38;2;255;222;111m██[38;2;129;118;86m██[38;2;66;70;74m██[38;2;0;0;0m██    ██[38;2;148;123;76m██[38;2;219;206;137m██[38;2;173;156;93m██[38;2;134;121;92m██[38;2;173;156;93m██[38;2;0;0;0m██    
[38;2;0;0;0m  [38;2;0;4;16m██[38;2;255;222;111m██[38;2;255;214;111m██[38;2;129;118;86m██[38;2;66;66;66m██[38;2;0;0;0m████[38;2;132;119;92m██[38;2;255;247;167m████[38;2;134;121;92m██[38;2;173;156;93m██[38;2;0;0;0m██      
[38;2;0;0;0m    ██[38;2;255;214;103m████[38;2;134;121;89m████[38;2;134;121;92m██[38;2;255;222;127m██[38;2;255;239;175m██[38;2;129;120;97m██[38;2;173;156;93m██[38;2;0;0;0m██        
[38;2;0;0;0m      ██[38;2;255;214;103m██████[38;2;255;222;127m████[38;2;129;120;97m██[38;2;66;61;58m██[38;2;0;0;0m██          
[38;2;0;0;0m        ██[38;2;66;63;63m████[38;2;66;66;66m██████[38;2;123;132;135m██[38;2;181;189;197m██[38;2;0;4;0m██[38;2;0;0;0m  ████  
[38;2;0;0;0m          [38;2;8;4;0m██[38;2;181;181;189m██[38;2;123;132;135m████████[38;2;121;127;131m██[38;2;60;66;66m██[38;2;0;0;0m██[38;2;255;74;55m██[38;2;66;66;66m██[38;2;0;0;0m██
[38;2;0;0;0m        ██[38;2;176;181;192m████[38;2;175;179;191m████[38;2;123;131;135m████[38;2;63;66;68m████[38;2;189;61;93m██[38;2;0;0;0m████  
[38;2;0;0;0m      ██[38;2;255;255;255m██[38;2;176;181;192m████[38;2;175;179;191m██[38;2;255;255;255m██[38;2;173;181;189m██[38;2;123;131;135m██[38;2;126;132;137m██[38;2;0;0;0m████      
[38;2;0;0;0m        ████[38;2;255;255;255m████[38;2;127;127;127m██[38;2;123;132;139m██[38;2;0;0;0m████          
[38;2;0;0;0m            ████████              [0m
