
[38;2;0;0;0m        [38;2;49;49;49m████[38;2;0;0;0m                        
[38;2;0;0;0m      [38;2;49;49;49m██[38;2;255;246;123m████[38;2;49;49;49m██████[38;2;0;0;0m                  
[38;2;0;0;0m      [38;2;49;49;49m██[38;2;222;205;82m██[38;2;189;164;49m██[38;2;255;246;123m████[38;2;222;205;82m██[38;2;49;49;49m██████[38;2;0;0;0m            
[38;2;0;0;0m      [38;2;49;49;49m██[38;2;123;123;106m████[38;2;255;246;123m██████[38;2;82;82;82m██[38;2;255;246;123m████[38;2;49;49;49m██[38;2;0;0;0m          
[38;2;0;0;0m    [38;2;49;49;49m██[38;2;255;246;123m██[38;2;123;123;106m████[38;2;255;246;123m██[38;2;123;123;106m████[38;2;255;246;123m██████[38;2;49;49;49m██[38;2;0;0;0m          
[38;2;0;0;0m    [38;2;49;49;49m██[38;2;189;164;49m██[38;2;255;246;123m██████[38;2;123;123;106m████[38;2;255;246;123m██[38;2;189;164;49m██[38;2;49;49;49m██[38;2;0;0;0m            
[38;2;0;0;0m    [38;2;49;49;49m██[38;2;255;255;255m██[38;2;222;205;82m██[38;2;255;246;123m████[38;2;222;205;82m██[38;2;189;164;49m██[38;2;255;246;123m██[38;2;222;205;82m██[38;2;49;49;49m██[38;2;0;0;0m            
[38;2;0;0;0m  [38;2;49;49;49m██[38;2;82;82;82m██[38;2;197;82;115m██[38;2;255;246;123m████[38;2;189;164;49m██[38;2;255;255;255m██[38;2;255;246;123m██[38;2;222;205;82m██[38;2;189;164;49m██[38;2;49;49;49m██[38;2;0;0;0m            
[38;2;49;49;49m██[38;2;230;106;139m██[38;2;197;82;115m██[38;2;255;246;123m████████[38;2;197;82;115m██[38;2;222;205;82m██[38;2;189;164;49m██[38;2;49;49;49m██[38;2;0;0;0m              
[38;2;49;49;49m██[38;2;255;246;123m██[38;2;189;164;49m██[38;2;82;82;82m██[38;2;189;164;49m██[38;2;255;246;123m██[38;2;222;205;82m████[38;2;82;82;82m██[38;2;255;246;123m████[38;2;49;49;49m██[38;2;0;0;0m            
[38;2;49;49;49m██[38;2;255;246;123m████[38;2;230;106;139m██[38;2;82;82;82m████[38;2;123;123;106m██[38;2;189;164;49m████[38;2;82;82;82m██[38;2;197;82;115m██[38;2;49;49;49m██[38;2;0;0;0m      [38;2;49;49;49m████[38;2;0;0;0m  
[38;2;0;0;0m  [38;2;49;49;49m██[38;2;197;82;115m████[38;2;82;82;82m██[38;2;222;205;82m██████[38;2;82;82;82m██[38;2;230;106;139m██████[38;2;49;49;49m██[38;2;0;0;0m  [38;2;49;49;49m██[38;2;230;106;139m██[38;2;49;49;49m████
[38;2;0;0;0m    [38;2;49;49;49m██[38;2;82;82;82m██[38;2;255;246;123m████[38;2;222;205;82m██[38;2;82;82;82m██[38;2;255;246;123m██[38;2;189;164;49m██[38;2;230;106;139m██[38;2;197;82;115m██[38;2;49;49;49m████[38;2;255;246;123m██[38;2;230;106;139m████[38;2;49;49;49m██
[38;2;0;0;0m    [38;2;49;49;49m██[38;2;255;246;123m████████[38;2;82;82;82m██[38;2;255;246;123m████[38;2;197;82;115m██[38;2;82;82;82m██[38;2;189;164;49m██[38;2;255;246;123m██[38;2;222;205;82m██[38;2;197;82;115m██[38;2;49;49;49m██[38;2;0;0;0m  
[38;2;0;0;0m      [38;2;49;49;49m██[38;2;197;82;115m██[38;2;222;205;82m██████[38;2;82;82;82m██████[38;2;189;164;49m██[38;2;222;205;82m████[38;2;49;49;49m████[38;2;0;0;0m    
[38;2;0;0;0m    [38;2;49;49;49m██[38;2;230;106;139m████[38;2;49;49;49m██████[38;2;222;205;82m██████[38;2;82;82;82m██[38;2;49;49;49m████[38;2;0;0;0m        
[38;2;0;0;0m      [38;2;49;49;49m████[38;2;0;0;0m      [38;2;49;49;49m██[38;2;82;82;82m██[38;2;197;82;115m██[38;2;49;49;49m██[38;2;0;0;0m            
[38;2;0;0;0m                [38;2;49;49;49m██[38;2;230;106;139m████[38;2;49;49;49m██[38;2;0;0;0m            
[38;2;0;0;0m                  [38;2;49;49;49m████[38;2;0;0;0m              [0m
