
[38;2;0;0;0m                                      [38;2;49;49;49m████[38;2;0;0;0m  [38;2;49;49;49m████[38;2;0;0;0m  
[38;2;0;0;0m        [38;2;49;49;49m██[38;2;0;0;0m                          [38;2;49;49;49m██[38;2;123;123;123m██[38;2;49;49;49m████[38;2;123;123;123m██[38;2;49;49;49m████
[38;2;0;0;0m      [38;2;49;49;49m██[38;2;123;123;123m██[38;2;49;49;49m██[38;2;0;0;0m      [38;2;49;49;49m██[38;2;0;0;0m              [38;2;49;49;49m██[38;2;123;123;123m██[38;2;82;82;82m██[38;2;123;123;123m████[38;2;82;82;82m██[38;2;123;123;123m██[38;2;49;49;49m██
[38;2;0;0;0m      [38;2;49;49;49m██[38;2;123;123;123m██[38;2;49;49;49m██[38;2;0;0;0m    [38;2;49;49;49m██[38;2;197;197;205m██[38;2;49;49;49m██[38;2;0;0;0m          [38;2;49;49;49m██[38;2;123;123;123m████████████[38;2;49;49;49m██[38;2;0;0;0m  
[38;2;0;0;0m    [38;2;49;49;49m██[38;2;123;123;123m████[38;2;49;49;49m██[38;2;0;0;0m  [38;2;49;49;49m██[38;2;197;197;205m████[38;2;49;49;49m██[38;2;0;0;0m          [38;2;49;49;49m██[38;2;123;123;123m████████[38;2;49;49;49m████[38;2;0;0;0m    
[38;2;0;0;0m  [38;2;49;49;49m██[38;2;123;123;123m████[38;2;82;82;82m████[38;2;49;49;49m██[38;2;197;197;205m████[38;2;82;82;82m██[38;2;49;49;49m██[38;2;0;0;0m            [38;2;49;49;49m██[38;2;123;123;123m████[38;2;49;49;49m██[38;2;0;0;0m        
[38;2;0;0;0m  [38;2;49;49;49m██[38;2;123;123;123m██[38;2;82;82;82m██[38;2;197;197;205m████[38;2;82;82;82m██[38;2;197;197;205m██[38;2;82;82;82m████[38;2;49;49;49m██[38;2;0;0;0m          [38;2;49;49;49m████[38;2;123;123;123m██[38;2;49;49;49m██[38;2;0;0;0m          
[38;2;0;0;0m    [38;2;49;49;49m██[38;2;197;197;205m████[38;2;123;123;123m████[38;2;197;197;205m██[38;2;82;82;82m██[38;2;164;164;172m██[38;2;82;82;82m██[38;2;49;49;49m██[38;2;0;0;0m      [38;2;49;49;49m██[38;2;123;123;123m████[38;2;82;82;82m██[38;2;49;49;49m██[38;2;0;0;0m          
[38;2;0;0;0m    [38;2;49;49;49m██[38;2;197;197;205m██[38;2;123;123;123m████[38;2;197;197;205m██████[38;2;82;82;82m██[38;2;123;123;123m██[38;2;82;82;82m██[38;2;49;49;49m██████[38;2;123;123;123m██████████[38;2;49;49;49m██[38;2;0;0;0m        
[38;2;0;0;0m  [38;2;49;49;49m██[38;2;197;197;205m████[38;2;123;123;123m██[38;2;197;197;205m██[38;2;164;65;49m██[38;2;246;246;41m██[38;2;197;197;205m████[38;2;82;82;82m██[38;2;123;123;123m██[38;2;82;82;82m██[38;2;123;123;123m████████████[38;2;82;82;82m██[38;2;49;49;49m██[38;2;0;0;0m        
[38;2;49;49;49m██[38;2;197;197;205m████████[38;2;49;49;49m██[38;2;246;98;82m██[38;2;246;246;41m██[38;2;123;123;123m██[38;2;197;197;205m██[38;2;82;82;82m██[38;2;123;123;123m████[38;2;82;82;82m██████████[38;2;123;123;123m██████[38;2;49;49;49m██[38;2;0;0;0m      
[38;2;49;49;49m██[38;2;246;98;82m██[38;2;164;65;49m██[38;2;197;197;205m██████[38;2;246;246;41m██[38;2;123;123;123m████[38;2;82;82;82m██[38;2;123;123;123m████[38;2;82;82;82m████[38;2;164;164;172m██████[38;2;197;197;205m██[38;2;82;82;82m████[38;2;49;49;49m████[38;2;0;0;0m      
[38;2;0;0;0m  [38;2;49;49;49m██[38;2;197;197;205m████[38;2;123;123;123m████[38;2;197;197;205m████[38;2;164;164;172m██[38;2;82;82;82m████[38;2;123;123;123m██[38;2;82;82;82m██[38;2;164;164;172m██████[38;2;197;197;205m██████[38;2;164;164;172m██[38;2;49;49;49m██[38;2;0;0;0m        
[38;2;0;0;0m    [38;2;49;49;49m██████[38;2;197;197;205m██[38;2;123;123;123m██[38;2;164;164;172m██████[38;2;82;82;82m████[38;2;164;164;172m████████[38;2;123;123;123m██[38;2;197;197;205m████[38;2;82;82;82m██[38;2;49;49;49m██[38;2;0;0;0m        
[38;2;0;0;0m          [38;2;49;49;49m██[38;2;164;164;172m████████[38;2;197;197;205m██[38;2;123;123;123m██[38;2;164;164;172m████[38;2;123;123;123m██[38;2;49;49;49m████[38;2;82;82;82m████[38;2;123;123;123m██[38;2;82;82;82m██[38;2;49;49;49m██[38;2;0;0;0m      
[38;2;0;0;0m        [38;2;49;49;49m████[38;2;82;82;82m████[38;2;164;164;172m██[38;2;197;197;205m██████[38;2;123;123;123m██[38;2;49;49;49m████[38;2;0;0;0m  [38;2;49;49;49m██[38;2;197;197;205m██[38;2;82;82;82m██[38;2;123;123;123m████[38;2;49;49;49m██[38;2;0;0;0m      
[38;2;0;0;0m      [38;2;49;49;49m██[38;2;197;197;205m██[38;2;123;123;123m████[38;2;82;82;82m████[38;2;123;123;123m██[38;2;197;197;205m████[38;2;123;123;123m██[38;2;49;49;49m██[38;2;0;0;0m      [38;2;49;49;49m██[38;2;197;197;205m██[38;2;123;123;123m██[38;2;197;197;205m██[38;2;49;49;49m██[38;2;0;0;0m      
[38;2;0;0;0m      [38;2;49;49;49m██[38;2;82;82;82m██[38;2;197;197;205m██[38;2;82;82;82m██████[38;2;123;123;123m██████[38;2;82;82;82m██[38;2;49;49;49m██[38;2;0;0;0m        [38;2;49;49;49m██████[38;2;0;0;0m        
[38;2;0;0;0m        [38;2;49;49;49m████████[38;2;197;197;205m██[38;2;123;123;123m████[38;2;82;82;82m██[38;2;49;49;49m██[38;2;0;0;0m                        
[38;2;0;0;0m                [38;2;49;49;49m██[38;2;197;197;205m██[38;2;123;123;123m██[38;2;197;197;205m██[38;2;49;49;49m██[38;2;0;0;0m                        
[38;2;0;0;0m                  [38;2;49;49;49m██████[38;2;0;0;0m                          [0m
