
[38;2;0;0;0m  [38;2;0;4;0m████[38;2;0;0;0m██                                    
[38;2;0;0;0m██[38;2;170;171;170m██[38;2;255;255;255m████[38;2;0;0;0m██                                  
[38;2;0;0;0m██[38;2;255;255;255m████████[38;2;0;0;0m██              [38;2;0;4;0m████[38;2;0;0;0m████          
[38;2;0;0;0m██[38;2;255;255;255m██[38;2;139;139;139m██[38;2;198;198;198m██[38;2;255;255;255m██[38;2;0;0;0m██  ██        ██[38;2;170;171;170m██[38;2;255;255;255m██████[38;2;0;0;0m██        
[38;2;0;0;0m██[38;2;239;255;255m██[38;2;206;66;102m██[38;2;178;74;101m██[38;2;189;198;197m██[38;2;198;198;198m██[38;2;0;0;0m██[38;2;198;198;198m██[38;2;0;0;0m████  ██[38;2;198;198;198m██[38;2;255;255;255m████████[38;2;0;0;0m██        
[38;2;0;0;0m██[38;2;228;192;204m██[38;2;217;129;153m██[38;2;189;198;197m██[38;2;184;136;149m██[38;2;66;66;66m████[38;2;198;198;198m██[38;2;66;66;66m██[38;2;140;140;140m██[38;2;0;0;0m██[38;2;66;66;66m██[38;2;198;198;198m██[38;2;139;139;139m████[38;2;255;255;255m████[38;2;0;0;0m██        
[38;2;0;0;0m██[38;2;181;181;181m██[38;2;123;123;123m██[38;2;198;198;198m██[38;2;140;140;140m██[38;2;66;69;66m██[38;2;198;198;198m██[38;2;170;170;170m██[38;2;140;140;140m██[38;2;198;198;198m██[38;2;66;66;66m██[38;2;198;198;198m██[38;2;140;140;140m██[38;2;211;87;121m████[38;2;189;189;189m████[38;2;0;0;0m██        
[38;2;0;0;0m  [38;2;8;8;8m██[38;2;181;181;181m██[38;2;140;140;140m██[38;2;198;198;198m████[38;2;132;133;132m██[38;2;170;170;170m██[38;2;201;201;201m██[38;2;198;198;198m████[38;2;140;140;140m██[38;2;198;198;198m██[38;2;140;140;140m██[38;2;211;87;121m██[38;2;189;189;189m██[38;2;0;0;0m██    ██    
[38;2;0;0;0m  ██[38;2;66;66;66m██[38;2;173;173;173m██[38;2;255;255;255m██[38;2;198;200;198m████████[38;2;198;198;198m████[38;2;170;170;170m██[38;2;198;198;198m██[38;2;143;143;143m██[38;2;198;198;198m████[38;2;0;0;0m██  ██[38;2;255;255;255m██[38;2;0;0;0m██  
[38;2;0;0;0m    ██[38;2;173;173;173m██[38;2;8;8;8m██[38;2;198;200;198m████████[38;2;255;255;255m██[38;2;198;198;198m████[38;2;143;143;143m██[38;2;198;198;198m██[38;2;170;170;170m██[38;2;0;0;0m██    ██[38;2;255;255;255m██[38;2;0;0;0m██  
[38;2;0;0;0m    ██[38;2;198;198;198m██[38;2;66;66;66m██[38;2;198;198;198m████[38;2;198;200;198m████[38;2;0;0;0m██[38;2;198;198;198m██[38;2;201;201;201m██[38;2;170;170;170m██[38;2;66;66;66m██[38;2;0;0;0m██    ██[38;2;255;255;255m████[38;2;0;0;0m██  
[38;2;0;0;0m      ██[38;2;198;198;198m████[38;2;140;140;140m██[38;2;198;200;198m████[38;2;66;66;66m██[38;2;198;198;198m██[38;2;170;170;170m██[38;2;140;140;140m██[38;2;0;0;0m██      ██[38;2;255;255;255m████[38;2;0;0;0m██  
[38;2;0;0;0m        ██[38;2;66;69;66m██[38;2;198;206;198m██[38;2;206;206;206m██[38;2;159;161;159m██[38;2;173;173;173m██[38;2;137;137;137m██[38;2;66;66;66m██[38;2;0;0;0m██      ██[38;2;198;198;198m████[38;2;132;133;132m██[38;2;66;69;66m██[38;2;0;0;0m██
[38;2;0;0;0m        ██[38;2;132;137;132m██[38;2;66;69;66m██[38;2;66;70;66m████[38;2;137;137;137m██[38;2;66;66;66m██[38;2;0;0;0m██    ████[38;2;173;173;173m██[38;2;198;198;198m██[38;2;140;140;140m██[38;2;198;198;198m████[38;2;0;0;0m██
[38;2;0;0;0m          [38;2;8;8;8m██[38;2;181;181;181m██[38;2;173;173;173m██[38;2;198;198;198m██[38;2;66;66;66m██[38;2;198;198;198m██[38;2;123;122;123m██[38;2;8;4;8m██[38;2;0;0;0m██[38;2;189;189;189m██[38;2;198;198;198m████████[38;2;140;140;140m██[38;2;0;0;0m██  
[38;2;0;0;0m        ██[38;2;181;181;181m██[38;2;123;123;123m██[38;2;198;198;198m██████[38;2;66;66;66m██[38;2;66;63;66m██[38;2;181;181;181m██[38;2;189;189;189m████[38;2;198;198;198m██[38;2;140;140;140m██[38;2;66;66;66m██[38;2;0;0;0m████    
[38;2;0;0;0m          ██████[38;2;173;173;173m██[38;2;181;181;181m██[38;2;123;123;123m██[38;2;140;140;140m██[38;2;0;0;0m████[38;2;173;173;173m██[38;2;198;198;198m████[38;2;0;0;0m██        
[38;2;0;0;0m                ██[38;2;8;8;8m██[38;2;181;181;181m██[38;2;0;0;0m██    ██████          
[38;2;0;0;0m                    ████                    [0m
