
[38;2;138;56;51m  [38;2;241;93;64m██[38;2;230;90;64m██[38;2;75;31;28m  [38;2;10;4;4m  [38;2;143;58;52m  [38;2;30;12;12m  [38;2;0;0;0m                                  [38;2;75;35;30m  [38;2;177;92;68m██[38;2;241;160;78m██[38;2;138;70;53m  
[38;2;38;16;16m  [38;2;224;88;64m██[38;2;248;168;60m██[38;2;175;101;51m██[38;2;149;61;54m  [38;2;185;75;64m██[38;2;21;9;9m  [38;2;0;0;0m                                [38;2;92;38;38m  [38;2;234;109;68m██[38;2;189;104;70m██[38;2;135;66;53m  [38;2;7;3;3m  
[38;2;0;0;0m  [38;2;51;37;16m  [38;2;218;200;22m████[38;2;248;131;71m██[38;2;200;99;68m██[38;2;39;16;16m  [38;2;0;0;0m                              [38;2;13;5;5m  [38;2;152;80;57m  [38;2;248;96;64m██[38;2;223;87;64m██[38;2;74;31;31m  [38;2;0;0;0m  
[38;2;0;0;0m  [38;2;150;108;48m██[38;2;181;129;69m████[38;2;173;106;83m██[38;2;248;165;79m██[38;2;211;131;72m  [38;2;33;14;14m  [38;2;0;0;0m                            [38;2;160;81;62m  [38;2;245;165;79m██[38;2;173;90;79m██[38;2;176;72;64m██[38;2;0;0;0m    
[38;2;0;0;0m  [38;2;86;62;27m  [38;2;190;135;67m████[38;2;164;126;65m██[38;2;248;208;34m██[38;2;177;102;64m  [38;2;21;9;9m  [38;2;0;0;0m                          [38;2;48;20;20m  [38;2;206;163;27m██[38;2;164;126;65m██[38;2;202;172;88m██[38;2;81;43;43m  [38;2;0;0;0m    
[38;2;0;0;0m    [38;2;200;144;64m████[38;2;164;126;65m██[38;2;248;240;0m██[38;2;219;138;74m  [38;2;36;15;15m  [38;2;0;0;0m                        [38;2;109;46;46m  [38;2;114;48;48m  [38;2;221;203;21m██[38;2;217;176;92m██[38;2;202;172;88m██[38;2;16;16;16m  [38;2;0;0;0m    
[38;2;0;0;0m    [38;2;50;36;16m██[38;2;200;144;64m██[38;2;183;129;70m██[38;2;220;121;75m██[38;2;235;91;64m██[38;2;200;80;64m██[38;2;56;23;23m  [38;2;0;0;0m  [38;2;76;32;32m  [38;2;169;68;56m  [38;2;168;67;55m  [38;2;18;7;7m  [38;2;0;0;0m        [38;2;19;8;8m  [38;2;169;68;56m  [38;2;235;190;37m██[38;2;194;161;41m██[38;2;206;163;93m██[38;2;248;208;96m██[38;2;48;48;48m  [38;2;0;0;0m      
[38;2;0;0;0m    [38;2;48;34;15m  [38;2;198;142;63m██[38;2;200;144;64m██[38;2;153;103;81m██[38;2;176;72;64m██[38;2;245;95;64m██[38;2;111;46;46m  [38;2;118;49;48m  [38;2;248;217;21m██[38;2;248;113;67m██[38;2;244;94;64m██[38;2;170;69;62m  [38;2;0;0;0m        [38;2;38;16;16m  [38;2;224;88;64m██[38;2;217;146;82m██[38;2;137;89;88m██[38;2;248;208;96m██[38;2;110;100;72m██[38;2;46;46;46m  [38;2;0;0;0m      
[38;2;0;0;0m      [38;2;63;45;20m  [38;2;200;144;64m██[38;2;179;109;64m██[38;2;217;158;38m██[38;2;175;82;66m██[38;2;117;48;43m  [38;2;237;92;64m██[38;2;247;106;66m██[38;2;206;92;66m██[38;2;64;27;27m  [38;2;16;6;6m  [38;2;0;0;0m        [38;2;117;58;46m  [38;2;237;165;38m██[38;2;196;166;50m██[38;2;196;152;92m██[38;2;247;208;96m██[38;2;110;100;72m██[38;2;0;0;0m        
[38;2;0;0;0m        [38;2;170;111;58m██[38;2;224;196;15m██[38;2;248;237;2m██[38;2;248;177;60m██[38;2;248;98;64m██[38;2;248;158;69m██[38;2;223;195;16m██[38;2;37;15;15m  [38;2;0;0;0m            [38;2;38;16;16m  [38;2;214;182;23m██[38;2;173;128;90m██[38;2;248;208;96m██[38;2;202;172;88m██[38;2;16;16;16m  [38;2;0;0;0m        
[38;2;0;0;0m        [38;2;13;5;5m  [38;2;199;150;44m██[38;2;247;139;48m██[38;2;247;102;65m████[38;2;200;123;48m██[38;2;152;99;36m  [38;2;13;5;5m  [38;2;0;0;0m            [38;2;128;52;47m  [38;2;155;87;82m██[38;2;247;208;96m████[38;2;101;90;61m  [38;2;5;5;5m  [38;2;0;0;0m        
[38;2;0;0;0m        [38;2;50;19;12m  [38;2;236;91;60m██[38;2;248;96;64m████[38;2;214;90;65m██[38;2;42;22;17m  [38;2;0;0;0m            [38;2;64;30;26m  [38;2;64;30;25m  [38;2;184;96;55m██[38;2;174;106;84m██[38;2;239;201;94m██[38;2;91;83;61m  [38;2;0;0;0m            
[38;2;0;0;0m        [38;2;45;17;11m  [38;2;231;89;59m██[38;2;230;90;64m██[38;2;177;72;64m██[38;2;228;178;89m██[38;2;197;165;76m██[38;2;0;0;0m            [38;2;176;103;53m██[38;2;228;199;18m██[38;2;179;140;71m██[38;2;240;199;95m██[38;2;201;171;87m██[38;2;15;15;15m  [38;2;0;0;0m            
[38;2;0;0;0m        [38;2;45;17;11m  [38;2;231;89;59m██[38;2;176;100;72m██[38;2;248;208;96m██[38;2;167;146;83m██[38;2;181;140;79m██[38;2;149;107;47m██[38;2;0;0;0m        [38;2;30;12;12m  [38;2;195;104;52m██[38;2;163;116;70m██[38;2;248;208;96m██[38;2;210;178;89m██[38;2;65;47;47m  [38;2;0;0;0m  [38;2;30;12;12m  [38;2;0;0;0m          
[38;2;0;0;0m          [38;2;127;52;48m██[38;2;234;187;91m██[38;2;218;169;76m██[38;2;62;62;62m██[38;2;211;169;109m██[38;2;162;120;60m██[38;2;12;12;12m  [38;2;0;0;0m    [38;2;30;12;12m  [38;2;202;80;60m  [38;2;210;89;64m██[38;2;194;156;86m██[38;2;210;178;89m██[38;2;184;90;65m██[38;2;113;47;47m  [38;2;92;38;38m  [38;2;202;80;60m  [38;2;30;12;12m  [38;2;0;0;0m        
[38;2;0;0;0m        [38;2;46;38;32m██[38;2;184;152;128m██[38;2;160;122;97m██[38;2;137;120;77m██[38;2;151;104;70m██[38;2;130;94;41m██[38;2;200;144;64m██[38;2;133;104;64m██[38;2;33;29;22m██[38;2;17;12;5m  [38;2;30;16;16m  [38;2;126;101;72m██[38;2;157;137;80m██[38;2;200;170;87m██[38;2;157;80;64m██[38;2;248;96;64m██[38;2;232;109;68m██[38;2;232;90;64m██[38;2;185;74;58m  [38;2;24;10;10m  [38;2;0;0;0m        
[38;2;0;0;0m        [38;2;168;138;116m██[38;2;184;152;128m██[38;2;17;15;12m██[38;2;19;14;7m██[38;2;17;12;5m  [38;2;0;0;0m  [38;2;67;48;21m██[38;2;200;144;64m██[38;2;205;167;90m██[38;2;126;81;79m██[38;2;221;185;86m██[38;2;242;203;95m██[38;2;85;80;67m██[38;2;191;89;64m██[38;2;248;96;64m██[38;2;248;143;74m██[38;2;248;165;79m██[38;2;184;90;67m██[38;2;13;5;5m  [38;2;0;0;0m          
[38;2;0;0;0m    [38;2;19;16;13m  [38;2;99;81;68m██[38;2;79;65;55m  [38;2;0;0;0m          [38;2;45;34;22m██[38;2;231;190;94m██[38;2;248;208;96m████[38;2;193;154;90m██[38;2;148;140;48m██[38;2;248;180;52m██[38;2;248;103;65m██[38;2;237;92;64m██[38;2;207;82;64m██[38;2;207;124;73m██[38;2;117;58;46m  [38;2;0;0;0m            
[38;2;0;0;0m    [38;2;1;1;1m██  [38;2;0;0;0m            [38;2;62;52;24m██[38;2;248;208;96m██████[38;2;196;141;64m██[38;2;102;88;62m██[38;2;248;239;0m██[38;2;248;131;48m██[38;2;118;49;48m  [38;2;5;2;2m    [38;2;1;0;0m  [38;2;0;0;0m            
[38;2;0;0;0m                      [38;2;186;156;72m██[38;2;242;200;92m██[38;2;206;152;68m██[38;2;200;144;64m██[38;2;217;167;75m██[38;2;67;56;56m  [38;2;76;32;32m  [38;2;0;0;0m                    
[38;2;0;0;0m                        [38;2;194;139;62m██[38;2;200;144;64m██[38;2;205;155;71m██[38;2;245;206;95m██[38;2;185;155;71m██[38;2;0;0;0m                      
[38;2;0;0;0m                        [38;2;21;15;6m  [38;2;112;88;54m██[38;2;20;20;20m  [38;2;78;66;30m  [38;2;137;104;68m██[38;2;0;0;0m                      
[38;2;0;0;0m                        [38;2;4;2;1m  [38;2;99;72;33m██[38;2;0;0;0m    [38;2;34;22;22m██[38;2;33;21;21m██[38;2;0;0;0m                    
[38;2;0;0;0m                      [38;2;90;74;62m  [38;2;113;84;48m██[38;2;42;33;25m██[38;2;0;0;0m    [38;2;112;92;80m██[38;2;22;18;18m██[38;2;0;0;0m                    
[38;2;0;0;0m                    [38;2;124;105;90m  [38;2;12;12;12m  [38;2;137;113;95m██[38;2;0;0;0m  [38;2;8;7;6m  [38;2;129;108;92m██[38;2;108;75;71m██[38;2;0;0;0m                      
[38;2;0;0;0m                        [38;2;37;30;25m  [38;2;0;0;0m  [38;2;46;38;32m██[38;2;58;50;44m██[38;2;137;113;95m██[38;2;0;0;0m                      [0m
