
[38;2;0;0;0m            ████                  
[38;2;0;0;0m          ██[38;2;148;115;60m████[38;2;0;0;0m██                
[38;2;0;0;0m        ██[38;2;148;115;60m██[38;2;66;66;66m██[38;2;148;115;60m██[38;2;0;0;0m██                
[38;2;0;0;0m        ██[38;2;148;115;60m██[38;2;66;66;66m██[38;2;148;115;60m██[38;2;0;0;0m██        ██████  
[38;2;0;0;0m        ██[38;2;74;70;58m██[38;2;136;113;72m██[38;2;66;66;66m████[38;2;0;0;0m██    ██[38;2;115;107;99m██████[38;2;0;0;0m██
[38;2;0;0;0m      ██[38;2;66;66;66m██[38;2;198;156;86m████[38;2;192;170;112m██[38;2;255;222;135m██[38;2;255;231;151m██[38;2;0;0;0m████[38;2;115;107;99m██[38;2;66;65;66m████[38;2;115;107;99m██[38;2;0;0;0m██
[38;2;0;0;0m    ██[38;2;198;156;94m████[38;2;197;156;93m██[38;2;255;231;151m████[38;2;115;107;99m██[38;2;115;110;99m████[38;2;115;107;99m██[38;2;66;66;66m██[38;2;115;107;99m████[38;2;0;0;0m██  
[38;2;0;0;0m  ██[38;2;198;156;94m██[38;2;66;66;66m██[38;2;198;156;94m██[38;2;255;231;151m██████[38;2;115;107;99m██[38;2;115;110;99m████[38;2;115;107;99m██████[38;2;0;0;0m██    
[38;2;0;0;0m  ██[38;2;255;214;223m██[38;2;66;66;66m██[38;2;255;231;151m████[38;2;115;107;99m██████[38;2;115;110;99m████[38;2;115;107;99m██[38;2;66;66;66m██[38;2;115;107;99m████[38;2;0;0;0m██  
[38;2;0;0;0m██[38;2;255;214;223m██[38;2;85;71;74m██[38;2;255;231;151m██████[38;2;115;107;99m██[38;2;66;66;66m██[38;2;115;107;99m██[38;2;115;110;99m████[38;2;115;107;99m████[38;2;77;71;66m██[38;2;0;0;0m██    
[38;2;0;0;0m██[38;2;255;214;167m████[38;2;129;93;100m██[38;2;255;222;151m██[38;2;255;231;151m██[38;2;115;107;99m██[38;2;255;255;255m██[38;2;57;61;57m██[38;2;115;107;99m████[38;2;115;110;99m████[38;2;0;0;0m██      
[38;2;0;0;0m  ██[38;2;255;214;167m██[38;2;192;157;125m██[38;2;255;222;151m██[38;2;255;231;151m████[38;2;57;61;57m████[38;2;255;181;199m██[38;2;115;107;99m██[38;2;115;110;99m████[38;2;0;0;0m██      
[38;2;0;0;0m  ██[38;2;255;231;151m████[38;2;198;107;94m██[38;2;198;103;94m██[38;2;217;146;113m██[38;2;255;206;175m████[38;2;255;181;199m████[38;2;115;110;99m████[38;2;115;107;99m██[38;2;0;0;0m██    
[38;2;0;0;0m  ██[38;2;170;154;101m██[38;2;255;231;151m████████[38;2;115;107;99m████[38;2;255;181;199m██[38;2;115;107;99m██[38;2;115;110;99m████[38;2;115;107;99m██[38;2;0;0;0m██    
[38;2;0;0;0m    ██[38;2;255;231;151m██████[38;2;115;107;99m██████[38;2;66;66;66m██[38;2;115;107;99m██████[38;2;137;121;84m██[38;2;0;0;0m██    
[38;2;0;0;0m    ██[38;2;255;231;151m████████[38;2;115;107;99m██[38;2;66;66;66m██[38;2;115;107;99m████[38;2;66;66;66m██[38;2;115;107;99m██[38;2;206;181;126m██[38;2;0;0;0m██    
[38;2;0;0;0m      ██[38;2;255;231;151m██[38;2;255;231;143m██[38;2;115;107;91m██[38;2;115;107;89m██[38;2;66;66;74m██[38;2;115;107;89m██[38;2;66;66;74m██[38;2;115;106;99m██[38;2;214;189;118m██[38;2;0;0;0m██      
[38;2;0;0;0m        ██[38;2;208;190;126m████[38;2;214;189;118m████[38;2;66;66;74m██[38;2;214;189;118m██████[38;2;0;0;0m██      
[38;2;0;0;0m          ██████[38;2;66;66;66m██[38;2;148;115;60m██[38;2;214;189;118m██[38;2;148;115;60m██[38;2;0;0;0m██        
[38;2;0;0;0m                ██[38;2;214;189;118m████[38;2;0;0;0m██          
[38;2;0;0;0m                  ████            [0m
