
[38;2;0;0;0m  ██████          ██                      
[38;2;0;0;0m  ██[38;2;132;74;60m████[38;2;0;0;0m██████  ██[38;2;173;107;85m██[38;2;0;0;0m██                    
[38;2;0;0;0m    ██[38;2;132;74;60m██[38;2;88;73;64m██[38;2;66;70;66m██[38;2;82;82;74m██[38;2;0;0;0m██[38;2;173;107;85m████[38;2;0;0;0m██                    
[38;2;0;0;0m    ██[38;2;132;74;60m██[38;2;132;78;60m██[38;2;66;70;66m██[38;2;82;82;74m████[38;2;239;165;135m██[38;2;173;107;85m██[38;2;0;0;0m██                    
[38;2;0;0;0m      ██[38;2;82;84;74m██[38;2;66;66;66m██[38;2;93;84;72m██[38;2;165;111;85m██[38;2;247;156;127m██[38;2;167;115;95m██[38;2;82;82;74m██[38;2;0;0;0m██                  
[38;2;0;0;0m    ██[38;2;82;82;74m██[38;2;66;66;66m██[38;2;82;84;74m██[38;2;93;84;72m██[38;2;57;70;65m██[38;2;167;115;95m██[38;2;88;74;64m██[38;2;82;82;74m██[38;2;0;0;0m██                  
[38;2;0;0;0m  ██[38;2;82;63;58m████[38;2;173;107;85m██[38;2;66;66;66m██████[38;2;173;107;85m██[38;2;82;82;74m██[38;2;0;0;0m██                    
[38;2;0;0;0m    [38;2;0;8;16m██[38;2;165;119;101m██[38;2;173;107;85m████[38;2;255;255;255m████[38;2;173;107;85m████[38;2;82;82;74m██[38;2;0;0;0m██                  
[38;2;0;0;0m    [38;2;16;0;0m██[38;2;247;206;191m██[38;2;173;110;85m████[38;2;0;0;0m████[38;2;173;107;85m████[38;2;82;82;74m██[38;2;0;0;0m██                  
[38;2;0;0;0m  ██[38;2;131;103;95m██[38;2;247;206;191m██[38;2;173;110;85m████[38;2;255;255;255m████[38;2;173;107;85m██[38;2;239;206;191m██[38;2;0;0;0m██            ████    
[38;2;0;0;0m██[38;2;239;206;191m████[38;2;82;82;74m██[38;2;239;206;191m██[38;2;173;107;85m██[38;2;173;110;85m████[38;2;159;104;87m██[38;2;214;165;142m██[38;2;0;0;0m██      ████[38;2;0;8;16m██[38;2;82;63;58m██[38;2;82;82;74m██[38;2;0;0;0m██  
[38;2;0;0;0m██[38;2;239;206;191m████[38;2;82;82;74m██[38;2;239;206;191m██[38;2;173;107;85m██[38;2;173;110;85m████[38;2;132;74;60m██████[38;2;0;0;0m██████[38;2;173;107;85m████[38;2;165;119;101m██[38;2;82;63;58m██[38;2;82;82;74m████[38;2;0;0;0m██
[38;2;0;0;0m  ██[38;2;239;206;191m██████[38;2;0;0;0m████[38;2;132;74;60m██[38;2;132;75;60m████[38;2;132;74;60m██[38;2;173;107;85m██[38;2;173;110;85m████████████[38;2;74;74;70m████[38;2;0;0;0m██
[38;2;0;0;0m    ██████  ██[38;2;132;74;60m██[38;2;132;75;60m████[38;2;173;107;85m████[38;2;173;110;85m████████████[38;2;0;0;0m████  
[38;2;0;0;0m            ██[38;2;239;206;191m████[38;2;173;107;85m██[38;2;173;110;85m████[38;2;173;107;85m██[38;2;239;206;191m██[38;2;131;103;95m██[38;2;247;206;191m██[38;2;173;107;85m██[38;2;131;74;59m██[38;2;0;0;0m██    
[38;2;0;0;0m              ██[38;2;239;206;191m████[38;2;173;110;85m████[38;2;173;107;85m██[38;2;239;206;191m██[38;2;247;206;191m██[38;2;16;0;0m██[38;2;131;74;59m████[38;2;214;165;142m██[38;2;0;0;0m██  
[38;2;0;0;0m              ██[38;2;74;66;61m██[38;2;148;115;97m██[38;2;173;110;85m████[38;2;173;107;85m██[38;2;0;0;0m████  ██[38;2;214;165;142m████[38;2;0;0;0m██  
[38;2;0;0;0m              ██[38;2;222;165;134m██[38;2;74;66;61m██[38;2;173;110;85m████[38;2;0;0;0m██      ██[38;2;214;165;142m██████[38;2;0;0;0m██
[38;2;0;0;0m            ██[38;2;198;165;142m██[38;2;214;165;142m██[38;2;66;66;66m██[38;2;239;206;191m██[38;2;173;107;85m██[38;2;0;0;0m██    ██[38;2;82;82;74m████[38;2;214;165;142m██[38;2;0;0;0m██  
[38;2;0;0;0m          ██[38;2;99;82;71m████[38;2;214;165;142m██[38;2;66;66;66m██[38;2;239;206;191m████[38;2;0;0;0m██      ██████    
[38;2;0;0;0m            ████[38;2;0;4;0m██[38;2;239;214;191m██[38;2;239;206;191m██████[38;2;0;0;0m██              
[38;2;0;0;0m                [38;2;0;4;0m██[38;2;80;74;64m██[38;2;82;82;74m██[38;2;239;206;191m██[38;2;0;0;0m██                
[38;2;0;0;0m                  ██████                  [0m
