
[38;2;0;0;0m          ██████████          
[38;2;0;0;0m      ████[38;2;255;192;207m████[38;2;255;189;207m████[38;2;206;107;166m██[38;2;0;0;0m████      
[38;2;0;0;0m    ██[38;2;255;189;207m████[38;2;255;192;207m████[38;2;255;189;207m██[38;2;165;107;237m██[38;2;206;107;166m████[38;2;165;107;237m██[38;2;0;0;0m██    
[38;2;0;0;0m  ██[38;2;255;206;223m██[38;2;255;217;231m████[38;2;255;192;207m████[38;2;255;189;207m██[38;2;165;107;237m████[38;2;231;107;127m██[38;2;165;107;237m██[38;2;255;189;207m██[38;2;0;0;0m██  
[38;2;0;0;0m  ██[38;2;255;206;223m██[38;2;255;217;231m████[38;2;255;192;207m████[38;2;255;189;207m████[38;2;165;107;237m████[38;2;255;189;207m████[38;2;0;0;0m██  
[38;2;0;0;0m██[38;2;255;189;207m██[38;2;255;214;231m██[38;2;255;192;207m████████████████████[38;2;255;189;207m██[38;2;0;0;0m██
[38;2;0;0;0m██[38;2;255;189;207m████[38;2;255;192;207m████████████████████[38;2;255;189;207m██[38;2;0;0;0m██
[38;2;0;0;0m██[38;2;230;106;126m██[38;2;255;189;207m██[38;2;255;192;207m████[38;2;236;192;196m██[38;2;255;255;255m██[38;2;255;192;207m████[38;2;255;189;207m████[38;2;255;181;191m████[38;2;239;140;167m██[38;2;0;0;0m██
[38;2;0;0;0m██[38;2;230;106;126m████[38;2;255;192;207m████[38;2;236;192;196m██[38;2;198;66;78m██[38;2;255;192;207m████[38;2;255;189;207m██[38;2;165;107;237m██[38;2;165;103;221m██[38;2;225;155;201m██[38;2;239;140;167m██[38;2;0;0;0m██
[38;2;0;0;0m██[38;2;255;165;191m██[38;2;175;110;127m██[38;2;255;192;207m████[38;2;255;181;207m██[38;2;214;78;86m██[38;2;255;189;207m████[38;2;165;107;237m████[38;2;231;107;127m██[38;2;148;94;228m██[38;2;0;0;0m██  
[38;2;0;0;0m  [38;2;16;0;0m██[38;2;255;165;191m██[38;2;255;192;207m████[38;2;241;147;167m████[38;2;239;140;167m████[38;2;123;66;203m██[38;2;165;107;237m██[38;2;148;94;228m████[38;2;0;0;0m██  
[38;2;0;0;0m    ██[38;2;239;140;167m████[38;2;77;52;56m██[38;2;231;140;167m██[38;2;239;140;167m██[38;2;80;52;61m██[38;2;0;0;0m██[38;2;140;90;108m██[38;2;239;140;167m██[38;2;0;0;0m██    
[38;2;0;0;0m      ████[38;2;0;8;0m██[38;2;154;96;111m██[38;2;239;140;167m██[38;2;0;8;8m██[38;2;0;0;0m  ████      
[38;2;0;0;0m            ████              [0m
