
[38;2;0;0;0m                                  ████                      
[38;2;0;0;0m                                ██[38;2;255;126;159m████[38;2;0;0;0m██      ████          
[38;2;0;0;0m                  ████████  ████[38;2;255;123;159m██[38;2;255;126;159m████[38;2;255;123;159m██[38;2;0;0;0m██████[38;2;255;123;159m████[38;2;0;0;0m██        
[38;2;0;0;0m              ████[38;2;255;126;159m████████[38;2;0;0;0m██[38;2;255;123;159m██████[38;2;140;90;132m██[38;2;0;0;0m████[38;2;255;123;159m██[38;2;255;126;159m████[38;2;255;123;159m██████[38;2;0;0;0m██      
[38;2;0;0;0m            ██[38;2;255;123;159m████[38;2;255;126;159m████████[38;2;255;123;159m██████[38;2;0;0;0m████    ██[38;2;255;126;159m████[38;2;139;90;131m████[38;2;255;123;159m██[38;2;0;0;0m██      
[38;2;0;0;0m            ██[38;2;140;90;132m██[38;2;255;123;159m████[38;2;0;0;0m████[38;2;255;123;159m██████[38;2;0;0;0m██          ██████[38;2;255;123;159m████[38;2;0;0;0m██      
[38;2;0;0;0m        ████[38;2;255;123;159m██████[38;2;0;0;0m██    ██████  ████████        ████        
[38;2;0;0;0m      ██[38;2;255;123;159m██████[38;2;255;126;159m████[38;2;255;123;159m██[38;2;0;0;0m██      ████[38;2;173;140;213m██[38;2;162;127;207m████[38;2;173;140;213m██[38;2;0;0;0m██████              
[38;2;0;0;0m    ██[38;2;255;123;159m██████[38;2;140;90;132m██[38;2;255;126;159m████[38;2;255;123;159m██[38;2;0;0;0m██  ████[38;2;165;127;205m██[38;2;173;140;213m████[38;2;181;156;213m████[38;2;173;140;213m████[38;2;165;127;205m████[38;2;0;0;0m████          
[38;2;0;0;0m  ██[38;2;255;123;159m██[38;2;255;126;159m████[38;2;139;90;131m██[38;2;255;123;159m██████[38;2;0;0;0m██  [38;2;0;0;16m██[38;2;170;121;149m██[38;2;162;129;207m████[38;2;181;154;216m████████[38;2;162;127;207m██[38;2;181;156;213m██[38;2;162;129;207m████████[38;2;0;0;0m██        
[38;2;0;0;0m  ██[38;2;255;123;159m██[38;2;255;126;159m████[38;2;139;90;131m██[38;2;255;123;159m████[38;2;0;0;0m██  ██[38;2;255;181;215m██[38;2;170;121;149m██[38;2;162;129;207m████[38;2;165;126;210m██[38;2;181;154;216m████[38;2;165;126;210m██[38;2;181;156;213m██[38;2;162;127;207m██[38;2;162;129;207m████████[38;2;165;127;205m██[38;2;0;0;0m██      
[38;2;0;0;0m  ██[38;2;255;123;159m██[38;2;255;126;159m████[38;2;255;123;159m██[38;2;0;0;0m████  ██[38;2;255;189;191m██[38;2;255;192;191m████[38;2;164;127;208m██[38;2;255;189;191m████[38;2;164;127;208m██[38;2;162;129;207m████████████████████[38;2;0;0;0m██    
[38;2;0;0;0m    ██[38;2;255;126;159m████[38;2;0;0;0m██      ██[38;2;255;189;191m██[38;2;255;192;191m████[38;2;255;189;191m████████[38;2;162;129;207m████████████████████[38;2;0;0;0m██    
[38;2;0;0;0m    ██[38;2;255;123;159m██[38;2;0;0;0m██      ██[38;2;255;192;191m████████████[38;2;255;189;191m████[38;2;165;123;205m████[38;2;162;125;207m████[38;2;162;129;207m████████████[38;2;148;111;204m██[38;2;0;0;0m██  
[38;2;0;0;0m  ██[38;2;255;123;159m████[38;2;0;0;0m██      ██[38;2;255;192;191m████████████[38;2;255;189;191m██[38;2;164;127;208m██[38;2;255;173;167m██[38;2;225;156;180m██[38;2;140;94;196m██[38;2;162;125;207m██[38;2;162;129;207m████████████[38;2;148;111;204m██[38;2;0;0;0m██  
[38;2;0;0;0m██[38;2;255;126;159m████[38;2;255;123;159m██[38;2;139;90;131m██[38;2;0;0;0m██  ██[38;2;255;189;191m██[38;2;255;192;191m████████████████████[38;2;137;94;198m██[38;2;165;127;205m██[38;2;162;125;207m████[38;2;162;129;207m████[38;2;162;125;207m████[38;2;137;94;199m████[38;2;0;0;0m██
[38;2;0;0;0m██[38;2;255;126;159m████[38;2;139;90;131m██[38;2;255;123;159m████[38;2;0;0;0m████[38;2;255;189;191m██[38;2;255;192;191m████████████████████[38;2;137;94;198m██[38;2;165;127;205m██[38;2;162;125;207m██[38;2;140;94;196m██[38;2;162;129;207m████[38;2;162;125;207m██[38;2;140;94;196m██[38;2;137;94;199m████[38;2;0;0;0m██
[38;2;0;0;0m██[38;2;255;126;159m████[38;2;140;90;132m██[38;2;255;123;159m████[38;2;139;90;131m██[38;2;0;0;0m██[38;2;255;189;191m██[38;2;255;192;191m████████[38;2;255;189;191m██[38;2;255;123;159m██[38;2;255;189;191m██████[38;2;66;66;66m██[38;2;162;129;207m████[38;2;165;127;205m██[38;2;66;66;66m██[38;2;156;115;204m████[38;2;137;94;199m████[38;2;140;94;196m████[38;2;0;0;0m██
[38;2;0;0;0m██[38;2;255;126;159m████[38;2;255;123;159m██████[38;2;139;90;131m██[38;2;0;0;0m██[38;2;255;189;191m██[38;2;255;192;191m████████[38;2;255;189;191m████[38;2;255;123;159m██[38;2;255;189;191m████[38;2;66;66;66m██[38;2;162;129;207m████[38;2;165;127;205m██[38;2;66;66;66m████[38;2;156;115;204m██[38;2;137;94;199m████[38;2;140;94;196m██[38;2;0;0;0m██  
[38;2;0;0;0m  ██[38;2;255;123;159m██[38;2;255;126;159m████[38;2;239;127;167m██[38;2;0;0;0m██  ██[38;2;255;189;191m████[38;2;255;192;191m████[38;2;255;189;191m██[38;2;66;66;66m██[38;2;255;189;191m████[38;2;222;140;142m██[38;2;66;66;66m██[38;2;255;123;159m████[38;2;140;94;196m██[38;2;66;66;66m██[38;2;137;94;199m████████[38;2;140;94;196m██[38;2;0;0;0m██  
[38;2;0;0;0m  ██[38;2;255;123;159m██[38;2;255;126;159m████[38;2;159;85;111m██[38;2;0;0;0m██  ██[38;2;225;138;140m██[38;2;255;189;191m██[38;2;255;192;191m████[38;2;255;189;191m████[38;2;0;0;0m██[38;2;255;189;191m██[38;2;222;140;142m██[38;2;66;66;66m██[38;2;255;123;159m██[38;2;230;100;134m██[38;2;66;66;66m██[38;2;140;94;196m██[38;2;137;94;199m████████[38;2;0;0;0m██    
[38;2;0;0;0m    ██[38;2;255;123;159m████[38;2;255;126;159m████[38;2;0;0;0m██[38;2;255;123;159m██[38;2;66;66;66m████[38;2;148;86;132m██[38;2;255;173;183m██[38;2;255;189;191m████[38;2;0;0;0m██[38;2;255;189;191m██[38;2;66;66;66m██[38;2;192;148;144m██[38;2;57;66;73m██[38;2;214;103;174m██[38;2;66;66;66m██[38;2;170;96;175m██[38;2;137;94;199m████[38;2;140;94;196m████[38;2;0;0;0m██    
[38;2;0;0;0m      ████[38;2;255;126;159m████[38;2;255;123;159m████[38;2;247;123;167m██[38;2;156;94;116m██[38;2;219;144;166m██[38;2;148;86;132m██[38;2;225;138;140m██[38;2;255;189;191m██████[38;2;255;189;183m██[38;2;66;66;66m██[38;2;162;91;140m██[38;2;57;66;73m██[38;2;170;96;175m████[38;2;137;94;199m████[38;2;140;94;196m██[38;2;0;0;0m██      
[38;2;0;0;0m          ██[38;2;140;90;132m████[38;2;255;123;159m██████[38;2;239;132;151m██[38;2;80;49;56m██[38;2;225;140;140m████████████[38;2;74;49;53m██[38;2;0;4;8m██[38;2;231;102;135m████[38;2;181;99;165m████[38;2;0;0;0m██        
[38;2;0;0;0m            ██[38;2;255;123;159m██████[38;2;0;0;0m██[38;2;0;8;8m██[38;2;239;132;151m██[38;2;225;140;140m████████████[38;2;222;140;142m██[38;2;0;4;8m██[38;2;231;102;135m████[38;2;0;0;0m████          
[38;2;0;0;0m              ██████    ████[38;2;222;140;142m████████[38;2;0;0;0m████  ████              
[38;2;0;0;0m                            ████████                        [0m
