
[38;2;0;0;0m                    [38;2;15;15;15m██[38;2;1;1;1m  [38;2;0;0;0m                              
[38;2;0;0;0m                    [38;2;15;15;15m  [38;2;66;69;66m██[38;2;0;0;0m  [38;2;67;64;64m██[38;2;65;62;62m  [38;2;0;0;0m                        
[38;2;0;0;0m                      [38;2;43;46;45m  [38;2;86;86;85m██[38;2;170;164;164m██[38;2;119;115;115m██[38;2;27;28;27m  [38;2;0;0;0m                      
[38;2;0;0;0m                [38;2;42;42;42m██[38;2;7;7;7m  [38;2;0;0;0m  [38;2;43;44;47m  [38;2;139;136;136m██[38;2;139;139;139m██[38;2;115;118;115m██[38;2;112;116;112m██[38;2;25;27;25m  [38;2;0;0;0m                    
[38;2;0;0;0m                  [38;2;76;79;76m██[38;2;42;44;42m██[38;2;111;109;109m██[38;2;141;139;137m██[38;2;115;118;115m██[38;2;147;143;143m██[38;2;89;91;89m██[38;2;89;90;89m██[38;2;20;20;20m  [38;2;0;0;0m                  
[38;2;0;0;0m                  [38;2;13;14;13m  [38;2;80;81;80m██[38;2;148;146;146m██[38;2;115;116;115m██[38;2;114;117;114m██[38;2;104;104;103m██[38;2;155;150;149m██[38;2;89;90;89m██[38;2;87;88;87m██[38;2;23;24;23m  [38;2;0;0;0m                
[38;2;0;0;0m              [38;2;31;31;31m██[38;2;6;6;6m  [38;2;84;84;84m██[38;2;122;121;121m██[38;2;134;134;134m██[38;2;124;123;122m██[38;2;108;110;108m██[38;2;89;91;89m██[38;2;92;92;92m██[38;2;131;129;129m██[38;2;90;91;90m██[38;2;94;97;94m██[38;2;0;0;0m                
[38;2;0;0;0m        [38;2;44;44;44m  [38;2;0;0;0m    [38;2;31;31;31m  [38;2;68;68;68m██[38;2;89;89;89m██[38;2;151;147;147m██[38;2;119;117;117m██[38;2;138;134;134m██[38;2;89;90;89m██[38;2;89;91;89m████[38;2;104;104;104m██[38;2;69;69;69m██[38;2;95;95;95m██[38;2;43;43;43m  [38;2;0;0;0m              
[38;2;0;0;0m        [38;2;97;95;95m██[38;2;16;15;15m██[38;2;0;0;0m    [38;2;71;71;71m██[38;2;137;137;137m██[38;2;115;118;115m██[38;2;109;109;109m██[38;2;90;90;90m██[38;2;158;152;152m██[38;2;93;91;91m██[38;2;89;89;89m██[38;2;73;73;73m██[38;2;79;79;79m██[38;2;63;66;63m██[38;2;88;88;88m██[38;2;101;101;101m██[38;2;0;0;0m            
[38;2;0;0;0m      [38;2;0;2;0m  [38;2;135;131;130m██[38;2;16;15;15m██[38;2;0;0;0m    [38;2;129;127;126m██[38;2;121;123;121m██[38;2;134;131;130m██[38;2;90;91;90m██[38;2;90;90;90m████[38;2;108;107;107m██[38;2;71;71;71m██[38;2;86;86;86m██[38;2;91;91;91m██[38;2;9;9;9m  [38;2;37;38;37m██[38;2;79;80;79m██[38;2;0;0;0m            
[38;2;0;0;0m      [38;2;0;3;0m  [38;2;215;208;208m██[38;2;44;43;43m██[38;2;0;0;0m  [38;2;40;38;38m  [38;2;144;141;140m██[38;2;109;111;109m██[38;2;120;117;117m██[38;2;96;88;82m██[38;2;87;78;75m██[38;2;107;67;69m██[38;2;98;98;98m██[38;2;67;67;67m██[38;2;98;98;98m██[38;2;85;85;85m██[38;2;6;6;6m  [38;2;23;24;23m██[38;2;33;34;33m██[38;2;0;0;0m      [38;2;15;16;15m  [38;2;74;75;74m██[38;2;5;5;5m  
[38;2;0;0;0m      [38;2;0;3;0m  [38;2;188;184;183m██[38;2;79;79;79m██[38;2;83;83;83m██[38;2;166;159;159m██[38;2;107;107;107m██[38;2;73;73;73m██[38;2;72;72;72m██[38;2;115;112;92m██[38;2;169;142;131m██[38;2;107;86;87m██[38;2;105;105;105m██[38;2;84;84;84m██[38;2;89;89;89m██[38;2;72;73;72m██[38;2;73;76;73m██[38;2;55;58;55m██[38;2;8;8;8m  [38;2;0;0;0m      [38;2;63;64;63m██[38;2;89;90;89m██[38;2;23;23;23m██
[38;2;0;0;0m      [38;2;18;19;18m  [38;2;81;84;81m██[38;2;134;134;134m██[38;2;101;101;101m██[38;2;68;68;68m██[38;2;0;0;0m  [38;2;45;45;45m  [38;2;105;105;105m██[38;2;94;126;102m██[38;2;87;87;87m██[38;2;84;84;84m██[38;2;108;108;108m██[38;2;84;84;84m██[38;2;69;71;69m██[38;2;62;65;62m  [38;2;0;0;0m  [38;2;70;70;70m██[38;2;47;47;47m██[38;2;0;0;0m    [38;2;35;35;35m██[38;2;89;90;89m██[38;2;69;70;69m██[38;2;0;0;0m  
[38;2;0;0;0m    [38;2;20;20;20m  [38;2;85;84;85m██[38;2;150;148;147m██[38;2;117;120;117m██[38;2;115;115;115m██[38;2;12;12;12m██[38;2;0;0;0m    [38;2;79;79;79m██[38;2;76;107;83m██[38;2;95;95;95m██[38;2;102;102;102m██[38;2;80;80;80m██[38;2;84;87;84m██[38;2;52;54;52m██[38;2;0;0;0m    [38;2;2;2;2m  [38;2;65;66;65m██[38;2;38;40;38m  [38;2;42;42;42m  [38;2;145;140;140m██[38;2;89;90;89m██[38;2;69;70;69m██[38;2;0;0;0m  
[38;2;5;5;5m  [38;2;22;22;22m██[38;2;76;78;76m██[38;2;151;147;148m██[38;2;201;198;197m██[38;2;119;121;119m██[38;2;73;72;72m██[38;2;0;0;0m      [38;2;82;82;82m██[38;2;83;83;83m██[38;2;95;95;95m██[38;2;96;96;96m██[38;2;90;90;90m██[38;2;71;73;71m██[38;2;0;0;0m        [38;2;14;14;14m  [38;2;89;92;89m██[38;2;140;140;140m██[38;2;121;120;119m██[38;2;126;123;123m██[38;2;0;0;0m    
[38;2;23;23;23m██[38;2;37;37;37m██[38;2;74;73;73m██[38;2;90;90;90m██[38;2;231;231;231m██[38;2;206;206;206m██[38;2;104;99;99m██[38;2;0;0;0m      [38;2;12;12;12m  [38;2;64;64;64m██[38;2;78;78;78m██[38;2;114;114;114m██[38;2;100;100;100m██[38;2;27;27;27m  [38;2;0;0;0m        [38;2;57;57;57m██[38;2;90;90;90m██[38;2;207;207;207m██[38;2;128;128;126m██[38;2;185;179;177m██[38;2;0;0;0m    
[38;2;0;0;0m    [38;2;26;26;26m██[38;2;79;79;79m██[38;2;182;182;182m██[38;2;103;103;103m██[38;2;0;0;0m        [38;2;52;52;52m██[38;2;46;48;46m██[38;2;75;77;75m██[38;2;66;66;66m██[38;2;100;100;100m██[38;2;0;0;0m        [38;2;10;10;10m██[38;2;89;89;89m██[38;2;231;231;231m████[38;2;228;228;228m██[38;2;64;64;64m██[38;2;0;0;0m    
[38;2;0;0;0m    [38;2;54;54;54m██[38;2;19;19;19m  [38;2;32;32;32m██[38;2;14;14;14m██[38;2;0;0;0m        [38;2;59;58;58m██[38;2;0;0;0m  [38;2;52;54;52m██[38;2;84;87;84m██[38;2;42;42;42m  [38;2;0;0;0m        [38;2;74;74;74m██[38;2;127;127;127m██[38;2;140;140;140m██[38;2;231;231;231m██[38;2;206;206;206m██[38;2;29;29;29m██[38;2;0;0;0m    
[38;2;0;0;0m    [38;2;47;47;47m██[38;2;0;0;0m  [38;2;22;22;22m  [38;2;67;67;67m██[38;2;0;0;0m        [38;2;115;111;110m██[38;2;3;3;3m██[38;2;0;0;0m  [38;2;45;47;45m██[38;2;38;38;38m██[38;2;0;0;0m        [38;2;129;129;129m██[38;2;140;140;140m██[38;2;134;134;134m██[38;2;160;160;160m██[38;2;77;78;77m██[38;2;23;23;23m██[38;2;0;0;0m    
[38;2;0;0;0m                    [38;2;34;36;34m██[38;2;0;0;0m    ██[38;2;76;72;72m██[38;2;0;0;0m        [38;2;75;75;75m██[38;2;126;126;126m██[38;2;140;140;140m██[38;2;103;103;103m██[38;2;89;90;89m██[38;2;26;26;26m██[38;2;0;0;0m    
[38;2;0;0;0m                            [38;2;34;34;34m██[38;2;15;15;15m  [38;2;0;0;0m  [38;2;1;1;1m  [38;2;62;62;62m██[38;2;64;67;64m██[38;2;73;74;73m██[38;2;116;116;116m██[38;2;74;74;74m██[38;2;71;74;71m██[38;2;6;6;6m  [38;2;0;0;0m    
[38;2;0;0;0m                            [38;2;8;8;8m  [38;2;63;63;63m██[38;2;0;0;0m  [38;2;1;1;1m██[38;2;22;22;22m██[38;2;0;0;0m  [38;2;14;14;14m  [38;2;74;74;74m██[38;2;7;7;7m  [38;2;28;29;28m██[38;2;26;26;26m██[38;2;0;0;0m    
[38;2;0;0;0m                                        [38;2;14;14;14m  [38;2;57;57;57m  [38;2;0;0;0m          
[38;2;0;0;0m                                        [38;2;14;14;14m██[38;2;0;0;0m            [0m
