
[38;2;0;0;0m      ██                              
[38;2;0;0;0m    ██[38;2;112;152;144m██[38;2;0;0;0m██                            
[38;2;0;0;0m  ██[38;2;112;152;144m████[38;2;0;0;0m████              ██████      
[38;2;0;0;0m  ██[38;2;112;152;144m████████[38;2;0;0;0m██    ██  ████[38;2;144;200;192m████[38;2;0;0;0m██      
[38;2;0;0;0m██[38;2;112;152;144m████████[38;2;0;0;0m██    ██[38;2;144;200;192m██[38;2;0;0;0m██[38;2;144;200;192m██████[38;2;0;0;0m██        
[38;2;0;0;0m██[38;2;112;152;144m██████████[38;2;0;0;0m██████[38;2;144;200;192m██████████[38;2;64;64;64m██[38;2;0;0;0m██      
[38;2;0;0;0m  ██[38;2;112;152;144m████[38;2;64;64;64m████[38;2;144;200;192m████[38;2;0;0;0m██[38;2;144;200;192m██[38;2;112;152;144m██[38;2;64;64;64m████[38;2;112;152;144m██[38;2;144;200;192m██[38;2;0;0;0m██      
[38;2;0;0;0m  ██[38;2;112;152;144m██[38;2;64;64;64m██[38;2;144;200;192m██████[38;2;64;64;64m██[38;2;144;200;192m██[38;2;112;152;144m██[38;2;64;64;64m██[38;2;72;104;152m████[38;2;64;64;64m██[38;2;112;152;144m██[38;2;0;0;0m██      
[38;2;0;0;0m    ██[38;2;144;200;192m████████[38;2;64;64;64m██[38;2;144;200;192m██[38;2;64;64;64m██[38;2;96;136;216m████[38;2;72;104;152m████[38;2;112;152;144m██[38;2;0;0;0m██      
[38;2;0;0;0m    [38;2;64;64;64m██[38;2;144;200;192m████████████[38;2;72;104;152m██[38;2;96;136;216m██[38;2;72;104;152m████[38;2;112;152;144m██[38;2;0;0;0m██        
[38;2;0;0;0m  ██[38;2;144;200;192m████[38;2;112;152;144m██[38;2;144;200;192m████[38;2;80;120;112m██[38;2;112;152;144m████[38;2;72;104;152m██[38;2;112;152;144m██[38;2;0;0;0m████    ██████
[38;2;0;0;0m██[38;2;144;200;192m██████[38;2;80;120;112m██[38;2;144;200;192m██[38;2;0;0;0m██[38;2;248;248;248m██[38;2;80;120;112m██[38;2;112;152;144m██[38;2;64;64;64m██[38;2;0;0;0m██    ████[38;2;80;120;112m██[38;2;112;152;144m██[38;2;0;0;0m██
[38;2;0;0;0m██[38;2;144;200;192m██[38;2;112;152;144m██[38;2;144;200;192m████[38;2;0;0;0m██[38;2;240;96;80m██[38;2;248;248;248m██[38;2;112;152;144m████[38;2;64;64;64m██[38;2;144;200;192m██[38;2;0;0;0m████[38;2;112;152;144m██████[38;2;80;120;112m██[38;2;0;0;0m██
[38;2;0;0;0m  ██[38;2;144;200;192m████[38;2;112;152;144m████████████[38;2;144;200;192m██████[38;2;112;152;144m██[38;2;64;64;64m████[38;2;112;152;144m██[38;2;0;0;0m██  
[38;2;0;0;0m██[38;2;112;152;144m██[38;2;0;0;0m██[38;2;64;64;64m██████[38;2;112;152;144m██[38;2;248;248;248m██[38;2;64;64;64m██[38;2;144;200;192m████[38;2;80;120;112m██[38;2;112;152;144m██[38;2;144;200;192m██[38;2;80;120;112m██[38;2;144;200;192m██[38;2;0;0;0m██    
[38;2;0;0;0m██[38;2;112;152;144m████[38;2;0;0;0m██[38;2;112;152;144m████[38;2;64;64;64m████[38;2;184;184;176m████[38;2;64;64;64m██[38;2;144;200;192m██████[38;2;80;120;112m████[38;2;144;200;192m██[38;2;0;0;0m██  
[38;2;0;0;0m  ██[38;2;184;184;176m██[38;2;112;152;144m██[38;2;0;0;0m████[38;2;184;184;176m██████[38;2;64;64;64m██[38;2;112;152;144m████[38;2;144;200;192m██[38;2;64;64;64m██[38;2;144;200;192m██[38;2;80;120;112m██[38;2;144;200;192m██[38;2;0;0;0m██  
[38;2;0;0;0m    ████[38;2;80;120;112m████[38;2;64;64;64m██[38;2;184;184;176m████[38;2;64;64;64m██[38;2;144;200;192m████[38;2;112;152;144m██[38;2;64;64;64m██[38;2;144;200;192m████[38;2;112;152;144m██[38;2;0;0;0m██  
[38;2;0;0;0m        ██[38;2;80;120;112m████[38;2;64;64;64m████[38;2;248;248;248m██[38;2;144;200;192m████[38;2;64;64;64m████[38;2;112;152;144m████[38;2;0;0;0m██    
[38;2;0;0;0m          ████████[38;2;112;152;144m██[38;2;248;248;248m██[38;2;64;64;64m████[38;2;112;152;144m██[38;2;64;64;64m██[38;2;0;0;0m██      
[38;2;0;0;0m                  ██████[38;2;184;184;176m██[38;2;112;152;144m██[38;2;248;248;248m██[38;2;0;0;0m██      
[38;2;0;0;0m                        ██████        [0m
