
[38;2;0;0;0m              ██      ████████                
[38;2;0;0;0m            ██[38;2;173;222;109m██[38;2;0;0;0m████[38;2;8;8;8m██[38;2;173;173;173m██[38;2;255;255;255m████[38;2;247;247;247m██[38;2;0;0;0m████            
[38;2;0;0;0m            ██[38;2;173;222;109m██[38;2;123;127;123m██[38;2;247;255;247m██[38;2;255;255;255m████[38;2;189;206;205m████[38;2;123;123;123m████[38;2;115;115;115m██[38;2;0;0;0m██          
[38;2;0;0;0m            ██[38;2;85;85;85m██[38;2;115;115;115m████[38;2;247;255;255m████[38;2;255;255;239m██[38;2;115;132;99m██[38;2;173;222;109m████[38;2;115;115;115m██[38;2;189;206;205m██[38;2;0;0;0m██        
[38;2;0;0;0m          ██[38;2;255;255;255m████████[38;2;107;115;115m██[38;2;200;208;208m██[38;2;115;132;99m██[38;2;162;173;146m██[38;2;173;222;109m██[38;2;115;115;115m██[38;2;189;206;205m██[38;2;115;115;115m██[38;2;0;0;0m██        
[38;2;0;0;0m    [38;2;8;4;0m████[38;2;0;0;0m██[38;2;255;255;255m████████████[38;2;115;115;115m██[38;2;189;206;205m██[38;2;107;113;112m██[38;2;115;115;115m██[38;2;189;206;205m██[38;2;115;115;115m██[38;2;255;255;255m██[38;2;173;173;173m██[38;2;8;8;8m██[38;2;0;0;0m      
[38;2;0;0;0m  ██[38;2;231;206;183m██[38;2;157;139;122m██[38;2;85;85;85m██[38;2;170;170;170m██[38;2;255;255;255m██[38;2;189;205;205m██[38;2;192;193;192m██[38;2;66;70;66m██[38;2;255;255;255m████[38;2;66;66;66m██[38;2;189;206;205m████[38;2;115;115;115m██[38;2;255;255;255m██[38;2;115;115;115m██[38;2;255;255;255m████[38;2;0;0;0m██    
[38;2;0;0;0m██[38;2;214;189;174m██[38;2;181;156;133m████[38;2;66;66;66m██[38;2;255;255;255m██[38;2;189;205;205m██[38;2;255;255;255m██[38;2;74;66;82m██[38;2;173;222;109m██[38;2;57;61;65m██[38;2;255;255;255m██[38;2;66;66;66m████[38;2;77;71;69m██[38;2;214;214;206m██[38;2;115;115;115m██[38;2;0;0;0m██[38;2;173;174;173m██[38;2;255;255;255m████[38;2;0;0;0m██  
[38;2;0;0;0m██[38;2;71;63;58m██[38;2;126;111;99m██[38;2;71;65;66m██[38;2;66;66;66m██[38;2;255;255;255m██████[38;2;107;118;91m██[38;2;173;222;109m██[38;2;123;126;128m██[38;2;189;190;192m██[38;2;66;66;66m██[38;2;214;189;174m██[38;2;145;143;137m██[38;2;8;0;0m██[38;2;0;0;0m██  [38;2;8;12;8m██[38;2;173;174;173m██[38;2;255;255;255m████[38;2;0;0;0m██
[38;2;0;0;0m██[38;2;181;156;133m██[38;2;82;82;82m████[38;2;255;255;255m██[38;2;33;33;33m██[38;2;247;255;247m██[38;2;123;127;123m██[38;2;66;61;66m██[38;2;129;126;129m██[38;2;189;206;205m██[38;2;63;69;68m██[38;2;214;189;174m██[38;2;181;156;133m██[38;2;189;165;141m██[38;2;0;0;0m██      ██[38;2;189;206;205m████[38;2;0;0;0m██
[38;2;0;0;0m  ████[38;2;247;247;247m██[38;2;33;33;33m██[38;2;0;0;0m  ████[38;2;255;255;255m██[38;2;66;61;66m██[38;2;0;0;0m████[38;2;181;156;133m████[38;2;126;110;94m██[38;2;0;0;0m██    ██[38;2;189;206;205m██[38;2;66;66;66m██[38;2;189;206;205m██[38;2;0;0;0m██
[38;2;0;0;0m    ██[38;2;189;206;205m██[38;2;0;0;0m██    ██[38;2;255;255;255m██[38;2;0;4;0m██[38;2;0;0;0m  ██[38;2;60;60;58m████[38;2;132;115;100m██[38;2;0;0;0m██      ██████  
[38;2;0;0;0m      ██      ██[38;2;170;171;170m██[38;2;0;4;0m██[38;2;0;0;0m    [38;2;0;8;16m██[38;2;181;165;141m██[38;2;0;0;0m██                
[38;2;0;0;0m                ██      ████                  [0m
