
[38;2;0;0;0m            [38;2;24;24;12m  [38;2;63;62;33m██[38;2;0;0;0m                                  
[38;2;0;0;0m        [38;2;0;3;0m  [38;2;164;155;87m  [38;2;215;202;114m██[38;2;82;80;43m██[38;2;0;0;0m    [38;2;0;3;0m  [38;2;0;0;0m                            
[38;2;0;0;0m      [38;2;52;51;27m  [38;2;255;239;131m██[38;2;236;213;125m██[38;2;187;157;103m██[38;2;120;106;83m██[38;2;63;62;33m████[38;2;103;98;54m  [38;2;0;0;0m                            
[38;2;0;0;0m    [38;2;0;1;0m  [38;2;209;196;110m██[38;2;255;239;131m██[38;2;236;213;125m██[38;2;255;239;134m██[38;2;255;239;133m██[38;2;235;226;132m██[38;2;118;114;85m██[38;2;26;28;26m  [38;2;0;3;0m  [38;2;0;1;0m  [38;2;0;0;0m      [38;2;0;1;0m  [38;2;0;3;0m  [38;2;0;1;0m  [38;2;0;0;0m            
[38;2;0;0;0m  [38;2;40;39;29m  [38;2;88;85;49m██[38;2;255;239;134m██[38;2;238;225;128m██[38;2;126;121;86m██[38;2;221;205;124m██[38;2;209;192;142m██[38;2;101;96;85m██[38;2;199;183;138m██[38;2;222;206;139m██[38;2;192;181;101m██[38;2;95;91;50m  [38;2;0;1;0m  [38;2;34;36;24m  [38;2;43;35;23m██[38;2;174;166;97m██[38;2;255;239;134m██[38;2;136;129;71m██[38;2;54;54;29m  [38;2;0;0;0m          
[38;2;0;0;0m  [38;2;40;39;33m  [38;2;124;117;78m██[38;2;255;239;131m██[38;2;159;155;103m██[38;2;167;154;98m██[38;2;167;156;101m██[38;2;195;179;136m██[38;2;206;189;142m████[38;2;78;75;62m██[38;2;1;1;0m  [38;2;0;2;0m  [38;2;191;192;137m██[38;2;190;172;124m██[38;2;234;223;161m██[38;2;255;248;176m██[38;2;255;239;131m██[38;2;167;158;101m██[38;2;104;100;78m██[38;2;16;18;16m  [38;2;0;0;0m        
[38;2;0;0;0m  [38;2;0;2;0m  [38;2;138;128;100m██[38;2;158;147;116m██[38;2;144;141;97m██[38;2;160;119;91m██[38;2;201;190;116m██[38;2;155;152;102m██[38;2;193;168;126m██[38;2;163;142;106m██[38;2;32;27;19m  [38;2;0;1;0m  [38;2;159;150;84m██[38;2;253;236;134m██[38;2;214;184;113m██[38;2;255;245;172m██[38;2;242;228;155m██[38;2;189;156;113m██[38;2;229;208;133m██[38;2;255;239;132m██[38;2;230;213;139m██[38;2;42;41;29m  [38;2;0;0;0m      
[38;2;0;0;0m    [38;2;72;73;51m██[38;2;214;211;157m██[38;2;223;211;122m██[38;2;236;213;123m██[38;2;248;232;136m██[38;2;90;84;64m██[38;2;116;108;80m██[38;2;207;189;142m██[38;2;186;167;125m██[38;2;109;96;77m██[38;2;184;177;112m██[38;2;190;151;103m██[38;2;244;225;129m██[38;2;251;233;132m██[38;2;214;189;125m██[38;2;255;251;183m██[38;2;255;250;183m██[38;2;255;247;165m██[38;2;255;239;135m██[38;2;196;180;135m██[38;2;46;44;31m  [38;2;0;0;0m    
[38;2;0;0;0m  [38;2;0;3;0m  [38;2;255;250;172m██[38;2;255;250;174m██[38;2;238;214;156m██[38;2;224;188;113m██[38;2;235;219;137m██[38;2;68;63;51m██[38;2;0;1;0m  [38;2;0;2;0m  [38;2;26;23;22m  [38;2;175;156;118m██[38;2;123;118;89m██[38;2;191;152;103m██[38;2;255;239;135m██[38;2;173;128;95m██[38;2;255;244;146m██[38;2;255;239;138m██[38;2;241;230;164m██[38;2;216;204;151m██[38;2;113;110;87m██[38;2;113;109;83m██[38;2;72;70;49m██[38;2;0;0;0m    
[38;2;0;0;0m  [38;2;0;3;0m  [38;2;255;241;139m██[38;2;224;213;146m██[38;2;219;182;170m██[38;2;137;46;63m██[38;2;206;189;142m████[38;2;0;2;0m  [38;2;0;0;0m  [38;2;71;67;52m  [38;2;70;67;56m██[38;2;133;119;97m██[38;2;218;201;141m██[38;2;219;191;117m██[38;2;234;211;124m██[38;2;255;239;131m██[38;2;248;230;131m██[38;2;216;191;127m██[38;2;236;220;147m██[38;2;255;248;175m██[38;2;248;232;136m██[38;2;220;204;141m██[38;2;129;121;83m  [38;2;0;0;0m  
[38;2;16;17;8m  [38;2;212;200;110m██[38;2;251;235;133m██[38;2;212;196;142m██[38;2;150;78;80m██[38;2;198;173;133m██[38;2;184;169;130m██[38;2;206;189;142m██[38;2;29;29;20m  [38;2;0;0;0m  [38;2;94;89;65m██[38;2;68;68;67m██[38;2;136;127;104m██[38;2;205;188;141m██[38;2;133;125;102m██[38;2;207;191;141m██[38;2;220;207;130m██[38;2;196;159;105m██[38;2;255;239;133m██[38;2;255;240;137m██[38;2;255;249;178m██[38;2;251;249;171m██[38;2;223;207;145m██[38;2;200;187;114m██[38;2;13;13;9m  
[38;2;29;31;21m██[38;2;195;181;127m██[38;2;214;197;140m██[38;2;206;189;142m██[38;2;68;65;52m██[38;2;101;96;85m██[38;2;184;169;130m██[38;2;206;189;142m██[38;2;133;125;79m██[38;2;0;0;0m  [38;2;23;23;19m  [38;2;67;65;57m██[38;2;188;173;132m██[38;2;203;186;140m██[38;2;141;132;107m██[38;2;199;183;138m██[38;2;140;131;105m██[38;2;221;205;141m██[38;2;255;239;134m██[38;2;255;239;136m██[38;2;255;246;160m██[38;2;197;185;138m██[38;2;183;170;123m██[38;2;206;188;142m██[38;2;53;52;36m██
[38;2;0;0;0m  [38;2;0;3;0m      [38;2;0;1;0m  [38;2;177;162;122m██[38;2;206;188;142m██[38;2;217;200;140m██[38;2;243;226;134m██[38;2;74;70;39m██[38;2;0;1;2m  [38;2;151;139;110m  [38;2;136;127;104m██[38;2;169;157;122m██[38;2;157;146;115m██[38;2;166;154;120m██[38;2;161;150;118m██[38;2;206;189;143m██[38;2;206;188;143m██[38;2;161;148;118m██[38;2;101;96;85m██[38;2;119;113;95m██[38;2;206;189;142m██[38;2;194;178;134m██[38;2;40;39;27m  
[38;2;0;0;0m        [38;2;0;1;0m  [38;2;208;195;118m██[38;2;242;226;137m██[38;2;253;237;135m██[38;2;255;239;131m██[38;2;195;177;103m██[38;2;103;94;54m  [38;2;48;48;48m  [38;2;188;173;132m██[38;2;68;68;67m██[38;2;206;189;142m██[38;2;74;73;70m██[38;2;206;189;142m████[38;2;140;131;106m██[38;2;70;70;68m██[38;2;101;96;85m██[38;2;206;189;142m████[38;2;160;148;110m██[38;2;0;1;0m  
[38;2;0;0;0m        [38;2;86;86;54m██[38;2;255;241;147m██[38;2;255;244;159m██[38;2;255;247;172m██[38;2;255;239;131m██[38;2;255;239;134m██[38;2;208;175;110m██[38;2;255;239;131m██[38;2;89;87;74m██[38;2;171;158;123m██[38;2;149;139;111m██[38;2;206;189;142m██[38;2;185;171;130m██[38;2;97;93;83m██[38;2;131;123;101m██[38;2;170;158;121m██[38;2;194;187;124m██[38;2;113;111;89m██[38;2;142;133;101m██[38;2;0;2;0m  [38;2;0;0;0m  
[38;2;0;0;0m        [38;2;86;84;47m██[38;2;255;246;179m██[38;2;255;241;145m██[38;2;255;239;133m██[38;2;213;188;114m██[38;2;121;116;85m██[38;2;223;202;134m██[38;2;255;239;140m██[38;2;231;217;124m██[38;2;205;193;117m██[38;2;157;146;115m██[38;2;199;183;138m██[38;2;80;78;73m██[38;2;108;102;88m██[38;2;165;157;115m██[38;2;162;156;110m██[38;2;129;125;98m██[38;2;255;253;177m██[38;2;210;206;136m██[38;2;0;2;0m  [38;2;0;0;0m  
[38;2;0;0;0m        [38;2;0;1;0m  [38;2;219;206;114m██[38;2;245;229;129m██[38;2;252;232;129m██[38;2;121;103;87m██[38;2;199;182;138m██[38;2;185;172;125m██[38;2;102;97;91m██[38;2;248;232;133m██[38;2;254;240;138m██[38;2;146;139;96m██[38;2;119;118;98m██[38;2;150;142;110m██[38;2;163;152;119m██[38;2;110;107;90m██[38;2;214;207;132m██[38;2;255;241;149m██[38;2;130;130;105m██[38;2;240;233;153m██[38;2;0;3;0m  [38;2;0;0;0m  
[38;2;0;0;0m          [38;2;54;54;29m  [38;2;218;199;120m██[38;2;117;96;82m██[38;2;185;171;130m██[38;2;107;102;88m██[38;2;141;132;107m██[38;2;203;186;140m██[38;2;212;196;142m██[38;2;207;200;130m██[38;2;160;157;122m██[38;2;255;254;181m██[38;2;247;239;149m██[38;2;83;83;76m██[38;2;249;244;159m██[38;2;194;189;124m██[38;2;206;200;141m██[38;2;220;220;161m██[38;2;64;63;43m██[38;2;0;0;0m    
[38;2;0;0;0m          [38;2;0;2;0m  [38;2;134;125;98m██[38;2;164;152;119m██[38;2;213;197;142m██[38;2;77;73;60m██[38;2;178;164;127m██[38;2;171;158;123m██[38;2;146;112;85m██[38;2;116;111;84m██[38;2;255;239;133m██[38;2;252;242;170m██[38;2;152;149;108m██[38;2;255;244;172m██[38;2;255;249;179m██[38;2;228;225;166m██[38;2;190;180;111m██[38;2;156;148;83m  [38;2;0;0;0m      
[38;2;0;0;0m            [38;2;74;73;46m██[38;2;78;78;71m██[38;2;249;233;135m██[38;2;30;31;21m██[38;2;23;23;17m  [38;2;186;150;69m██[38;2;204;156;70m██[38;2;188;165;100m██[38;2;178;163;101m██[38;2;116;108;81m██[38;2;200;122;82m██[38;2;255;239;134m██[38;2;251;241;142m██[38;2;110;108;73m██[38;2;47;48;27m██[38;2;0;0;0m        
[38;2;0;0;0m          [38;2;0;3;0m  [38;2;138;128;97m██[38;2;221;210;125m██[38;2;147;140;78m██[38;2;0;0;0m  [38;2;79;64;24m  [38;2;173;136;53m██[38;2;181;140;59m██[38;2;113;88;61m██[38;2;176;138;66m██[38;2;231;181;71m██[38;2;197;155;60m██[38;2;161;89;57m██[38;2;72;68;42m  [38;2;0;0;5m  [38;2;0;0;0m          
[38;2;0;0;0m            [38;2;24;21;12m  [38;2;44;38;23m██[38;2;36;36;19m  [38;2;0;0;0m    [38;2;0;1;0m  [38;2;8;10;8m  [38;2;57;48;17m██████[38;2;24;20;7m  [38;2;0;1;0m  [38;2;0;0;0m              [0m
