
[38;2;0;0;0m                                  [38;2;0;4;0m██[38;2;0;0;0m                                                
[38;2;0;0;0m                                [38;2;0;4;0m██[38;2;94;96;94m██[38;2;0;4;0m██[38;2;0;0;0m          [38;2;0;4;0m██[38;2;0;0;0m                                  
[38;2;0;0;0m                            [38;2;0;4;0m████[38;2;94;96;94m████[38;2;0;4;0m██[38;2;0;0;0m        [38;2;0;4;0m██[38;2;94;96;94m██[38;2;0;4;0m██[38;2;0;0;0m                                
[38;2;0;0;0m                        [38;2;0;4;0m████[38;2;94;96;94m████████[38;2;0;4;0m██[38;2;0;0;0m    [38;2;0;4;0m████[38;2;94;96;94m████[38;2;0;4;0m██[38;2;0;0;0m                                
[38;2;0;0;0m                      [38;2;0;4;0m██[38;2;94;96;94m██[38;2;96;96;96m████████[38;2;82;80;69m████[38;2;0;4;0m████[38;2;96;99;96m████[38;2;99;103;99m██[38;2;69;71;66m██[38;2;0;4;0m██[38;2;0;0;0m                                
[38;2;0;0;0m                    [38;2;0;4;0m██[38;2;94;96;94m████[38;2;90;140;122m██████[38;2;96;96;96m██[38;2;82;80;69m██[38;2;66;66;66m██[38;2;94;96;94m████[38;2;96;99;96m████[38;2;99;103;99m██[38;2;8;8;0m██[38;2;0;0;0m                                  
[38;2;0;0;0m                  [38;2;0;4;0m██[38;2;94;96;94m██[38;2;82;103;94m██[38;2;90;140;122m██[38;2;66;66;66m████[38;2;96;99;96m████[38;2;96;96;96m████[38;2;79;103;95m██[38;2;90;140;122m██████[38;2;96;99;96m████[38;2;0;4;0m██[38;2;0;0;0m                                
[38;2;0;0;0m      [38;2;0;4;0m██[38;2;0;0;0m          [38;2;0;4;0m██[38;2;94;96;94m██[38;2;90;140;122m██[38;2;74;66;66m██[38;2;132;206;164m████[38;2;96;99;96m████[38;2;96;96;96m██[38;2;90;140;122m██[38;2;68;65;68m████[38;2;74;66;66m██[38;2;82;103;94m██[38;2;96;99;96m████[38;2;0;4;0m██[38;2;0;0;0m                                
[38;2;0;0;0m    [38;2;0;4;0m██[38;2;99;64;115m██[38;2;0;4;0m██[38;2;0;0;0m      [38;2;0;4;0m██[38;2;94;99;94m████[38;2;99;66;67m██[38;2;132;206;164m██[38;2;66;66;66m██[38;2;94;99;94m██████[38;2;86;144;122m██[38;2;66;66;66m████[38;2;132;206;164m████[38;2;99;99;93m██[38;2;107;103;99m██[38;2;0;8;0m██[38;2;0;0;0m                        [38;2;0;4;0m██[38;2;0;0;0m        
[38;2;0;0;0m    [38;2;0;4;0m██[38;2;99;64;115m██[38;2;0;4;0m██[38;2;0;0;0m      [38;2;0;4;0m██[38;2;94;99;94m██[38;2;66;66;66m██[38;2;99;66;67m████[38;2;94;99;94m████[38;2;66;66;66m████[38;2;86;144;122m██[38;2;66;66;66m██[38;2;132;206;164m██[38;2;66;66;66m██[38;2;99;99;93m████[38;2;71;71;66m██[38;2;0;8;0m██[38;2;0;0;0m                      [38;2;0;4;0m██[38;2;132;82;180m██[38;2;0;4;0m██[38;2;0;0;0m      
[38;2;0;0;0m  [38;2;0;4;0m██[38;2;99;64;115m████[38;2;0;4;0m██[38;2;0;0;0m      [38;2;0;4;0m██[38;2;78;43;46m██[38;2;156;70;84m██[38;2;160;66;76m██[38;2;66;66;66m██████[38;2;187;44;48m████[38;2;74;57;66m██[38;2;132;198;164m██[38;2;94;98;94m████[38;2;107;103;99m██[38;2;71;71;66m██[38;2;0;4;0m██[38;2;0;0;0m                [38;2;0;4;0m██[38;2;0;0;0m    [38;2;0;4;0m██[38;2;132;82;180m████[38;2;0;4;0m██[38;2;0;0;0m      
[38;2;0;0;0m  [38;2;0;4;0m██[38;2;99;64;115m████[38;2;0;4;0m██[38;2;0;0;0m  [38;2;0;4;0m██[38;2;0;0;0m    [38;2;0;16;8m██[38;2;156;70;84m██[38;2;160;66;76m██[38;2;66;66;66m██[38;2;187;44;48m██████[38;2;66;66;66m██[38;2;93;104;99m████[38;2;94;98;94m██[38;2;82;82;66m██[38;2;0;8;0m████[38;2;0;0;0m    [38;2;0;4;0m████[38;2;0;0;0m        [38;2;0;4;0m██[38;2;94;96;94m██[38;2;0;4;0m██[38;2;0;0;0m  [38;2;0;4;0m██[38;2;132;82;180m████[38;2;0;4;0m██[38;2;0;0;0m      
[38;2;0;0;0m  [38;2;0;4;0m██[38;2;99;64;115m██[38;2;99;66;112m████[38;2;0;4;0m██[38;2;77;74;69m██[38;2;0;4;0m██[38;2;0;0;0m  [38;2;0;4;0m██[38;2;159;64;74m██[38;2;66;66;66m██[38;2;187;44;48m██[38;2;181;49;61m████[38;2;85;85;88m████[38;2;99;99;91m██[38;2;77;77;74m██[38;2;66;66;66m████[38;2;170;176;173m████[38;2;0;8;0m████[38;2;173;173;173m██[38;2;0;4;0m██[38;2;0;0;0m        [38;2;0;4;0m██[38;2;94;96;94m██[38;2;0;8;0m████[38;2;132;83;180m████[38;2;132;82;180m██[38;2;0;4;0m██[38;2;0;0;0m      
[38;2;0;4;0m██[38;2;99;64;115m████[38;2;99;66;112m████[38;2;77;74;69m████[38;2;0;4;0m██[38;2;0;0;0m  [38;2;0;4;0m██[38;2;159;64;74m██[38;2;187;44;48m████[38;2;181;49;61m██[38;2;0;4;0m██[38;2;255;239;71m██[38;2;85;85;88m██[38;2;66;66;66m██████[38;2;170;176;170m██[38;2;170;176;173m██[38;2;140;140;132m██[38;2;121;129;121m██[38;2;181;189;181m██[38;2;173;173;173m██[38;2;0;4;0m██[38;2;0;0;0m    [38;2;0;4;0m██[38;2;0;0;0m  [38;2;0;4;0m██[38;2;94;96;94m██[38;2;66;52;71m██[38;2;99;74;107m██[38;2;132;83;180m████[38;2;132;82;180m██[38;2;0;4;0m██[38;2;0;0;0m      
[38;2;0;4;0m██[38;2;99;66;112m████████[38;2;66;66;66m██[38;2;82;80;69m██[38;2;0;4;0m██[38;2;0;0;0m    [38;2;0;4;0m██[38;2;123;82;91m██[38;2;82;57;61m██[38;2;132;198;164m██[38;2;74;57;66m██[38;2;255;239;71m██[38;2;85;85;77m██[38;2;77;77;74m██[38;2;99;99;91m██[38;2;115;115;112m██[38;2;57;61;57m██[38;2;169;174;173m████[38;2;170;176;173m████[38;2;0;4;0m██[38;2;0;0;0m    [38;2;0;4;0m██[38;2;99;99;99m██[38;2;0;4;0m██[38;2;66;66;66m██[38;2;94;99;94m██[38;2;99;64;115m██[38;2;132;84;180m██[38;2;132;83;180m████[38;2;132;82;180m██[38;2;0;4;0m██[38;2;0;0;0m      
[38;2;0;4;0m██[38;2;99;66;112m████████[38;2;66;66;66m██[38;2;82;80;69m██[38;2;0;4;0m██[38;2;0;0;0m      [38;2;0;8;0m██[38;2;123;82;91m██[38;2;93;104;99m████[38;2;85;85;77m████[38;2;66;66;66m████[38;2;57;61;57m██[38;2;231;222;223m██[38;2;231;222;231m████[38;2;170;176;173m████[38;2;173;173;173m██[38;2;0;4;0m██[38;2;0;0;0m  [38;2;0;4;0m██[38;2;99;99;99m██[38;2;66;67;66m██[38;2;66;66;66m██[38;2;94;99;94m██[38;2;99;64;115m██[38;2;132;84;180m██[38;2;132;83;180m████[38;2;0;4;0m██[38;2;0;0;0m        
[38;2;0;4;0m██[38;2;99;66;112m████[38;2;99;64;112m██[38;2;66;66;66m██[38;2;82;80;69m██[38;2;66;66;66m██[38;2;82;80;69m██[38;2;0;4;0m██[38;2;0;0;0m  [38;2;0;4;0m██[38;2;99;99;91m████[38;2;71;71;66m████[38;2;66;66;66m████[38;2;124;109;137m██[38;2;66;57;82m██[38;2;234;225;228m████[38;2;231;231;231m██[38;2;176;176;176m██[38;2;173;173;173m██[38;2;63;63;63m██[38;2;0;4;0m██[38;2;0;0;0m  [38;2;0;4;0m██[38;2;94;96;94m██[38;2;66;66;66m██[38;2;94;99;94m██[38;2;66;66;66m██[38;2;99;64;112m██[38;2;132;83;180m████████[38;2;0;4;0m██[38;2;0;0;0m        
[38;2;0;4;0m██[38;2;99;66;112m████[38;2;99;64;112m██[38;2;66;66;66m██[38;2;82;80;69m████████[38;2;0;4;0m████[38;2;66;66;66m██[38;2;77;77;74m██[38;2;71;71;66m██[38;2;132;82;180m████[38;2;66;66;66m██[38;2;66;57;82m██[38;2;239;214;247m██[38;2;234;225;228m████[38;2;66;66;66m████[38;2;63;63;63m██[38;2;8;8;8m██[38;2;0;0;0m    [38;2;0;4;0m██[38;2;94;96;94m██[38;2;66;66;66m██[38;2;94;99;94m██[38;2;66;66;66m██[38;2;99;64;112m██[38;2;132;83;180m████████[38;2;0;4;0m██[38;2;0;0;0m        
[38;2;0;0;0m  [38;2;0;4;0m██[38;2;99;64;115m██[38;2;99;64;112m██[38;2;66;66;66m██[38;2;82;81;69m████████[38;2;78;74;70m████[38;2;74;74;66m████[38;2;66;66;66m██████[38;2;170;176;170m██[38;2;170;170;165m██[38;2;140;140;132m██[38;2;234;225;228m████[38;2;231;222;231m██[38;2;66;66;66m██[38;2;82;80;69m████[38;2;0;4;0m████[38;2;66;66;66m██[38;2;94;99;94m██[38;2;66;66;66m██[38;2;94;99;94m██[38;2;66;74;66m██[38;2;99;74;115m██[38;2;132;83;180m████[38;2;132;82;180m██[38;2;0;4;0m██[38;2;0;0;0m          
[38;2;0;0;0m  [38;2;0;4;0m██[38;2;99;64;115m██[38;2;99;64;112m██[38;2;66;66;66m██[38;2;82;81;69m████████[38;2;78;74;70m██[38;2;90;140;122m██[38;2;86;144;122m████[38;2;66;66;66m██[38;2;170;176;170m██████[38;2;231;231;231m████[38;2;234;225;228m████[38;2;66;66;66m██████[38;2;82;80;69m██████[38;2;94;99;94m██[38;2;66;66;66m██[38;2;94;99;94m████[38;2;88;74;99m██[38;2;99;74;115m██[38;2;132;83;180m████[38;2;132;82;180m██[38;2;0;4;0m██[38;2;0;0;0m    [38;2;0;4;0m██[38;2;0;0;0m    
[38;2;0;0;0m  [38;2;0;4;0m██[38;2;99;66;115m██[38;2;99;64;112m██[38;2;66;66;66m██[38;2;82;81;69m████[38;2;82;80;70m██[38;2;0;4;0m████████[38;2;90;140;122m██[38;2;99;140;123m██[38;2;49;72;61m██[38;2;77;74;77m██[38;2;231;222;231m██████[38;2;66;66;66m████[38;2;71;71;66m██[38;2;85;143;122m██[38;2;86;144;122m██[38;2;66;66;66m██[38;2;66;67;66m██[38;2;99;99;99m██[38;2;96;99;96m████████[38;2;96;99;93m██[38;2;101;66;112m██[38;2;132;83;180m████[38;2;132;94;164m██[38;2;0;16;0m██[38;2;0;0;0m  [38;2;0;4;0m██[38;2;82;80;69m██[38;2;0;4;0m██[38;2;0;0;0m  
[38;2;0;0;0m    [38;2;0;4;0m██[38;2;99;64;112m██[38;2;66;66;66m██[38;2;82;81;69m████[38;2;0;4;0m██[38;2;0;0;0m        [38;2;0;4;0m██████[38;2;0;0;0m████[38;2;231;222;231m██[38;2;66;66;66m██[38;2;132;79;175m██[38;2;99;73;120m██[38;2;71;71;66m████[38;2;86;144;122m████[38;2;0;4;0m██[38;2;66;67;66m██[38;2;96;99;96m████████[38;2;96;99;93m██[38;2;101;66;112m██[38;2;132;83;180m████[38;2;66;55;82m████[38;2;0;4;0m████[38;2;82;80;69m████[38;2;0;4;0m██
[38;2;0;0;0m    [38;2;0;4;0m██[38;2;74;70;66m████[38;2;77;74;69m████[38;2;0;4;0m██[38;2;0;0;0m                  [38;2;8;20;0m██[38;2;135;95;169m██[38;2;132;83;180m████[38;2;98;64;112m██[38;2;74;75;68m██[38;2;77;74;69m██[38;2;0;4;0m██[38;2;0;0;0m  [38;2;0;4;0m██[38;2;94;96;94m████[38;2;94;99;94m████[38;2;99;64;115m██[38;2;132;84;180m██[38;2;132;82;180m████[38;2;74;71;69m████[38;2;82;80;69m████[38;2;0;4;0m████[38;2;0;0;0m  
[38;2;0;0;0m    [38;2;0;4;0m██[38;2;160;63;76m██[38;2;74;70;66m██[38;2;77;74;69m██[38;2;0;4;0m██[38;2;0;0;0m                [38;2;0;4;0m████[38;2;71;57;85m████[38;2;132;83;180m████[38;2;74;75;68m████[38;2;77;74;69m████[38;2;0;4;0m██[38;2;0;0;0m  [38;2;0;4;0m██[38;2;94;96;94m██[38;2;94;99;94m██[38;2;99;66;115m██[38;2;132;84;180m████[38;2;132;82;180m██[38;2;0;4;0m██████████[38;2;0;0;0m      
[38;2;0;0;0m    [38;2;0;4;0m██[38;2;154;78;87m██[38;2;77;45;48m██[38;2;159;64;74m██[38;2;0;4;0m██[38;2;0;0;0m              [38;2;0;4;0m██[38;2;82;81;69m████[38;2;82;80;69m████[38;2;0;4;0m██████[38;2;82;80;70m██[38;2;82;80;69m██████[38;2;0;4;0m██[38;2;66;66;66m████[38;2;99;82;104m████[38;2;132;82;180m████[38;2;0;4;0m██[38;2;0;0;0m                
[38;2;0;0;0m      [38;2;0;12;8m████[38;2;159;64;74m██[38;2;0;4;0m██[38;2;0;0;0m              [38;2;0;4;0m██[38;2;82;81;69m████[38;2;82;80;69m██[38;2;0;4;0m██[38;2;0;0;0m      [38;2;0;4;0m████[38;2;82;80;69m██████[38;2;66;66;66m██[38;2;187;44;48m██[38;2;66;66;66m████[38;2;132;82;180m██[38;2;0;4;0m██[38;2;0;0;0m                  
[38;2;0;0;0m          [38;2;0;4;0m██[38;2;0;0;0m                  [38;2;0;12;8m██[38;2;93;59;59m██[38;2;82;80;69m████[38;2;0;4;0m██[38;2;0;0;0m        [38;2;0;4;0m██[38;2;74;74;66m████[38;2;63;44;44m██[38;2;189;57;69m██[38;2;63;32;34m██[38;2;189;49;53m██[38;2;0;4;0m██[38;2;0;0;0m                    
[38;2;0;0;0m                            [38;2;0;4;0m██[38;2;93;59;59m██[38;2;140;82;84m██[38;2;82;80;69m██[38;2;0;4;0m██[38;2;0;0;0m        [38;2;0;4;0m██[38;2;189;45;53m██[38;2;74;74;66m██[38;2;189;43;48m██[38;2;63;44;44m██[38;2;0;37;32m██[38;2;0;24;24m██[38;2;189;49;53m██[38;2;0;4;0m██[38;2;0;0;0m                    
[38;2;0;0;0m                              [38;2;0;4;0m██████[38;2;0;0;0m          [38;2;0;4;0m██[38;2;82;80;70m██[38;2;0;4;0m██[38;2;82;80;70m██[38;2;0;4;0m██[38;2;0;0;0m    [38;2;0;4;0m██[38;2;0;0;0m                      
[38;2;0;0;0m                                                [38;2;0;4;0m██[38;2;0;0;0m  [38;2;0;4;0m██[38;2;0;0;0m                              [0m
