
[38;2;0;0;0m            ████      ██████      
[38;2;0;0;0m      ██  ██[38;2;74;123;66m██[38;2;0;0;0m██  ████[38;2;156;206;76m██████[38;2;0;0;0m██    
[38;2;0;0;0m    ██[38;2;101;159;80m██[38;2;8;0;8m██[38;2;74;124;66m████[38;2;57;69;39m██[38;2;8;0;16m██[38;2;156;206;76m██[38;2;98;156;74m██[38;2;99;156;75m██[38;2;0;0;0m████      
[38;2;0;0;0m  ██[38;2;156;206;76m██[38;2;101;159;80m██[38;2;55;80;44m██[38;2;74;124;66m██[38;2;66;66;66m██[38;2;156;206;84m████[38;2;98;156;74m██[38;2;156;206;76m██[38;2;0;0;0m██          
[38;2;0;0;0m  ██[38;2;156;206;76m██[38;2;101;153;69m██[38;2;156;206;76m██[38;2;66;66;66m██[38;2;99;156;75m██[38;2;156;206;76m██[38;2;101;153;69m██[38;2;156;206;76m████[38;2;57;79;52m██[38;2;8;0;8m██[38;2;0;0;0m████    
[38;2;0;0;0m  ██[38;2;156;206;76m██[38;2;74;127;66m██[38;2;156;206;76m██[38;2;66;66;66m██[38;2;99;156;75m██[38;2;74;127;66m██[38;2;156;206;76m████[38;2;66;66;66m██[38;2;82;119;74m████[38;2;74;123;66m██[38;2;0;0;0m██    
[38;2;0;0;0m    ██[38;2;98;156;74m██[38;2;74;123;66m██[38;2;66;66;66m██[38;2;74;124;66m██[38;2;99;156;75m████[38;2;66;66;66m████████[38;2;57;71;41m██[38;2;8;0;16m██[38;2;0;0;0m██  
[38;2;0;0;0m    ██[38;2;98;156;74m██[38;2;74;123;66m██[38;2;66;66;66m██[38;2;74;124;66m██[38;2;99;156;75m██[38;2;66;66;66m████[38;2;156;206;76m██[38;2;99;156;75m████[38;2;107;143;67m██[38;2;156;214;92m██[38;2;156;206;76m██[38;2;0;0;0m██
[38;2;0;0;0m      [38;2;8;16;0m██[38;2;85;115;114m██[38;2;85;137;69m████[38;2;82;112;69m██[38;2;99;156;75m██[38;2;101;159;80m████[38;2;156;206;76m██████[38;2;0;0;0m████  
[38;2;0;0;0m    ██[38;2;123;165;171m████[38;2;123;148;187m████[38;2;99;156;75m██[38;2;66;68;63m██[38;2;55;80;44m██[38;2;8;0;8m██[38;2;0;0;0m██████      
[38;2;0;0;0m  [38;2;0;4;8m██[38;2;123;156;195m██[38;2;231;74;47m██[38;2;123;148;187m██████████[38;2;0;0;0m██              
[38;2;0;0;0m██[38;2;82;105;133m██[38;2;123;156;195m██[38;2;123;148;187m██████[38;2;231;74;47m██[38;2;123;148;187m████[38;2;90;115;146m██[38;2;0;0;0m██            
[38;2;0;0;0m██[38;2;90;115;146m████[38;2;132;156;204m██[38;2;0;4;8m██[38;2;123;148;187m██████[38;2;90;115;146m████[38;2;0;0;0m██            
[38;2;0;0;0m██[38;2;66;66;66m██[38;2;90;115;146m██[38;2;88;105;139m████[38;2;90;115;146m██████████[38;2;0;0;0m██            
[38;2;0;0;0m  ██[38;2;90;115;146m██████[38;2;90;118;146m████[38;2;90;115;146m████[38;2;66;66;66m██[38;2;0;0;0m██            
[38;2;0;0;0m    ████[38;2;90;115;146m██[38;2;90;118;146m████[38;2;66;66;66m████[38;2;0;0;0m██              
[38;2;0;0;0m  ██[38;2;90;115;146m████[38;2;0;0;0m████[38;2;66;66;66m██[38;2;52;60;73m██[38;2;8;4;0m██[38;2;0;0;0m                
[38;2;0;0;0m    ████    ██[38;2;96;117;147m████[38;2;0;0;0m██              
[38;2;0;0;0m              ████                [0m
