
[38;2;0;0;0m        [38;2;49;49;49m██[38;2;198;198;198m██[38;2;0;0;0m      [38;2;40;40;40m    [38;2;0;0;0m                      
[38;2;0;0;0m        [38;2;49;49;49m██[38;2;157;157;157m██[38;2;0;3;0m  [38;2;0;0;0m  [38;2;162;162;162m██[38;2;189;189;189m████[38;2;121;121;121m██[38;2;0;0;0m  [38;2;121;122;121m  [38;2;162;162;162m████[38;2;81;81;81m  [38;2;0;0;0m          
[38;2;0;0;0m      [38;2;2;2;2m  [38;2;68;68;68m██[38;2;148;148;148m██[38;2;106;106;106m██[38;2;186;186;186m██[38;2;198;198;198m████[38;2;181;181;181m████[38;2;177;177;177m██[38;2;143;144;143m██[38;2;198;198;198m██[38;2;180;180;180m██[38;2;166;166;166m██[38;2;103;103;103m██[38;2;0;0;0m        
[38;2;0;0;0m    [38;2;45;45;45m  [38;2;93;93;93m██[38;2;174;174;174m██[38;2;178;178;178m██[38;2;147;142;147m██[38;2;110;111;110m██[38;2;113;116;113m██[38;2;153;153;153m██[38;2;136;136;136m██[38;2;181;181;181m██[38;2;197;197;197m██[38;2;105;108;105m██[38;2;183;183;183m██[38;2;133;133;133m██[38;2;198;198;198m████[38;2;90;90;90m  [38;2;0;0;0m      
[38;2;0;0;0m  [38;2;67;67;67m  [38;2;162;162;162m██[38;2;95;98;95m██[38;2;182;181;182m██[38;2;138;135;138m██[38;2;171;171;171m██[38;2;198;198;198m██[38;2;181;181;181m██[38;2;138;140;138m██[38;2;163;163;163m██[38;2;163;164;163m██[38;2;152;154;152m████[38;2;104;107;104m██[38;2;198;198;198m██[38;2;159;160;159m██[38;2;123;129;123m██[38;2;91;91;91m██[38;2;10;10;10m  [38;2;0;0;0m    
[38;2;0;0;0m  [38;2;148;148;148m██[38;2;198;198;198m████[38;2;73;78;73m██[38;2;166;167;166m██[38;2;198;198;198m████[38;2;198;195;198m██[38;2;102;102;102m██[38;2;143;146;143m██[38;2;123;129;123m██[38;2;131;131;131m████[38;2;78;85;78m██[38;2;99;106;99m██[38;2;107;113;107m██[38;2;131;131;131m██[38;2;120;123;120m██[38;2;166;167;166m██[38;2;99;99;99m██[38;2;0;0;0m  
[38;2;49;49;49m██[38;2;197;197;197m██[38;2;198;198;198m██████████[38;2;198;194;198m██[38;2;129;130;129m██[38;2;133;131;133m██[38;2;89;91;89m██[38;2;127;126;127m██[38;2;131;131;131m██[38;2;85;87;85m██[38;2;131;131;131m██████[38;2;108;108;108m██[38;2;106;110;106m██[38;2;166;166;166m██[38;2;163;163;163m██[38;2;42;42;42m██
[38;2;46;46;46m██[38;2;195;195;195m██[38;2;148;148;148m██[38;2;193;193;193m██[38;2;198;198;198m████[38;2;186;187;186m██[38;2;156;153;156m██[38;2;135;132;135m██[38;2;133;133;133m██[38;2;118;117;118m██[38;2;109;110;109m██[38;2;120;120;120m██[38;2;30;32;30m  [38;2;29;29;29m  [38;2;120;120;120m██[38;2;79;82;79m██[38;2;118;117;118m██[38;2;122;124;122m████[38;2;164;164;164m██[38;2;22;22;22m  
[38;2;7;7;7m  [38;2;95;95;95m██[38;2;148;148;148m██[38;2;120;123;120m██[38;2;177;177;177m██[38;2;82;84;82m██[38;2;189;190;189m██[38;2;238;238;238m██[38;2;147;146;147m██[38;2;148;148;148m██[38;2;131;131;131m██[38;2;33;33;33m██[38;2;0;0;0m        [38;2;131;131;131m████[38;2;107;113;107m██[38;2;123;125;123m██[38;2;90;92;90m██[38;2;0;0;0m  
[38;2;0;0;0m  [38;2;139;139;139m██[38;2;111;115;111m██[38;2;198;198;198m██[38;2;114;118;114m██[38;2;74;74;74m██[38;2;232;232;232m██[38;2;130;132;130m██[38;2;195;193;195m██[38;2;108;107;108m██[38;2;85;87;85m██[38;2;27;27;27m  [38;2;0;0;0m        [38;2;26;27;26m  [38;2;117;118;117m██[38;2;103;105;103m██[38;2;91;93;91m██[38;2;0;3;0m  [38;2;0;0;0m  
[38;2;36;36;36m  [38;2;134;134;134m██[38;2;185;185;185m██[38;2;162;162;162m██[38;2;129;129;129m██[38;2;169;169;169m██[38;2;179;179;179m██[38;2;193;188;193m██[38;2;136;134;136m██[38;2;90;91;90m██[38;2;27;27;27m  [38;2;0;0;0m          [38;2;23;24;23m  [38;2;109;109;109m██[38;2;116;117;116m██[38;2;111;116;111m██[38;2;108;107;108m  [38;2;0;0;0m  
[38;2;45;45;45m██[38;2;157;157;157m██[38;2;193;193;193m██[38;2;144;144;144m██[38;2;161;161;161m██[38;2;198;198;198m██[38;2;193;191;193m██[38;2;133;132;133m██[38;2;86;88;86m██[38;2;104;102;104m██[38;2;0;0;0m            [38;2;173;175;173m██[38;2;123;125;123m██[38;2;131;131;131m██[38;2;107;113;107m██[38;2;177;177;177m██[38;2;49;49;49m██
[38;2;6;6;6m  [38;2;154;154;154m██[38;2;181;181;181m██[38;2;131;131;131m██[38;2;198;198;198m██[38;2;157;157;157m██[38;2;130;127;130m██[38;2;76;79;76m██[38;2;97;97;97m██[38;2;6;6;6m  [38;2;0;0;0m          [38;2;121;122;121m  [38;2;119;120;119m██[38;2;110;115;110m██[38;2;125;126;125m██[38;2;120;123;120m██[38;2;123;124;123m██[38;2;29;29;29m██
[38;2;0;0;0m    [38;2;54;57;54m██[38;2;104;104;104m██[38;2;110;109;110m████[38;2;79;82;79m██[38;2;122;123;122m██[38;2;0;0;0m              [38;2;41;43;41m  [38;2;131;131;131m████[38;2;107;113;107m██[38;2;131;131;131m██[38;2;78;80;78m██[38;2;15;17;15m  
[38;2;0;0;0m      [38;2;5;5;5m  [38;2;126;126;126m████[38;2;128;128;128m██[38;2;42;42;42m██[38;2;0;0;0m              [38;2;0;2;0m  [38;2;86;88;86m██[38;2;131;129;131m██[38;2;99;100;99m██[38;2;42;42;42m██[38;2;0;0;0m    
[38;2;0;0;0m                            [38;2;14;14;14m  [38;2;136;136;136m██[38;2;147;148;147m██[38;2;96;98;96m██[38;2;96;96;96m██[38;2;15;15;15m  [38;2;0;0;0m    
[38;2;0;0;0m                            [38;2;49;49;49m██[38;2;148;148;148m██[38;2;173;175;173m██[38;2;123;125;123m██[38;2;131;131;131m██[38;2;33;33;33m██[38;2;0;0;0m    
[38;2;0;0;0m                            [38;2;80;82;80m██[38;2;135;138;135m██[38;2;120;125;120m██[38;2;120;122;120m██[38;2;96;96;96m██[38;2;15;15;15m  [38;2;0;0;0m    
[38;2;0;0;0m            [38;2;8;9;8m████[38;2;2;2;2m  [38;2;11;11;11m██[38;2;8;8;8m    [38;2;41;41;41m██[38;2;129;129;129m██[38;2;90;91;90m██[38;2;126;126;126m██[38;2;131;131;131m██[38;2;123;123;123m██[38;2;90;90;90m  [38;2;0;0;0m      
[38;2;0;0;0m            [38;2;99;107;99m██[38;2;83;89;83m██[38;2;74;80;74m██[38;2;126;126;126m██[38;2;98;100;98m██[38;2;110;110;110m██[38;2;127;127;127m██[38;2;118;120;118m██[38;2;126;126;126m██[38;2;47;49;47m██[38;2;48;48;48m██[38;2;12;12;12m  [38;2;0;0;0m        
[38;2;0;0;0m                [38;2;81;87;81m████[38;2;43;46;43m  [38;2;60;66;60m  [38;2;99;106;99m██[38;2;111;113;111m██[38;2;126;126;126m██[38;2;27;27;27m  [38;2;0;0;0m            
[38;2;0;0;0m                        [38;2;36;37;36m██[38;2;23;26;23m██[38;2;27;27;27m  [38;2;0;0;0m              [0m
