
[38;2;0;0;0m                [38;2;0;1;0m  [38;2;55;24;23m██[38;2;38;19;18m██[38;2;55;24;21m██[38;2;23;10;9m  [38;2;0;0;0m            
[38;2;0;0;0m            [38;2;0;2;0m  [38;2;54;64;100m  [38;2;109;67;89m██[38;2;166;66;72m██[38;2;205;82;85m██[38;2;105;77;112m██[38;2;72;65;101m██[38;2;61;58;90m██[38;2;61;26;23m  [38;2;0;2;0m  [38;2;0;0;0m      
[38;2;0;0;0m          [38;2;49;22;19m  [38;2;114;88;127m██[38;2;216;88;91m██[38;2;189;77;82m██[38;2;222;87;88m██[38;2;160;81;100m██[38;2;75;84;137m████[38;2;78;83;134m██[38;2;178;82;95m██[38;2;195;76;75m██[38;2;17;8;6m  [38;2;0;0;0m    
[38;2;0;0;0m      [38;2;0;2;0m  [38;2;107;97;58m██[38;2;203;82;82m██[38;2;222;86;86m██[38;2;111;77;112m██[38;2;142;98;95m██[38;2;111;64;71m██[38;2;222;86;86m██[38;2;182;82;97m████[38;2;187;83;96m██[38;2;222;86;88m████[38;2;179;74;80m██[38;2;0;9;18m  [38;2;0;0;0m  
[38;2;0;0;0m      [38;2;0;4;3m  [38;2;143;128;77m██[38;2;205;83;83m██[38;2;172;82;97m██[38;2;76;84;131m██[38;2;73;72;101m██[38;2;252;189;76m██[38;2;148;76;76m██[38;2;222;86;88m████████[38;2;222;86;89m██[38;2;217;87;95m██[38;2;76;46;63m██[38;2;0;1;0m  
[38;2;0;0;0m  [38;2;0;2;0m  [38;2;0;0;0m  [38;2;39;40;28m  [38;2;143;128;77m██[38;2;205;83;83m██[38;2;172;79;79m██[38;2;178;82;89m██[38;2;130;122;88m██[38;2;111;103;67m██[38;2;203;83;83m██[38;2;215;85;87m██[38;2;105;75;102m██[38;2;105;74;96m██[38;2;105;77;112m██[38;2;214;85;87m██[38;2;206;78;83m██[38;2;124;71;101m██[38;2;13;16;24m  
[38;2;37;35;16m  [38;2;179;156;80m██[38;2;78;55;43m██[38;2;75;69;65m██[38;2;145;128;74m██[38;2;170;79;79m██[38;2;100;88;87m██[38;2;68;67;67m██[38;2;225;196;70m██[38;2;66;66;66m██[38;2;183;81;81m██[38;2;111;102;67m██[38;2;189;167;69m██[38;2;107;100;73m██[38;2;71;80;125m██[38;2;87;74;115m██[38;2;181;73;80m██[38;2;184;77;85m██[38;2;27;21;27m██
[38;2;0;0;0m  [38;2;37;35;16m  [38;2;85;70;39m██[38;2;158;139;77m██[38;2;144;128;75m██[38;2;82;76;77m██[38;2;87;80;80m██[38;2;192;171;69m██[38;2;160;143;68m██[38;2;201;176;69m████[38;2;239;208;71m██[38;2;111;105;74m██[38;2;107;100;73m██[38;2;76;85;135m██[38;2;87;71;109m██[38;2;183;72;78m██[38;2;156;68;78m██[38;2;39;26;25m██
[38;2;0;0;0m      [38;2;119;104;51m  [38;2;126;115;76m██[38;2;121;102;103m██[38;2;117;102;88m██[38;2;225;203;89m██[38;2;201;177;67m██[38;2;201;176;69m██[38;2;87;87;86m██[38;2;88;71;86m██[38;2;71;79;118m██[38;2;75;84;137m██[38;2;84;76;120m██[38;2;163;71;82m██[38;2;160;67;77m██[38;2;141;60;68m██[38;2;20;15;11m  
[38;2;0;0;0m        [38;2;154;158;154m██[38;2;121;102;103m██[38;2;85;81;66m██[38;2;104;100;74m██[38;2;179;202;168m██[38;2;66;66;66m██[38;2;223;223;216m██[38;2;91;68;91m██[38;2;136;66;85m██[38;2;135;67;88m██[38;2;150;65;81m██[38;2;159;65;76m██[38;2;77;33;36m██[38;2;31;15;14m  [38;2;0;0;0m  
[38;2;0;0;0m      [38;2;0;2;0m  [38;2;167;191;176m██[38;2;144;71;74m██[38;2;176;123;128m██[38;2;192;236;220m██[38;2;200;215;207m██[38;2;131;103;105m██[38;2;200;198;192m██[38;2;72;68;67m██[38;2;105;66;70m██[38;2;138;65;72m██[38;2;43;20;20m  [38;2;0;3;0m  [38;2;0;0;0m      
[38;2;0;0;0m    [38;2;22;19;17m  [38;2;11;11;8m  [38;2;78;63;62m██[38;2;179;165;159m██[38;2;170;113;117m██[38;2;183;115;122m██[38;2;169;134;134m██[38;2;102;105;100m██[38;2;93;85;83m██[38;2;73;61;62m██[38;2;88;72;74m██[38;2;21;18;15m  [38;2;0;0;0m  [38;2;0;2;0m  [38;2;0;0;0m      
[38;2;0;0;0m    [38;2;45;37;36m██[38;2;94;72;73m██[38;2;44;35;35m  [38;2;0;3;0m  [38;2;148;149;142m██[38;2;54;55;54m██[38;2;76;69;69m██[38;2;81;70;70m██[38;2;95;76;76m██[38;2;70;56;59m  [38;2;40;34;34m  [38;2;65;51;51m██[38;2;22;21;18m██[38;2;117;97;97m██[38;2;0;1;0m  [38;2;0;0;0m    
[38;2;0;0;0m  [38;2;0;3;0m  [38;2;71;55;56m██[38;2;82;63;65m██[38;2;0;2;0m  [38;2;0;0;0m  [38;2;0;1;0m    [38;2;46;43;41m██[38;2;73;68;67m██[38;2;48;42;44m██[38;2;0;0;0m    [38;2;2;3;1m  [38;2;84;72;69m██[38;2;104;87;86m██[38;2;33;29;27m  [38;2;0;0;0m    
[38;2;0;0;0m    [38;2;0;2;0m    [38;2;0;0;0m    [38;2;13;12;10m  [38;2;0;0;0m  [38;2;7;9;9m  [38;2;98;77;82m██[38;2;82;72;70m██[38;2;0;3;0m  [38;2;0;0;0m    [38;2;0;2;0m  [38;2;134;110;111m██[38;2;128;106;106m██[38;2;0;3;0m  [38;2;0;0;0m  
[38;2;0;0;0m          [38;2;0;3;0m  [38;2;84;64;66m██[38;2;3;8;8m  [38;2;103;61;66m██[38;2;74;68;70m██[38;2;108;73;75m██[38;2;62;54;51m  [38;2;60;51;50m  [38;2;0;2;0m  [38;2;0;0;0m  [38;2;29;26;24m  [38;2;23;22;19m  [38;2;0;0;0m    
[38;2;0;0;0m            [38;2;59;40;41m██[38;2;97;77;80m██[38;2;69;62;63m██[38;2;119;50;57m██[38;2;52;37;37m  [38;2;99;84;81m██[38;2;123;102;102m██[38;2;20;21;18m  [38;2;0;0;0m          
[38;2;0;0;0m          [38;2;0;3;0m  [38;2;109;65;70m██[38;2;76;68;68m██[38;2;57;49;46m██[38;2;0;0;0m  [38;2;0;2;0m  [38;2;106;88;88m██[38;2;107;93;94m██[38;2;72;68;68m██[38;2;25;22;20m  [38;2;0;0;0m        
[38;2;0;0;0m            [38;2;59;54;26m  [38;2;186;162;83m██[38;2;0;2;0m  [38;2;0;0;0m  [38;2;0;1;0m  [38;2;107;67;71m██[38;2;160;77;78m██[38;2;206;118;78m██[38;2;40;27;23m██[38;2;0;0;0m        
[38;2;0;0;0m            [38;2;0;1;0m  [38;2;179;156;80m██[38;2;0;2;0m  [38;2;0;0;0m    [38;2;2;7;7m  [38;2;155;112;55m██[38;2;211;176;81m██[38;2;88;71;29m██[38;2;0;0;0m        
[38;2;0;0;0m              [38;2;0;2;0m  [38;2;0;0;0m        [38;2;107;94;30m  [38;2;184;159;71m██[38;2;0;1;0m  [38;2;0;0;0m        
[38;2;0;0;0m                          [38;2;55;50;15m  [38;2;0;0;0m          [0m
