
[38;2;0;0;0m              ████            
[38;2;0;0;0m            ██[38;2;156;132;92m██[38;2;255;247;199m██[38;2;0;0;0m████        
[38;2;0;0;0m        ████[38;2;255;247;199m██[38;2;156;132;92m██[38;2;255;247;199m██[38;2;156;132;92m██[38;2;255;247;199m██[38;2;0;0;0m██      
[38;2;0;0;0m      ██[38;2;132;126;105m██[38;2;198;189;158m██[38;2;255;247;199m██[38;2;205;189;145m██[38;2;255;247;199m██████[38;2;0;0;0m██      
[38;2;0;0;0m    ██[38;2;115;115;115m██[38;2;255;247;199m██[38;2;156;132;92m██[38;2;255;247;199m████████████[38;2;0;0;0m████  
[38;2;0;0;0m    ████[38;2;255;247;199m██████████████[38;2;66;66;66m██[38;2;115;115;115m████[38;2;0;0;0m██
[38;2;0;0;0m    ██[38;2;247;247;207m██[38;2;255;247;199m████████[38;2;255;255;199m████[38;2;255;247;199m████[38;2;66;66;66m██[38;2;115;115;115m██[38;2;0;0;0m██
[38;2;0;0;0m  ████[38;2;123;123;103m██[38;2;255;247;199m████████[38;2;192;193;155m██[38;2;66;70;66m██[38;2;115;115;115m██[38;2;255;247;199m██[38;2;66;66;66m████[38;2;0;0;0m██
[38;2;0;0;0m██[38;2;206;198;150m██[38;2;82;82;66m██[38;2;247;247;199m██[38;2;255;247;199m████[38;2;82;82;66m██[38;2;0;0;0m██[38;2;255;255;255m██[38;2;66;66;66m████[38;2;206;198;150m██[38;2;214;198;150m██[38;2;0;0;0m██  
[38;2;0;0;0m  ████[38;2;82;82;66m██[38;2;66;66;66m██[38;2;255;247;199m██[38;2;247;247;199m██[38;2;0;0;0m██[38;2;255;255;255m██[38;2;66;66;66m████[38;2;206;198;150m██[38;2;143;132;100m██[38;2;0;0;0m██  
[38;2;0;0;0m      ██[38;2;214;181;142m████[38;2;214;198;150m████[38;2;66;66;66m████[38;2;214;198;142m██[38;2;143;132;103m██[38;2;255;247;199m████[38;2;0;0;0m██
[38;2;0;0;0m    ████[38;2;33;99;41m██[38;2;214;181;142m██[38;2;192;162;123m██[38;2;170;126;95m██[38;2;206;198;150m████[38;2;71;66;63m████[38;2;0;0;0m████  
[38;2;0;0;0m  ██[38;2;16;189;40m████[38;2;0;0;0m████[38;2;66;66;66m██████████[38;2;0;0;0m██      
[38;2;0;0;0m  ██████  ██[38;2;66;66;66m████[38;2;115;115;115m██[38;2;66;66;66m██████[38;2;0;0;0m██    
[38;2;0;0;0m        ██[38;2;57;59;57m██[38;2;115;115;115m██[38;2;66;66;66m██[38;2;115;115;115m██[38;2;0;0;0m██[38;2;66;66;66m██████[38;2;0;0;0m██  
[38;2;0;0;0m        ██[38;2;115;119;115m██[38;2;115;115;115m████████[38;2;0;0;0m██[38;2;66;66;66m████[38;2;0;0;0m██  
[38;2;0;0;0m        ██[38;2;66;66;66m████[38;2;0;0;0m████[38;2;115;115;115m██[38;2;118;122;118m██[38;2;8;4;8m██[38;2;0;0;0m██    
[38;2;0;0;0m          ████    ██[38;2;63;63;63m████[38;2;0;0;0m██    
[38;2;0;0;0m                    ████      [0m
