
[38;2;0;0;0m                        ██      ██████                            
[38;2;0;0;0m                      ██[38;2;247;247;239m██[38;2;8;8;8m██[38;2;0;0;0m████[38;2;247;247;239m████[38;2;0;0;0m██                            
[38;2;0;0;0m                    ██[38;2;247;247;239m████[38;2;88;88;85m██[38;2;247;247;239m██████[38;2;185;185;169m██[38;2;66;66;66m██[38;2;0;0;0m██                          
[38;2;0;0;0m                ████[38;2;74;74;66m██[38;2;247;247;239m██[38;2;244;247;236m████████[38;2;247;247;239m████[38;2;247;247;231m████[38;2;0;0;0m████                      
[38;2;0;0;0m              ██[38;2;70;70;74m████[38;2;160;160;152m██[38;2;247;247;239m██[38;2;244;247;236m████████[38;2;66;66;66m██████[38;2;187;187;176m██[38;2;247;247;239m████[38;2;0;0;0m██                    
[38;2;0;0;0m              ██[38;2;66;66;66m██[38;2;247;247;239m██[38;2;244;247;236m████████[38;2;247;247;239m██[38;2;66;66;66m██[38;2;96;96;104m██████[38;2;66;66;66m██[38;2;181;181;173m██[38;2;90;90;90m██[38;2;0;0;0m██                    
[38;2;0;0;0m  ██          ██[38;2;66;66;66m██[38;2;247;247;239m██[38;2;244;247;236m████████[38;2;247;247;239m████[38;2;66;66;66m██[38;2;96;96;104m████[38;2;66;66;66m██[38;2;181;181;173m██[38;2;0;0;8m██[38;2;0;0;0m                      
[38;2;0;0;0m██[38;2;16;189;40m██[38;2;0;0;0m██          ██[38;2;247;247;239m██████[38;2;244;247;236m████████[38;2;247;247;239m██[38;2;74;74;82m██[38;2;104;104;102m██[38;2;66;66;66m██[38;2;187;181;171m██[38;2;66;66;66m██[38;2;0;0;0m████                  
[38;2;0;0;0m██[38;2;16;189;40m████[38;2;0;0;0m██        ██[38;2;165;165;159m██[38;2;247;247;239m██[38;2;173;175;157m██[38;2;244;247;236m████████[38;2;247;247;239m██[38;2;132;132;134m██[38;2;66;66;66m██[38;2;181;181;173m██[38;2;187;181;171m██[38;2;66;66;66m██[38;2;66;66;71m██[38;2;99;99;107m██[38;2;0;0;0m████              
[38;2;0;0;0m  ██[38;2;16;189;40m██[38;2;0;0;0m██      ██[38;2;247;247;239m██████[38;2;173;175;157m██[38;2;255;255;239m██[38;2;170;170;159m██[38;2;80;80;77m████[38;2;244;247;236m████[38;2;247;247;231m██[38;2;187;187;176m██[38;2;187;181;171m████[38;2;66;66;66m████[38;2;94;94;106m████[38;2;0;0;0m██            
[38;2;0;0;0m    ██[38;2;16;189;40m██[38;2;0;0;0m██    ██[38;2;66;66;66m████[38;2;247;247;239m████[38;2;85;85;80m██[38;2;0;0;0m████[38;2;239;239;231m██[38;2;244;247;236m████[38;2;187;187;176m██[38;2;66;66;66m██[38;2;187;181;171m██[38;2;66;66;66m██[38;2;96;96;104m████[38;2;94;94;106m██[38;2;0;0;0m██              
[38;2;0;0;0m  ██[38;2;16;189;40m██[38;2;0;0;0m██  ██  ██[38;2;80;80;77m████[38;2;66;66;66m██[38;2;247;247;239m██[38;2;244;247;236m████[38;2;247;247;239m████[38;2;66;66;66m██[38;2;247;247;239m██[38;2;66;66;66m██[38;2;96;96;104m██[38;2;66;66;66m██[38;2;96;96;104m██[38;2;94;94;106m████[38;2;0;0;0m██                
[38;2;0;0;0m    ██      ██[38;2;94;94;106m██[38;2;0;0;0m██[38;2;239;239;231m██[38;2;247;247;239m████[38;2;244;247;236m████[38;2;247;247;239m██[38;2;66;66;66m██[38;2;126;126;124m██[38;2;66;66;66m██[38;2;96;96;104m████████[38;2;94;94;106m██[38;2;0;0;0m██                  
[38;2;0;0;0m              ██[38;2;96;96;104m██[38;2;66;66;66m████████[38;2;187;181;171m██[38;2;66;66;66m██[38;2;132;132;137m██[38;2;94;96;106m██████[38;2;132;132;140m██[38;2;94;96;106m██[38;2;132;132;140m██[38;2;132;132;137m██[38;2;66;66;66m██[38;2;0;0;0m██                
[38;2;0;0;0m  ██████    ██[38;2;94;94;106m██[38;2;96;96;104m████[38;2;66;66;66m██[38;2;187;181;171m████[38;2;66;66;66m██[38;2;132;132;137m████[38;2;94;96;106m██[38;2;132;132;140m██████████[38;2;132;132;137m████[38;2;132;132;140m██[38;2;0;0;0m██              
[38;2;0;0;0m██[38;2;94;94;106m██[38;2;96;96;104m████[38;2;0;0;0m██    ██[38;2;132;132;137m██[38;2;99;99;102m██[38;2;132;132;137m██[38;2;66;66;66m████[38;2;132;132;137m██[38;2;132;132;140m██[38;2;94;96;106m██[38;2;132;132;137m██████████[38;2;66;66;66m██[38;2;132;132;137m██[38;2;66;66;66m██[38;2;132;132;137m████[38;2;0;0;0m██            
[38;2;0;0;0m██[38;2;94;94;106m██[38;2;66;66;66m██████[38;2;0;0;0m████[38;2;94;94;106m██[38;2;66;66;66m██[38;2;132;132;137m████[38;2;99;99;102m██[38;2;132;132;137m████[38;2;132;132;140m████[38;2;132;132;137m██[38;2;66;66;66m████████[38;2;132;132;137m██[38;2;66;66;66m██[38;2;132;132;137m██[38;2;66;66;66m██[38;2;132;132;137m██[38;2;132;132;140m██[38;2;0;0;0m██          
[38;2;0;0;0m██[38;2;94;94;106m██[38;2;96;96;104m████[38;2;66;66;66m██[38;2;96;96;104m████[38;2;66;66;66m██[38;2;132;132;137m████[38;2;82;82;82m██[38;2;137;137;134m██[38;2;132;132;137m████████[38;2;66;66;66m██[38;2;96;96;104m████████[38;2;66;66;66m██[38;2;132;132;137m████[38;2;66;66;66m██[38;2;132;132;137m████[38;2;0;0;0m██          
[38;2;0;0;0m  ██[38;2;96;96;104m██[38;2;66;66;66m████[38;2;96;96;104m████[38;2;66;66;66m██[38;2;132;132;137m██[38;2;66;66;66m██[38;2;247;247;239m██[38;2;82;82;82m██[38;2;66;66;66m██[38;2;132;132;137m████[38;2;66;66;66m██[38;2;96;96;104m████[38;2;66;66;66m████[38;2;96;96;104m████[38;2;66;66;66m██[38;2;132;132;137m██[38;2;99;99;102m██[38;2;66;66;66m██[38;2;132;132;137m████[38;2;0;0;0m██        
[38;2;0;0;0m  ██[38;2;99;99;107m████[38;2;90;94;106m██[38;2;66;66;66m████[38;2;187;187;176m██[38;2;66;66;66m██[38;2;247;247;239m████[38;2;66;66;66m██[38;2;247;247;239m██[38;2;66;66;66m██[38;2;126;126;124m██[38;2;66;66;66m██[38;2;96;96;104m██[38;2;66;66;66m██[38;2;96;96;104m████████[38;2;66;66;66m██[38;2;132;132;137m██████[38;2;66;66;66m██[38;2;132;132;137m██[38;2;0;0;0m██        
[38;2;0;0;0m    ██[38;2;66;66;71m██[38;2;66;66;66m██[38;2;74;75;79m██[38;2;66;66;66m██[38;2;247;247;231m██[38;2;247;247;239m████████████[38;2;66;66;66m██[38;2;247;247;239m██[38;2;66;66;66m██[38;2;96;96;104m████[38;2;66;66;66m████[38;2;96;96;104m██[38;2;99;99;102m██[38;2;66;66;66m██[38;2;132;132;137m██[38;2;66;66;66m██[38;2;132;132;137m████[38;2;0;0;0m██        
[38;2;0;0;0m      ██[38;2;94;94;106m██[38;2;0;0;0m████[38;2;247;247;239m██[38;2;244;247;236m████████████[38;2;247;247;239m████[38;2;66;66;66m██[38;2;104;104;102m██[38;2;66;66;66m██[38;2;96;96;104m██████[38;2;99;99;102m██[38;2;66;66;66m██[38;2;132;132;137m██[38;2;66;66;66m██[38;2;132;132;137m██[38;2;0;0;0m██          
[38;2;0;0;0m        ██    ██[38;2;244;247;236m████████████[38;2;247;247;239m██[38;2;185;185;169m██[38;2;181;181;173m██[38;2;66;66;66m████[38;2;96;96;104m████[38;2;66;66;66m████[38;2;132;132;137m██████[38;2;66;66;69m██[38;2;0;0;0m██          
[38;2;0;0;0m              ██[38;2;187;181;171m████[38;2;247;247;239m██████[38;2;185;185;169m██[38;2;184;181;168m████[38;2;187;181;171m████[38;2;181;181;173m██[38;2;66;66;66m██████[38;2;132;132;137m████[38;2;99;99;102m██[38;2;66;66;66m██[38;2;94;96;106m████[38;2;0;0;0m██        
[38;2;0;0;0m            ██[38;2;94;94;106m██[38;2;66;66;66m██[38;2;187;181;171m██[38;2;185;185;169m████████[38;2;184;181;168m████[38;2;66;66;66m██[38;2;187;181;171m██[38;2;66;66;66m██[38;2;143;143;137m██[38;2;132;132;137m████[38;2;66;66;66m██[38;2;132;132;137m██[38;2;66;66;66m██[38;2;132;132;137m██[38;2;132;132;140m██[38;2;94;96;106m██[38;2;0;0;0m██        
[38;2;0;0;0m            ██[38;2;94;94;106m██[38;2;96;96;104m██[38;2;66;66;66m██[38;2;66;70;74m██[38;2;181;183;168m██[38;2;187;181;171m████[38;2;181;181;173m██[38;2;66;66;66m██[38;2;99;99;104m██[38;2;66;66;69m██[38;2;132;132;137m████████[38;2;99;99;102m██[38;2;66;66;66m██[38;2;70;70;78m████[38;2;132;132;137m████[38;2;88;88;93m██[38;2;0;0;0m██      
[38;2;0;0;0m          ██[38;2;94;94;106m████[38;2;96;96;104m████[38;2;66;70;74m████[38;2;66;66;66m██████[38;2;104;104;102m██[38;2;99;99;104m██[38;2;132;132;140m██[38;2;132;132;137m██████████[38;2;66;66;66m██[38;2;0;0;0m██[38;2;70;70;78m██[38;2;66;66;66m████[38;2;132;132;140m████[38;2;0;0;0m████  
[38;2;0;0;0m          ██[38;2;99;99;107m████[38;2;90;94;106m██[38;2;74;75;79m██[38;2;70;70;78m████[38;2;0;0;0m████████[38;2;66;66;71m██[38;2;99;99;107m██[38;2;132;132;137m██████████[38;2;0;0;0m██  ████[38;2;74;74;86m██[38;2;69;69;71m████[38;2;132;132;137m████[38;2;0;0;0m██
[38;2;0;0;0m            ██[38;2;66;66;71m██[38;2;66;66;66m██[38;2;74;75;79m██[38;2;70;70;78m██[38;2;0;0;0m██        ██[38;2;99;99;107m██[38;2;132;132;137m██████████[38;2;66;66;69m██[38;2;0;0;0m██    ██[38;2;69;69;71m██[38;2;0;0;0m██[38;2;132;132;137m██[38;2;0;0;0m██  
[38;2;0;0;0m          ██[38;2;99;99;107m██[38;2;66;66;71m██[38;2;94;94;106m██[38;2;0;0;0m████            ██[38;2;66;66;69m██[38;2;132;132;137m██████[38;2;66;66;66m████[38;2;0;0;0m██      ██  ██    
[38;2;0;0;0m            ██████                  ██[38;2;66;66;69m██[38;2;66;66;66m██[38;2;99;99;102m██[38;2;66;66;66m██████[38;2;0;0;0m██              
[38;2;0;0;0m                                      ██[38;2;99;99;107m██[38;2;66;66;71m██[38;2;99;99;107m██[38;2;66;66;71m██[38;2;0;0;0m██                [0m
