
[38;2;0;0;0m                        ██████████                                  
[38;2;0;0;0m                    ████[38;2;107;173;203m██████████[38;2;0;0;0m████                              
[38;2;0;0;0m                  ██[38;2;107;176;203m████████████[38;2;107;173;203m████[38;2;107;189;227m██[38;2;0;8;8m██[38;2;0;0;0m██                          
[38;2;0;0;0m                ██[38;2;66;140;170m██[38;2;107;176;203m████████████[38;2;107;173;203m██[38;2;65;140;169m██[38;2;71;129;154m████[38;2;66;140;170m██[38;2;0;0;0m██                        
[38;2;0;0;0m                ██[38;2;181;181;181m██[38;2;65;140;169m██[38;2;107;173;203m██[38;2;107;176;203m████[38;2;120;178;198m██[38;2;57;140;169m██[38;2;66;140;170m██[38;2;255;255;255m████████[38;2;66;140;170m██[38;2;0;0;0m██                      
[38;2;0;0;0m                  ██[38;2;65;140;169m██[38;2;107;173;203m██[38;2;107;176;203m████[38;2;57;140;169m██[38;2;247;255;255m██[38;2;255;255;255m████████████[38;2;0;0;0m██                      
[38;2;0;0;0m                    [38;2;8;0;0m██[38;2;115;173;203m██[38;2;120;178;198m██[38;2;57;140;169m██[38;2;255;255;255m██[38;2;170;170;170m██████[38;2;255;255;255m██████[38;2;0;0;0m██                        
[38;2;0;0;0m                    [38;2;8;0;0m██[38;2;44;58;68m██[38;2;57;140;169m██[38;2;247;255;255m██[38;2;170;170;170m██[38;2;0;0;0m████[38;2;255;255;255m██[38;2;168;170;168m██[38;2;255;255;255m██[38;2;0;0;0m██                          
[38;2;0;0;0m                ████[38;2;66;66;66m██[38;2;255;231;71m██[38;2;74;70;50m██[38;2;255;255;199m██[38;2;154;161;159m██[38;2;231;239;239m██[38;2;239;247;239m████[38;2;170;170;170m██[38;2;255;255;255m██[38;2;0;0;0m██                          
[38;2;0;0;0m            ████[38;2;255;231;71m████████[38;2;195;193;149m██[38;2;74;70;50m██[38;2;231;239;239m██[38;2;0;4;0m██[38;2;0;0;0m██[38;2;239;247;239m██[38;2;255;255;255m██[38;2;0;0;0m██                            
[38;2;0;0;0m      ██████[38;2;255;231;71m██[38;2;255;247;151m██[38;2;255;243;147m████[38;2;255;231;71m████[38;2;205;156;101m██[38;2;255;231;71m██[38;2;66;66;66m████[38;2;192;193;192m██[38;2;255;255;255m██[38;2;206;214;214m██[38;2;0;0;0m██                            
[38;2;0;0;0m    ██[38;2;255;231;71m██████[38;2;255;247;151m████[38;2;255;243;147m██[38;2;255;231;71m██████████████[38;2;66;70;66m████[38;2;206;214;214m████[38;2;0;0;0m██                          
[38;2;0;0;0m  ██[38;2;255;231;79m████[38;2;255;231;71m████████████████████████████[38;2;66;66;66m████[38;2;206;214;214m██[38;2;0;0;0m████    ████              
[38;2;0;0;0m    [38;2;0;0;16m██[38;2;85;77;37m██[38;2;66;66;66m████[38;2;255;231;71m████████████████████[38;2;66;66;66m████[38;2;255;231;71m████[38;2;69;71;71m██[38;2;206;214;214m████[38;2;0;0;0m████[38;2;255;255;255m████[38;2;0;0;0m██            
[38;2;0;0;0m  ██[38;2;255;231;71m████████[38;2;66;66;66m████████████████████[38;2;255;231;71m████████[38;2;66;66;66m██[38;2;206;214;214m██████[38;2;206;217;214m████[38;2;231;239;239m██[38;2;0;0;0m██            
[38;2;0;0;0m  ██[38;2;255;231;71m████████████████████████████████████[38;2;66;66;66m██[38;2;206;214;214m████[38;2;66;66;66m██[38;2;206;217;214m████[38;2;231;239;239m██[38;2;0;0;0m██            
[38;2;0;0;0m  ██[38;2;255;231;71m████████████████████████████████████[38;2;66;66;66m██[38;2;255;255;255m██[38;2;206;214;214m██[38;2;66;66;66m██[38;2;206;214;214m████[38;2;0;0;0m██              
[38;2;0;0;0m    ██[38;2;255;231;71m████████████████████████████████[38;2;66;66;66m██[38;2;255;255;255m████[38;2;206;214;214m████[38;2;66;66;66m██[38;2;206;214;214m██[38;2;0;0;0m██              
[38;2;0;0;0m    ██[38;2;255;231;71m██████████████████████████████[38;2;255;222;87m██[38;2;66;66;66m██[38;2;255;255;255m██████[38;2;205;214;213m██[38;2;206;214;214m██[38;2;0;0;0m██                
[38;2;0;0;0m      ██[38;2;255;231;71m████████████████████████████[38;2;66;66;66m██[38;2;192;170;80m██[38;2;66;66;66m██[38;2;255;255;255m████[38;2;205;214;213m██[38;2;206;214;214m████[38;2;0;0;0m████            
[38;2;0;0;0m        [38;2;8;0;0m██[38;2;38;71;84m██[38;2;255;231;79m████[38;2;255;231;71m██████████████████[38;2;205;156;101m██[38;2;206;156;102m████[38;2;74;66;58m██[38;2;255;255;231m██[38;2;255;255;255m████[38;2;206;214;214m████████[38;2;0;0;0m██████      
[38;2;0;0;0m      ██[38;2;69;143;167m████[38;2;66;61;74m██[38;2;192;174;77m██[38;2;255;231;71m████████████[38;2;205;156;101m██[38;2;255;231;71m██[38;2;205;156;101m████[38;2;206;156;102m████[38;2;164;160;144m██[38;2;74;66;58m██[38;2;255;255;255m██████[38;2;206;214;214m████[38;2;66;66;66m██[38;2;66;140;170m██████[38;2;0;0;0m████  
[38;2;0;0;0m  ████[38;2;66;140;170m██████[38;2;69;143;167m██[38;2;38;71;84m██[38;2;0;0;0m██[38;2;206;156;102m██[38;2;255;231;87m██[38;2;173;154;63m██[38;2;255;231;71m██[38;2;205;156;101m██[38;2;255;231;71m██[38;2;205;156;101m██[38;2;206;156;102m████████[38;2;0;0;0m████[38;2;255;255;255m██████[38;2;41;107;129m██[38;2;107;173;203m████[38;2;66;66;66m██████[38;2;88;137;163m██[38;2;66;140;170m██[38;2;0;0;0m██
[38;2;0;0;0m██[38;2;66;140;170m██████████[38;2;69;143;167m██[38;2;8;0;0m██[38;2;0;0;0m  ██[38;2;8;0;16m██[38;2;255;231;87m██[38;2;205;156;101m██[38;2;255;231;71m██[38;2;205;156;101m████[38;2;206;156;102m██[38;2;0;0;0m██████    ██[38;2;255;255;255m██[38;2;41;107;129m████[38;2;41;107;132m██[38;2;107;173;203m██████[38;2;99;173;211m██[38;2;66;66;66m██[38;2;66;140;170m██[38;2;0;0;0m██
[38;2;0;0;0m██[38;2;66;140;170m████████[38;2;0;0;0m████        ████████████          ██[38;2;66;66;66m██[38;2;107;176;203m████[38;2;107;173;203m██[38;2;41;107;132m██████[38;2;107;173;203m████[38;2;66;66;66m██[38;2;0;0;0m██
[38;2;0;0;0m  ████████                                    ██[38;2;107;176;203m████[38;2;107;173;203m████████[38;2;41;107;132m██[38;2;107;173;203m██[38;2;0;0;0m██  
[38;2;0;0;0m                                                ████[38;2;107;173;203m████████[38;2;0;0;0m████    [0m
