
[38;2;0;0;0m                                    [38;2;69;64;49m██[38;2;69;64;48m██[38;2;0;0;0m        
[38;2;0;0;0m                                  [38;2;207;194;148m██[38;2;255;239;182m██[38;2;255;239;179m██[38;2;207;194;148m██[38;2;73;68;52m  [38;2;0;0;0m    
[38;2;0;0;0m                                [38;2;84;79;60m  [38;2;255;239;183m██[38;2;227;208;151m██[38;2;205;184;126m██[38;2;230;212;155m██[38;2;255;239;183m██[38;2;0;0;0m    
[38;2;0;0;0m                                [38;2;239;224;171m██[38;2;255;239;181m██[38;2;247;230;171m██[38;2;255;239;180m██[38;2;179;166;115m██[38;2;218;205;153m██[38;2;139;131;102m  [38;2;0;0;0m  
[38;2;0;0;0m                                [38;2;64;69;71m  [38;2;224;214;172m██[38;2;255;239;181m██[38;2;192;180;136m██[38;2;4;4;3m  [38;2;140;132;102m██[38;2;170;161;126m██[38;2;22;21;16m  
[38;2;0;0;0m                                  [38;2;3;3;3m██[38;2;5;4;3m██[38;2;2;2;1m  [38;2;0;0;0m  [38;2;2;2;1m  [38;2;189;181;141m██[38;2;51;49;38m██
[38;2;0;0;0m        [38;2;86;75;52m██[38;2;102;95;81m██[38;2;0;0;0m          [38;2;12;10;6m  [38;2;53;44;26m██[38;2;0;0;0m                  [38;2;189;181;141m██[38;2;51;49;38m██
[38;2;0;0;0m        [38;2;98;82;49m██[38;2;66;66;65m██[38;2;96;92;72m██[38;2;11;10;8m  [38;2;0;0;0m    [38;2;72;60;36m██[38;2;99;84;51m██[38;2;101;85;51m██[38;2;70;59;35m██[38;2;0;0;0m              [38;2;164;154;118m██[38;2;159;147;118m██[38;2;0;0;0m  
[38;2;0;0;0m        [38;2;37;34;24m██[38;2;71;70;61m██[38;2;154;147;120m██[38;2;224;211;161m██[38;2;154;144;109m██[38;2;53;51;38m██[38;2;87;79;56m██[38;2;132;118;82m██[38;2;143;125;79m██[38;2;68;59;35m██[38;2;0;0;0m              [38;2;164;154;118m██[38;2;207;194;148m██[38;2;0;0;0m  
[38;2;0;0;0m        [38;2;132;125;99m██[38;2;103;81;62m██[38;2;174;164;132m██[38;2;253;237;179m██[38;2;134;129;99m██[38;2;72;72;58m██[38;2;128;114;75m██[38;2;163;143;90m██[38;2;167;146;90m██[38;2;58;50;29m  [38;2;0;0;0m            [38;2;59;56;42m██[38;2;255;239;183m██[38;2;0;0;0m    
[38;2;0;0;0m        [38;2;255;200;159m██[38;2;255;103;72m██[38;2;209;173;139m██[38;2;243;228;175m██[38;2;70;70;61m██[38;2;198;187;144m██[38;2;195;184;146m██[38;2;73;72;68m██[38;2;47;42;29m██[38;2;0;0;0m            [38;2;66;60;35m  [38;2;207;186;129m██[38;2;141;132;101m██[38;2;0;0;0m    
[38;2;39;37;29m  [38;2;145;139;108m██[38;2;43;41;32m██[38;2;194;182;143m██[38;2;240;219;170m██[38;2;171;107;95m██[38;2;231;216;168m██[38;2;255;239;179m██[38;2;255;239;181m██[38;2;211;199;156m████[38;2;207;195;153m██[38;2;21;21;19m██[38;2;0;0;0m        [38;2;152;143;108m██[38;2;255;239;179m████[38;2;169;158;110m██[38;2;0;0;0m      
[38;2;0;0;0m    [38;2;61;60;51m██[38;2;199;199;191m██[38;2;196;158;121m██[38;2;253;239;180m██[38;2;255;239;180m██[38;2;245;236;199m██[38;2;135;99;81m██[38;2;211;211;206m██[38;2;159;154;131m██[38;2;192;181;144m██[38;2;94;89;69m██[38;2;0;0;0m  [38;2;167;157;120m  [38;2;196;184;138m████[38;2;255;239;180m██[38;2;255;239;179m████[38;2;248;233;173m██[38;2;69;65;49m  [38;2;0;0;0m    
[38;2;15;15;11m  [38;2;59;56;44m██[38;2;123;115;97m██[38;2;244;241;225m██[38;2;194;162;133m██[38;2;255;239;179m██[38;2;224;210;161m██[38;2;104;101;86m██[38;2;199;161;148m██[38;2;255;255;250m██[38;2;186;181;149m██[38;2;105;101;90m██[38;2;175;165;133m██[38;2;195;184;146m██[38;2;146;137;106m██[38;2;255;239;179m████████████[38;2;141;132;100m██[38;2;0;0;0m    
[38;2;7;8;7m  [38;2;71;70;57m██[38;2;115;111;96m██[38;2;133;99;93m██[38;2;242;228;187m██[38;2;255;239;179m██[38;2;240;225;174m██[38;2;162;154;112m██[38;2;195;140;142m██[38;2;242;241;235m██[38;2;179;174;137m██[38;2;84;82;77m██[38;2;153;145;119m██[38;2;190;179;143m██[38;2;250;235;180m██[38;2;255;239;179m████████████[38;2;255;239;181m██[38;2;0;0;0m    
[38;2;30;29;23m  [38;2;114;109;85m██[38;2;73;70;55m  [38;2;0;0;0m  [38;2;123;114;92m██[38;2;99;86;75m██[38;2;191;182;145m██[38;2;184;177;131m██[38;2;151;145;116m██[38;2;165;155;116m██[38;2;176;166;134m██[38;2;142;135;113m██[38;2;141;134;112m██[38;2;140;134;112m██[38;2;174;165;133m██[38;2;255;239;179m██[38;2;255;239;182m██[38;2;230;214;167m██[38;2;255;239;182m██[38;2;255;239;179m████[38;2;189;177;135m██[38;2;0;0;0m    
[38;2;0;0;0m        [38;2;5;4;3m  [38;2;6;5;4m██[38;2;139;133;118m██[38;2;105;100;89m██[38;2;116;113;103m██[38;2;89;87;80m██[38;2;108;104;92m██[38;2;197;186;147m██[38;2;115;111;96m██[38;2;77;76;73m██[38;2;219;206;160m██[38;2;255;239;182m██[38;2;196;188;146m██[38;2;193;180;138m██[38;2;111;102;76m██[38;2;255;239;179m████[38;2;90;84;63m██[38;2;0;0;0m    
[38;2;0;0;0m            [38;2;0;0;4m    [38;2;20;20;22m  [38;2;113;106;84m██[38;2;190;181;142m██[38;2;126;121;101m██[38;2;155;148;121m██[38;2;161;153;124m██[38;2;240;225;172m██[38;2;193;184;142m██[38;2;6;5;4m  [38;2;0;0;0m  [38;2;2;2;1m  [38;2;183;173;131m██[38;2;255;239;181m██[38;2;235;221;169m██[38;2;74;70;54m  [38;2;0;0;0m  
[38;2;0;0;0m                    [38;2;127;121;94m  [38;2;192;181;141m██[38;2;189;179;142m██[38;2;255;239;182m██[38;2;255;239;179m██[38;2;100;99;75m  [38;2;0;0;0m        [38;2;192;178;143m██[38;2;191;179;142m██[38;2;152;143;112m  [38;2;0;0;0m  
[38;2;0;0;0m                      [38;2;192;181;141m██[38;2;149;142;117m██[38;2;181;172;136m██[38;2;255;239;179m██[38;2;0;0;0m        [38;2;59;57;44m  [38;2;192;181;141m██[38;2;190;181;141m██[38;2;0;0;0m    
[38;2;0;0;0m                    [38;2;13;12;10m  [38;2;188;178;142m██[38;2;178;169;135m██[38;2;138;132;110m██[38;2;255;239;179m██[38;2;154;144;110m██[38;2;0;0;0m    [38;2;186;178;139m██[38;2;136;130;109m██[38;2;79;77;74m██[38;2;177;168;132m██[38;2;0;0;0m    
[38;2;0;0;0m                  [38;2;18;17;13m  [38;2;170;160;127m██[38;2;100;97;87m██[38;2;160;152;124m██[38;2;255;239;182m██[38;2;255;239;181m██[38;2;54;51;39m  [38;2;0;0;0m    [38;2;66;63;49m██[38;2;48;46;38m██[38;2;28;27;26m██[38;2;24;22;18m  [38;2;0;0;0m    
[38;2;0;0;0m                  [38;2;7;7;7m  [38;2;124;117;97m██[38;2;99;96;83m██[38;2;111;107;92m██[38;2;194;184;146m██[38;2;186;175;136m██[38;2;0;0;0m                  
[38;2;0;0;0m                      [38;2;15;14;11m  [38;2;32;31;24m██[38;2;51;50;39m██[38;2;2;2;2m  [38;2;0;0;0m                  [0m
