
[38;2;0;0;0m          [38;2;49;49;49m████[38;2;0;0;0m                                          
[38;2;0;0;0m        [38;2;49;49;49m██[38;2;255;255;255m████[38;2;49;49;49m██[38;2;0;0;0m                [38;2;49;49;49m████[38;2;0;0;0m                    
[38;2;0;0;0m      [38;2;49;49;49m██[38;2;255;255;255m██[38;2;49;49;49m██[38;2;148;148;131m██[38;2;255;255;255m██[38;2;49;49;49m██[38;2;0;0;0m            [38;2;49;49;49m██[38;2;255;255;255m████[38;2;49;49;49m██[38;2;0;0;0m                  
[38;2;0;0;0m    [38;2;49;49;49m██[38;2;255;255;255m██[38;2;49;49;49m██[38;2;0;0;0m  [38;2;49;49;49m██[38;2;255;255;255m██[38;2;49;49;49m██[38;2;0;0;0m          [38;2;49;49;49m██[38;2;255;255;255m██[38;2;148;148;131m██[38;2;49;49;49m██[38;2;255;255;255m██[38;2;49;49;49m██[38;2;0;0;0m                
[38;2;0;0;0m    [38;2;49;49;49m██[38;2;255;255;255m██[38;2;49;49;49m██[38;2;0;0;0m    [38;2;49;49;49m██[38;2;255;255;255m██[38;2;49;49;49m██[38;2;0;0;0m        [38;2;49;49;49m██[38;2;255;255;255m██[38;2;49;49;49m██[38;2;0;0;0m  [38;2;49;49;49m██[38;2;255;255;255m██[38;2;49;49;49m██[38;2;0;0;0m              
[38;2;0;0;0m  [38;2;49;49;49m██[38;2;255;255;255m██[38;2;49;49;49m██[38;2;0;0;0m      [38;2;49;49;49m██[38;2;255;255;255m██[38;2;49;49;49m██[38;2;0;0;0m      [38;2;49;49;49m██[38;2;255;255;255m██[38;2;49;49;49m██[38;2;0;0;0m      [38;2;49;49;49m██[38;2;255;255;255m██[38;2;49;49;49m██[38;2;0;0;0m            
[38;2;0;0;0m  [38;2;49;49;49m██[38;2;255;255;255m██[38;2;49;49;49m██[38;2;0;0;0m        [38;2;49;49;49m██[38;2;0;0;0m    [38;2;156;156;156m████[38;2;49;49;49m██[38;2;255;255;255m██[38;2;49;49;49m██[38;2;156;156;156m██[38;2;0;0;0m      [38;2;49;49;49m██[38;2;255;255;255m██[38;2;49;49;49m██[38;2;0;0;0m          
[38;2;49;49;49m██[38;2;255;255;255m██[38;2;49;49;49m██[38;2;0;0;0m        [38;2;49;49;49m██[38;2;230;213;139m██[38;2;49;49;49m██[38;2;156;156;156m██[38;2;255;255;255m██████[38;2;49;49;49m██[38;2;255;255;255m████[38;2;156;156;156m██[38;2;0;0;0m      [38;2;49;49;49m██[38;2;255;255;255m██[38;2;49;49;49m██[38;2;0;0;0m        
[38;2;49;49;49m██[38;2;255;255;255m██[38;2;49;49;49m██[38;2;0;0;0m        [38;2;49;49;49m██[38;2;230;213;139m██[38;2;49;49;49m██[38;2;255;255;255m██████[38;2;49;49;49m██[38;2;230;213;139m██[38;2;49;49;49m██[38;2;255;255;255m████[38;2;156;156;156m██[38;2;0;0;0m    [38;2;49;49;49m██[38;2;255;255;255m██[38;2;49;49;49m██[38;2;0;0;0m        
[38;2;49;49;49m██[38;2;255;255;255m██[38;2;49;49;49m██[38;2;0;0;0m      [38;2;49;49;49m██[38;2;230;213;139m████[38;2;49;49;49m██[38;2;255;255;255m████[38;2;49;49;49m██[38;2;82;82;82m██[38;2;230;213;139m██[38;2;49;49;49m██[38;2;255;255;255m██████[38;2;156;156;156m██[38;2;0;0;0m    [38;2;49;49;49m██[38;2;255;255;255m██[38;2;49;49;49m██[38;2;0;0;0m      
[38;2;49;49;49m██[38;2;255;255;255m██[38;2;49;49;49m██[38;2;0;0;0m      [38;2;49;49;49m██[38;2;82;82;82m██[38;2;230;213;139m████[38;2;49;49;49m████[38;2;82;82;82m██[38;2;230;213;139m██████[38;2;82;82;82m██[38;2;255;255;255m██████[38;2;156;156;156m██[38;2;0;0;0m  [38;2;49;49;49m██[38;2;255;255;255m██[38;2;49;49;49m██[38;2;0;0;0m      
[38;2;49;49;49m██[38;2;255;255;255m██[38;2;49;49;49m██[38;2;0;0;0m      [38;2;49;49;49m██[38;2;115;98;172m██[38;2;82;82;82m████[38;2;230;213;139m████████[38;2;82;82;82m████[38;2;255;255;255m██[38;2;82;82;82m██[38;2;156;156;156m██[38;2;255;255;255m██[38;2;156;156;156m██[38;2;0;0;0m    [38;2;49;49;49m██[38;2;255;255;255m██[38;2;49;49;49m██[38;2;0;0;0m    
[38;2;49;49;49m██[38;2;255;255;255m██[38;2;49;49;49m██[38;2;0;0;0m    [38;2;156;156;156m██[38;2;255;255;255m██[38;2;49;49;49m██[38;2;98;213;246m██[38;2;49;49;49m██[38;2;82;82;82m████[38;2;49;49;49m████[38;2;98;213;246m██[38;2;115;98;172m██[38;2;82;82;82m██[38;2;49;49;49m██[38;2;255;255;255m██[38;2;156;156;156m██[38;2;255;255;255m██[38;2;156;156;156m██[38;2;0;0;0m  [38;2;49;49;49m██[38;2;255;255;255m██[38;2;49;49;49m██[38;2;0;0;0m    
[38;2;49;49;49m██[38;2;255;255;255m██[38;2;49;49;49m██[38;2;0;0;0m    [38;2;156;156;156m██[38;2;255;255;255m██[38;2;238;222;180m██[38;2;49;49;49m██[38;2;255;255;255m██████[38;2;115;98;172m██████[38;2;49;49;49m████[38;2;238;222;180m██[38;2;255;255;255m██[38;2;238;222;180m██[38;2;156;156;156m████[38;2;0;0;0m  [38;2;49;49;49m██[38;2;255;255;255m██[38;2;49;49;49m██[38;2;0;0;0m    
[38;2;49;49;49m██[38;2;255;255;255m██[38;2;49;49;49m██[38;2;0;0;0m    [38;2;156;156;156m██[38;2;255;255;255m██[38;2;238;222;180m██[38;2;255;255;255m██[38;2;49;49;49m██[38;2;82;82;82m██[38;2;238;222;180m██████[38;2;49;49;49m██[38;2;255;255;255m██████[38;2;238;222;180m██[38;2;255;255;255m██[38;2;238;222;180m██[38;2;156;156;156m████[38;2;0;0;0m  [38;2;49;49;49m██[38;2;255;255;255m██[38;2;49;49;49m██[38;2;0;0;0m  
[38;2;0;0;0m  [38;2;49;49;49m██[38;2;255;255;255m██[38;2;49;49;49m██[38;2;0;0;0m    [38;2;156;156;156m██[38;2;255;255;255m██[38;2;49;49;49m████[38;2;255;255;255m██[38;2;82;82;82m██[38;2;255;255;255m██[38;2;82;82;82m██[38;2;255;255;255m██[38;2;49;49;49m████[38;2;255;255;255m██[38;2;238;222;180m██[38;2;255;255;255m██[38;2;238;222;180m██[38;2;255;255;255m██[38;2;156;156;156m██[38;2;0;0;0m  [38;2;49;49;49m██[38;2;255;255;255m██[38;2;49;49;49m██[38;2;0;0;0m  
[38;2;0;0;0m  [38;2;49;49;49m██[38;2;255;255;255m██[38;2;49;49;49m██[38;2;0;0;0m      [38;2;49;49;49m██[38;2;238;222;180m██[38;2;255;255;255m██[38;2;172;156;98m██[38;2;230;213;139m██████[38;2;172;156;98m██[38;2;255;255;255m██[38;2;238;222;180m██[38;2;49;49;49m██[38;2;238;222;180m██[38;2;255;255;255m██[38;2;238;222;180m██[38;2;255;255;255m████[38;2;156;156;156m██[38;2;49;49;49m██[38;2;255;255;255m██[38;2;49;49;49m██[38;2;0;0;0m  
[38;2;0;0;0m  [38;2;49;49;49m██[38;2;255;255;255m██[38;2;49;49;49m██[38;2;0;0;0m    [38;2;49;49;49m██[38;2;255;255;255m████████[38;2;172;156;98m██████[38;2;255;255;255m████████[38;2;49;49;49m██[38;2;255;255;255m██[38;2;238;222;180m██[38;2;255;255;255m████[38;2;156;156;156m██[38;2;49;49;49m██[38;2;255;255;255m██[38;2;49;49;49m██[38;2;0;0;0m  
[38;2;0;0;0m    [38;2;49;49;49m██[38;2;230;213;139m██[38;2;49;49;49m██[38;2;0;0;0m    [38;2;49;49;49m██[38;2;238;222;180m██[38;2;255;255;255m██████████████[38;2;238;222;180m██[38;2;49;49;49m██[38;2;255;255;255m████[38;2;238;222;180m██[38;2;255;255;255m████[38;2;156;156;156m██[38;2;0;0;0m  [38;2;49;49;49m██[38;2;255;255;255m██[38;2;49;49;49m██
[38;2;0;0;0m    [38;2;49;49;49m██[38;2;230;213;139m██[38;2;49;49;49m██[38;2;0;0;0m    [38;2;49;49;49m██[38;2;82;82;82m██[38;2;49;49;49m██[38;2;238;222;180m██[38;2;255;255;255m██████[38;2;238;222;180m██[38;2;49;49;49m██[38;2;82;82;82m████[38;2;49;49;49m██[38;2;238;222;180m██[38;2;255;255;255m██████[38;2;156;156;156m██[38;2;0;0;0m  [38;2;49;49;49m██[38;2;255;255;255m██[38;2;49;49;49m██
[38;2;0;0;0m      [38;2;49;49;49m████[38;2;0;0;0m  [38;2;49;49;49m██[38;2;255;255;255m██[38;2;49;49;49m██[38;2;0;0;0m  [38;2;49;49;49m██[38;2;82;82;82m██████[38;2;49;49;49m██[38;2;238;222;180m██[38;2;49;49;49m██[38;2;255;255;255m██[38;2;82;82;82m██[38;2;49;49;49m██[38;2;255;255;255m████[38;2;156;156;156m██[38;2;0;0;0m    [38;2;49;49;49m██[38;2;255;255;255m██[38;2;49;49;49m██
[38;2;0;0;0m          [38;2;49;49;49m██[38;2;255;255;255m██[38;2;49;49;49m██[38;2;0;0;0m    [38;2;49;49;49m██[38;2;255;255;255m██████[38;2;49;49;49m██[38;2;238;222;180m██[38;2;255;255;255m██[38;2;49;49;49m██[38;2;230;213;139m██[38;2;172;156;98m██[38;2;49;49;49m██[38;2;255;255;255m██[38;2;156;156;156m██[38;2;0;0;0m    [38;2;49;49;49m██[38;2;255;255;255m██[38;2;49;49;49m██
[38;2;0;0;0m        [38;2;49;49;49m██[38;2;230;213;139m██[38;2;49;49;49m██[38;2;0;0;0m    [38;2;49;49;49m██[38;2;255;255;255m██[38;2;82;82;82m██████[38;2;255;255;255m██[38;2;49;49;49m██[38;2;255;255;255m████[38;2;49;49;49m██[38;2;255;255;255m██[38;2;49;49;49m██[38;2;156;156;156m██[38;2;0;0;0m      [38;2;49;49;49m██[38;2;255;255;255m██[38;2;49;49;49m██
[38;2;0;0;0m        [38;2;49;49;49m██[38;2;172;156;98m██[38;2;49;49;49m██[38;2;0;0;0m      [38;2;49;49;49m██[38;2;255;255;255m██████[38;2;82;82;82m██[38;2;49;49;49m██[38;2;238;222;180m██[38;2;255;255;255m██[38;2;49;49;49m██[38;2;255;255;255m██[38;2;49;49;49m██[38;2;0;0;0m        [38;2;49;49;49m██[38;2;255;255;255m██[38;2;49;49;49m██
[38;2;0;0;0m          [38;2;49;49;49m██[38;2;0;0;0m          [38;2;49;49;49m██[38;2;82;82;82m████[38;2;255;255;255m██[38;2;49;49;49m██[38;2;255;255;255m██[38;2;238;222;180m██[38;2;49;49;49m██[38;2;255;255;255m██[38;2;49;49;49m██[38;2;0;0;0m          [38;2;49;49;49m██[38;2;0;0;0m  
[38;2;0;0;0m                    [38;2;156;156;156m██[38;2;49;49;49m██[38;2;255;255;255m██[38;2;82;82;82m██[38;2;255;255;255m██[38;2;82;82;82m██[38;2;255;255;255m████[38;2;49;49;49m██[38;2;172;156;98m██[38;2;230;213;139m██[38;2;49;49;49m██[38;2;0;0;0m      [38;2;49;49;49m██[38;2;230;213;139m██[38;2;49;49;49m██
[38;2;0;0;0m                  [38;2;156;156;156m██[38;2;255;255;255m██[38;2;49;49;49m██[38;2;255;255;255m██[38;2;49;49;49m██[38;2;230;213;139m████[38;2;49;49;49m██[38;2;156;156;156m██[38;2;255;255;255m██[38;2;49;49;49m████[38;2;255;255;255m██[38;2;156;156;156m██[38;2;0;0;0m    [38;2;49;49;49m██[38;2;230;213;139m██[38;2;49;49;49m██
[38;2;0;0;0m                    [38;2;156;156;156m████[38;2;49;49;49m██[38;2;156;156;156m██[38;2;49;49;49m██[38;2;172;156;98m██[38;2;49;49;49m██[38;2;0;0;0m  [38;2;156;156;156m████[38;2;255;255;255m██[38;2;238;222;180m██[38;2;255;255;255m██[38;2;156;156;156m██[38;2;0;0;0m  [38;2;49;49;49m██[38;2;172;156;98m██[38;2;49;49;49m██
[38;2;0;0;0m                            [38;2;49;49;49m██[38;2;255;255;255m██[38;2;49;49;49m██[38;2;0;0;0m      [38;2;156;156;156m██████[38;2;0;0;0m      [38;2;49;49;49m██[38;2;0;0;0m  [0m
