
[38;2;0;0;0m                ████            
[38;2;0;0;0m          ██████[38;2;189;198;189m██[38;2;74;70;74m██[38;2;0;0;0m██          
[38;2;0;0;0m      ████[38;2;189;189;189m██[38;2;181;181;181m████[38;2;151;155;151m██[38;2;189;198;189m██[38;2;66;66;66m██[38;2;0;0;0m██        
[38;2;0;0;0m    ██[38;2;126;126;126m██[38;2;189;192;189m████████[38;2;189;189;189m██[38;2;131;131;131m██[38;2;165;165;165m██[38;2;0;0;0m██        
[38;2;0;0;0m    ██[38;2;189;189;189m██[38;2;189;192;189m████████[38;2;189;189;189m████[38;2;0;0;0m██    ████  
[38;2;0;0;0m  ██[38;2;236;162;169m██[38;2;198;206;190m██[38;2;189;189;189m████████[38;2;189;192;189m████[38;2;118;118;118m██[38;2;8;8;8m██[38;2;0;0;0m██[38;2;66;66;66m██[38;2;0;0;0m██  
[38;2;0;0;0m  ██[38;2;255;140;159m██[38;2;236;162;169m██[38;2;255;181;167m██[38;2;189;189;189m██[38;2;255;255;255m██[38;2;189;189;189m██[38;2;189;192;189m████[38;2;173;173;173m██[38;2;63;63;63m██[38;2;132;132;132m████[38;2;0;0;0m██  
[38;2;0;0;0m██[38;2;107;99;83m██[38;2;124;86;97m██[38;2;239;119;159m██[38;2;200;142;163m██[38;2;255;189;47m██[38;2;127;94;39m██[38;2;255;189;55m██[38;2;190;190;190m██[38;2;165;165;165m████[38;2;132;132;132m██[38;2;137;132;127m██[38;2;66;66;66m██[38;2;107;99;83m██[38;2;0;0;0m██
[38;2;0;0;0m████[38;2;66;70;66m████[38;2;200;142;163m██[38;2;255;189;47m██[38;2;0;0;24m██[38;2;255;189;55m██[38;2;165;165;165m████[38;2;132;132;132m██[38;2;66;66;66m████[38;2;102;99;96m██[38;2;107;99;83m██[38;2;0;0;0m██
[38;2;0;0;0m    ██[38;2;255;255;255m██[38;2;165;165;165m████[38;2;214;165;54m██[38;2;214;198;154m██[38;2;165;165;165m████[38;2;66;66;58m██[38;2;132;132;129m██[38;2;131;132;131m██[38;2;107;99;83m██[38;2;0;0;0m██  
[38;2;0;0;0m    ██[38;2;255;255;255m██[38;2;195;195;195m██[38;2;255;255;255m██[38;2;214;231;254m██[38;2;214;198;154m██[38;2;165;165;165m██[38;2;66;66;66m██[38;2;99;99;94m██[38;2;132;132;129m██[38;2;131;132;131m████[38;2;0;0;0m██  
[38;2;0;0;0m  ██[38;2;214;156;174m████[38;2;255;255;255m████████[38;2;165;165;165m██[38;2;66;66;66m██[38;2;107;99;83m████[38;2;132;132;132m██[38;2;0;0;0m██    
[38;2;0;0;0m    ████[38;2;189;189;189m██[38;2;255;255;255m████[38;2;189;189;189m██[38;2;165;165;165m██[38;2;132;132;132m██[38;2;66;66;66m████[38;2;0;0;0m██      
[38;2;0;0;0m        ████[38;2;189;189;189m██[38;2;126;126;126m██[38;2;77;57;61m██[38;2;154;99;114m██[38;2;80;46;53m██[38;2;0;8;0m██[38;2;0;0;0m        
[38;2;0;0;0m            ████[38;2;231;140;167m██[38;2;0;16;8m██[38;2;239;123;159m██[38;2;0;8;0m██[38;2;0;0;0m        
[38;2;0;0;0m                ██  ██          [0m
