
[38;2;0;0;0m            [38;2;49;49;49m██████[38;2;0;0;0m                  
[38;2;0;0;0m          [38;2;49;49;49m██[38;2;98;172;238m██████[38;2;49;49;49m██[38;2;0;0;0m                
[38;2;0;0;0m        [38;2;49;49;49m██[38;2;98;172;238m██[38;2;49;115;164m██[38;2;82;82;82m██[38;2;49;49;49m██[38;2;98;172;238m██[38;2;49;49;49m██[38;2;0;0;0m              
[38;2;0;0;0m        [38;2;49;49;49m██[38;2;98;172;238m████[38;2;49;49;49m██[38;2;0;0;0m  [38;2;49;49;49m██[38;2;98;172;238m██[38;2;49;49;49m██[38;2;0;0;0m            
[38;2;0;0;0m          [38;2;49;49;49m████[38;2;0;0;0m    [38;2;49;49;49m██[38;2;98;172;238m██[38;2;49;49;49m██[38;2;0;0;0m            
[38;2;0;0;0m            [38;2;49;49;49m██████[38;2;82;82;82m██[38;2;49;49;49m████[38;2;0;0;0m            
[38;2;0;0;0m        [38;2;49;49;49m████[38;2;115;197;57m██[38;2;139;230;49m██████[38;2;115;197;57m██[38;2;90;156;65m██[38;2;49;49;49m██[38;2;0;0;0m          
[38;2;0;0;0m      [38;2;49;49;49m██[38;2;255;255;255m██[38;2;139;230;49m██████████████[38;2;115;197;57m██[38;2;49;49;49m██[38;2;0;0;0m        
[38;2;0;0;0m      [38;2;49;49;49m██[38;2;139;230;49m██[38;2;189;238;123m██[38;2;139;230;49m██[38;2;115;197;57m██[38;2;255;255;255m██[38;2;115;197;57m██[38;2;139;230;49m██████[38;2;115;197;57m██[38;2;49;49;49m██[38;2;0;0;0m      
[38;2;0;0;0m    [38;2;49;49;49m██[38;2;139;230;49m██[38;2;189;238;123m██[38;2;139;230;49m████[38;2;189;189;189m██[38;2;49;49;49m██[38;2;255;255;255m██[38;2;90;156;65m██[38;2;139;230;49m██████[38;2;49;49;49m██[38;2;0;0;0m      
[38;2;0;0;0m  [38;2;49;49;49m████[38;2;139;230;49m██[38;2;115;197;57m██[38;2;139;230;49m████[38;2;49;49;49m██[38;2;148;57;41m██[38;2;255;255;255m██[38;2;90;156;65m██[38;2;139;230;49m██████[38;2;115;197;57m██[38;2;49;49;49m██[38;2;0;0;0m    
[38;2;49;49;49m██[38;2;82;82;82m██[38;2;230;255;148m██[38;2;115;197;57m██[38;2;139;230;49m████████[38;2;115;197;57m██[38;2;90;156;65m██[38;2;246;106;156m████[38;2;115;197;57m██[38;2;139;230;49m██[38;2;115;197;57m██[38;2;49;49;49m██[38;2;0;0;0m    
[38;2;49;49;49m██[38;2;230;255;148m██[38;2;222;197;41m██[38;2;82;82;82m██[38;2;115;197;57m████████[38;2;222;197;41m██[38;2;230;255;148m██[38;2;246;106;156m████[38;2;90;156;65m██[38;2;115;197;57m████[38;2;49;49;49m██[38;2;0;0;0m    
[38;2;0;0;0m  [38;2;49;49;49m██[38;2;115;197;57m██[38;2;230;255;148m██[38;2;82;82;82m██[38;2;222;197;41m██[38;2;230;255;148m██████[38;2;222;197;41m██[38;2;90;156;65m████[38;2;115;197;57m████[38;2;82;82;82m██[38;2;49;49;49m██[38;2;0;0;0m    
[38;2;0;0;0m    [38;2;49;49;49m██[38;2;90;156;65m████[38;2;82;82;82m██████[38;2;90;156;65m████[38;2;115;197;57m██████[38;2;82;82;82m████[38;2;230;255;148m██[38;2;49;49;49m██[38;2;0;0;0m  
[38;2;0;0;0m      [38;2;49;49;49m██[38;2;90;156;65m████[38;2;82;82;82m██[38;2;115;197;57m████████████[38;2;82;82;82m██[38;2;230;255;148m██[38;2;222;197;41m██[38;2;90;156;65m██[38;2;49;49;49m██
[38;2;0;0;0m        [38;2;49;49;49m██[38;2;82;82;82m██[38;2;222;197;41m██[38;2;230;255;148m██████[38;2;115;197;57m██████[38;2;139;230;49m██████[38;2;230;255;148m██[38;2;49;49;49m██
[38;2;0;0;0m      [38;2;49;49;49m██[38;2;115;197;57m██[38;2;82;82;82m██[38;2;230;255;148m██[38;2;115;197;57m████[38;2;230;255;148m████[38;2;115;197;57m██[38;2;90;156;65m██[38;2;115;197;57m██[38;2;139;230;49m████[38;2;49;49;49m██[38;2;0;0;0m  
[38;2;0;0;0m      [38;2;49;49;49m██[38;2;90;156;65m██[38;2;82;82;82m██[38;2;222;197;41m██[38;2;115;197;57m██[38;2;230;255;148m██[38;2;115;197;57m██[38;2;230;255;148m██[38;2;90;156;65m██[38;2;139;230;49m██[38;2;90;156;65m██[38;2;82;82;82m██[38;2;49;49;49m██[38;2;0;0;0m    
[38;2;0;0;0m    [38;2;49;49;49m██[38;2;222;197;41m██[38;2;82;82;82m██[38;2;90;156;65m██[38;2;82;82;82m██[38;2;222;197;41m██[38;2;115;197;57m██[38;2;222;197;41m██[38;2;82;82;82m██[38;2;90;156;65m██[38;2;139;230;49m██████[38;2;115;197;57m██[38;2;49;49;49m██[38;2;0;0;0m  
[38;2;0;0;0m      [38;2;49;49;49m██[38;2;222;197;41m██[38;2;82;82;82m██[38;2;222;197;41m██[38;2;49;49;49m████████[38;2;90;156;65m██[38;2;115;197;57m██[38;2;139;230;49m████[38;2;115;197;57m██[38;2;49;49;49m██[38;2;0;0;0m  
[38;2;0;0;0m        [38;2;49;49;49m██████[38;2;0;0;0m        [38;2;49;49;49m██[38;2;90;156;65m██[38;2;115;197;57m████[38;2;90;156;65m██[38;2;49;49;49m██[38;2;0;0;0m  
[38;2;0;0;0m                    [38;2;49;49;49m██[38;2;222;197;41m██[38;2;82;82;82m██[38;2;90;156;65m████[38;2;49;49;49m██[38;2;0;0;0m    
[38;2;0;0;0m                      [38;2;49;49;49m██[38;2;222;197;41m██[38;2;82;82;82m██[38;2;222;197;41m██[38;2;49;49;49m██[38;2;0;0;0m    
[38;2;0;0;0m                        [38;2;49;49;49m██████[38;2;0;0;0m      [0m
