
[38;2;0;0;0m                      ██[38;2;8;4;0m████[38;2;0;0;0m                            
[38;2;0;0;0m                    ██[38;2;255;255;255m██[38;2;255;255;207m██[38;2;173;171;138m██[38;2;0;0;0m██                          
[38;2;0;0;0m                    [38;2;0;0;8m██[38;2;206;222;150m██[38;2;255;206;71m████[38;2;0;0;0m████                        
[38;2;0;0;0m                ████[38;2;206;222;150m██[38;2;69;74;55m██[38;2;192;158;69m██[38;2;66;61;66m██[38;2;82;165;146m████[38;2;0;0;0m████                    
[38;2;0;0;0m              ██[38;2;156;231;220m██[38;2;82;165;146m██[38;2;156;231;220m██[38;2;82;165;146m██[38;2;66;66;66m██[38;2;82;165;146m████[38;2;156;231;220m██[38;2;94;156;142m████[38;2;0;0;0m██                  
[38;2;0;0;0m            ██[38;2;255;255;255m██[38;2;82;165;146m██[38;2;156;231;220m██[38;2;82;165;146m██[38;2;156;231;220m██[38;2;82;165;146m████[38;2;156;231;220m██[38;2;82;165;146m██[38;2;140;239;220m██[38;2;49;74;65m██[38;2;222;214;198m██[38;2;0;0;0m██                
[38;2;0;0;0m          ██[38;2;206;156;30m██[38;2;255;255;247m██[38;2;247;255;255m██[38;2;110;140;134m██[38;2;247;255;255m██[38;2;110;140;134m██[38;2;156;231;220m████[38;2;82;165;146m████[38;2;66;66;66m██[38;2;222;214;198m████[38;2;189;140;53m██[38;2;0;0;0m██              
[38;2;0;0;0m          ██[38;2;222;189;102m██[38;2;255;255;247m██[38;2;247;255;255m██[38;2;41;82;73m████[38;2;247;255;255m██[38;2;82;165;146m████[38;2;255;255;247m██[38;2;197;225;213m██[38;2;66;66;66m██[38;2;222;214;198m██[38;2;189;140;53m████[38;2;0;0;0m██              
[38;2;0;0;0m            ██[38;2;255;214;71m██[38;2;85;65;98m██[38;2;189;140;53m██[38;2;79;65;87m████[38;2;255;255;247m████[38;2;222;214;198m████[38;2;255;214;79m██[38;2;170;143;58m██[38;2;189;140;53m██[38;2;0;0;0m██                
[38;2;0;0;0m              ██[38;2;189;140;53m██[38;2;85;65;98m██[38;2;189;140;53m██[38;2;79;65;87m██[38;2;206;156;30m██[38;2;222;189;102m██[38;2;255;214;71m████[38;2;85;71;37m██[38;2;0;0;16m██[38;2;0;0;0m██                  
[38;2;0;0;0m                [38;2;0;0;8m██[38;2;181;132;93m██[38;2;107;66;131m████[38;2;79;65;87m████[38;2;65;66;65m████[38;2;107;66;131m████[38;2;148;86;188m██[38;2;8;16;0m██[38;2;0;0;0m██              
[38;2;0;0;0m                [38;2;0;0;8m██[38;2;121;88;65m██[38;2;190;143;54m████[38;2;79;65;87m██[38;2;189;140;53m██[38;2;107;66;131m██████[38;2;65;66;65m██[38;2;55;39;63m██[38;2;148;86;188m██[38;2;148;82;188m██[38;2;0;0;0m██            
[38;2;0;0;0m              ██[38;2;107;70;128m██[38;2;65;61;68m██[38;2;66;66;66m██[38;2;107;73;128m██[38;2;107;66;131m████[38;2;107;67;131m████[38;2;107;66;131m██████[38;2;65;66;65m██[38;2;148;82;188m██[38;2;0;0;0m██  ██████    
[38;2;0;0;0m              ██[38;2;107;70;128m██[38;2;148;78;188m██[38;2;148;79;191m██[38;2;66;66;66m██[38;2;65;66;65m██[38;2;107;66;131m██[38;2;107;67;131m████[38;2;65;66;65m████████[38;2;148;82;188m██[38;2;0;0;0m████[38;2;255;214;71m████[38;2;170;143;47m██[38;2;0;0;0m██  
[38;2;0;0;0m            [38;2;0;8;0m██[38;2;239;255;255m██[38;2;66;66;66m██████[38;2;148;82;188m██[38;2;134;118;140m██[38;2;74;53;82m██[38;2;66;70;66m████[38;2;222;214;198m██[38;2;66;66;66m██[38;2;148;82;188m██[38;2;107;72;128m██[38;2;132;123;188m██[38;2;66;78;66m██[38;2;189;140;61m████[38;2;0;0;0m██[38;2;189;140;53m████[38;2;0;0;0m██
[38;2;0;0;0m            [38;2;0;8;0m██[38;2;119;131;127m██[38;2;255;255;255m████[38;2;66;66;66m██[38;2;148;82;188m██[38;2;74;53;82m██[38;2;255;247;255m██[38;2;255;255;255m██[38;2;192;193;192m██[38;2;222;214;198m████[38;2;65;63;68m██[38;2;148;82;188m██[38;2;66;78;66m██[38;2;110;108;147m██[38;2;63;52;36m██[38;2;0;8;24m██[38;2;0;0;0m  ██[38;2;189;140;53m██[38;2;0;0;0m██
[38;2;0;0;0m  ██████  ██[38;2;156;231;220m██[38;2;82;165;146m██[38;2;156;231;220m██[38;2;82;165;146m████[38;2;65;66;65m██[38;2;214;222;206m████[38;2;214;231;214m██[38;2;82;173;154m██[38;2;82;165;146m████[38;2;94;156;142m██[38;2;49;74;65m██[38;2;102;154;142m██[38;2;148;239;220m██[38;2;82;165;146m██[38;2;0;0;0m██  ██[38;2;189;140;53m██[38;2;0;0;0m██
[38;2;0;0;0m██[38;2;222;214;198m██[38;2;82;85;82m██[38;2;247;255;247m██[38;2;0;0;0m██[38;2;66;66;66m██[38;2;82;165;146m██[38;2;156;231;220m██[38;2;82;165;146m██[38;2;156;231;220m██[38;2;65;66;65m██[38;2;82;165;146m██[38;2;167;206;189m██[38;2;74;173;154m██[38;2;82;173;154m██[38;2;170;212;194m██[38;2;82;165;146m████[38;2;140;239;220m██[38;2;94;156;142m██[38;2;57;70;65m████[38;2;82;165;146m██[38;2;0;0;0m██  ██[38;2;189;140;53m██[38;2;0;0;0m██
[38;2;0;0;0m██[38;2;66;66;66m██[38;2;247;247;239m████[38;2;255;255;255m████[38;2;57;78;73m██[38;2;120;137;134m██[38;2;90;156;154m██[38;2;74;57;74m██[38;2;66;53;66m██[38;2;156;222;220m██[38;2;82;165;146m██[38;2;156;231;220m██[38;2;165;211;202m██[38;2;82;167;149m██[38;2;156;231;220m████[38;2;82;165;146m██[38;2;65;66;65m██[38;2;107;66;131m████[38;2;66;66;66m████[38;2;0;0;0m██[38;2;189;140;53m██[38;2;0;0;0m██  
[38;2;0;0;0m  ████[38;2;247;247;239m██[38;2;255;255;255m████[38;2;247;255;255m██[38;2;57;78;73m██[38;2;74;57;74m██[38;2;79;90;101m██[38;2;96;109;117m██[38;2;66;53;66m██[38;2;82;165;146m████[38;2;82;167;149m██[38;2;247;255;255m██[38;2;82;165;146m██████[38;2;65;66;65m██[38;2;107;66;131m██[38;2;214;123;94m████[38;2;66;66;66m██[38;2;0;0;0m██[38;2;189;140;53m██[38;2;0;0;0m██  
[38;2;0;0;0m      ██[38;2;231;231;215m████[38;2;255;255;255m████[38;2;82;66;58m██[38;2;164;136;120m██[38;2;145;129;121m██[38;2;90;66;58m██[38;2;255;255;255m██[38;2;82;165;146m██[38;2;255;255;255m██████[38;2;82;165;146m██[38;2;90;66;58m██[38;2;145;129;121m██[38;2;192;143;107m██[38;2;255;181;127m██[38;2;66;66;66m██[38;2;189;140;53m████[38;2;0;0;0m██    
[38;2;0;0;0m        ██[38;2;231;231;215m██[38;2;255;255;255m████[38;2;247;206;183m██[38;2;82;66;58m██[38;2;90;66;58m██[38;2;255;255;247m██[38;2;255;255;255m████[38;2;82;165;146m██[38;2;255;255;255m██[38;2;82;165;146m██[38;2;255;255;255m██[38;2;255;255;247m██[38;2;90;66;58m██[38;2;66;66;66m██████[38;2;189;140;53m██[38;2;0;0;0m██      
[38;2;0;0;0m        ██[38;2;222;214;198m██[38;2;222;217;198m████[38;2;222;214;198m██[38;2;66;66;66m██[38;2;222;214;198m██[38;2;66;66;66m██[38;2;255;255;255m████████████[38;2;222;217;198m████[38;2;74;71;66m██[38;2;222;214;198m██[38;2;0;0;0m████        
[38;2;0;0;0m          ██[38;2;222;217;198m████[38;2;222;214;198m██[38;2;66;66;66m██[38;2;222;214;198m██[38;2;66;66;66m██[38;2;222;214;198m████████████[38;2;222;217;198m████[38;2;74;71;66m██[38;2;0;0;0m██            
[38;2;0;0;0m            ██████[38;2;222;214;198m██████[38;2;66;66;66m██[38;2;222;214;198m██████████[38;2;66;66;66m████[38;2;189;140;53m██[38;2;0;0;0m██            
[38;2;0;0;0m                  ██[38;2;66;66;66m████████████████[38;2;222;214;198m████[38;2;189;140;53m██[38;2;0;0;0m██            
[38;2;0;0;0m                  ██[38;2;162;143;111m██[38;2;239;214;167m██[38;2;222;214;198m████████████[38;2;189;140;53m████[38;2;65;66;65m██[38;2;107;66;131m██[38;2;0;0;0m██          
[38;2;0;0;0m                    [38;2;8;0;0m████[38;2;189;140;53m████████████[38;2;0;0;0m████[38;2;107;66;131m████[38;2;0;0;0m██          
[38;2;0;0;0m                        ████████████    ████            [0m
