
[38;2;0;0;0m                        [38;2;11;12;15m  [38;2;45;51;63m██[38;2;0;0;0m                        
[38;2;0;0;0m                        [38;2;45;51;63m██[38;2;181;206;253m██[38;2;135;154;189m██[38;2;33;38;47m  [38;2;0;0;0m                    
[38;2;0;0;0m                      [38;2;33;38;47m  [38;2;181;206;253m████[38;2;177;202;248m██[38;2;164;194;234m██[38;2;10;9;13m  [38;2;0;0;0m            [38;2;27;41;41m  [38;2;0;0;0m    
[38;2;0;0;0m                    [38;2;33;38;47m  [38;2;169;193;237m██[38;2;181;206;253m████[38;2;142;172;211m██[38;2;110;138;162m██[38;2;117;171;183m██[38;2;27;41;41m  [38;2;0;0;0m          [38;2;27;41;41m  [38;2;83;124;123m  [38;2;0;0;0m  
[38;2;0;0;0m                    [38;2;61;72;78m██[38;2;175;201;245m██[38;2;181;206;253m██████[38;2;128;153;179m██[38;2;136;183;202m██[38;2;145;222;223m██[38;2;120;180;178m██[38;2;9;13;13m  [38;2;0;0;0m      [38;2;27;41;41m  [38;2;110;166;164m██[38;2;0;0;0m  
[38;2;0;0;0m                  [38;2;66;69;71m  [38;2;214;218;222m██[38;2;144;158;175m██[38;2;120;138;158m██[38;2;165;189;229m██[38;2;181;206;253m██[38;2;167;210;240m██[38;2;94;114;106m██[38;2;145;222;223m██[38;2;145;222;222m██[38;2;36;55;55m██[38;2;0;0;0m    [38;2;82;129;133m██[38;2;137;208;206m██[38;2;27;41;41m  [38;2;0;0;0m  
[38;2;0;0;0m                [38;2;176;178;173m██[38;2;210;217;221m██[38;2;216;219;223m██[38;2;129;141;151m██[38;2;225;229;230m██[38;2;112;123;131m██[38;2;194;178;209m██[38;2;142;109;105m██[38;2;160;217;231m██[38;2;145;222;222m██[38;2;145;222;223m██[38;2;62;98;98m██[38;2;0;0;0m    [38;2;143;222;223m██[38;2;35;55;55m██[38;2;0;0;0m    
[38;2;0;0;0m                [38;2;81;83;81m██[38;2;147;158;161m██[38;2;216;219;223m██[38;2;216;220;223m██[38;2;255;255;255m██[38;2;180;171;176m██[38;2;217;148;158m██[38;2;219;165;176m██[38;2;204;159;168m██[38;2;193;158;165m██[38;2;145;222;223m██[38;2;114;185;183m██[38;2;0;0;0m    [38;2;145;222;223m██[38;2;119;180;179m██[38;2;0;0;0m    
[38;2;0;0;0m                  [38;2;191;191;191m██[38;2;255;255;255m██[38;2;233;215;215m██[38;2;234;208;211m██[38;2;217;147;158m██[38;2;255;176;201m██[38;2;245;171;189m██[38;2;251;174;192m██[38;2;193;152;166m██[38;2;96;158;165m██[38;2;93;158;163m██[38;2;0;0;0m    [38;2;32;52;52m██[38;2;114;182;185m██[38;2;105;163;166m██[38;2;6;9;10m  
[38;2;0;0;0m                [38;2;47;47;47m  [38;2;239;239;239m██[38;2;244;243;242m██[38;2;194;211;219m██[38;2;137;122;140m██[38;2;217;146;158m██[38;2;255;179;199m██[38;2;245;172;189m██[38;2;242;171;187m██[38;2;123;151;162m██[38;2;96;158;165m██[38;2;41;69;71m██[38;2;0;0;0m    [38;2;77;128;133m██[38;2;104;169;175m██[38;2;96;157;164m██[38;2;23;39;40m██
[38;2;0;0;0m          [38;2;47;35;38m  [38;2;48;34;38m  [38;2;48;48;47m  [38;2;148;148;148m██[38;2;244;243;242m██[38;2;186;177;175m██[38;2;110;128;150m██[38;2;181;196;208m██[38;2;216;176;180m██[38;2;224;162;174m██[38;2;185;134;141m██[38;2;214;161;178m██[38;2;111;136;158m██[38;2;98;137;162m██[38;2;206;213;223m██[38;2;9;10;16m  [38;2;47;48;49m  [38;2;101;122;158m██[38;2;95;153;164m██[38;2;89;147;155m██[38;2;17;29;30m  
[38;2;0;0;0m          [38;2;143;106;116m██[38;2;224;158;181m██[38;2;224;214;217m██[38;2;255;255;255m██[38;2;244;243;242m██[38;2;217;211;211m██[38;2;230;240;243m██[38;2;244;243;242m██[38;2;203;198;194m██[38;2;158;128;129m██[38;2;32;32;34m██[38;2;69;70;73m██[38;2;167;170;178m██[38;2;85;96;152m██[38;2;112;127;147m██[38;2;99;112;124m██[38;2;159;160;168m██[38;2;198;202;207m██[38;2;74;109;132m██[38;2;18;29;36m  [38;2;0;0;0m  
[38;2;0;0;0m                [38;2;159;159;154m██[38;2;191;191;191m██[38;2;211;211;207m██[38;2;233;232;231m██[38;2;199;195;190m██[38;2;160;160;154m██[38;2;0;0;0m        [38;2;61;97;110m██[38;2;96;157;166m██[38;2;96;158;165m██[38;2;84;119;152m██[38;2;115;124;161m██[38;2;203;204;201m██[38;2;0;2;0m  [38;2;0;0;0m  
[38;2;0;0;0m                    [38;2;43;48;51m██[38;2;111;113;113m██[38;2;198;197;190m██[38;2;92;98;127m██[38;2;0;0;0m        [38;2;24;39;42m██[38;2;96;157;165m██[38;2;96;158;165m██[38;2;96;159;165m██[38;2;96;99;127m██[38;2;77;77;82m██[38;2;0;0;0m    
[38;2;15;15;15m  [38;2;63;63;63m██[38;2;144;147;144m██[38;2;203;206;201m██[38;2;125;126;124m██[38;2;125;144;174m██[38;2;135;154;189m██[38;2;0;0;0m    [38;2;23;27;35m  [38;2;122;148;187m██[38;2;90;97;111m██[38;2;167;170;181m██[38;2;96;110;163m██[38;2;181;206;253m██[38;2;161;183;232m██[38;2;12;12;12m  [38;2;0;0;0m    [38;2;54;88;92m  [38;2;72;118;123m██[38;2;60;79;111m██[38;2;106;106;124m  [38;2;0;0;4m  [38;2;0;0;0m    
[38;2;63;63;63m██[38;2;255;255;255m██[38;2;243;243;243m██[38;2;204;206;207m██[38;2;145;154;163m██[38;2;146;168;209m██[38;2;169;193;237m██[38;2;33;38;47m  [38;2;0;0;0m  [38;2;92;111;140m██[38;2;121;151;188m██[38;2;85;102;150m██[38;2;198;202;208m██[38;2;154;176;225m██[38;2;161;183;232m██[38;2;84;95;149m██[38;2;90;100;139m██[38;2;135;154;189m██[38;2;0;0;0m                
[38;2;0;0;0m    [38;2;192;199;199m██[38;2;209;220;223m██[38;2;107;132;152m██[38;2;121;151;188m██[38;2;137;160;197m██[38;2;38;44;55m██[38;2;0;0;0m    [38;2;109;134;178m██[38;2;210;213;227m██[38;2;100;116;172m██[38;2;181;206;253m██[38;2;149;162;193m██[38;2;92;101;131m██[38;2;155;182;230m██[38;2;181;206;253m██[38;2;86;98;130m██[38;2;17;33;54m██[38;2;12;8;9m  ██[38;2;0;0;0m        
[38;2;0;0;0m    [38;2;7;7;7m  [38;2;92;114;138m██[38;2;124;153;184m██[38;2;121;151;188m██[38;2;99;124;146m██[38;2;61;99;129m██[38;2;3;0;0m  [38;2;33;37;44m  [38;2;113;127;160m██[38;2;129;141;175m██[38;2;129;149;200m██[38;2;137;152;186m██[38;2;220;224;234m██[38;2;111;111;123m██[38;2;124;131;154m██[38;2;181;206;253m██[38;2;173;197;245m██[38;2;95;122;180m██[38;2;50;91;145m██[38;2;12;8;9m  [38;2;0;0;0m        
[38;2;0;0;0m      [38;2;68;84;105m  [38;2;90;113;141m██[38;2;113;141;176m██[38;2;92;115;137m██[38;2;55;92;121m██[38;2;66;100;129m██[38;2;66;80;96m██[38;2;164;171;188m██[38;2;156;177;218m██[38;2;154;172;207m██[38;2;107;104;107m██[38;2;211;211;207m██[38;2;169;163;159m██[38;2;175;172;181m██[38;2;142;161;207m██[38;2;154;182;224m██[38;2;88;103;153m██[38;2;66;145;237m██[38;2;64;68;93m██[38;2;47;33;37m  [38;2;0;0;0m      
[38;2;0;0;0m          [38;2;23;27;35m    [38;2;0;0;0m  [38;2;7;7;10m  [38;2;115;126;139m██[38;2;164;164;158m██[38;2;87;92;101m██[38;2;154;172;206m██[38;2;209;209;207m██[38;2;211;211;207m██[38;2;171;169;159m██[38;2;200;198;190m██[38;2;107;115;154m██[38;2;112;138;181m██[38;2;76;108;172m██[38;2;70;120;195m██[38;2;107;120;175m██[38;2;47;33;37m  [38;2;0;0;0m      
[38;2;0;0;0m              [38;2;24;24;19m  [38;2;61;62;51m██[38;2;185;186;174m██[38;2;42;55;83m██[38;2;69;108;175m██[38;2;113;113;113m██[38;2;255;255;255m██[38;2;211;211;207m██[38;2;146;148;150m██[38;2;147;153;172m██[38;2;112;139;181m██[38;2;76;94;153m██[38;2;101;103;156m██[38;2;101;102;154m██[38;2;66;95;153m██[38;2;0;0;0m        
[38;2;0;0;0m          [38;2;111;111;106m  [38;2;136;136;125m██[38;2;160;160;149m██[38;2;148;148;138m██[38;2;49;49;47m██[38;2;2;0;0m  [38;2;18;26;39m  [38;2;173;173;173m██[38;2;224;221;218m██[38;2;244;244;243m██[38;2;104;106;115m██[38;2;22;25;38m██[38;2;99;121;152m██[38;2;112;104;131m██[38;2;43;33;39m██[38;2;233;171;189m██[38;2;52;39;45m██[38;2;0;0;0m        
[38;2;0;0;0m                      [38;2;167;167;166m██[38;2;203;203;202m██[38;2;218;215;213m██[38;2;239;239;239m██[38;2;47;47;47m  [38;2;0;0;0m    [38;2;30;26;30m  [38;2;126;97;108m██[38;2;0;0;0m            
[38;2;0;0;0m                      [38;2;23;23;23m  [38;2;58;59;56m██[38;2;58;61;58m██[38;2;47;47;47m  [38;2;0;0;0m                      [0m
