
[38;2;0;0;0m            [38;2;49;49;49m████[38;2;0;0;0m                  
[38;2;0;0;0m          [38;2;49;49;49m██[38;2;139;98;57m████[38;2;49;49;49m██[38;2;0;0;0m                
[38;2;0;0;0m        [38;2;49;49;49m██[38;2;139;98;57m██[38;2;82;65;57m████[38;2;139;98;57m██[38;2;49;49;49m██[38;2;0;0;0m              
[38;2;0;0;0m        [38;2;49;49;49m██[38;2;139;98;57m██[38;2;82;65;57m██[38;2;106;82;57m██[38;2;139;98;57m██[38;2;49;49;49m██[38;2;0;0;0m              
[38;2;0;0;0m        [38;2;49;49;49m██[38;2;106;82;57m██[38;2;139;98;57m██[38;2;82;65;57m██[38;2;49;49;49m██[38;2;0;0;0m                
[38;2;0;0;0m      [38;2;49;49;49m██[38;2;139;98;57m██[38;2;82;82;82m██[38;2;139;98;57m██[38;2;49;49;49m██[38;2;0;0;0m    [38;2;49;49;49m██[38;2;0;0;0m            
[38;2;0;0;0m      [38;2;49;49;49m██[38;2;139;98;57m██[38;2;106;82;57m██[38;2;82;82;82m██[38;2;139;98;57m██[38;2;49;49;49m████[38;2;139;98;57m██[38;2;49;49;49m██[38;2;0;0;0m          
[38;2;0;0;0m  [38;2;49;49;49m██[38;2;0;0;0m    [38;2;49;49;49m██[38;2;139;98;57m██████[38;2;82;65;57m██[38;2;139;98;57m████[38;2;49;49;49m██[38;2;0;0;0m          
[38;2;49;49;49m██[38;2;139;98;57m██[38;2;49;49;49m████[38;2;255;164;8m██[38;2;139;98;57m████████[38;2;106;82;57m██[38;2;49;49;49m██[38;2;0;0;0m            
[38;2;49;49;49m██[38;2;106;82;57m██[38;2;139;98;57m██[38;2;82;65;57m██[38;2;255;189;98m██[38;2;139;98;57m████[38;2;255;164;8m██[38;2;139;98;57m████[38;2;82;65;57m██[38;2;49;49;49m████[38;2;0;0;0m        
[38;2;49;49;49m██[38;2;139;98;57m██[38;2;106;82;57m██[38;2;139;98;57m████████[38;2;255;189;98m██[38;2;139;98;57m████[38;2;106;82;57m██[38;2;139;98;57m████[38;2;49;49;49m██[38;2;0;0;0m  [38;2;49;49;49m██[38;2;0;0;0m  
[38;2;0;0;0m  [38;2;49;49;49m██[38;2;106;82;57m██[38;2;139;98;57m██[38;2;189;189;189m██[38;2;106;82;57m██[38;2;139;98;57m██████[38;2;106;82;57m██[38;2;139;98;57m████████[38;2;49;49;49m██[38;2;139;98;57m██[38;2;49;49;49m██
[38;2;0;0;0m    [38;2;49;49;49m██[38;2;82;65;57m██[38;2;139;98;57m████[38;2;189;189;189m██[38;2;139;98;57m██████████████████[38;2;49;49;49m██
[38;2;0;0;0m    [38;2;49;49;49m██[38;2;255;164;8m██[38;2;139;98;57m████████[38;2;82;65;57m██[38;2;106;82;57m██[38;2;139;98;57m██[38;2;82;82;82m██[38;2;139;98;57m██████[38;2;49;49;49m██[38;2;0;0;0m  
[38;2;0;0;0m    [38;2;49;49;49m██[38;2;255;164;8m██[38;2;82;65;57m██[38;2;139;98;57m████[38;2;82;65;57m██[38;2;255;189;98m████[38;2;82;82;82m██[38;2;197;106;82m██[38;2;82;82;82m██[38;2;49;49;49m████[38;2;0;0;0m    
[38;2;0;0;0m      [38;2;49;49;49m██[38;2;197;106;82m██[38;2;82;65;57m████[38;2;197;106;82m██[38;2;255;164;8m████[38;2;197;106;82m██[38;2;238;139;98m██[38;2;197;106;82m██[38;2;49;49;49m██[38;2;0;0;0m      
[38;2;0;0;0m      [38;2;49;49;49m██[38;2;238;139;98m██[38;2;197;106;82m████[38;2;238;139;98m██[38;2;197;106;82m████[38;2;238;139;98m████[38;2;49;49;49m██[38;2;0;0;0m        
[38;2;0;0;0m        [38;2;49;49;49m████████[38;2;197;106;82m██[38;2;238;139;98m████[38;2;49;49;49m██[38;2;0;0;0m          
[38;2;0;0;0m                [38;2;49;49;49m██████[38;2;0;0;0m            [0m
