
[38;2;0;0;0m          ████                  
[38;2;0;0;0m    ██  ██[38;2;222;222;254m██[38;2;0;0;0m██                  
[38;2;0;0;0m  ██[38;2;198;206;254m██[38;2;0;0;0m██[38;2;214;222;254m████[38;2;71;71;79m██[38;2;0;0;0m████              
[38;2;0;0;0m  ██[38;2;198;206;254m██[38;2;0;0;0m██[38;2;214;222;254m██[38;2;123;125;139m██[38;2;143;143;159m██[38;2;214;214;238m██[38;2;0;0;0m██    ██████    
[38;2;0;0;0m  ██[38;2;165;173;213m██[38;2;198;206;254m██[38;2;189;206;253m██[38;2;123;123;139m██[38;2;206;214;254m██[38;2;162;166;194m██[38;2;74;74;82m██[38;2;0;0;0m████[38;2;214;222;254m██████[38;2;0;0;0m██  
[38;2;0;0;0m██[38;2;66;66;66m██[38;2;165;173;213m██[38;2;198;206;254m██[38;2;167;178;215m████[38;2;118;118;134m██[38;2;74;70;74m██[38;2;74;74;82m██[38;2;222;222;246m██[38;2;214;222;254m████[38;2;145;151;172m██[38;2;8;8;8m██[38;2;0;0;0m    
[38;2;0;0;0m██[38;2;115;121;142m██[38;2;165;173;213m████[38;2;110;118;129m██[38;2;66;70;66m██[38;2;66;66;66m██[38;2;198;206;254m██████[38;2;165;173;213m████[38;2;0;0;0m██      
[38;2;0;0;0m██[38;2;173;181;213m██[38;2;115;119;139m██[38;2;66;66;66m██[38;2;66;70;66m██[38;2;198;214;254m██[38;2;198;206;254m████[38;2;165;173;213m██████[38;2;123;123;139m████[38;2;0;0;0m████  
[38;2;0;0;0m██[38;2;165;173;213m██[38;2;66;66;66m██[38;2;165;173;213m██[38;2;206;214;254m██[38;2;118;118;134m██[38;2;66;66;66m████[38;2;165;173;213m████████[38;2;173;181;229m████[38;2;222;222;254m██[38;2;0;0;0m██
[38;2;0;0;0m██[38;2;165;173;213m██████[38;2;162;166;194m██[38;2;74;70;74m██[38;2;66;66;66m██[38;2;165;173;213m████[38;2;123;123;139m████[38;2;165;173;213m██[38;2;173;181;229m██[38;2;0;0;0m████  
[38;2;0;0;0m██[38;2;123;123;139m██[38;2;165;176;213m████[38;2;165;173;213m██████[38;2;99;53;59m██[38;2;66;66;66m████[38;2;165;173;213m██[38;2;66;66;66m██[38;2;0;0;0m██      
[38;2;0;0;0m  ██[38;2;165;176;213m████[38;2;165;173;213m██[38;2;123;123;139m██[38;2;99;53;59m████[38;2;255;255;255m██[38;2;66;66;66m██[38;2;165;173;213m████[38;2;123;123;139m██[38;2;0;0;0m██    
[38;2;0;0;0m  ██[38;2;165;173;213m██[38;2;60;60;71m██[38;2;119;121;139m██[38;2;173;173;213m██[38;2;66;66;66m██[38;2;247;247;255m████[38;2;66;66;66m██[38;2;165;173;213m████[38;2;198;206;254m████[38;2;0;0;0m██  
[38;2;0;0;0m    [38;2;8;4;0m██[38;2;165;173;213m██[38;2;119;121;139m██[38;2;66;70;66m██[38;2;187;187;192m██[38;2;66;66;66m████[38;2;187;187;192m██[38;2;66;66;66m████[38;2;0;0;0m████    
[38;2;0;0;0m    ██[38;2;123;123;139m██[38;2;165;173;213m████[38;2;66;66;66m████[38;2;165;173;213m████[38;2;63;63;68m██[38;2;0;0;0m██        
[38;2;0;0;0m      ██[38;2;123;123;139m████[38;2;165;173;213m████[38;2;66;66;66m████[38;2;63;63;68m██[38;2;126;126;137m██[38;2;0;0;0m██      
[38;2;0;0;0m        ██[38;2;123;123;139m██[38;2;115;122;142m████████[38;2;0;0;0m████        
[38;2;0;0;0m          ██[38;2;0;4;0m██[38;2;173;181;213m████[38;2;0;4;0m██[38;2;0;0;0m            
[38;2;0;0;0m              ████              [0m
