
[38;2;0;0;0m        ██                                
[38;2;0;0;0m      ██[38;2;140;107;180m██[38;2;0;0;0m██                              
[38;2;0;0;0m      ██[38;2;140;107;180m██[38;2;0;0;0m██                              
[38;2;0;0;0m      ██[38;2;140;107;180m████[38;2;0;0;0m██                            
[38;2;0;0;0m      ██[38;2;140;107;180m████[38;2;0;0;0m██                ██████      
[38;2;0;0;0m      ██[38;2;239;115;159m██[38;2;140;107;180m████[38;2;0;0;0m██████      ████[38;2;140;107;180m██[38;2;0;0;0m██        
[38;2;0;0;0m      ██[38;2;239;115;159m██[38;2;90;74;162m████[38;2;140;107;180m██████[38;2;0;0;0m██████[38;2;140;107;180m████████[38;2;0;0;0m██      
[38;2;0;0;0m    ██[38;2;222;74;134m██[38;2;238;115;158m██[38;2;140;107;180m████[38;2;140;110;180m████████[38;2;90;86;178m██[38;2;140;98;174m██[38;2;139;107;179m████[38;2;140;107;180m██[38;2;0;0;0m██        
[38;2;0;0;0m    ██[38;2;238;115;158m████[38;2;255;222;175m██[38;2;140;107;180m██[38;2;140;110;180m████████[38;2;140;98;174m██[38;2;239;123;167m██[38;2;222;74;134m██[38;2;139;107;179m██[38;2;0;0;0m██          
[38;2;0;0;0m  ████[38;2;239;115;159m████[38;2;255;231;159m██[38;2;140;110;172m██[38;2;140;107;180m██[38;2;255;222;175m██[38;2;140;107;180m██[38;2;239;115;159m██[38;2;238;115;158m████[38;2;140;107;180m██[38;2;0;0;0m██            
[38;2;0;0;0m██[38;2;140;107;180m████[38;2;255;255;255m██[38;2;239;115;159m██[38;2;197;170;165m██[38;2;140;110;172m██[38;2;140;107;180m██[38;2;255;222;175m██[38;2;239;115;159m████[38;2;238;115;158m██[38;2;222;74;134m██[38;2;140;107;180m██[38;2;0;0;0m██            
[38;2;0;0;0m  ██[38;2;140;107;180m██[38;2;255;255;255m██[38;2;127;133;131m██[38;2;140;110;180m████[38;2;140;107;180m██[38;2;189;173;133m██[38;2;189;165;152m████[38;2;167;96;167m████[38;2;0;0;0m██      ████    
[38;2;0;0;0m    ██[38;2;127;133;131m██[38;2;0;12;8m██[38;2;140;110;180m████[38;2;140;107;180m████[38;2;156;132;100m██[38;2;255;231;255m██[38;2;255;255;255m██[38;2;167;96;167m██[38;2;90;74;162m██[38;2;0;0;0m██  ██[38;2;140;107;180m████[38;2;0;0;0m██  
[38;2;0;0;0m      ██[38;2;189;173;133m██[38;2;255;222;175m██[38;2;135;119;147m██[38;2;165;143;133m██[38;2;0;0;16m██[38;2;123;148;139m██[38;2;239;222;199m██[38;2;140;111;188m████[38;2;140;107;180m████[38;2;0;0;0m██  ██[38;2;140;107;180m████[38;2;0;0;0m██
[38;2;0;0;0m        ██[38;2;135;119;147m██[38;2;255;222;175m██[38;2;247;214;191m████[38;2;239;222;199m██[38;2;123;148;139m██[38;2;93;74;128m██[38;2;0;0;8m██[38;2;0;0;0m████    ██[38;2;140;107;180m████[38;2;0;0;0m██
[38;2;0;0;0m          ████[38;2;66;66;66m██[38;2;143;137;111m██[38;2;93;74;141m██[38;2;0;0;16m██[38;2;0;0;0m██        ██[38;2;140;111;188m██[38;2;93;74;128m██[38;2;140;107;180m██[38;2;0;0;0m██
[38;2;0;0;0m            ██[38;2;181;173;133m████[38;2;140;111;204m██[38;2;93;74;141m██[38;2;0;0;0m██        ██[38;2;140;111;188m██[38;2;0;0;8m██[38;2;140;107;180m██[38;2;0;0;0m██
[38;2;0;0;0m            ██[38;2;156;132;164m████[38;2;140;107;180m██████[38;2;0;0;0m██    ██[38;2;140;107;180m██[38;2;0;0;0m██  ██  
[38;2;0;0;0m              ██[38;2;156;132;164m██[38;2;189;173;133m██[38;2;140;107;180m██████[38;2;90;75;162m████[38;2;140;107;180m██[38;2;0;0;0m██        
[38;2;0;0;0m              ██[38;2;140;107;180m██[38;2;156;132;172m██[38;2;104;88;120m██[38;2;173;156;165m██[38;2;115;104;113m██[38;2;0;0;0m██████          
[38;2;0;0;0m                ██[38;2;156;132;172m██[38;2;0;0;16m██[38;2;0;0;8m████[38;2;0;0;0m                
[38;2;0;0;0m                ████                      [0m
