
[38;2;0;0;0m  [38;2;49;49;49m████[38;2;0;0;0m                                    
[38;2;0;0;0m  [38;2;49;49;49m██[38;2;205;82;49m██[38;2;49;49;49m██[38;2;0;0;0m        [38;2;49;49;49m████[38;2;0;0;0m                      
[38;2;0;0;0m    [38;2;49;49;49m██[38;2;90;148;57m██[38;2;49;49;49m████[38;2;0;0;0m  [38;2;49;49;49m██[38;2;148;106;74m██[38;2;49;49;49m██[38;2;0;0;0m              [38;2;49;49;49m██████[38;2;0;0;0m  
[38;2;0;0;0m    [38;2;49;49;49m██[38;2;90;148;57m██[38;2;82;82;82m██[38;2;148;106;74m██[38;2;49;49;49m██[38;2;82;82;82m██[38;2;148;106;74m██[38;2;49;49;49m██████[38;2;0;0;0m      [38;2;49;49;49m████[38;2;246;115;57m████[38;2;49;49;49m██[38;2;0;0;0m  
[38;2;0;0;0m      [38;2;49;49;49m██[38;2;82;82;82m██[38;2;148;106;74m██[38;2;82;82;82m██[38;2;148;106;74m████[38;2;82;82;82m██[38;2;148;106;74m██[38;2;49;49;49m██[38;2;0;0;0m  [38;2;49;49;49m████[38;2;139;197;74m██[38;2;246;115;57m██[38;2;205;82;49m██[38;2;49;49;49m██[38;2;0;0;0m    
[38;2;0;0;0m      [38;2;49;49;49m██[38;2;90;148;57m██[38;2;82;82;82m████[38;2;148;106;74m██[38;2;82;82;82m██[38;2;148;106;74m████[38;2;82;82;82m██[38;2;49;49;49m██[38;2;139;197;74m██████[38;2;49;49;49m████[38;2;0;0;0m      
[38;2;0;0;0m        [38;2;49;49;49m██[38;2;82;82;82m██[38;2;148;106;74m████████[38;2;82;82;82m██[38;2;139;197;74m██[38;2;90;148;57m██[38;2;139;197;74m████[38;2;49;49;49m██[38;2;0;0;0m          
[38;2;0;0;0m        [38;2;49;49;49m██[38;2;238;172;98m██[38;2;82;82;82m██[38;2;148;106;74m██[38;2;82;82;82m████[38;2;238;172;98m██[38;2;139;197;74m████[38;2;90;148;57m██[38;2;49;49;49m██[38;2;0;0;0m            
[38;2;0;0;0m      [38;2;49;49;49m██[38;2;255;255;255m██[38;2;49;49;49m██[38;2;82;82;82m████[38;2;238;172;98m██[38;2;180;123;74m██[38;2;82;82;82m██[38;2;238;172;98m██[38;2;139;197;74m██████[38;2;49;49;49m██[38;2;0;0;0m          
[38;2;0;0;0m      [38;2;49;49;49m██[38;2;82;82;82m████[38;2;238;172;98m████[38;2;82;82;82m██[38;2;49;49;49m██[38;2;255;255;255m██[38;2;238;172;98m██[38;2;90;148;57m██[38;2;139;197;74m████[38;2;49;49;49m██[38;2;0;0;0m          
[38;2;0;0;0m    [38;2;49;49;49m████[38;2;246;115;57m██[38;2;238;172;98m████████[38;2;49;49;49m██[38;2;255;255;255m██[38;2;148;106;74m██[38;2;90;148;57m██[38;2;139;197;74m██████[38;2;49;49;49m██[38;2;0;0;0m        
[38;2;0;0;0m  [38;2;49;49;49m██[38;2;90;148;57m██[38;2;82;82;82m████[38;2;238;172;98m██████████[38;2;148;106;74m████[38;2;90;148;57m██[38;2;139;197;74m██████[38;2;49;49;49m██[38;2;0;0;0m        
[38;2;0;0;0m  [38;2;49;49;49m██[38;2;90;148;57m██[38;2;82;82;82m██[38;2;139;197;74m██[38;2;82;82;82m██[38;2;238;172;98m██████[38;2;82;82;82m██[38;2;238;172;98m██[38;2;90;148;57m██[38;2;139;197;74m████[38;2;82;82;82m██[38;2;139;197;74m██[38;2;49;49;49m██[38;2;0;0;0m        
[38;2;49;49;49m██[38;2;90;148;57m████[38;2;148;106;74m██[38;2;82;82;82m██[38;2;139;197;74m████[38;2;82;82;82m████[38;2;90;148;57m████[38;2;139;197;74m██████[38;2;82;82;82m██[38;2;139;197;74m██[38;2;49;49;49m██[38;2;0;0;0m        
[38;2;49;49;49m██[38;2;148;106;74m████[38;2;49;49;49m████[38;2;139;197;74m████████████[38;2;82;82;82m██[38;2;139;197;74m██████[38;2;82;82;82m██[38;2;49;49;49m██[38;2;0;0;0m    [38;2;49;49;49m████
[38;2;0;0;0m  [38;2;49;49;49m████[38;2;0;0;0m    [38;2;49;49;49m██[38;2;139;197;74m██[38;2;148;106;74m██[38;2;139;197;74m██████[38;2;82;82;82m██[38;2;139;197;74m██[38;2;90;148;57m████[38;2;82;82;82m██[38;2;90;148;57m██[38;2;49;49;49m████[38;2;246;115;57m██[38;2;49;49;49m██
[38;2;0;0;0m            [38;2;49;49;49m██[38;2;148;106;74m██[38;2;139;197;74m██[38;2;148;106;74m██[38;2;90;148;57m████[38;2;82;82;82m██[38;2;139;197;74m████[38;2;82;82;82m██[38;2;90;148;57m████[38;2;246;115;57m██[38;2;49;49;49m██[38;2;0;0;0m  
[38;2;0;0;0m          [38;2;49;49;49m██[38;2;123;90;65m██[38;2;82;82;82m████[38;2;90;148;57m████[38;2;123;90;65m██[38;2;148;106;74m██[38;2;82;82;82m████[38;2;90;148;57m████[38;2;49;49;49m████[38;2;0;0;0m    
[38;2;0;0;0m          [38;2;49;49;49m██[38;2;82;82;82m██[38;2;123;90;65m██[38;2;49;49;49m██[38;2;123;90;65m████[38;2;148;106;74m██████[38;2;82;82;82m██[38;2;49;49;49m████[38;2;0;0;0m        
[38;2;0;0;0m            [38;2;49;49;49m████[38;2;0;0;0m  [38;2;49;49;49m██[38;2;82;82;82m██[38;2;148;106;74m██████[38;2;49;49;49m██[38;2;0;0;0m            
[38;2;0;0;0m                    [38;2;49;49;49m██[38;2;255;255;255m██[38;2;164;164;164m██[38;2;255;255;255m██[38;2;49;49;49m██[38;2;0;0;0m            
[38;2;0;0;0m                      [38;2;49;49;49m██████[38;2;0;0;0m              [0m
