
[38;2;0;0;0m      ████        ████      
[38;2;0;0;0m    ██[38;2;247;121;167m████[38;2;0;8;8m████[38;2;0;0;0m████[38;2;239;82;119m████[38;2;0;0;0m██    
[38;2;0;0;0m    ██[38;2;247;121;167m██[38;2;231;82;119m██[38;2;214;115;134m██[38;2;143;79;92m██[38;2;123;198;107m████[38;2;74;61;66m██[38;2;184;75;101m██[38;2;0;0;0m██    
[38;2;0;0;0m    ██[38;2;184;75;101m██[38;2;239;82;119m██[38;2;206;70;110m██[38;2;160;138;112m██[38;2;132;217;108m████[38;2;132;214;108m██[38;2;115;181;115m██[38;2;0;0;0m██    
[38;2;0;0;0m  ██[38;2;132;214;108m██[38;2;74;61;66m██[38;2;239;82;119m██[38;2;206;70;110m██[38;2;115;206;115m██[38;2;132;217;108m████[38;2;115;181;115m██[38;2;132;214;108m██[38;2;115;181;115m██[38;2;0;0;0m██  
[38;2;0;0;0m  ██[38;2;132;214;108m██[38;2;82;53;66m██[38;2;126;120;89m██[38;2;115;181;115m██[38;2;132;214;108m████[38;2;115;181;115m██[38;2;132;217;108m████[38;2;132;214;108m██[38;2;0;0;0m██  
[38;2;0;0;0m██[38;2;132;214;108m████[38;2;170;188;111m██[38;2;82;53;66m██[38;2;115;181;115m██[38;2;132;214;108m████[38;2;115;181;115m██[38;2;132;217;108m████[38;2;132;214;108m████[38;2;0;0;0m██
[38;2;0;0;0m██[38;2;123;206;107m████[38;2;132;214;108m██[38;2;129;184;113m██[38;2;132;217;108m████[38;2;115;181;115m██[38;2;132;214;108m██[38;2;132;217;108m████[38;2;132;214;108m████[38;2;0;0;0m██
[38;2;0;0;0m  ██[38;2;123;206;107m██[38;2;132;214;108m██[38;2;123;123;123m██[38;2;132;217;108m████[38;2;115;181;115m██[38;2;132;214;108m██[38;2;132;217;108m████[38;2;132;214;108m██[38;2;115;181;115m██[38;2;0;0;0m██
[38;2;0;0;0m    ██[38;2;127;127;127m████[38;2;132;214;108m████[38;2;123;184;112m██[38;2;123;214;107m██[38;2;123;141;123m████[38;2;66;66;66m██[38;2;0;0;0m██  
[38;2;0;0;0m      ██[38;2;255;255;255m██[38;2;123;123;123m████████[38;2;247;255;247m██[38;2;0;28;0m██[38;2;0;0;0m      
[38;2;0;0;0m        ██[38;2;175;175;175m██[38;2;255;255;255m██████[38;2;0;0;0m██        
[38;2;0;0;0m          [38;2;16;16;16m██[38;2;96;96;96m██[38;2;127;127;127m██[38;2;0;0;0m██          
[38;2;0;0;0m          [38;2;8;4;8m██[38;2;255;255;255m██[38;2;156;156;156m██[38;2;255;255;255m██[38;2;0;0;0m██        
[38;2;0;0;0m        ██[38;2;255;255;255m██[38;2;173;171;173m██[38;2;255;255;255m██[38;2;156;156;156m██[38;2;189;189;205m██[38;2;0;0;0m████    
[38;2;0;0;0m        ██[38;2;255;255;255m██[38;2;127;127;127m██[38;2;255;255;255m████████[38;2;189;189;205m██[38;2;0;0;0m██  
[38;2;0;0;0m          ████[38;2;255;255;255m████[38;2;173;171;173m██[38;2;8;4;8m██[38;2;0;0;0m██    
[38;2;0;0;0m              ██████        [0m
