
[38;2;0;0;0m  [38;2;49;49;49m██[38;2;0;0;0m                                              
[38;2;49;49;49m██[38;2;205;205;205m██[38;2;49;49;49m██[38;2;0;0;0m                                            
[38;2;49;49;49m██[38;2;205;205;205m████[38;2;49;49;49m██[38;2;0;0;0m  [38;2;49;49;49m██[38;2;0;0;0m          [38;2;49;49;49m████[38;2;0;0;0m    [38;2;49;49;49m████[38;2;0;0;0m                
[38;2;49;49;49m██[38;2;205;205;205m██████[38;2;49;49;49m██[38;2;255;255;255m██[38;2;49;49;49m██[38;2;0;0;0m  [38;2;49;49;49m██[38;2;0;0;0m  [38;2;49;49;49m██[38;2;74;148;255m████[38;2;49;49;49m████[38;2;255;255;255m██[38;2;49;49;49m██[38;2;0;0;0m                
[38;2;0;0;0m  [38;2;49;49;49m██[38;2;205;205;205m██[38;2;82;82;82m████[38;2;164;164;164m██[38;2;82;82;82m██[38;2;49;49;49m██[38;2;255;255;255m██[38;2;49;49;49m██[38;2;74;148;255m████[38;2;82;82;82m██[38;2;49;49;49m██[38;2;255;255;255m████[38;2;49;49;49m██[38;2;0;0;0m                
[38;2;0;0;0m  [38;2;49;49;49m██[38;2;82;82;82m██[38;2;74;148;255m████████[38;2;82;82;82m██[38;2;164;164;164m██[38;2;82;82;82m██████[38;2;255;255;255m██████[38;2;82;82;82m██[38;2;49;49;49m██[38;2;0;0;0m                
[38;2;49;49;49m██[38;2;74;148;255m██[38;2;156;197;255m████[38;2;74;148;255m████████[38;2;82;82;82m████[38;2;123;123;123m██[38;2;255;255;255m██████[38;2;205;205;205m██[38;2;82;82;82m██[38;2;74;148;255m██[38;2;49;49;49m██[38;2;0;0;0m              
[38;2;49;49;49m██[38;2;65;115;197m████[38;2;74;148;255m██████████[38;2;82;82;82m██████[38;2;255;255;255m██████[38;2;82;82;82m██[38;2;74;148;255m██████[38;2;49;49;49m██[38;2;0;0;0m            
[38;2;49;49;49m██[38;2;82;82;82m██[38;2;65;115;197m██████[38;2;74;148;255m████[38;2;65;115;197m██[38;2;82;82;82m██████[38;2;164;164;164m██[38;2;255;255;255m██[38;2;82;82;82m██████[38;2;74;148;255m██[38;2;65;115;197m████[38;2;49;49;49m██[38;2;0;0;0m          
[38;2;0;0;0m  [38;2;49;49;49m██[38;2;65;115;197m██████████[38;2;82;82;82m██████[38;2;123;123;123m██[38;2;82;82;82m████[38;2;123;123;123m██[38;2;82;82;82m██[38;2;74;148;255m██[38;2;82;82;82m████[38;2;65;115;197m██[38;2;49;49;49m██[38;2;0;0;0m          
[38;2;0;0;0m  [38;2;49;49;49m██[38;2;255;255;255m████[38;2;65;115;197m████[38;2;82;82;82m██████[38;2;180;74;57m██[38;2;164;164;164m██[38;2;82;82;82m██[38;2;164;164;164m██[38;2;123;123;123m██[38;2;82;82;82m██[38;2;74;148;255m████[38;2;164;164;164m██[38;2;82;82;82m██[38;2;65;115;197m██[38;2;49;49;49m██[38;2;0;0;0m        
[38;2;0;0;0m    [38;2;49;49;49m██[38;2;164;164;164m██[38;2;82;82;82m██[38;2;255;255;255m████[38;2;82;82;82m██[38;2;49;49;49m██[38;2;246;74;57m██[38;2;164;164;164m██[38;2;82;82;82m██[38;2;164;164;164m██[38;2;82;82;82m██[38;2;164;164;164m██[38;2;255;255;255m████[38;2;123;123;123m████[38;2;82;82;82m██[38;2;49;49;49m██[38;2;0;0;0m        
[38;2;0;0;0m    [38;2;49;49;49m██[38;2;82;82;82m██████[38;2;164;164;164m██[38;2;82;82;82m██[38;2;246;74;57m██[38;2;164;164;164m██[38;2;82;82;82m████[38;2;123;123;123m██[38;2;82;82;82m██[38;2;74;148;255m██[38;2;82;82;82m██[38;2;123;123;123m██████████[38;2;49;49;49m██[38;2;0;0;0m      
[38;2;0;0;0m      [38;2;49;49;49m████[38;2;82;82;82m████[38;2;164;164;164m████[38;2;82;82;82m██[38;2;123;123;123m████[38;2;82;82;82m██[38;2;65;115;197m██[38;2;123;123;123m██████████████[38;2;82;82;82m██[38;2;49;49;49m████[38;2;0;0;0m  
[38;2;0;0;0m          [38;2;49;49;49m██[38;2;164;164;164m██████[38;2;82;82;82m██████[38;2;164;164;164m██[38;2;82;82;82m██[38;2;164;164;164m██[38;2;82;82;82m██[38;2;123;123;123m██[38;2;164;164;164m████[38;2;82;82;82m██[38;2;123;123;123m██[38;2;82;82;82m██[38;2;65;115;197m██[38;2;82;82;82m██[38;2;49;49;49m██
[38;2;0;0;0m            [38;2;49;49;49m██[38;2;82;82;82m██████[38;2;74;148;255m████[38;2;82;82;82m██[38;2;74;148;255m████[38;2;82;82;82m██[38;2;164;164;164m████████[38;2;82;82;82m████[38;2;65;115;197m██[38;2;82;82;82m██[38;2;49;49;49m██
[38;2;0;0;0m              [38;2;49;49;49m██[38;2;123;123;123m████[38;2;82;82;82m██[38;2;164;164;164m██[38;2;82;82;82m██[38;2;164;164;164m██[38;2;82;82;82m██[38;2;164;164;164m████████[38;2;74;148;255m██[38;2;82;82;82m████[38;2;49;49;49m████[38;2;0;0;0m  
[38;2;0;0;0m                [38;2;49;49;49m██[38;2;82;82;82m██[38;2;123;123;123m██[38;2;82;82;82m██[38;2;123;123;123m██[38;2;82;82;82m████[38;2;74;148;255m██[38;2;255;255;255m████[38;2;74;148;255m██[38;2;65;115;197m██[38;2;82;82;82m██[38;2;49;49;49m██[38;2;0;0;0m      
[38;2;0;0;0m              [38;2;49;49;49m██[38;2;205;205;205m████[38;2;82;82;82m██[38;2;49;49;49m████████[38;2;65;115;197m████████[38;2;82;82;82m██[38;2;123;123;123m██[38;2;49;49;49m██[38;2;0;0;0m      
[38;2;0;0;0m                [38;2;49;49;49m██████[38;2;0;0;0m        [38;2;49;49;49m██[38;2;82;82;82m██████[38;2;123;123;123m████[38;2;49;49;49m██[38;2;0;0;0m      
[38;2;0;0;0m                                [38;2;49;49;49m██[38;2;123;123;123m██[38;2;82;82;82m██[38;2;123;123;123m██[38;2;49;49;49m██[38;2;0;0;0m        
[38;2;0;0;0m                              [38;2;49;49;49m██[38;2;205;205;205m██[38;2;82;82;82m██[38;2;205;205;205m██[38;2;123;123;123m██[38;2;49;49;49m██[38;2;0;0;0m        
[38;2;0;0;0m                                [38;2;49;49;49m████████[38;2;0;0;0m          [0m
