
[38;2;0;0;0m        [38;2;49;49;49m██[38;2;0;0;0m                                                    
[38;2;0;0;0m      [38;2;49;49;49m██[38;2;82;156;106m██[38;2;49;49;49m██[38;2;0;0;0m                                                  
[38;2;0;0;0m      [38;2;49;49;49m██[38;2;82;156;106m██[38;2;49;49;49m██[38;2;0;0;0m                  [38;2;49;49;49m██████[38;2;0;0;0m                          
[38;2;0;0;0m      [38;2;49;49;49m██[38;2;82;156;106m████[38;2;49;49;49m██[38;2;0;0;0m              [38;2;49;49;49m██[38;2;197;255;213m██[38;2;131;213;148m██[38;2;49;49;49m██[38;2;0;0;0m                          
[38;2;0;0;0m      [38;2;49;49;49m██[38;2;82;156;106m████[38;2;49;49;49m██[38;2;0;0;0m            [38;2;49;49;49m██[38;2;197;255;213m██[38;2;131;213;148m██[38;2;49;49;49m██[38;2;0;0;0m                            
[38;2;0;0;0m        [38;2;49;49;49m██[38;2;82;156;106m██[38;2;49;49;49m██[38;2;0;0;0m        [38;2;49;49;49m████[38;2;131;213;148m████[38;2;49;49;49m██[38;2;0;0;0m        [38;2;49;49;49m██[38;2;0;0;0m                    
[38;2;0;0;0m        [38;2;49;49;49m██[38;2;82;156;106m████[38;2;49;49;49m██[38;2;0;0;0m    [38;2;49;49;49m██[38;2;82;156;106m██[38;2;131;213;148m████[38;2;49;49;49m██[38;2;0;0;0m        [38;2;49;49;49m██[38;2;180;82;98m██[38;2;49;49;49m██[38;2;0;0;0m                  
[38;2;0;0;0m      [38;2;49;49;49m████[38;2;82;156;106m██[38;2;82;82;82m██[38;2;49;49;49m██[38;2;0;0;0m  [38;2;82;82;82m██[38;2;131;213;148m████[38;2;82;82;82m████[38;2;197;156;57m██[38;2;49;49;49m████[38;2;0;0;0m    [38;2;49;49;49m██[38;2;180;82;98m██[38;2;49;49;49m██[38;2;0;0;0m    [38;2;49;49;49m████[38;2;0;0;0m          
[38;2;0;0;0m    [38;2;49;49;49m██[38;2;82;156;106m██[38;2;131;213;148m██[38;2;82;82;82m██[38;2;82;156;106m████[38;2;82;82;82m██[38;2;131;213;148m████[38;2;74;115;90m██[38;2;131;213;148m██[38;2;74;115;90m██[38;2;255;205;57m██[38;2;131;213;148m████[38;2;49;49;49m████[38;2;82;82;82m██[38;2;180;82;98m██[38;2;49;49;49m██[38;2;0;0;0m  [38;2;49;49;49m██[38;2;230;106;115m████[38;2;49;49;49m██[38;2;0;0;0m        
[38;2;0;0;0m    [38;2;49;49;49m██[38;2;197;156;57m██[38;2;82;156;106m████[38;2;255;205;57m██[38;2;74;115;90m████[38;2;82;156;106m████[38;2;74;115;90m██[38;2;82;156;106m████[38;2;74;115;90m██[38;2;255;205;57m██████[38;2;131;213;148m████[38;2;82;82;82m██[38;2;180;82;98m██[38;2;49;49;49m██[38;2;230;106;115m██[38;2;82;156;106m████[38;2;230;106;115m██[38;2;49;49;49m██[38;2;0;0;0m      
[38;2;0;0;0m  [38;2;49;49;49m██[38;2;82;82;82m██[38;2;131;213;148m██[38;2;255;205;57m████[38;2;74;115;90m██[38;2;131;213;148m████[38;2;82;156;106m████████████[38;2;74;115;90m██████[38;2;255;205;57m████[38;2;131;213;148m██[38;2;49;49;49m██[38;2;82;82;82m██[38;2;82;156;106m████████[38;2;230;106;115m██[38;2;49;49;49m██[38;2;0;0;0m    
[38;2;0;0;0m  [38;2;49;49;49m██[38;2;131;213;148m██[38;2;82;156;106m██[38;2;131;213;148m██[38;2;82;82;82m██[38;2;49;49;49m██[38;2;255;205;57m██[38;2;82;82;82m████[38;2;82;156;106m████[38;2;74;115;90m██[38;2;82;156;106m██[38;2;49;49;49m████[38;2;82;156;106m████[38;2;74;115;90m██████[38;2;82;82;82m██[38;2;82;156;106m██[38;2;82;82;82m████████[38;2;82;156;106m██[38;2;49;49;49m██[38;2;0;0;0m    
[38;2;49;49;49m██[38;2;131;213;148m██[38;2;82;156;106m██[38;2;131;213;148m██[38;2;82;82;82m████[38;2;197;156;57m██[38;2;82;82;82m████[38;2;131;213;148m██[38;2;82;156;106m██[38;2;131;213;148m██[38;2;82;82;82m██[38;2;49;49;49m██[38;2;0;0;0m    [38;2;49;49;49m██[38;2;82;82;82m██[38;2;82;156;106m████[38;2;82;82;82m██[38;2;131;213;148m██[38;2;82;82;82m██[38;2;74;115;90m██[38;2;131;213;148m████[38;2;74;115;90m██[38;2;49;49;49m██[38;2;0;0;0m      
[38;2;49;49;49m██[38;2;131;213;148m████████[38;2;82;156;106m██[38;2;82;82;82m████[38;2;230;106;115m████[38;2;82;82;82m██[38;2;131;213;148m████[38;2;49;49;49m██[38;2;0;0;0m    [38;2;49;49;49m██[38;2;131;213;148m██[38;2;82;82;82m████[38;2;131;213;148m██[38;2;82;156;106m██[38;2;82;82;82m██[38;2;131;213;148m██[38;2;197;255;213m██[38;2;131;213;148m████[38;2;49;49;49m██[38;2;0;0;0m      
[38;2;49;49;49m██[38;2;131;213;148m██[38;2;82;156;106m██[38;2;82;82;82m████[38;2;230;106;115m██████[38;2;82;82;82m████[38;2;82;156;106m██[38;2;49;49;49m██[38;2;131;213;148m████[38;2;49;49;49m████[38;2;82;82;82m████[38;2;131;213;148m████[38;2;82;156;106m████[38;2;82;82;82m██[38;2;131;213;148m██[38;2;82;156;106m████[38;2;131;213;148m██[38;2;49;49;49m██[38;2;0;0;0m      
[38;2;0;0;0m  [38;2;49;49;49m████[38;2;255;255;255m██[38;2;230;106;115m██[38;2;82;82;82m██████[38;2;82;156;106m██[38;2;49;49;49m████[38;2;0;0;0m  [38;2;49;49;49m██[38;2;131;213;148m████[38;2;82;82;82m██[38;2;74;115;90m████[38;2;82;82;82m██[38;2;82;156;106m██████[38;2;82;82;82m██[38;2;74;115;90m██[38;2;131;213;148m████[38;2;74;115;90m██[38;2;49;49;49m██[38;2;0;0;0m      
[38;2;0;0;0m      [38;2;49;49;49m████████████[38;2;0;0;0m      [38;2;49;49;49m████[38;2;131;213;148m██[38;2;82;82;82m██[38;2;74;115;90m██████[38;2;82;82;82m██[38;2;82;156;106m██████[38;2;82;82;82m████[38;2;131;213;148m██[38;2;49;49;49m██[38;2;0;0;0m        
[38;2;0;0;0m                      [38;2;49;49;49m██[38;2;74;115;90m████[38;2;82;82;82m██[38;2;74;115;90m████████[38;2;82;82;82m██[38;2;82;156;106m██[38;2;82;82;82m████[38;2;82;156;106m██[38;2;82;82;82m██[38;2;131;213;148m██[38;2;49;49;49m██[38;2;0;0;0m        
[38;2;0;0;0m                    [38;2;49;49;49m██[38;2;74;115;90m██████████[38;2;49;49;49m██████[38;2;82;82;82m████[38;2;255;255;255m██[38;2;131;213;148m██[38;2;82;82;82m████[38;2;82;156;106m████[38;2;49;49;49m██[38;2;0;0;0m      
[38;2;0;0;0m                    [38;2;49;49;49m██[38;2;74;115;90m████[38;2;82;156;106m████[38;2;49;49;49m██[38;2;0;0;0m    [38;2;49;49;49m██[38;2;82;156;106m██[38;2;82;82;82m████[38;2;82;156;106m██[38;2;74;115;90m██[38;2;131;213;148m██████[38;2;49;49;49m██[38;2;0;0;0m      
[38;2;0;0;0m                    [38;2;49;49;49m██[38;2;74;115;90m██[38;2;82;156;106m████████[38;2;49;49;49m████[38;2;82;156;106m██[38;2;82;82;82m██[38;2;213;213;213m██[38;2;74;115;90m██[38;2;82;156;106m██[38;2;131;213;148m██[38;2;82;156;106m██[38;2;82;82;82m██[38;2;49;49;49m██[38;2;0;0;0m        
[38;2;0;0;0m                      [38;2;49;49;49m██[38;2;82;156;106m██[38;2;255;205;57m████[38;2;82;156;106m████████[38;2;197;156;57m██[38;2;82;82;82m████[38;2;255;255;255m██[38;2;82;156;106m██[38;2;82;82;82m██[38;2;82;156;106m██[38;2;74;115;90m██[38;2;49;49;49m██[38;2;0;0;0m      
[38;2;0;0;0m                      [38;2;49;49;49m██[38;2;82;82;82m██[38;2;82;156;106m████[38;2;255;205;57m██[38;2;82;156;106m██[38;2;255;205;57m████[38;2;82;156;106m██[38;2;197;156;57m██[38;2;49;49;49m██████[38;2;82;156;106m████[38;2;74;115;90m██[38;2;230;106;115m██[38;2;49;49;49m██[38;2;0;0;0m    
[38;2;0;0;0m                        [38;2;49;49;49m████[38;2;82;156;106m████[38;2;197;156;57m██[38;2;82;156;106m████[38;2;49;49;49m████[38;2;0;0;0m    [38;2;49;49;49m██[38;2;82;82;82m██[38;2;82;156;106m████[38;2;74;115;90m██[38;2;230;106;115m██[38;2;49;49;49m██[38;2;0;0;0m  
[38;2;0;0;0m                            [38;2;49;49;49m██████████[38;2;0;0;0m        [38;2;49;49;49m██[38;2;180;82;98m██[38;2;82;82;82m██[38;2;82;156;106m██[38;2;74;115;90m██[38;2;82;156;106m██[38;2;230;106;115m██[38;2;49;49;49m██
[38;2;0;0;0m                                                [38;2;49;49;49m██████[38;2;82;156;106m██[38;2;49;49;49m██████
[38;2;0;0;0m                                                      [38;2;49;49;49m████[38;2;0;0;0m    [0m
