
[38;2;0;0;0m                      [38;2;49;49;49m████[38;2;0;0;0m                        
[38;2;0;0;0m                    [38;2;49;49;49m██[38;2;255;255;255m██[38;2;115;164;213m██[38;2;49;49;49m██[38;2;0;0;0m      [38;2;49;49;49m██████[38;2;0;0;0m          
[38;2;0;0;0m                  [38;2;49;49;49m██[38;2;255;255;255m██[38;2;156;213;246m██[38;2;115;164;213m████[38;2;49;49;49m██[38;2;0;0;0m  [38;2;49;49;49m██[38;2;156;213;246m██[38;2;90;123;172m██[38;2;49;49;49m██[38;2;0;0;0m          
[38;2;0;0;0m                [38;2;49;49;49m██[38;2;255;255;255m██[38;2;205;230;255m██[38;2;156;213;246m████[38;2;115;164;213m████[38;2;49;49;49m██[38;2;156;213;246m██[38;2;90;123;172m██[38;2;115;164;213m██[38;2;49;49;49m██[38;2;0;0;0m          
[38;2;0;0;0m              [38;2;49;49;49m██[38;2;115;164;213m██[38;2;255;255;255m██[38;2;156;213;246m██████[38;2;115;164;213m████[38;2;90;123;172m██[38;2;82;82;82m██[38;2;115;164;213m██[38;2;49;49;49m██[38;2;0;0;0m            
[38;2;0;0;0m              [38;2;49;49;49m██[38;2;115;164;213m██████████[38;2;90;123;172m████[38;2;115;164;213m██[38;2;82;82;82m██[38;2;49;49;49m██[38;2;0;0;0m  [38;2;49;49;49m██████[38;2;0;0;0m      
[38;2;0;0;0m            [38;2;49;49;49m██[38;2;255;255;255m██[38;2;115;164;213m██[38;2;156;213;246m████████[38;2;115;164;213m████████[38;2;82;82;82m██[38;2;49;49;49m██[38;2;115;164;213m██[38;2;90;123;172m██[38;2;49;49;49m██[38;2;0;0;0m      
[38;2;0;0;0m          [38;2;49;49;49m██[38;2;82;82;82m██[38;2;246;230;74m██[38;2;115;164;213m██[38;2;246;230;74m██[38;2;156;213;246m██[38;2;246;230;74m██[38;2;156;213;246m██[38;2;115;164;213m████[38;2;82;82;82m████[38;2;255;255;255m██[38;2;90;123;172m██[38;2;82;82;82m██[38;2;115;164;213m██[38;2;49;49;49m██[38;2;0;0;0m      
[38;2;0;0;0m        [38;2;49;49;49m██[38;2;115;164;213m██[38;2;82;82;82m██[38;2;255;255;255m██[38;2;115;164;213m██[38;2;156;213;246m██████████[38;2;115;164;213m██[38;2;82;82;82m██[38;2;255;255;255m████[38;2;156;213;246m████[38;2;49;49;49m██[38;2;0;0;0m        
[38;2;0;0;0m      [38;2;49;49;49m██[38;2;115;164;213m██[38;2;90;123;172m██[38;2;82;82;82m██[38;2;115;164;213m██[38;2;156;213;246m██████████[38;2;255;255;255m██[38;2;82;82;82m██[38;2;156;213;246m██[38;2;255;255;255m██[38;2;156;213;246m████[38;2;115;164;213m██[38;2;49;49;49m██[38;2;0;0;0m        
[38;2;0;0;0m    [38;2;49;49;49m██[38;2;115;164;213m██[38;2;90;123;172m██[38;2;82;82;82m██[38;2;255;255;255m██[38;2;115;164;213m██[38;2;156;213;246m████████[38;2;255;255;255m████[38;2;82;82;82m██[38;2;156;213;246m████████[38;2;115;164;213m████[38;2;49;49;49m██[38;2;0;0;0m      
[38;2;0;0;0m  [38;2;49;49;49m██[38;2;115;164;213m██[38;2;90;123;172m████[38;2;82;82;82m██[38;2;255;255;255m██[38;2;115;164;213m██[38;2;156;213;246m██████[38;2;255;255;255m████[38;2;156;213;246m██[38;2;115;164;213m██[38;2;82;82;82m██[38;2;156;213;246m████████[38;2;115;164;213m██[38;2;49;49;49m██[38;2;0;0;0m      
[38;2;0;0;0m  [38;2;49;49;49m██[38;2;90;123;172m██████[38;2;82;82;82m██[38;2;255;255;255m██[38;2;115;164;213m██[38;2;156;213;246m████[38;2;255;255;255m████[38;2;156;213;246m██[38;2;205;230;255m██[38;2;115;164;213m██[38;2;82;82;82m██[38;2;156;213;246m████████[38;2;115;164;213m████[38;2;49;49;49m██[38;2;0;0;0m    
[38;2;49;49;49m████[38;2;90;123;172m██████[38;2;82;82;82m██[38;2;115;164;213m████[38;2;156;213;246m██[38;2;255;255;255m████[38;2;156;213;246m██[38;2;205;230;255m██[38;2;156;213;246m██[38;2;115;164;213m████[38;2;82;82;82m██[38;2;156;213;246m████████[38;2;115;164;213m██[38;2;49;49;49m██[38;2;0;0;0m    
[38;2;49;49;49m██[38;2;115;164;213m██[38;2;82;82;82m██████[38;2;65;90;148m██[38;2;82;82;82m██[38;2;156;213;246m██[38;2;115;164;213m████████████████[38;2;82;82;82m██[38;2;156;213;246m████████[38;2;82;82;82m██[38;2;156;213;246m██[38;2;49;49;49m██[38;2;0;0;0m  
[38;2;49;49;49m████[38;2;82;82;82m██[38;2;90;123;172m██[38;2;49;49;49m████[38;2;82;82;82m██████[38;2;156;213;246m████████[38;2;115;164;213m██[38;2;82;82;82m████████[38;2;156;213;246m██████[38;2;82;82;82m████[38;2;156;213;246m██[38;2;49;49;49m██
[38;2;0;0;0m    [38;2;49;49;49m████[38;2;0;0;0m  [38;2;49;49;49m██[38;2;90;123;172m██[38;2;115;164;213m████[38;2;82;82;82m██████████[38;2;115;164;213m████[38;2;90;123;172m████[38;2;82;82;82m██[38;2;90;123;172m██[38;2;82;82;82m██[38;2;115;164;213m██[38;2;49;49;49m██████
[38;2;0;0;0m            [38;2;49;49;49m██[38;2;82;82;82m████[38;2;90;123;172m██[38;2;82;82;82m██[38;2;115;164;213m██[38;2;90;123;172m██[38;2;156;213;246m██████[38;2;65;90;148m██[38;2;49;49;49m████[38;2;156;213;246m██[38;2;49;49;49m██████[38;2;0;0;0m    
[38;2;0;0;0m              [38;2;49;49;49m██[38;2;65;90;148m██[38;2;49;49;49m██████[38;2;82;82;82m████████[38;2;49;49;49m██[38;2;0;0;0m  [38;2;49;49;49m██[38;2;156;213;246m██[38;2;49;49;49m██[38;2;0;0;0m        
[38;2;0;0;0m              [38;2;49;49;49m██[38;2;65;90;148m██[38;2;49;49;49m██[38;2;0;0;0m    [38;2;49;49;49m██[38;2;115;164;213m██████[38;2;49;49;49m██[38;2;0;0;0m    [38;2;49;49;49m██[38;2;0;0;0m          
[38;2;0;0;0m                [38;2;49;49;49m██[38;2;0;0;0m        [38;2;49;49;49m██[38;2;156;213;246m██[38;2;49;49;49m██[38;2;0;0;0m                  
[38;2;0;0;0m                          [38;2;49;49;49m██[38;2;156;213;246m██[38;2;49;49;49m██[38;2;0;0;0m                  
[38;2;0;0;0m                            [38;2;49;49;49m██[38;2;0;0;0m                    [0m
