
[38;2;0;0;0m              [38;2;28;30;31m  [38;2;19;20;21m  [38;2;0;0;0m                                        
[38;2;0;0;0m              [38;2;69;70;72m██[38;2;112;120;124m██[38;2;8;8;9m  [38;2;0;0;0m          [38;2;1;1;1m  [38;2;126;129;132m██[38;2;89;97;101m  [38;2;0;0;0m                      
[38;2;0;0;0m                [38;2;105;112;115m██[38;2;102;104;106m██[38;2;56;57;59m████[38;2;30;30;31m  [38;2;0;0;0m  [38;2;28;28;29m  [38;2;188;188;196m██[38;2;120;125;125m██[38;2;80;87;90m  [38;2;0;0;0m                      
[38;2;0;0;0m              [38;2;136;136;142m  [38;2;166;166;173m██[38;2;185;189;195m██[38;2;187;192;198m████[38;2;173;173;180m██[38;2;154;154;161m██[38;2;120;120;125m██[38;2;88;88;90m██[38;2;118;126;129m██[38;2;0;0;0m                        
[38;2;0;0;0m            [38;2;124;124;130m██[38;2;143;143;149m██[38;2;163;163;170m██[38;2;187;191;197m██[38;2;187;192;198m██████[38;2;146;152;157m██[38;2;168;168;174m██[38;2;87;87;88m██[38;2;56;61;63m██[38;2;0;0;0m                        
[38;2;0;0;0m              [38;2;7;7;8m  [38;2;136;136;141m██[38;2;127;135;139m██[38;2;187;190;197m██[38;2;187;192;198m████[38;2;187;191;197m██[38;2;125;128;131m██[38;2;127;127;131m██[38;2;140;144;150m██[38;2;0;0;0m    [38;2;14;14;14m  [38;2;64;64;67m  [38;2;0;0;0m                
[38;2;0;0;0m            [38;2;25;26;27m  [38;2;174;174;182m██[38;2;188;190;197m████[38;2;187;190;197m██[38;2;187;192;198m██[38;2;187;190;197m██████[38;2;188;190;197m██[38;2;189;189;197m██[38;2;110;110;113m██[38;2;124;126;131m██[38;2;160;163;170m██[38;2;77;81;83m██[38;2;41;44;46m  [38;2;0;0;0m              
[38;2;0;0;0m            [38;2;33;36;33m██[38;2;133;139;139m██[38;2;187;192;198m████████[38;2;145;148;148m██[38;2;95;102;93m██[38;2;188;190;197m██[38;2;185;190;195m██[38;2;78;78;79m██[38;2;185;186;194m██[38;2;125;134;138m██[38;2;118;126;130m██[38;2;71;72;72m██[38;2;10;11;12m  [38;2;0;0;0m              
[38;2;0;0;0m    [38;2;41;37;29m  [38;2;227;204;161m██[38;2;223;192;151m██[38;2;222;191;150m██[38;2;225;195;153m██[38;2;227;197;155m██[38;2;149;149;129m██[38;2;183;188;191m██[38;2;159;166;171m██[38;2;185;186;193m██[38;2;146;117;107m██[38;2;253;253;252m██[38;2;200;205;209m██[38;2;187;191;197m██[38;2;168;171;178m██[38;2;117;117;121m██[38;2;107;110;112m██[38;2;122;131;135m██[38;2;47;52;54m██[38;2;0;0;0m      [38;2;53;53;55m  [38;2;64;64;67m  [38;2;0;0;0m      
[38;2;0;0;0m      [38;2;12;10;8m  [38;2;77;63;50m██[38;2;240;213;168m██[38;2;210;188;151m██[38;2;208;173;136m██[38;2;181;176;152m██[38;2;177;183;187m██[38;2;186;189;195m██[38;2;20;20;21m██[38;2;221;168;161m██[38;2;193;193;201m██[38;2;190;191;198m██[38;2;188;189;197m██[38;2;187;191;197m██[38;2;183;183;190m██[38;2;33;33;34m██[38;2;7;7;8m██[38;2;2;3;3m  [38;2;0;0;0m      [38;2;7;7;7m  [38;2;186;186;194m██[38;2;52;52;54m  [38;2;0;0;0m    
[38;2;0;0;0m          [38;2;33;30;30m  [38;2;157;143;119m██[38;2;169;159;129m██[38;2;154;157;151m██[38;2;187;191;196m██[38;2;187;190;197m██[38;2;189;189;197m██[38;2;187;159;162m██[38;2;147;117;129m██[38;2;135;108;115m██[38;2;133;137;141m██[38;2;187;190;197m██[38;2;121;121;124m██[38;2;75;77;79m██[38;2;0;0;0m            [38;2;94;94;98m██[38;2;104;106;108m██[38;2;66;68;70m  [38;2;0;0;0m  
[38;2;0;0;0m          [38;2;104;109;113m  [38;2;107;109;113m██[38;2;186;187;194m██[38;2;149;155;160m██[38;2;187;191;197m██[38;2;135;138;142m██[38;2;68;68;68m██[38;2;138;108;116m██[38;2;201;156;168m██[38;2;110;86;94m██[38;2;140;86;101m██[38;2;132;132;137m██[38;2;71;71;71m██[38;2;90;92;95m██[38;2;56;59;60m  [38;2;0;0;0m          [38;2;35;35;36m██[38;2;186;190;196m██[38;2;145;148;153m██[38;2;0;0;0m  
[38;2;8;8;8m  [38;2;83;83;83m██[38;2;141;142;142m██[38;2;117;125;128m██[38;2;70;76;79m██[38;2;93;98;100m██[38;2;112;120;122m██[38;2;69;69;70m██[38;2;83;85;86m██[38;2;122;63;78m██[38;2;168;76;96m██[38;2;253;125;141m██[38;2;211;112;125m██[38;2;144;110;119m██[38;2;133;121;127m██[38;2;123;131;135m██[38;2;107;114;116m██[38;2;157;161;168m██[38;2;187;190;197m██[38;2;184;189;195m██[38;2;100;105;104m██[38;2;0;0;0m      [38;2;63;63;66m  [38;2;177;177;184m██[38;2;127;127;131m██[38;2;126;128;132m██[38;2;31;34;35m██
[38;2;63;65;63m██[38;2;105;107;105m██[38;2;83;86;87m██[38;2;123;131;136m████[38;2;70;77;79m██[38;2;99;106;109m██[38;2;174;174;181m██[38;2;115;115;118m██[38;2;76;76;77m██[38;2;68;68;68m████[38;2;94;96;98m██[38;2;185;185;193m██[38;2;106;110;107m██[38;2;186;186;194m██[38;2;131;131;136m██[38;2;186;186;194m██[38;2;119;119;122m██[38;2;68;68;68m██[38;2;139;139;144m██[38;2;1;1;1m████[38;2;169;169;175m██[38;2;68;68;68m██[38;2;187;187;194m██[38;2;188;188;196m██[38;2;110;117;120m██[38;2;17;17;17m██
[38;2;9;10;9m  [38;2;111;111;114m██[38;2;99;105;109m██[38;2;121;131;136m██[38;2;101;108;113m██[38;2;55;60;62m██[38;2;10;10;10m  [38;2;169;169;176m██[38;2;165;168;173m██[38;2;132;132;136m██[38;2;122;122;126m██████[38;2;131;133;137m██[38;2;159;162;167m██[38;2;186;189;196m██[38;2;127;127;131m██[38;2;98;103;107m██[38;2;163;166;171m██[38;2;187;190;197m██[38;2;153;156;161m██[38;2;126;128;132m██[38;2;94;98;101m██[38;2;102;103;106m██[38;2;153;158;163m██[38;2;101;105;107m██[38;2;122;129;133m██[38;2;102;109;112m██[38;2;7;7;7m  
[38;2;0;0;0m            [38;2;75;75;78m██[38;2;78;78;81m██[38;2;187;191;197m██[38;2;185;186;193m██[38;2;185;185;193m████[38;2;187;187;194m██[38;2;187;191;197m████[38;2;185;189;195m██[38;2;101;101;102m██[38;2;240;241;242m██[38;2;157;164;170m██[38;2;187;192;197m██[38;2;187;192;198m██[38;2;168;168;174m██[38;2;103;109;111m██[38;2;114;121;124m██[38;2;104;110;112m██[38;2;112;119;121m██[38;2;106;112;115m██[38;2;89;96;99m  [38;2;0;0;0m  
[38;2;0;0;0m          [38;2;92;92;96m  [38;2;189;189;197m██[38;2;143;143;148m██[38;2;130;131;135m██[38;2;125;132;137m██[38;2;194;183;158m████[38;2;174;171;161m██[38;2;150;155;161m██[38;2;189;189;197m██[38;2;150;155;161m██[38;2;139;135;127m██[38;2;159;163;169m██[38;2;166;172;175m██[38;2;153;160;166m██[38;2;187;192;198m██[38;2;72;73;74m██[38;2;123;131;135m██[38;2;114;121;125m██[38;2;104;110;112m██[38;2;112;119;121m██[38;2;55;58;60m██[38;2;0;0;0m    
[38;2;0;0;0m          [38;2;157;162;167m██[38;2;187;192;198m████[38;2;140;140;145m██[38;2;231;208;165m██[38;2;207;172;135m██████[38;2;246;221;174m██[38;2;135;140;139m██[38;2;246;221;174m██[38;2;235;211;167m██[38;2;80;80;81m██[38;2;132;132;136m██[38;2;127;127;132m██[38;2;117;117;120m██[38;2;72;73;74m██[38;2;123;131;135m██[38;2;109;117;119m██[38;2;94;103;107m██[38;2;48;48;48m  [38;2;0;0;0m      
[38;2;0;0;0m          [38;2;60;61;63m  [38;2;188;190;197m████[38;2;129;135;139m██[38;2;131;125;112m██[38;2;247;222;177m██[38;2;247;222;175m██[38;2;246;222;175m██[38;2;247;222;175m██[38;2;233;204;161m██[38;2;219;188;148m██[38;2;141;130;115m██[38;2;185;188;195m██[38;2;139;140;142m██[38;2;72;72;75m██[38;2;169;172;177m██[38;2;135;135;140m██[38;2;86;90;92m██[38;2;28;28;29m██[38;2;15;16;17m  [38;2;0;0;0m        
[38;2;0;0;0m            [38;2;52;55;57m██[38;2;115;122;126m██[38;2;122;131;136m██[38;2;125;123;115m██[38;2;117;106;95m██[38;2;174;143;112m██[38;2;209;174;137m████[38;2;225;194;153m██[38;2;238;211;167m██[38;2;97;97;94m██[38;2;178;184;189m██[38;2;188;190;197m██[38;2;188;189;197m██[38;2;181;186;192m██[38;2;110;111;116m██[38;2;0;0;0m              
[38;2;0;0;0m          [38;2;105;105;109m  [38;2;160;160;166m██[38;2;147;147;152m██[38;2;149;154;160m██[38;2;121;131;136m██[38;2;23;25;26m  [38;2;0;0;0m  [38;2;83;75;59m██[38;2;163;160;147m██[38;2;158;152;142m██[38;2;150;142;135m██[38;2;68;74;77m██[38;2;124;133;137m██[38;2;145;151;156m████[38;2;131;139;144m██[38;2;36;39;41m  [38;2;0;0;0m              
[38;2;0;0;0m        [38;2;68;68;68m  [38;2;119;119;123m██[38;2;159;161;167m██[38;2;146;154;155m██[38;2;154;154;161m██[38;2;13;13;13m  [38;2;0;0;0m              [38;2;38;40;40m██[38;2;124;131;133m██[38;2;123;131;135m██[38;2;70;73;73m██[38;2;0;0;0m                
[38;2;0;0;0m            [38;2;39;39;40m██[38;2;76;76;76m██[38;2;0;0;0m                  [38;2;190;194;195m██[38;2;170;173;178m██[38;2;169;172;178m██[38;2;183;188;189m██[38;2;0;0;0m                
[38;2;0;0;0m                                  [38;2;73;79;73m██[38;2;161;165;170m██[38;2;109;115;118m██[38;2;137;141;139m██[38;2;0;0;0m                
[38;2;0;0;0m                                  [38;2;3;3;3m  [38;2;28;28;28m  [38;2;5;5;5m  [38;2;26;26;26m  [38;2;0;0;0m                [0m
