
[38;2;0;0;0m                          ████                  
[38;2;0;0;0m                        ██[38;2;173;181;189m██[38;2;115;132;139m██[38;2;0;0;0m██                
[38;2;0;0;0m                  ████  ██[38;2;173;181;189m██[38;2;115;132;139m██[38;2;0;0;0m██                
[38;2;0;0;0m                  ██[38;2;173;181;189m██[38;2;0;4;0m██[38;2;115;132;139m██[38;2;173;181;189m██[38;2;115;132;139m████[38;2;0;0;0m██              
[38;2;0;0;0m                  ██[38;2;173;181;189m██[38;2;115;122;126m██[38;2;173;181;189m██[38;2;115;132;139m████████[38;2;0;0;0m████          
[38;2;0;0;0m                  ██[38;2;173;181;189m██[38;2;115;132;139m██████[38;2;66;66;66m████████[38;2;118;132;137m██[38;2;8;0;0m██[38;2;0;0;0m██      
[38;2;0;0;0m        ████    ██[38;2;173;181;189m████[38;2;115;132;139m████[38;2;66;66;66m████[38;2;173;181;189m██[38;2;115;132;139m████[38;2;63;66;68m████[38;2;115;132;139m██[38;2;0;0;0m██    
[38;2;0;0;0m      ██[38;2;173;181;189m████[38;2;0;0;0m██████[38;2;173;181;189m██[38;2;118;126;129m██[38;2;66;66;66m██████[38;2;173;181;189m██████[38;2;66;66;66m████[38;2;115;132;139m██[38;2;57;66;69m██[38;2;115;132;139m██[38;2;0;0;0m██  
[38;2;0;0;0m      ██[38;2;173;181;189m████[38;2;115;132;137m██[38;2;58;66;68m██[38;2;173;181;189m████[38;2;66;66;66m██[38;2;170;187;191m████[38;2;118;126;129m██[38;2;66;66;66m██[38;2;173;181;189m██[38;2;66;66;66m████[38;2;115;132;139m██████[38;2;0;0;0m████  
[38;2;0;0;0m      ██[38;2;173;181;189m████[38;2;66;66;66m██[38;2;115;132;139m██[38;2;66;66;66m████[38;2;115;132;139m██[38;2;173;181;189m██[38;2;63;68;68m██[38;2;173;181;189m██[38;2;66;66;66m████[38;2;115;132;139m████████[38;2;58;66;66m██[38;2;0;4;0m██[38;2;0;0;0m    
[38;2;0;0;0m      ██[38;2;173;181;189m██[38;2;66;66;66m██[38;2;115;132;139m██████[38;2;66;66;66m██[38;2;173;181;189m██████[38;2;118;125;129m██[38;2;66;66;66m██[38;2;115;132;139m██[38;2;66;66;66m████[38;2;115;132;139m██[38;2;66;66;66m██[38;2;115;127;131m██[38;2;173;189;197m██[38;2;0;0;0m██  
[38;2;0;0;0m    ██[38;2;173;181;189m████[38;2;66;66;66m██[38;2;118;126;129m██[38;2;66;66;66m████[38;2;173;181;189m██[38;2;170;187;191m██[38;2;66;66;66m██[38;2;115;132;139m██[38;2;66;66;66m██████[38;2;173;181;189m████[38;2;66;66;66m██[38;2;115;132;139m██[38;2;173;181;189m██[38;2;115;132;139m██[38;2;0;0;0m██  
[38;2;0;0;0m██████[38;2;173;181;189m██[38;2;66;66;66m██████[38;2;170;187;191m██[38;2;173;181;189m██[38;2;66;66;66m████[38;2;118;126;129m██[38;2;115;132;139m██[38;2;66;66;66m████[38;2;173;181;189m████[38;2;115;132;139m██[38;2;66;66;66m████[38;2;115;132;139m██████[38;2;0;0;0m██
[38;2;0;0;0m██[38;2;173;189;197m██[38;2;66;66;66m████[38;2;63;68;68m██[38;2;173;181;189m██████[38;2;16;0;0m██[38;2;255;247;239m██[38;2;115;132;139m████████[38;2;66;66;66m██[38;2;115;132;139m████████[38;2;66;66;66m████████[38;2;0;0;0m██
[38;2;0;0;0m██[38;2;115;126;131m██[38;2;173;181;189m████[38;2;118;125;129m██[38;2;173;181;189m██[38;2;118;125;129m██[38;2;63;68;68m██[38;2;135;123;119m████[38;2;115;132;139m████████[38;2;66;66;66m██[38;2;115;132;139m██████[38;2;66;66;66m██[38;2;115;132;139m██████[38;2;0;0;0m██  
[38;2;0;0;0m  ██[38;2;173;189;197m██[38;2;115;127;134m██[38;2;115;132;139m██[38;2;66;66;66m██[38;2;115;132;139m████████[38;2;82;82;82m████[38;2;115;132;139m██[38;2;57;66;69m██[38;2;66;66;66m████[38;2;115;132;139m██[38;2;0;0;0m████[38;2;173;181;189m██[38;2;58;60;63m██[38;2;173;181;189m██[38;2;0;0;0m██  
[38;2;0;0;0m    [38;2;0;4;8m██[38;2;115;127;134m██[38;2;66;66;66m██[38;2;115;132;139m████████[38;2;66;66;66m██[38;2;247;247;247m██[38;2;0;0;0m████[38;2;115;132;139m██████[38;2;0;0;0m██    ██████    
[38;2;0;0;0m      ████[38;2;115;132;139m██████[38;2;0;0;0m██████  ██[38;2;123;127;127m██[38;2;162;173;178m██[38;2;115;132;139m██[38;2;0;0;0m██              
[38;2;0;0;0m          ██████        ██[38;2;247;255;255m██[38;2;115;132;139m██[38;2;255;255;255m██[38;2;0;0;0m██              
[38;2;0;0;0m                          ██████                [0m
