
[38;2;0;0;0m                                  [38;2;0;4;0m████████[38;2;0;0;0m                                                  
[38;2;0;0;0m                      [38;2;0;4;0m██████[38;2;0;0;0m  [38;2;0;8;8m████[38;2;255;137;90m████████[38;2;0;4;0m████[38;2;0;0;0m                                              
[38;2;0;0;0m                      [38;2;0;4;0m██[38;2;198;198;190m████[38;2;0;4;0m██[38;2;82;52;37m██[38;2;247;140;95m██[38;2;255;137;90m████████[38;2;255;140;87m████[38;2;0;4;0m██[38;2;0;0;0m                                            
[38;2;0;0;0m          [38;2;0;4;0m████[38;2;0;0;0m          [38;2;0;4;0m██[38;2;198;198;190m████[38;2;206;189;182m██[38;2;74;61;58m██[38;2;115;94;75m████[38;2;156;136;128m████[38;2;247;119;71m██[38;2;217;122;86m██[38;2;206;119;94m██[38;2;0;8;8m██[38;2;0;0;0m                                          
[38;2;0;0;0m        [38;2;0;4;0m██[38;2;82;67;66m██[38;2;123;99;99m██[38;2;0;4;0m██[38;2;0;0;0m      [38;2;0;4;0m██[38;2;156;90;68m██[38;2;66;66;66m██[38;2;198;198;190m██[38;2;118;104;99m██[38;2;162;146;141m██[38;2;156;137;128m████[38;2;66;66;66m████[38;2;156;127;116m██[38;2;217;122;86m██[38;2;137;82;65m██[38;2;0;8;8m██[38;2;0;0;0m                                          
[38;2;0;0;0m        [38;2;0;4;0m██[38;2;132;101;97m████[38;2;0;4;0m██[38;2;0;0;0m    [38;2;0;4;0m██[38;2;66;66;66m████[38;2;156;140;132m████[38;2;156;137;129m████[38;2;156;136;128m████[38;2;156;137;129m████[38;2;66;66;66m██[38;2;126;110;105m██[38;2;132;103;100m██[38;2;209;108;70m██[38;2;0;4;0m██[38;2;0;0;0m                                        
[38;2;0;0;0m        [38;2;0;4;0m██[38;2;132;101;97m████[38;2;66;65;66m██[38;2;0;4;0m████[38;2;132;132;108m██[38;2;198;198;190m████[38;2;94;98;98m██[38;2;156;140;132m██[38;2;156;137;129m████[38;2;66;66;66m████[38;2;156;137;129m████[38;2;156;132;124m██[38;2;66;66;66m██[38;2;209;108;70m████[38;2;206;107;70m██[38;2;0;4;0m██[38;2;0;0;0m              [38;2;0;4;0m████[38;2;0;0;0m                    
[38;2;0;0;0m        [38;2;0;4;0m██[38;2;118;110;107m██[38;2;74;66;66m██[38;2;66;66;58m██[38;2;198;198;182m██[38;2;198;198;190m████[38;2;132;132;108m██[38;2;231;231;231m██[38;2;239;239;239m██[38;2;99;99;99m██[38;2;181;122;99m██[38;2;66;70;74m██[38;2;222;115;78m████[38;2;66;66;66m██[38;2;156;136;128m██[38;2;66;66;66m██[38;2;156;136;128m██[38;2;209;108;70m████[38;2;192;110;80m██[38;2;66;66;66m██[38;2;0;4;0m████[38;2;0;0;0m        [38;2;0;8;0m██[38;2;80;74;66m██[38;2;159;139;127m██[38;2;0;4;0m██[38;2;0;0;0m                  
[38;2;0;0;0m        [38;2;0;4;0m██[38;2;74;66;66m██[38;2;206;198;190m██[38;2;198;198;182m██[38;2;132;132;120m██[38;2;236;236;233m████[38;2;198;198;190m████[38;2;192;192;192m██[38;2;99;99;99m██[38;2;66;70;74m██[38;2;239;148;111m██[38;2;222;115;78m██[38;2;255;255;255m██[38;2;156;136;128m████[38;2;66;66;66m██[38;2;156;136;128m██[38;2;132;103;100m██[38;2;209;108;70m██[38;2;66;66;66m██[38;2;255;132;87m██[38;2;255;140;87m████[38;2;0;4;0m██[38;2;0;0;0m      [38;2;0;8;0m██[38;2;159;140;133m██[38;2;159;139;127m██[38;2;0;4;0m██[38;2;0;0;0m                  
[38;2;0;0;0m      [38;2;0;4;0m██[38;2;198;198;190m██[38;2;187;188;181m██[38;2;247;247;239m██[38;2;231;231;231m██[38;2;132;132;108m██[38;2;198;198;190m████[38;2;132;132;121m██[38;2;198;198;182m██[38;2;66;66;66m██[38;2;156;136;128m██[38;2;69;46;31m██[38;2;0;12;8m██[38;2;255;255;255m████[38;2;156;137;129m████[38;2;156;132;124m██[38;2;66;61;66m██[38;2;136;90;76m██[38;2;66;70;74m██[38;2;255;140;87m████[38;2;255;137;90m████[38;2;255;140;87m██[38;2;0;4;0m██[38;2;0;0;0m    [38;2;0;4;0m██[38;2;159;139;127m████[38;2;0;4;0m██[38;2;0;0;0m                  
[38;2;0;0;0m        [38;2;0;4;0m██[38;2;66;70;66m████[38;2;132;132;108m██[38;2;198;198;190m████[38;2;132;134;108m██[38;2;66;66;61m████[38;2;156;136;128m██[38;2;66;66;66m██[38;2;206;115;78m██[38;2;0;12;8m██[38;2;156;135;128m████[38;2;156;137;129m████[38;2;126;108;105m████[38;2;66;70;74m██[38;2;206;111;78m██[38;2;208;108;67m██[38;2;255;140;87m██[38;2;255;137;90m████[38;2;255;140;87m██[38;2;0;4;0m██[38;2;0;0;0m  [38;2;0;4;0m██[38;2;159;139;127m██████[38;2;0;4;0m██[38;2;0;0;0m                  
[38;2;0;0;0m      [38;2;0;4;0m██[38;2;206;107;70m██[38;2;115;94;73m██[38;2;132;103;94m██[38;2;66;66;66m████████[38;2;156;136;128m████[38;2;156;137;128m████[38;2;156;136;128m████████[38;2;74;70;66m████[38;2;206;198;182m██[38;2;123;107;99m██[38;2;66;74;82m██[38;2;206;115;86m██[38;2;209;107;68m████[38;2;255;140;95m██[38;2;129;96;86m██[38;2;132;103;100m██[38;2;0;8;8m██[38;2;0;0;0m  [38;2;0;4;0m██[38;2;156;137;128m████[38;2;159;139;127m██[38;2;0;4;0m██[38;2;0;0;0m                  
[38;2;0;0;0m    [38;2;0;4;0m██[38;2;206;107;70m████[38;2;115;94;73m██[38;2;132;103;94m██[38;2;132;99;96m████[38;2;66;66;66m██[38;2;206;107;70m██[38;2;66;66;66m██[38;2;156;136;128m██[38;2;115;94;75m██[38;2;156;137;128m██[38;2;156;136;128m██[38;2;66;66;66m██████[38;2;206;189;182m██[38;2;118;110;105m██[38;2;123;107;99m██[38;2;82;61;58m██[38;2;136;94;84m████[38;2;209;107;68m████[38;2;129;96;86m██[38;2;66;74;82m██[38;2;66;55;54m██[38;2;132;103;100m██[38;2;0;4;0m██[38;2;255;140;87m██[38;2;115;94;75m██[38;2;156;137;128m██[38;2;159;139;127m████[38;2;0;4;0m██[38;2;0;0;0m                
[38;2;0;0;0m    [38;2;0;4;0m██[38;2;208;108;67m████[38;2;115;94;75m██[38;2;131;102;95m██[38;2;66;66;66m██[38;2;132;99;96m██[38;2;69;52;42m██[38;2;206;115;78m██[38;2;206;111;70m██[38;2;66;70;74m██[38;2;66;66;66m████[38;2;66;61;58m██[38;2;124;118;116m██[38;2;132;99;96m████[38;2;132;103;92m██[38;2;66;66;66m████[38;2;206;107;70m██[38;2;129;102;94m████[38;2;132;99;96m██[38;2;66;66;66m████[38;2;132;99;96m██[38;2;66;66;66m████[38;2;112;93;72m██[38;2;255;140;87m██[38;2;126;96;73m██[38;2;66;78;66m██[38;2;157;139;130m████[38;2;0;4;0m██[38;2;0;0;0m                
[38;2;0;0;0m    [38;2;0;4;0m██[38;2;208;108;67m██[38;2;115;94;75m██[38;2;131;102;95m████[38;2;132;99;96m██[38;2;66;66;66m██[38;2;0;20;24m██[38;2;69;52;42m██[38;2;206;111;70m██[38;2;136;90;72m██[38;2;66;66;66m██[38;2;198;198;190m██[38;2;239;231;231m██[38;2;66;61;58m██[38;2;66;66;66m██████[38;2;110;91;83m██[38;2;206;107;70m██████[38;2;129;102;94m██[38;2;66;66;66m██[38;2;132;99;96m████████[38;2;66;66;66m██[38;2;255;140;87m████[38;2;247;132;87m██[38;2;126;96;73m██[38;2;82;79;69m██[38;2;157;139;130m██[38;2;127;101;95m██[38;2;0;4;0m██[38;2;0;0;0m              
[38;2;0;0;0m  [38;2;0;4;0m██[38;2;132;100;95m██[38;2;115;94;75m██[38;2;131;102;95m██[38;2;132;99;96m████[38;2;132;100;95m██[38;2;0;4;0m██[38;2;0;0;0m  [38;2;0;4;0m██[38;2;118;97;91m██[38;2;63;55;50m██[38;2;156;137;128m██[38;2;115;94;75m██[38;2;198;191;184m████[38;2;198;198;190m██████[38;2;115;90;75m██[38;2;208;108;67m████[38;2;206;115;86m██[38;2;136;94;84m██[38;2;66;61;66m██[38;2;126;108;105m██[38;2;132;99;96m██████[38;2;66;66;66m██[38;2;255;137;90m████[38;2;255;140;95m██[38;2;115;107;99m██[38;2;82;79;69m██[38;2;132;101;97m██[38;2;127;101;95m██[38;2;0;4;0m██[38;2;0;0;0m              
[38;2;0;4;0m██[38;2;132;100;95m████[38;2;131;102;95m████[38;2;66;66;66m██[38;2;132;99;96m██[38;2;132;100;95m██[38;2;0;4;0m██[38;2;0;0;0m    [38;2;8;12;8m██[38;2;173;140;133m██[38;2;156;137;128m████[38;2;115;94;75m██[38;2;239;239;239m██[38;2;236;236;233m████[38;2;115;90;75m██[38;2;156;144;132m██[38;2;115;94;75m██[38;2;208;108;67m██[38;2;136;94;84m██[38;2;66;74;82m██[38;2;156;132;124m██[38;2;126;108;105m██[38;2;66;66;66m████[38;2;132;99;96m██[38;2;66;66;66m██[38;2;255;137;90m████[38;2;255;140;95m██[38;2;162;118;98m██[38;2;82;79;69m██[38;2;132;101;97m██[38;2;0;4;0m██[38;2;0;0;0m  [38;2;0;4;0m████████[38;2;0;0;0m      
[38;2;0;4;0m██[38;2;132;101;97m████[38;2;132;99;96m██[38;2;66;66;66m████[38;2;132;99;96m██[38;2;0;4;0m██[38;2;0;0;0m    [38;2;0;4;0m██[38;2;159;95;69m██[38;2;66;70;66m██[38;2;156;136;128m████████████[38;2;156;137;129m████[38;2;156;136;128m██[38;2;66;66;66m████[38;2;156;136;128m██████[38;2;132;99;96m████[38;2;66;66;66m████[38;2;255;140;87m████[38;2;115;94;75m██[38;2;156;137;128m██[38;2;82;79;69m██[38;2;132;101;97m██[38;2;66;57;58m██[38;2;0;8;8m██[38;2;94;76;74m████[38;2;132;100;96m██[38;2;99;74;75m██[38;2;0;4;0m██[38;2;0;0;0m    
[38;2;0;4;0m██[38;2;132;101;97m████[38;2;132;99;96m██[38;2;66;66;66m██[38;2;132;99;96m████[38;2;0;4;0m██[38;2;0;0;0m  [38;2;0;4;0m██[38;2;255;140;87m██[38;2;113;82;67m██[38;2;159;95;69m██[38;2;66;66;66m██[38;2;156;136;128m██[38;2;66;66;66m██████[38;2;156;136;128m██[38;2;156;137;129m████[38;2;66;66;66m██████[38;2;156;136;128m████[38;2;66;66;66m██████[38;2;113;93;73m████[38;2;66;66;66m██[38;2;255;140;87m██[38;2;115;94;75m██[38;2;156;137;128m██[38;2;132;101;97m██[38;2;82;79;69m██[38;2;66;57;58m██[38;2;99;82;83m██[38;2;94;76;74m██[38;2;132;103;100m██[38;2;132;100;96m████[38;2;127;101;95m██[38;2;0;4;0m██[38;2;0;0;0m  
[38;2;0;4;0m██[38;2;82;79;69m████[38;2;132;101;97m████[38;2;77;77;66m████[38;2;0;4;0m██[38;2;0;0;0m  [38;2;0;4;0m██[38;2;255;140;87m████[38;2;112;93;72m██[38;2;160;90;64m██[38;2;66;66;66m██[38;2;160;92;64m████[38;2;159;95;69m██[38;2;66;70;66m██[38;2;165;140;125m██[38;2;74;66;66m██[38;2;156;92;66m████[38;2;159;95;69m██[38;2;66;70;66m██[38;2;66;66;66m██[38;2;113;93;73m██[38;2;115;94;75m██[38;2;159;91;66m██[38;2;113;93;73m████[38;2;66;66;66m██[38;2;156;136;128m██[38;2;157;137;133m██[38;2;132;103;100m██[38;2;132;101;97m████[38;2;66;66;66m██[38;2;88;78;75m██[38;2;94;76;74m████[38;2;132;100;96m████[38;2;96;75;74m████[38;2;0;4;0m██
[38;2;0;4;0m██[38;2;198;198;190m████[38;2;82;79;69m████[38;2;145;145;132m██[38;2;8;8;0m██[38;2;0;0;0m    [38;2;0;4;0m██[38;2;255;140;87m████[38;2;112;93;72m██[38;2;160;90;64m████[38;2;255;140;87m████[38;2;113;82;67m██[38;2;159;95;69m██[38;2;74;66;66m██[38;2;104;91;86m██[38;2;206;107;70m████[38;2;113;82;67m██[38;2;159;95;69m██[38;2;113;93;73m████[38;2;159;91;66m██[38;2;115;94;75m██[38;2;113;93;73m██[38;2;66;66;66m██[38;2;156;136;128m████[38;2;157;137;133m████[38;2;132;101;97m████[38;2;132;103;92m██[38;2;66;66;66m████[38;2;94;76;74m██[38;2;99;74;75m████[38;2;96;75;74m████[38;2;0;4;0m██
[38;2;0;4;0m██[38;2;206;198;190m████[38;2;82;79;69m████[38;2;140;140;132m██[38;2;0;4;0m██[38;2;0;0;0m    [38;2;0;8;8m██[38;2;107;86;75m██[38;2;255;140;87m██[38;2;129;91;73m██[38;2;162;101;74m██[38;2;255;132;87m██[38;2;255;137;90m████[38;2;255;140;87m██[38;2;112;93;72m██[38;2;156;92;66m██[38;2;206;107;70m██[38;2;209;107;68m████[38;2;208;108;67m██[38;2;115;94;75m██[38;2;159;95;69m██[38;2;113;82;67m██[38;2;159;91;66m██[38;2;115;94;75m██[38;2;74;70;66m██[38;2;157;139;127m██[38;2;156;137;129m████[38;2;157;137;133m████[38;2;132;101;97m████[38;2;132;99;96m██[38;2;66;66;66m██[38;2;94;76;74m████[38;2;66;66;66m██[38;2;94;76;74m██[38;2;94;72;74m████[38;2;0;4;0m██
[38;2;0;0;0m  [38;2;8;8;0m██[38;2;74;71;63m██[38;2;140;139;129m██[38;2;82;79;69m██[38;2;0;4;0m██[38;2;0;0;0m    [38;2;0;4;0m██[38;2;107;86;75m██[38;2;71;60;53m██[38;2;66;66;66m████[38;2;115;86;67m██[38;2;255;132;87m██[38;2;255;137;90m████[38;2;255;140;87m██[38;2;112;93;72m██[38;2;156;92;66m██[38;2;206;107;70m██[38;2;209;107;68m████[38;2;208;108;67m██[38;2;115;94;75m██[38;2;159;95;69m██[38;2;66;70;66m██[38;2;115;94;75m██[38;2;159;91;66m██[38;2;74;70;66m████[38;2;156;137;129m████[38;2;157;137;133m██[38;2;132;103;100m██[38;2;132;101;97m████[38;2;132;99;96m██[38;2;66;66;66m██████[38;2;94;76;74m████[38;2;94;72;74m██[38;2;0;4;0m██[38;2;0;0;0m  
[38;2;0;0;0m    [38;2;0;4;0m██████[38;2;0;0;0m      [38;2;0;4;0m██[38;2;206;107;70m██[38;2;96;74;77m██[38;2;132;100;96m████[38;2;66;70;66m██[38;2;156;99;76m██[38;2;255;140;87m████[38;2;115;90;75m██[38;2;66;66;66m██[38;2;66;70;66m██[38;2;156;99;76m██[38;2;206;107;70m████[38;2;104;91;86m██[38;2;74;66;66m██[38;2;74;70;58m██[38;2;165;140;125m██[38;2;66;66;66m██████[38;2;198;198;190m██[38;2;82;74;66m██[38;2;123;112;105m██[38;2;82;79;69m████[38;2;123;112;105m██[38;2;82;74;66m██[38;2;127;101;95m██[38;2;0;4;0m██[38;2;94;72;74m████████[38;2;0;4;0m██[38;2;0;0;0m    
[38;2;0;0;0m                [38;2;0;4;0m██[38;2;206;107;70m████[38;2;99;74;75m██[38;2;132;100;96m██[38;2;126;89;73m██[38;2;66;70;66m██[38;2;66;66;66m██████[38;2;90;78;70m██[38;2;126;89;73m██[38;2;66;70;66m██[38;2;66;66;66m████[38;2;74;66;66m██[38;2;165;140;125m██[38;2;104;93;80m████[38;2;156;136;128m████[38;2;66;66;66m██[38;2;198;198;190m██[38;2;206;189;182m██[38;2;82;74;66m██[38;2;198;198;190m████[38;2;82;74;66m██[38;2;206;189;182m██[38;2;0;4;0m██[38;2;0;0;0m  [38;2;0;4;0m████████[38;2;0;0;0m      
[38;2;0;0;0m                [38;2;0;4;0m██[38;2;103;65;55m██[38;2;206;115;86m██[38;2;99;74;75m██[38;2;132;100;96m██[38;2;132;101;97m████[38;2;107;80;67m██[38;2;206;107;70m██[38;2;209;107;68m████[38;2;90;78;82m██[38;2;129;89;81m██[38;2;132;99;96m████[38;2;177;123;97m██[38;2;107;99;83m██[38;2;255;137;90m████[38;2;98;90;82m██[38;2;173;119;93m██[38;2;132;103;92m██[38;2;66;66;66m██[38;2;206;198;190m██[38;2;69;71;63m██[38;2;201;198;190m████[38;2;69;71;63m██[38;2;206;198;190m██[38;2;0;4;0m██[38;2;0;0;0m                
[38;2;0;0;0m                  [38;2;0;16;24m██[38;2;103;65;55m██[38;2;132;100;96m████[38;2;132;101;97m████[38;2;57;66;65m████[38;2;209;107;68m████[38;2;206;111;78m██[38;2;90;78;82m██[38;2;132;99;96m██[38;2;66;66;66m██[38;2;107;99;83m██[38;2;247;148;111m██[38;2;255;137;90m████[38;2;247;148;103m██[38;2;98;90;82m██[38;2;110;91;83m████[38;2;0;8;0m████[38;2;201;198;190m████[38;2;0;8;0m████[38;2;0;0;0m                  
[38;2;0;0;0m                [38;2;0;4;0m██[38;2;206;198;190m██[38;2;69;71;63m██[38;2;135;123;116m██[38;2;71;66;58m██[38;2;82;74;66m██[38;2;123;112;105m██[38;2;132;100;95m████[38;2;66;65;66m██[38;2;0;4;0m██████████[38;2;140;111;100m██[38;2;96;77;67m██[38;2;255;140;87m████[38;2;90;78;72m██[38;2;132;102;94m██[38;2;123;103;91m██[38;2;0;8;0m██[38;2;0;0;0m    [38;2;0;4;0m████[38;2;0;0;0m                      
[38;2;0;0;0m                  [38;2;0;8;0m████[38;2;8;8;0m██[38;2;198;181;174m██[38;2;206;189;182m██[38;2;82;74;66m██[38;2;132;100;95m██[38;2;0;4;0m████[38;2;0;0;0m          [38;2;8;8;0m██[38;2;96;77;67m██[38;2;96;77;72m████[38;2;132;102;94m██[38;2;90;78;72m██[38;2;82;71;61m██[38;2;123;103;91m██[38;2;0;4;0m██[38;2;0;0;0m                            
[38;2;0;0;0m                        [38;2;0;4;0m████████[38;2;0;0;0m            [38;2;0;4;0m██[38;2;198;198;190m████[38;2;88;74;67m██[38;2;132;107;100m██[38;2;0;4;0m██[38;2;198;198;190m██[38;2;206;198;190m██[38;2;69;71;63m██[38;2;0;4;0m██[38;2;0;0;0m                            
[38;2;0;0;0m                                              [38;2;0;4;0m████[38;2;0;8;0m████[38;2;0;0;0m  [38;2;0;4;0m██[38;2;0;8;0m████[38;2;0;0;0m                              [0m
