
[38;2;0;0;0m                    [38;2;5;11;5m    [38;2;0;0;0m                        
[38;2;0;0;0m              [38;2;23;62;43m  [38;2;0;2;0m    [38;2;72;128;73m██[38;2;71;131;75m██[38;2;0;2;0m  [38;2;0;0;0m    [38;2;0;3;0m  [38;2;0;0;0m                
[38;2;0;0;0m            [38;2;0;1;0m  [38;2;46;94;54m██[38;2;61;117;73m██[38;2;69;129;73m██[38;2;52;123;78m██[38;2;87;159;92m██[38;2;16;31;16m  [38;2;16;32;17m  [38;2;35;69;38m██[38;2;83;155;88m██[38;2;0;2;0m  [38;2;0;0;0m              
[38;2;0;0;0m          [38;2;0;2;0m  [38;2;15;33;16m  [38;2;62;101;71m██[38;2;69;96;72m██[38;2;86;158;91m██[38;2;77;149;87m██[38;2;87;159;93m██[38;2;81;147;84m██[38;2;81;148;84m██[38;2;58;129;80m██[38;2;83;155;91m██[38;2;49;92;52m  [38;2;0;0;0m              
[38;2;0;0;0m        [38;2;0;1;0m  [38;2;62;123;72m██[38;2;62;109;70m██[38;2;67;104;74m██[38;2;83;141;87m██[38;2;57;114;76m██[38;2;86;158;90m██[38;2;86;158;92m██[38;2;52;123;78m██[38;2;69;140;83m██[38;2;83;155;89m██[38;2;75;146;87m██[38;2;79;151;89m██[38;2;38;72;40m██[38;2;16;32;17m  [38;2;0;0;0m          
[38;2;0;0;0m        [38;2;7;22;14m  [38;2;61;87;69m██[38;2;82;135;86m████[38;2;83;141;87m██[38;2;82;140;85m██[38;2;52;122;77m██[38;2;77;149;86m██[38;2;87;159;93m██[38;2;77;149;87m██[38;2;57;128;79m██[38;2;74;146;85m██[38;2;52;122;77m██[38;2;86;158;92m██[38;2;65;120;69m██[38;2;0;0;0m          
[38;2;0;0;0m      [38;2;0;2;0m  [38;2;33;89;62m██[38;2;45;102;74m██[38;2;58;101;77m██[38;2;92;108;86m██[38;2;82;135;86m██[38;2;78;112;85m██[38;2;133;150;116m██[38;2;71;124;87m██[38;2;80;136;92m██[38;2;81;135;87m██[38;2;82;135;86m██[38;2;86;153;91m██[38;2;57;128;79m██[38;2;69;150;89m██[38;2;9;23;17m  [38;2;0;1;0m  [38;2;0;0;0m        
[38;2;0;0;0m        [38;2;10;30;19m██[38;2;59;76;68m██[38;2;100;95;87m██[38;2;98;98;86m██[38;2;82;135;86m██[38;2;171;152;129m██[38;2;164;163;130m██[38;2;195;176;145m██[38;2;167;157;129m██[38;2;73;77;68m██[38;2;78;76;68m██[38;2;73;86;71m██[38;2;83;155;91m██[38;2;60;96;71m██[38;2;53;99;68m██[38;2;30;85;57m██[38;2;0;2;0m  [38;2;0;0;0m      
[38;2;0;0;0m      [38;2;7;22;14m  [38;2;42;106;76m██[38;2;65;91;73m██[38;2;75;74;67m██[38;2;101;101;101m██[38;2;84;141;88m██[38;2;73;85;71m██[38;2;154;131;112m██[38;2;105;71;62m██[38;2;101;101;101m██[38;2;69;68;66m██[38;2;80;79;68m██[38;2;73;86;71m██[38;2;75;144;87m██[38;2;89;147;90m██[38;2;55;79;68m██[38;2;35;91;62m██[38;2;0;2;0m  [38;2;0;0;0m      
[38;2;0;0;0m      [38;2;7;22;14m  [38;2;47;99;74m██[38;2;82;135;86m██[38;2;80;119;81m██[38;2;107;104;101m██[38;2;167;125;85m██[38;2;80;123;83m██[38;2;111;102;100m██[38;2;246;212;204m██[38;2;107;104;101m██[38;2;80;77;68m██[38;2;73;86;71m██[38;2;86;153;91m██[38;2;74;98;79m██[38;2;126;97;93m██[38;2;96;89;81m██[38;2;38;84;60m██[38;2;0;3;0m  [38;2;0;0;0m      
[38;2;0;0;0m        [38;2;7;22;14m  [38;2;50;73;63m██[38;2;76;138;82m██[38;2;171;109;72m██[38;2;136;80;67m██[38;2;126;97;71m██[38;2;57;80;65m██[38;2;59;77;68m██[38;2;107;86;84m██[38;2;118;93;89m██[38;2;52;123;78m██[38;2;83;141;87m██[38;2;115;101;92m██[38;2;163;137;121m██[38;2;168;152;128m██[38;2;47;99;74m██[38;2;38;102;72m██[38;2;7;22;14m  [38;2;0;0;0m    
[38;2;0;0;0m        [38;2;30;28;24m  [38;2;94;82;78m██[38;2;69;77;70m██[38;2;209;125;95m██[38;2;255;131;87m██[38;2;255;138;87m██[38;2;170;116;77m██[38;2;37;93;71m██[38;2;72;107;85m██[38;2;119;93;90m██[38;2;99;99;85m██[38;2;104;90;84m██[38;2;134;106;99m██[38;2;191;166;140m██[38;2;154;128;113m██[38;2;92;95;83m██[38;2;7;22;14m  [38;2;0;0;0m      
[38;2;0;0;0m        [38;2;39;34;30m██[38;2;91;75;72m██[38;2;90;79;75m██[38;2;116;99;96m██[38;2;139;84;69m██[38;2;115;75;66m██[38;2;123;73;61m██[38;2;96;82;65m██[38;2;65;109;83m██[38;2;109;93;86m██[38;2;124;98;93m██[38;2;130;98;95m██[38;2;119;94;91m██[38;2;131;99;95m██[38;2;128;100;95m██[38;2;96;81;78m██[38;2;23;62;43m  [38;2;0;0;0m      
[38;2;0;0;0m    [38;2;0;3;0m  [38;2;37;38;37m  [38;2;96;75;73m██[38;2;94;75;73m██[38;2;87;75;74m██[38;2;139;122;116m██[38;2;138;96;84m██[38;2;93;68;62m██[38;2;110;91;78m██[38;2;89;102;85m██[38;2;84;100;80m██[38;2;194;174;144m██[38;2;197;174;145m██[38;2;146;118;107m██[38;2;70;68;67m██[38;2;82;74;73m██[38;2;125;94;92m██[38;2;125;95;92m██[38;2;37;38;37m  [38;2;0;0;0m      
[38;2;0;0;0m  [38;2;16;32;17m  [38;2;87;160;92m██[38;2;60;131;80m██[38;2;70;79;68m██[38;2;89;70;74m██[38;2;55;46;48m  [38;2;0;2;0m  [38;2;120;109;99m██[38;2;135;123;108m██[38;2;176;156;132m██[38;2;202;178;148m██[38;2;203;181;150m██[38;2;205;181;150m██[38;2;146;131;113m██[38;2;67;66;66m██[38;2;40;112;76m██[38;2;48;88;66m██[38;2;62;73;62m██[38;2;125;95;92m██[38;2;127;96;94m██[38;2;41;37;34m██[38;2;0;0;0m    
[38;2;21;29;22m  [38;2;60;115;76m██[38;2;91;143;95m██[38;2;67;128;80m██[38;2;43;108;74m██[38;2;47;97;72m██[38;2;0;3;1m  [38;2;0;0;0m  [38;2;31;47;33m██[38;2;131;120;110m██[38;2;88;79;77m██[38;2;97;91;85m██[38;2;100;90;86m██[38;2;100;93;86m██[38;2;118;105;101m██[38;2;67;66;66m██[38;2;47;65;56m██[38;2;4;7;6m  [38;2;38;45;34m██[38;2;87;85;71m██[38;2;82;89;76m██[38;2;82;135;86m██[38;2;37;38;37m  [38;2;0;0;0m  
[38;2;21;26;19m  [38;2;157;151;122m██[38;2;87;115;90m██[38;2;68;96;74m██[38;2;49;103;73m██[38;2;12;28;18m██[38;2;0;0;0m  [38;2;0;2;0m  [38;2;58;74;57m██[38;2;62;74;64m██[38;2;91;79;76m██[38;2;94;76;73m██[38;2;99;93;88m██[38;2;127;128;114m██[38;2;59;77;68m██[38;2;40;111;77m██[38;2;12;13;10m  [38;2;0;0;0m  [38;2;6;11;7m  [38;2;86;111;78m██[38;2;87;158;92m██[38;2;87;156;93m██[38;2;60;124;72m██[38;2;5;11;6m  
[38;2;37;35;28m██[38;2;176;154;131m██[38;2;187;167;139m██[38;2;140;123;108m██[38;2;101;104;90m██[38;2;4;7;4m  [38;2;0;0;0m  [38;2;0;2;0m  [38;2;57;71;61m██[38;2;63;80;67m██[38;2;88;67;68m██[38;2;78;70;69m██[38;2;80;69;67m██[38;2;47;104;75m██[38;2;50;94;72m██[38;2;59;77;68m██[38;2;68;58;56m██[38;2;0;1;0m  [38;2;21;42;22m██[38;2;60;131;80m██[38;2;77;149;86m██[38;2;79;141;93m██[38;2;133;161;116m██[38;2;15;34;18m██
[38;2;0;0;0m  [38;2;111;98;84m  [38;2;74;67;56m  [38;2;87;80;74m  [38;2;0;2;0m  [38;2;0;0;0m    [38;2;12;14;12m  [38;2;77;69;73m██[38;2;87;74;74m██[38;2;88;73;72m██[38;2;76;59;60m██[38;2;0;2;0m  [38;2;37;33;34m  [38;2;101;78;82m██[38;2;125;95;92m██[38;2;131;101;97m██[38;2;45;39;36m██[38;2;0;1;0m  [38;2;154;136;112m██[38;2;102;131;101m██[38;2;122;132;106m██[38;2;175;160;134m██[38;2;39;37;31m██
[38;2;0;0;0m            [38;2;30;28;24m  [38;2;89;79;74m██[38;2;135;114;108m██[38;2;129;112;105m██[38;2;120;107;100m██[38;2;18;19;16m██[38;2;0;0;0m  [38;2;0;1;1m  [38;2;51;41;39m██[38;2;131;99;96m██[38;2;88;76;73m██[38;2;99;86;86m██[38;2;0;2;0m  [38;2;38;36;28m  [38;2;156;141;121m██[38;2;201;171;151m██[38;2;133;120;107m██[38;2;39;37;32m██
[38;2;0;0;0m              [38;2;0;2;0m  [38;2;83;68;64m██[38;2;119;104;95m██[38;2;0;2;0m  [38;2;0;0;0m      [38;2;29;25;21m██[38;2;104;93;88m██[38;2;160;141;120m██[38;2;88;77;72m██[38;2;80;71;65m██[38;2;0;0;0m  [38;2;25;25;19m  [38;2;99;85;75m██[38;2;0;0;0m    
[38;2;0;0;0m                            [38;2;4;5;3m  [38;2;42;40;32m██[38;2;30;26;23m████[38;2;37;32;28m  [38;2;0;0;0m          [0m
