
[38;2;0;0;0m                    ████████                          
[38;2;0;0;0m                ████[38;2;107;107;115m████████[38;2;0;0;0m████                      
[38;2;0;0;0m              ██[38;2;107;110;115m████████████████[38;2;0;0;0m██                    
[38;2;0;0;0m              ██[38;2;107;110;115m████████████████[38;2;0;0;0m██                    
[38;2;0;0;0m            ██[38;2;107;107;115m██[38;2;107;110;115m████████[38;2;107;107;115m████[38;2;66;66;66m██[38;2;107;107;115m████[38;2;0;0;0m██                  
[38;2;0;0;0m            ██[38;2;107;107;115m██[38;2;107;110;115m████████[38;2;66;66;66m████[38;2;107;107;115m██████[38;2;0;0;0m██                  
[38;2;0;0;0m          ██[38;2;107;110;115m████[38;2;107;107;115m████[38;2;60;55;74m██[38;2;0;4;0m██[38;2;181;156;213m██[38;2;82;90;82m██[38;2;107;107;115m██████[38;2;0;0;0m██                  
[38;2;0;0;0m        ██[38;2;107;107;115m██[38;2;107;110;115m████[38;2;107;107;115m██[38;2;66;66;66m██[38;2;181;156;221m██[38;2;0;4;0m██[38;2;82;90;82m██[38;2;115;112;126m██[38;2;107;107;115m██[38;2;66;66;66m██[38;2;107;107;115m██[38;2;0;0;0m██                  
[38;2;0;0;0m    ████[38;2;107;110;115m████[38;2;107;107;115m██████[38;2;66;66;66m██[38;2;107;110;115m████[38;2;107;107;115m████[38;2;66;66;66m██[38;2;107;111;115m██[38;2;0;0;0m██                    
[38;2;0;0;0m  ██[38;2;107;107;115m████[38;2;107;110;115m████[38;2;107;107;115m██[38;2;66;66;66m██[38;2;107;107;115m████[38;2;107;110;115m████[38;2;66;66;66m████[38;2;107;111;115m██[38;2;86;88;90m██[38;2;0;0;0m██                    
[38;2;0;0;0m  ██[38;2;107;107;115m██[38;2;71;71;77m██[38;2;115;111;115m████[38;2;71;71;71m██[38;2;107;107;107m██[38;2;0;0;0m████[38;2;60;63;60m████[38;2;88;90;88m████[38;2;86;86;86m██[38;2;0;0;0m██                      
[38;2;0;0;0m    ██[38;2;107;107;115m██[38;2;79;75;77m██[38;2;8;4;0m██[38;2;0;0;0m████    ██[38;2;90;94;90m██[38;2;88;90;88m████[38;2;0;0;0m██                        
[38;2;0;0;0m      ████        ██[38;2;82;94;90m████[38;2;90;94;90m██[38;2;0;0;0m██                          
[38;2;0;0;0m              ████[38;2;86;86;86m██[38;2;118;93;104m██[38;2;189;90;133m██[38;2;60;63;60m████[38;2;0;0;0m██                        
[38;2;0;0;0m            [38;2;8;4;0m██[38;2;115;111;115m██[38;2;107;107;115m██[38;2;88;88;88m██[38;2;195;93;139m██[38;2;107;107;115m████████[38;2;0;0;0m████                    
[38;2;0;0;0m  ████    ██[38;2;79;75;77m██[38;2;115;111;115m██[38;2;88;88;88m██[38;2;107;107;115m██[38;2;239;86;151m██[38;2;107;107;115m██[38;2;66;66;66m██[38;2;107;107;115m██████[38;2;86;86;86m██[38;2;0;0;0m██                  
[38;2;0;0;0m██[38;2;85;85;85m████[38;2;0;0;0m██[38;2;0;4;0m██[38;2;60;61;60m██[38;2;181;90;149m██[38;2;82;103;122m██[38;2;239;90;159m██[38;2;107;109;134m██[38;2;239;99;167m██[38;2;66;74;74m██[38;2;66;66;66m██████[38;2;107;107;115m██████[38;2;0;0;0m██                
[38;2;0;0;0m██[38;2;85;85;85m██[38;2;0;0;0m██[38;2;85;85;85m██[38;2;90;90;90m██[38;2;60;61;60m██[38;2;115;99;131m████[38;2;107;109;134m██[38;2;239;90;159m██[38;2;66;74;74m██[38;2;124;82;105m██[38;2;107;107;115m████████[38;2;0;0;0m████                  
[38;2;0;0;0m  ██  ██████[38;2;154;81;127m██[38;2;231;115;183m██[38;2;222;103;174m██[38;2;57;70;73m██[38;2;107;111;115m██[38;2;66;66;66m██[38;2;107;107;115m██[38;2;0;0;0m██████                      
[38;2;0;0;0m            [38;2;0;12;16m██[38;2;154;81;127m██[38;2;139;86;123m██[38;2;57;70;73m██[38;2;66;66;66m██[38;2;86;88;90m██[38;2;0;0;0m██            ████            
[38;2;0;0;0m            [38;2;8;4;0m██[38;2;107;111;155m██[38;2;106;107;154m██[38;2;189;82;133m██[38;2;107;107;115m████[38;2;79;75;77m██[38;2;8;4;0m██[38;2;0;0;0m██  ██████[38;2;88;88;88m██[38;2;86;86;86m██[38;2;0;0;0m██          
[38;2;0;0;0m        ████[38;2;57;57;77m██[38;2;107;111;155m██[38;2;106;107;154m████[38;2;239;90;159m██[38;2;107;107;115m██[38;2;115;111;115m████[38;2;86;86;86m██[38;2;0;0;0m██[38;2;88;88;88m██████[38;2;0;0;0m████  ██████    
[38;2;0;0;0m      ██[38;2;66;66;66m████[38;2;85;86;125m██[38;2;107;107;155m██[38;2;106;107;154m████[38;2;239;90;159m██[38;2;90;93;133m██[38;2;107;107;115m██████[38;2;66;66;66m██[38;2;86;86;86m██[38;2;0;0;0m████    ██[38;2;66;66;66m██[38;2;88;88;88m██[38;2;86;86;86m██[38;2;0;0;0m██  
[38;2;0;0;0m    ██[38;2;66;66;66m████[38;2;85;88;125m██[38;2;85;86;125m████[38;2;106;107;154m██[38;2;189;82;133m██[38;2;90;93;133m████[38;2;85;88;125m██[38;2;107;107;115m██████[38;2;0;0;0m██        ██[38;2;88;88;88m████[38;2;0;0;0m██    
[38;2;0;0;0m    ██[38;2;86;86;126m██[38;2;90;90;122m████[38;2;86;86;126m██[38;2;0;0;0m████[38;2;86;86;126m██[38;2;55;58;76m██[38;2;110;111;153m██[38;2;107;107;155m██[38;2;85;86;125m██[38;2;107;110;115m████[38;2;60;63;60m██[38;2;0;0;0m██████    ██[38;2;107;103;107m██[38;2;115;111;115m██[38;2;8;4;0m██[38;2;0;0;0m  
[38;2;0;0;0m      ██[38;2;79;80;92m██[38;2;68;71;63m██[38;2;0;0;0m██    ██[38;2;0;4;0m████[38;2;107;107;155m██[38;2;85;86;125m██[38;2;107;110;115m████[38;2;60;63;60m██[38;2;90;94;90m██[38;2;77;77;82m██[38;2;115;115;123m██[38;2;0;0;0m████[38;2;71;69;71m████[38;2;79;75;77m██[38;2;115;111;115m██[38;2;0;0;0m██
[38;2;0;0;0m        ████[38;2;60;63;60m██[38;2;0;0;0m██        ██[38;2;86;86;126m██[38;2;99;99;99m██[38;2;66;66;66m██[38;2;181;86;133m████[38;2;106;107;114m████████[38;2;107;110;115m████[38;2;107;107;115m████[38;2;0;0;0m██
[38;2;0;0;0m        ██[38;2;88;88;88m██[38;2;90;94;90m██[38;2;60;63;60m██[38;2;0;0;0m██        ████[38;2;99;99;99m██[38;2;0;8;0m██[38;2;90;47;66m██[38;2;189;82;133m██████[38;2;106;107;114m██[38;2;107;110;115m████[38;2;0;0;0m████  
[38;2;0;0;0m      ██[38;2;86;86;86m██[38;2;0;0;0m██[38;2;86;86;86m██[38;2;0;0;0m██          ██[38;2;115;111;115m██[38;2;79;75;77m██[38;2;77;77;82m██[38;2;0;0;0m██████████████      
[38;2;0;0;0m        ██  ██          ██[38;2;107;107;115m██[38;2;8;4;0m██[38;2;115;111;115m██[38;2;0;0;0m██[38;2;115;115;123m██[38;2;0;0;0m██                
[38;2;0;0;0m                          ██  ██  ██                  [0m
