
[38;2;49;49;49m██████[38;2;0;0;0m  [38;2;49;49;49m████[38;2;0;0;0m                                  
[38;2;49;49;49m██[38;2;74;156;74m████[38;2;49;49;49m██[38;2;74;156;74m██[38;2;49;49;49m██[38;2;0;0;0m  [38;2;49;49;49m██[38;2;0;0;0m                              
[38;2;0;0;0m  [38;2;49;49;49m██[38;2;74;156;74m████████[38;2;49;49;49m██[38;2;74;156;74m██[38;2;49;49;49m██[38;2;0;0;0m            [38;2;49;49;49m████[38;2;0;0;0m  [38;2;49;49;49m██████[38;2;0;0;0m    
[38;2;0;0;0m    [38;2;49;49;49m██[38;2;74;156;74m██████[38;2;82;82;82m██[38;2;74;156;74m████[38;2;49;49;49m██[38;2;0;0;0m  [38;2;49;49;49m████[38;2;0;0;0m  [38;2;49;49;49m██[38;2;74;156;74m████[38;2;49;49;49m██[38;2;74;156;74m████[38;2;49;49;49m██[38;2;0;0;0m    
[38;2;0;0;0m  [38;2;49;49;49m██[38;2;74;156;74m██████████████[38;2;49;49;49m████[38;2;74;156;74m██[38;2;49;49;49m████[38;2;74;156;74m██████████[38;2;49;49;49m██[38;2;0;0;0m      
[38;2;0;0;0m    [38;2;49;49;49m████[38;2;82;82;82m████[38;2;255;230;148m██[38;2;82;82;82m██[38;2;74;156;74m██[38;2;82;82;82m██[38;2;74;156;74m████████████████[38;2;49;49;49m██[38;2;0;0;0m        
[38;2;0;0;0m      [38;2;49;49;49m██[38;2;189;123;90m██[38;2;139;82;82m██[38;2;222;189;90m██[38;2;139;82;82m██[38;2;82;82;82m██[38;2;255;230;148m██[38;2;82;82;82m██[38;2;74;156;74m██[38;2;82;82;82m██████[38;2;74;156;74m████[38;2;49;49;49m██[38;2;0;0;0m          
[38;2;0;0;0m        [38;2;49;49;49m██[38;2;189;123;90m██[38;2;82;82;82m██[38;2;139;82;82m██[38;2;189;123;90m██[38;2;222;189;90m██[38;2;139;82;82m██[38;2;82;82;82m██[38;2;189;123;90m██████[38;2;82;82;82m██[38;2;74;156;74m████[38;2;49;49;49m██[38;2;0;0;0m        
[38;2;0;0;0m          [38;2;49;49;49m██[38;2;189;123;90m██████[38;2;82;82;82m██[38;2;139;82;82m██[38;2;189;123;90m██[38;2;139;82;82m████[38;2;82;82;82m██[38;2;49;49;49m██████[38;2;0;0;0m    [38;2;49;49;49m████[38;2;0;0;0m  
[38;2;0;0;0m          [38;2;49;49;49m██[38;2;189;123;90m██████████[38;2;139;82;82m████[38;2;49;49;49m████[38;2;0;0;0m      [38;2;49;49;49m████[38;2;189;123;90m██[38;2;49;49;49m██[38;2;0;0;0m  
[38;2;0;0;0m        [38;2;49;49;49m██[38;2;189;123;90m██████[38;2;255;164;57m██[38;2;255;255;255m██[38;2;255;164;57m██[38;2;82;82;82m██[38;2;189;123;90m██[38;2;49;49;49m██[38;2;0;0;0m      [38;2;49;49;49m██[38;2;189;123;90m██[38;2;49;49;49m██[38;2;189;123;90m██[38;2;82;82;82m██[38;2;49;49;49m██
[38;2;0;0;0m      [38;2;49;49;49m██[38;2;189;123;90m██████[38;2;139;82;82m██[38;2;49;49;49m██[38;2;255;255;255m██[38;2;255;164;57m██[38;2;189;123;90m██[38;2;49;49;49m██[38;2;0;0;0m      [38;2;49;49;49m████[38;2;139;82;82m██[38;2;189;123;90m██████[38;2;49;49;49m██
[38;2;0;0;0m      [38;2;49;49;49m██[38;2;139;82;82m██[38;2;189;123;90m██[38;2;222;189;90m██[38;2;255;230;148m████[38;2;222;189;90m██[38;2;139;82;82m██[38;2;189;123;90m████[38;2;49;49;49m██████[38;2;189;123;90m████[38;2;82;82;82m██[38;2;139;82;82m██[38;2;189;123;90m██[38;2;49;49;49m██[38;2;0;0;0m  
[38;2;0;0;0m        [38;2;49;49;49m██[38;2;255;230;148m████[38;2;82;82;82m████[38;2;139;82;82m██[38;2;189;123;90m████████[38;2;98;189;65m██[38;2;74;156;74m██[38;2;189;123;90m██████[38;2;82;82;82m██[38;2;49;49;49m██[38;2;0;0;0m    
[38;2;0;0;0m          [38;2;49;49;49m██[38;2;82;82;82m██[38;2;222;189;90m██[38;2;255;230;148m██[38;2;189;123;90m████████████████[38;2;98;189;65m██[38;2;189;123;90m████[38;2;49;49;49m██[38;2;0;0;0m    
[38;2;0;0;0m            [38;2;49;49;49m██[38;2;255;230;148m██████[38;2;189;123;90m████████████████████[38;2;49;49;49m██[38;2;0;0;0m    
[38;2;0;0;0m            [38;2;49;49;49m██[38;2;255;230;148m██████[38;2;139;82;82m██[38;2;189;123;90m████████[38;2;222;189;90m██[38;2;82;82;82m██[38;2;189;123;90m██████[38;2;49;49;49m██[38;2;0;0;0m    
[38;2;0;0;0m              [38;2;49;49;49m██[38;2;255;230;148m████[38;2;82;82;82m██[38;2;189;123;90m██████[38;2;222;189;90m██████[38;2;139;82;82m██[38;2;189;123;90m████[38;2;49;49;49m██[38;2;0;0;0m    
[38;2;0;0;0m              [38;2;49;49;49m██[38;2;222;189;90m██[38;2;82;82;82m██[38;2;49;49;49m██[38;2;139;82;82m██[38;2;189;123;90m████[38;2;82;82;82m██[38;2;49;49;49m██████[38;2;189;123;90m██████[38;2;49;49;49m██[38;2;0;0;0m  
[38;2;0;0;0m              [38;2;49;49;49m██[38;2;139;82;82m██[38;2;49;49;49m██[38;2;0;0;0m  [38;2;49;49;49m██[38;2;189;123;90m████[38;2;49;49;49m██[38;2;0;0;0m      [38;2;49;49;49m████[38;2;189;123;90m██[38;2;49;49;49m██[38;2;0;0;0m  
[38;2;0;0;0m              [38;2;49;49;49m██[38;2;139;82;82m██[38;2;49;49;49m██[38;2;0;0;0m  [38;2;49;49;49m██[38;2;189;123;90m██[38;2;139;82;82m██[38;2;49;49;49m██[38;2;0;0;0m        [38;2;49;49;49m██[38;2;139;82;82m██[38;2;49;49;49m██[38;2;0;0;0m  
[38;2;0;0;0m              [38;2;49;49;49m████[38;2;0;0;0m    [38;2;49;49;49m██[38;2;189;123;90m██[38;2;49;49;49m██[38;2;0;0;0m          [38;2;49;49;49m████[38;2;0;0;0m    
[38;2;0;0;0m                      [38;2;49;49;49m██[38;2;139;82;82m██[38;2;49;49;49m██[38;2;0;0;0m                  
[38;2;0;0;0m                      [38;2;49;49;49m████[38;2;0;0;0m                    [0m
