
[38;2;0;0;0m                      [38;2;7;11;6m    [38;2;0;0;0m                      
[38;2;0;0;0m                      [38;2;29;47;25m████[38;2;0;0;0m                      
[38;2;0;0;0m                      [38;2;26;44;25m██[38;2;180;192;117m██[38;2;0;0;0m                [38;2;20;33;18m  [38;2;26;42;22m  [38;2;0;0;0m  
[38;2;0;0;0m                      [38;2;18;33;23m██[38;2;172;181;116m██[38;2;0;0;0m              [38;2;96;156;84m██[38;2;93;158;98m██[38;2;25;42;22m  [38;2;0;0;0m  
[38;2;0;0;0m                      [38;2;42;68;43m██[38;2;171;176;114m██[38;2;34;33;20m  [38;2;0;0;0m        [38;2;0;1;0m  [38;2;79;130;74m██[38;2;84;146;105m██[38;2;203;214;156m██[38;2;0;0;0m    
[38;2;0;0;0m              [38;2;56;101;73m  [38;2;0;0;0m      [38;2;122;174;87m██[38;2;168;162;107m██[38;2;137;131;82m██[38;2;0;0;0m        [38;2;95;156;84m██[38;2;85;150;104m██[38;2;210;218;159m██[38;2;127;123;90m██[38;2;0;0;0m    
[38;2;0;0;0m              [38;2;61;110;79m██[38;2;80;144;104m██[38;2;29;48;26m██[38;2;103;151;66m██[38;2;140;208;93m██[38;2;78;96;74m██[38;2;137;131;82m██[38;2;0;0;0m      [38;2;46;56;44m██[38;2;116;191;110m██[38;2;192;208;152m██[38;2;241;233;171m██[38;2;65;63;46m  [38;2;0;0;0m    
[38;2;0;0;0m              [38;2;5;9;6m██[38;2;101;173;107m██[38;2;81;137;87m██[38;2;137;199;87m██[38;2;143;208;89m██[38;2;118;180;98m██[38;2;82;80;68m██[38;2;6;6;6m  [38;2;96;156;84m████[38;2;94;133;87m██[38;2;83;146;105m██[38;2;248;240;176m██[38;2;222;214;157m██[38;2;0;0;0m      
[38;2;0;0;0m              [38;2;26;46;31m██[38;2;130;208;108m██[38;2;144;208;88m████[38;2;143;208;89m██[38;2;130;208;107m██[38;2;128;208;112m████[38;2;121;193;107m██[38;2;66;70;66m██[38;2;68;124;92m██[38;2;236;228;162m██[38;2;213;206;151m██[38;2;46;46;46m  [38;2;0;0;0m      
[38;2;0;0;0m            [38;2;50;81;43m  [38;2;116;193;110m██[38;2;130;208;108m██[38;2;144;208;88m████[38;2;131;208;107m██[38;2;128;208;112m██████[38;2;73;85;71m██[38;2;75;120;92m██[38;2;110;140;97m██[38;2;200;192;120m██[38;2;92;89;58m██[38;2;65;65;60m██[38;2;186;180;132m████[38;2;50;48;35m  
[38;2;0;0;0m            [38;2;68;107;64m██[38;2;128;208;112m████[38;2;128;208;111m██[38;2;132;208;105m██[38;2;128;208;112m██[38;2;114;187;105m██[38;2;99;167;102m██[38;2;44;83;63m██[38;2;19;19;19m  [38;2;78;138;100m██[38;2;125;146;99m██[38;2;168;164;115m██[38;2;187;184;146m██[38;2;248;240;176m████[38;2;151;146;107m  [38;2;0;0;0m  
[38;2;0;0;0m            [38;2;71;103;83m██[38;2;128;208;112m██[38;2;106;178;108m██[38;2;140;208;93m██[38;2;135;208;100m██[38;2;115;190;106m██[38;2;171;193;178m██[38;2;80;144;104m██[38;2;11;20;15m██[38;2;0;0;0m  [38;2;63;78;69m██[38;2;79;84;72m██[38;2;170;166;116m██[38;2;206;198;127m██[38;2;228;221;162m██[38;2;62;60;44m██[38;2;0;0;0m    
[38;2;0;0;0m            [38;2;64;95;75m██[38;2;113;174;100m██[38;2;106;178;108m██[38;2;115;189;108m██[38;2;34;53;31m██[38;2;137;164;150m██[38;2;215;227;220m██[38;2;67;123;91m██[38;2;69;92;78m██[38;2;41;49;39m██[38;2;128;201;104m██[38;2;130;208;108m██[38;2;79;98;75m██[38;2;20;20;20m  [38;2;0;0;0m        
[38;2;0;0;0m            [38;2;10;18;13m  [38;2;68;73;67m██[38;2;128;208;112m██[38;2;115;189;108m██[38;2;100;161;88m██[38;2;149;206;144m██[38;2;89;149;112m██[38;2;76;125;94m██[38;2;68;84;73m██[38;2;89;121;83m██[38;2;143;208;89m██[38;2;136;208;99m██[38;2;125;203;109m██[38;2;0;0;0m          
[38;2;0;0;0m          [38;2;31;50;27m  [38;2;48;58;46m██[38;2;126;206;111m██[38;2;120;197;108m██[38;2;128;208;112m██[38;2;116;183;103m██[38;2;76;124;94m██[38;2;92;102;81m██[38;2;129;126;91m██[38;2;87;87;80m██[38;2;92;128;85m██[38;2;127;205;111m██[38;2;122;200;111m██[38;2;107;152;105m██[38;2;0;0;0m          
[38;2;0;0;0m          [38;2;125;203;109m██[38;2;102;166;102m██[38;2;81;105;77m██[38;2;120;197;108m██[38;2;80;100;76m██[38;2;102;149;92m██[38;2;104;108;106m██[38;2;228;220;158m██[38;2;196;192;145m██[38;2;84;91;104m██[38;2;121;193;107m██[38;2;81;104;77m██[38;2;74;92;75m██[38;2;197;190;119m██[38;2;26;47;34m  [38;2;0;0;0m        
[38;2;0;0;0m      [38;2;28;46;25m  [38;2;61;104;62m██[38;2;106;158;127m██[38;2;119;152;136m██[38;2;0;0;0m  [38;2;29;29;29m  [38;2;78;135;99m██[38;2;98;144;91m██[38;2;107;168;108m██[38;2;80;98;104m██[38;2;80;92;104m██[38;2;110;178;109m██[38;2;100;165;103m██[38;2;68;86;75m██[38;2;74;115;89m██[38;2;76;124;94m██[38;2;58;99;62m██[38;2;0;0;0m        
[38;2;0;0;0m    [38;2;83;139;81m██[38;2;88;154;103m██[38;2;158;186;176m██[38;2;183;199;199m██[38;2;88;95;95m██[38;2;0;0;0m    [38;2;80;144;104m██[38;2;77;130;97m██[38;2;68;80;73m████[38;2;71;93;83m██[38;2;80;144;104m██[38;2;71;99;81m██[38;2;79;142;103m██[38;2;74;115;89m██[38;2;64;64;64m██[38;2;107;160;96m██[38;2;0;0;0m        
[38;2;8;14;7m  [38;2;100;165;94m██[38;2;133;172;153m██[38;2;142;155;155m██[38;2;77;84;84m  [38;2;0;0;0m        [38;2;8;15;11m  [38;2;73;123;95m██[38;2;66;77;70m██[38;2;148;167;110m██[38;2;138;149;102m██[38;2;64;66;65m██[38;2;78;136;100m██[38;2;79;101;77m██[38;2;103;151;93m██[38;2;115;190;109m██[38;2;34;43;33m██[38;2;0;0;0m        
[38;2;34;56;30m██[38;2;89;156;105m██[38;2;46;50;50m██[38;2;4;5;5m  [38;2;0;0;0m          [38;2;8;15;11m  [38;2;135;147;104m██[38;2;142;137;96m██[38;2;62;102;80m██[38;2;62;114;86m██[38;2;58;96;77m██[38;2;85;118;84m██[38;2;127;205;111m██[38;2;92;160;106m██[38;2;203;219;209m██[38;2;34;43;33m██[38;2;0;0;0m        
[38;2;25;42;22m  [38;2;18;29;15m  [38;2;0;0;0m              [38;2;28;51;37m██[38;2;80;115;104m██[38;2;80;111;104m██[38;2;55;69;60m██[38;2;18;33;24m  [38;2;73;121;91m██[38;2;99;142;90m██[38;2;82;147;104m██[38;2;216;224;224m██[38;2;199;199;199m██[38;2;107;160;96m██[38;2;0;0;0m        
[38;2;0;0;0m                [38;2;83;90;90m  [38;2;80;101;104m████[38;2;66;119;86m██[38;2;4;8;5m  [38;2;0;0;0m  [38;2;13;13;13m  [38;2;113;188;109m██[38;2;198;218;205m██[38;2;148;156;156m██[38;2;112;172;100m██[38;2;128;208;112m██[38;2;85;139;75m  [38;2;0;0;0m      
[38;2;0;0;0m                  [38;2;158;158;158m  [38;2;127;127;127m  [38;2;0;0;0m        [38;2;108;182;108m██[38;2;192;207;205m██[38;2;143;153;141m██[38;2;116;178;110m██[38;2;121;191;110m██[38;2;114;186;100m██[38;2;0;0;0m      
[38;2;0;0;0m                              [38;2;65;107;60m██[38;2;239;244;239m██[38;2;48;58;46m██[38;2;202;204;208m██[38;2;129;139;131m██[38;2;28;46;25m  [38;2;0;0;0m      
[38;2;0;0;0m                              [38;2;38;61;33m  [38;2;238;242;237m██[38;2;0;0;0m              
[38;2;0;0;0m                                [38;2;58;58;58m  [38;2;0;0;0m              [0m
