
[38;2;0;0;0m                                                  ████                        
[38;2;0;0;0m                                                ██[38;2;176;176;176m██[38;2;66;66;66m██[38;2;0;0;0m██                      
[38;2;0;0;0m                                              ██[38;2;173;173;173m██[38;2;176;176;176m████[38;2;0;0;0m██            ██████    
[38;2;0;0;0m                            ██████████        ██[38;2;173;173;173m██[38;2;178;177;176m██[38;2;143;140;129m██[38;2;0;0;0m██        ████[38;2;255;255;255m██████[38;2;0;0;0m██  
[38;2;0;0;0m                      ██████[38;2;255;255;255m██████[38;2;239;239;239m████[38;2;0;0;0m████  ██[38;2;173;173;173m████[38;2;143;140;129m██[38;2;178;177;176m██[38;2;0;0;0m██    ████[38;2;255;255;255m████████████[38;2;0;0;0m██
[38;2;0;0;0m                    ██[38;2;255;255;255m██████[38;2;222;226;218m██[38;2;255;255;255m██████[38;2;222;226;218m██[38;2;255;255;255m████[38;2;0;0;0m████[38;2;178;177;176m██[38;2;143;140;129m██[38;2;173;173;173m██[38;2;0;0;0m██    ██[38;2;255;255;255m████████[38;2;82;90;106m████[38;2;255;255;255m████[38;2;0;0;0m██
[38;2;0;0;0m                      ██[38;2;255;255;255m████[38;2;222;226;218m██[38;2;255;255;255m██████[38;2;222;226;218m██[38;2;255;255;255m██[38;2;222;226;218m██[38;2;247;255;247m██[38;2;82;85;82m██[38;2;178;177;176m██[38;2;143;140;129m██[38;2;173;173;173m██[38;2;0;0;0m██  ██[38;2;255;255;255m████[38;2;82;90;106m██[38;2;255;255;255m████[38;2;82;90;106m████[38;2;255;255;255m████[38;2;0;0;0m██
[38;2;0;0;0m                      ██[38;2;255;255;255m██████[38;2;222;226;218m██[38;2;255;255;255m██[38;2;239;239;239m████████[38;2;255;255;255m██[38;2;222;226;218m██[38;2;66;66;66m██[38;2;137;137;137m██[38;2;176;176;176m██[38;2;66;66;66m██[38;2;0;0;0m██[38;2;255;255;255m██████████████████[38;2;0;0;0m██  
[38;2;0;0;0m                        ██[38;2;255;255;255m████[38;2;222;226;218m██[38;2;255;255;255m██[38;2;66;66;66m████████[38;2;222;226;218m██[38;2;255;255;255m██[38;2;66;66;66m██[38;2;173;173;173m██[38;2;176;176;176m████[38;2;0;0;0m██[38;2;255;255;255m████████[38;2;175;177;175m██████[38;2;255;255;255m████[38;2;0;0;0m██  
[38;2;0;0;0m                      ████[38;2;255;255;255m██[38;2;74;74;82m██[38;2;66;66;66m████[38;2;79;91;103m████████[38;2;66;66;66m████[38;2;57;61;65m██[38;2;173;173;173m██[38;2;137;137;137m██[38;2;66;66;66m██[38;2;255;255;255m██████[38;2;175;177;175m████[38;2;255;255;255m████████[38;2;0;0;0m██    
[38;2;0;0;0m                    ██[38;2;78;90;106m████[38;2;74;74;82m████[38;2;80;91;104m████[38;2;79;91;103m████████[38;2;80;91;104m████[38;2;96;98;101m██[38;2;57;61;65m██[38;2;173;173;173m██[38;2;66;66;66m██[38;2;255;255;255m████[38;2;175;177;175m██[38;2;255;255;255m████████████[38;2;0;0;0m██    
[38;2;0;0;0m                  [38;2;0;8;16m██[38;2;123;70;67m██[38;2;255;132;108m████████[38;2;255;132;111m██[38;2;82;90;106m██████[38;2;79;91;103m████[38;2;82;90;106m████[38;2;79;91;103m████[38;2;82;61;58m██[38;2;255;247;231m██[38;2;255;255;255m██[38;2;175;177;175m██[38;2;255;255;255m████[38;2;82;90;106m████[38;2;255;255;255m████[38;2;0;0;0m██      
[38;2;0;0;0m                ██[38;2;247;132;119m████[38;2;255;132;108m████████[38;2;255;132;111m██████[38;2;82;90;106m██[38;2;79;91;103m████[38;2;82;90;106m██[38;2;255;132;111m██[38;2;79;91;103m████[38;2;168;154;144m██[38;2;82;61;58m██[38;2;175;177;175m██[38;2;255;255;255m████[38;2;82;90;106m████[38;2;255;255;255m████[38;2;0;0;0m██        
[38;2;0;0;0m  ████████████[38;2;0;8;16m██[38;2;85;82;77m██[38;2;255;132;111m████[38;2;255;132;108m████████████████[38;2;255;132;111m██[38;2;82;90;106m██[38;2;79;91;103m████[38;2;255;132;111m██[38;2;82;90;106m██[38;2;255;132;111m██[38;2;66;66;66m██[38;2;255;255;255m████████████[38;2;0;0;0m██          
[38;2;0;0;0m██[38;2;214;173;150m████[38;2;255;231;191m████████[38;2;255;231;199m████[38;2;66;66;66m██[38;2;255;132;111m██[38;2;255;132;108m████████████████[38;2;255;132;111m████[38;2;79;91;103m████[38;2;255;132;111m██████[38;2;192;110;96m██[38;2;66;66;66m██[38;2;255;255;255m████[38;2;175;177;175m████[38;2;255;255;255m██[38;2;0;0;0m██          
[38;2;0;0;0m  ████[38;2;206;156;142m████[38;2;222;181;161m██[38;2;255;231;199m██[38;2;255;231;191m████[38;2;255;239;199m██[38;2;66;66;66m██[38;2;255;132;108m████[38;2;255;132;106m████[38;2;255;255;255m████████[38;2;255;132;106m████[38;2;82;90;106m████[38;2;255;132;111m████[38;2;79;92;106m██[38;2;206;111;110m██[38;2;66;66;66m██[38;2;170;176;170m██[38;2;175;177;175m██[38;2;255;255;255m██████[38;2;0;0;0m██          
[38;2;0;0;0m      ████[38;2;206;156;142m████[38;2;205;158;137m████[38;2;192;181;155m██[38;2;66;66;66m██[38;2;255;132;108m████[38;2;255;132;106m██[38;2;255;255;255m██[38;2;170;170;170m██[38;2;0;0;0m████[38;2;170;170;170m██[38;2;255;255;255m██[38;2;255;132;106m██[38;2;255;132;111m██[38;2;82;90;106m████[38;2;255;132;111m██[38;2;79;92;106m██[38;2;206;111;110m██[38;2;66;66;66m██[38;2;222;231;222m██[38;2;255;255;255m██████████[38;2;0;0;0m██        
[38;2;0;0;0m          ████[38;2;206;156;142m████[38;2;74;74;82m████[38;2;255;132;108m████[38;2;255;132;106m██[38;2;255;255;255m██[38;2;0;0;0m██[38;2;255;255;255m██[38;2;0;0;0m████[38;2;255;255;247m██[38;2;173;142;138m██[38;2;255;132;111m██[38;2;82;90;106m████[38;2;255;132;111m██[38;2;203;112;107m████[38;2;66;66;66m██[38;2;170;176;170m██[38;2;177;177;177m████[38;2;217;217;217m██[38;2;255;255;255m██████[38;2;0;0;0m██      
[38;2;0;0;0m            ██[38;2;66;66;66m████[38;2;74;74;82m██[38;2;255;132;111m██[38;2;255;132;108m████[38;2;255;132;106m██[38;2;255;255;255m██[38;2;0;0;0m████[38;2;78;90;106m██[38;2;0;0;0m██[38;2;255;255;247m██[38;2;132;86;84m██[38;2;255;132;111m██[38;2;82;90;106m████[38;2;197;118;109m██[38;2;203;112;107m████[38;2;66;66;66m██[38;2;222;231;222m██[38;2;222;222;222m████[38;2;178;178;178m████[38;2;255;255;255m████[38;2;0;0;0m██      
[38;2;0;0;0m            ██[38;2;255;132;108m████████████[38;2;255;132;106m██[38;2;255;255;255m██[38;2;170;170;170m██[38;2;0;0;0m████[38;2;170;170;170m██[38;2;255;255;255m██[38;2;82;90;106m██[38;2;255;132;111m██[38;2;74;82;90m██[38;2;66;66;66m████[38;2;206;111;110m██[38;2;66;66;66m████████[38;2;239;239;239m██[38;2;222;222;222m████[38;2;0;0;0m████        
[38;2;0;0;0m            ██[38;2;255;132;108m████████████[38;2;255;132;106m████[38;2;255;255;255m████████[38;2;82;90;106m████[38;2;74;82;90m████[38;2;222;222;222m████[38;2;66;66;66m████[38;2;255;255;255m████[38;2;239;239;239m██[38;2;66;66;66m██[38;2;0;0;0m████            
[38;2;0;0;0m          ██[38;2;255;181;207m██[38;2;201;113;105m████[38;2;214;111;102m██[38;2;228;134;134m██[38;2;255;132;111m████[38;2;255;132;108m████████[38;2;82;90;106m██████[38;2;255;132;111m██[38;2;85;91;93m██[38;2;140;140;132m██[38;2;140;140;129m████[38;2;217;217;217m██[38;2;255;255;255m██████[38;2;247;255;247m██[38;2;0;0;0m██                
[38;2;0;0;0m          ██[38;2;255;181;207m██████[38;2;255;181;199m██[38;2;214;111;102m██[38;2;203;111;110m██[38;2;255;132;111m██[38;2;255;132;108m████████[38;2;255;132;111m██████[38;2;82;90;106m██[38;2;85;91;93m██[38;2;57;66;73m██[38;2;222;222;222m████[38;2;178;178;178m████[38;2;255;255;255m████[38;2;82;85;82m██[38;2;0;0;0m██                
[38;2;0;0;0m            ██[38;2;156;101;84m██[38;2;239;206;215m██[38;2;255;181;207m██████[38;2;201;113;105m██[38;2;217;142;121m████[38;2;255;132;111m████[38;2;255;127;111m██[38;2;82;90;106m██[38;2;79;92;106m████[38;2;203;112;110m████[38;2;66;66;66m████[38;2;231;239;231m████[38;2;175;177;175m██[38;2;255;255;255m██[38;2;66;66;66m██[38;2;239;239;239m██[38;2;0;0;0m████            
[38;2;0;0;0m            ██[38;2;239;206;215m██[38;2;156;101;84m██[38;2;156;99;84m██[38;2;205;140;145m██[38;2;255;181;207m████[38;2;198;90;62m██[38;2;255;247;239m██[38;2;203;111;110m██[38;2;255;132;111m██[38;2;197;115;109m████[38;2;206;111;110m████[38;2;203;112;110m██[38;2;159;114;68m██[38;2;176;176;176m██[38;2;66;66;66m████[38;2;231;239;231m██[38;2;255;255;255m████[38;2;239;239;239m██[38;2;66;66;66m██[38;2;222;222;222m████[38;2;0;0;0m██          
[38;2;0;0;0m              ██[38;2;206;140;150m██[38;2;255;255;255m██[38;2;156;103;84m██[38;2;189;151;141m██[38;2;156;99;84m██[38;2;255;255;255m████[38;2;239;255;255m██[38;2;140;111;76m██[38;2;165;107;69m██[38;2;173;129;106m██[38;2;203;112;107m████[38;2;214;127;102m██[38;2;143;86;68m██[38;2;66;66;66m██[38;2;176;176;176m██[38;2;173;181;173m██[38;2;58;63;58m██[38;2;0;0;0m██[38;2;255;255;255m██████[38;2;66;66;66m██[38;2;222;222;222m████[38;2;0;0;0m██        
[38;2;0;0;0m                ██[38;2;156;103;84m████[38;2;156;99;84m██[38;2;255;255;255m████[38;2;222;226;218m██[38;2;189;183;165m████[38;2;189;173;181m██[38;2;165;107;69m██[38;2;203;112;107m████[38;2;0;4;0m████[38;2;176;176;176m████[38;2;173;181;173m██[38;2;0;4;0m██[38;2;0;0;0m  ████[38;2;85;85;85m██[38;2;222;222;222m██████[38;2;0;0;0m██        
[38;2;0;0;0m                  ██████[38;2;173;173;173m██████████[38;2;156;111;68m██[38;2;0;0;0m██████    ██████      ██[38;2;222;222;222m██████[38;2;0;0;0m██          
[38;2;0;0;0m                        ████████████                        ██████            [0m
