
[38;2;0;0;0m                          [38;2;0;4;0m██████[38;2;0;0;0m        [38;2;0;4;0m██████[38;2;0;0;0m                              
[38;2;0;0;0m                        [38;2;0;4;0m██[38;2;115;214;211m████[38;2;94;96;94m██[38;2;0;4;0m████[38;2;0;0;0m  [38;2;0;4;0m██[38;2;115;214;211m██████[38;2;0;4;0m██[38;2;0;0;0m                            
[38;2;0;0;0m                      [38;2;0;4;0m██[38;2;115;214;211m████[38;2;93;99;93m██[38;2;96;99;96m████[38;2;99;99;99m██[38;2;0;4;0m██[38;2;115;214;208m████████[38;2;123;214;203m██[38;2;16;0;0m██[38;2;0;0;0m                          
[38;2;0;0;0m                    [38;2;0;4;0m██[38;2;115;214;211m████[38;2;93;99;93m████[38;2;96;99;96m████[38;2;66;67;66m██[38;2;99;99;99m██[38;2;115;214;208m████████[38;2;123;214;203m██[38;2;69;107;101m██[38;2;0;4;0m████[38;2;0;0;0m                      
[38;2;0;0;0m                    [38;2;0;4;0m██[38;2;94;99;94m████[38;2;96;99;96m████[38;2;82;82;74m████[38;2;66;66;66m██[38;2;94;99;94m██[38;2;93;99;93m██[38;2;115;214;211m██████[38;2;96;99;96m████[38;2;66;66;66m██[38;2;66;148;242m██[38;2;0;4;0m████[38;2;0;0;0m                  
[38;2;0;0;0m                [38;2;0;4;0m████[38;2;66;65;66m██[38;2;66;66;66m██[38;2;94;99;94m██[38;2;96;99;96m████[38;2;82;82;74m██[38;2;66;148;242m██[38;2;66;66;66m██[38;2;94;99;94m██[38;2;93;99;93m████████[38;2;96;99;96m████[38;2;66;66;66m██[38;2;66;148;242m██████[38;2;0;4;0m████[38;2;0;0;0m              
[38;2;0;0;0m              [38;2;16;0;0m██[38;2;123;214;203m██[38;2;94;99;94m████[38;2;69;52;42m████[38;2;115;78;67m████[38;2;66;148;242m██[38;2;74;115;190m██[38;2;57;140;233m██[38;2;129;101;108m██[38;2;94;99;94m████████[38;2;74;93;117m██[38;2;74;66;58m██[38;2;66;148;245m████[38;2;66;148;242m████[38;2;82;82;66m██[38;2;94;98;94m██[38;2;8;4;0m████[38;2;0;0;0m          
[38;2;0;0;0m            [38;2;0;4;0m██[38;2;123;214;203m██[38;2;69;107;101m██[38;2;94;99;94m██[38;2;66;66;66m██[38;2;206;115;78m██[38;2;0;20;24m██[38;2;115;78;67m██[38;2;66;148;242m██[38;2;74;115;190m████[38;2;57;140;233m██[38;2;165;82;45m██[38;2;66;66;66m████████[38;2;74;66;58m██[38;2;74;148;234m██[38;2;66;148;245m████[38;2;66;148;242m██[38;2;82;82;66m██[38;2;94;98;94m████[38;2;123;214;211m██[38;2;46;74;70m██[38;2;0;4;0m██[38;2;0;0;0m        
[38;2;0;0;0m          [38;2;8;4;0m██[38;2;132;206;204m██[38;2;94;98;94m████[38;2;74;70;66m████[38;2;66;148;242m██[38;2;206;107;70m██[38;2;66;148;245m████████[38;2;104;128;184m██[38;2;198;103;70m██[38;2;0;4;0m██[38;2;206;107;70m██████[38;2;66;148;245m████[38;2;66;66;66m██[38;2;66;148;242m████[38;2;82;82;66m██[38;2;93;99;93m██[38;2;115;214;211m██[38;2;115;214;208m████[38;2;0;4;0m██[38;2;0;0;0m        
[38;2;0;0;0m          [38;2;8;4;0m██[38;2;70;105;102m██[38;2;94;98;94m██[38;2;82;82;66m██[38;2;74;70;66m██[38;2;66;148;242m██████[38;2;66;148;245m████████[38;2;57;140;241m████[38;2;206;107;70m██████[38;2;66;148;242m██[38;2;66;148;245m████[38;2;66;148;242m██[38;2;66;66;66m██[38;2;66;148;242m██[38;2;82;82;66m██[38;2;93;99;93m██[38;2;115;214;211m██[38;2;115;214;208m████[38;2;66;65;66m██[38;2;0;4;0m██[38;2;0;0;0m      
[38;2;0;0;0m          [38;2;0;4;0m██[38;2;94;96;94m██[38;2;82;82;66m██[38;2;77;115;189m██[38;2;66;66;66m██[38;2;66;140;250m██[38;2;66;148;242m████[38;2;66;66;66m██[38;2;66;148;242m██████[38;2;66;148;245m████████████[38;2;66;148;250m██[38;2;66;66;74m██[38;2;77;137;178m██[38;2;66;66;66m██[38;2;66;148;242m██[38;2;82;82;66m██[38;2;94;98;94m████[38;2;115;214;211m██[38;2;93;99;93m██[38;2;107;103;99m██[38;2;0;8;0m██[38;2;0;0;0m      
[38;2;0;0;0m            [38;2;0;4;0m██[38;2;77;115;189m████[38;2;66;115;189m██[38;2;66;66;66m████[38;2;66;148;242m██████[38;2;66;66;66m██[38;2;66;148;242m██[38;2;66;148;245m████████████[38;2;66;93;133m██[38;2;66;66;74m██[38;2;77;137;178m██[38;2;66;66;66m██[38;2;66;148;242m████[38;2;82;82;66m██[38;2;94;98;94m██[38;2;93;99;93m████[38;2;71;71;66m██[38;2;0;8;0m██[38;2;0;0;0m      
[38;2;0;0;0m            [38;2;0;4;0m██[38;2;74;115;189m████[38;2;71;115;189m██[38;2;66;66;66m██[38;2;99;156;163m██[38;2;53;78;81m██[38;2;66;70;66m██[38;2;82;165;234m██[38;2;66;148;242m████[38;2;82;165;234m██[38;2;66;70;66m██[38;2;66;66;66m██████████[38;2;93;159;163m██[38;2;66;66;66m██[38;2;71;115;189m██[38;2;66;148;242m████[38;2;66;140;250m██[38;2;82;78;74m██[38;2;79;79;69m████[38;2;74;115;186m██[38;2;0;4;0m██[38;2;0;0;0m      
[38;2;0;0;0m      [38;2;0;4;0m██████[38;2;74;115;186m██[38;2;74;115;189m████[38;2;71;115;189m████[38;2;8;0;0m██[38;2;99;156;163m██[38;2;77;133;178m██[38;2;66;70;66m██[38;2;66;66;66m████[38;2;66;70;66m██[38;2;77;133;178m██[38;2;93;159;163m██████████[38;2;66;66;66m██[38;2;71;115;189m████[38;2;66;66;66m██[38;2;66;121;183m██[38;2;71;119;191m████[38;2;74;115;186m████████[38;2;0;4;0m██[38;2;0;0;0m    
[38;2;0;0;0m    [38;2;0;4;0m██[38;2;115;214;211m████[38;2;93;97;96m██[38;2;80;79;69m██[38;2;57;107;169m████[38;2;0;4;0m████[38;2;0;0;0m  [38;2;0;4;0m██[38;2;71;68;66m██[38;2;99;156;163m██[38;2;93;159;163m██████████████[38;2;66;66;66m██[38;2;77;74;66m████[38;2;79;79;69m██[38;2;74;115;186m██[38;2;71;115;189m██[38;2;66;66;66m██[38;2;66;65;66m██[38;2;0;4;0m████[38;2;74;115;186m██[38;2;74;115;189m████[38;2;0;4;0m██[38;2;0;0;0m    
[38;2;0;0;0m  [38;2;0;4;0m██[38;2;115;214;211m████[38;2;93;99;93m██[38;2;93;97;96m██[38;2;80;79;69m██[38;2;82;156;250m██[38;2;8;8;8m██[38;2;0;0;0m      [38;2;0;4;0m██[38;2;71;68;66m████[38;2;66;66;66m██████████████[38;2;93;159;163m██[38;2;99;156;163m██[38;2;77;74;66m██[38;2;79;79;69m████[38;2;71;115;189m████[38;2;0;4;0m██[38;2;0;0;0m    [38;2;0;4;0m██[38;2;74;115;189m████[38;2;0;4;0m██[38;2;0;0;0m    
[38;2;0;0;0m  [38;2;8;4;0m██[38;2;132;206;204m██[38;2;94;98;94m████[38;2;82;82;66m██[38;2;66;148;242m████[38;2;0;4;0m██[38;2;0;0;0m      [38;2;0;4;0m██[38;2;82;79;72m██[38;2;115;214;211m████[38;2;94;158;166m██████████[38;2;96;158;165m████████[38;2;82;81;69m████[38;2;74;115;189m████[38;2;0;4;0m██[38;2;0;0;0m  [38;2;24;16;0m██[38;2;63;109;167m██[38;2;88;85;77m████[38;2;74;103;98m██[38;2;16;0;0m██[38;2;0;0;0m  
[38;2;0;0;0m  [38;2;8;4;0m██[38;2;70;105;102m██[38;2;94;98;94m██[38;2;82;82;66m██[38;2;66;148;242m██████[38;2;0;4;0m██[38;2;0;0;0m      [38;2;0;4;0m██[38;2;82;79;72m████[38;2;115;214;211m██████████[38;2;94;158;166m██[38;2;96;158;165m████████[38;2;82;81;69m████[38;2;74;115;189m████[38;2;74;115;186m██[38;2;0;4;0m██[38;2;82;156;250m██[38;2;43;63;83m██[38;2;88;85;77m██[38;2;115;214;211m██[38;2;132;206;196m██[38;2;74;103;98m██[38;2;0;4;0m██
[38;2;0;4;0m██[38;2;71;119;191m██[38;2;82;78;74m██[38;2;82;82;66m██[38;2;66;148;242m██████[38;2;0;4;0m██[38;2;0;0;0m      [38;2;0;4;0m██[38;2;74;115;186m██[38;2;77;115;189m██[38;2;82;82;66m██[38;2;82;79;72m██[38;2;115;214;211m██████[38;2;115;214;208m████[38;2;115;214;211m██[38;2;104;169;163m██[38;2;93;159;163m██[38;2;82;82;66m██[38;2;79;79;69m████[38;2;74;115;189m████[38;2;66;66;66m██[38;2;66;148;242m██[38;2;80;79;69m██[38;2;93;97;96m██[38;2;93;99;93m██[38;2;115;214;211m██[38;2;115;214;208m████[38;2;0;4;0m██
[38;2;0;4;0m██[38;2;71;119;191m██[38;2;66;140;250m██[38;2;66;148;242m██████[38;2;0;4;0m██[38;2;0;0;0m        [38;2;0;4;0m██[38;2;74;115;186m██[38;2;77;115;189m████[38;2;82;79;72m██████[38;2;115;214;211m██[38;2;115;214;208m████[38;2;115;214;211m██[38;2;82;78;66m██[38;2;82;82;66m████[38;2;79;79;69m██[38;2;74;115;186m██[38;2;74;115;189m████[38;2;66;66;66m██[38;2;66;148;242m██[38;2;80;79;69m██[38;2;93;97;96m██[38;2;93;99;93m████[38;2;115;214;208m████[38;2;0;4;0m██
[38;2;0;4;0m██[38;2;96;126;168m██[38;2;60;71;84m██[38;2;74;148;242m██[38;2;35;57;81m██[38;2;66;148;242m██[38;2;74;115;190m██[38;2;0;4;0m██[38;2;0;0;0m    [38;2;0;4;0m██[38;2;93;161;165m██[38;2;71;115;191m██[38;2;74;115;189m████[38;2;74;115;186m████[38;2;79;79;69m████████████[38;2;82;82;66m██[38;2;77;115;189m██[38;2;74;115;189m████[38;2;74;115;186m████[38;2;0;4;0m██[38;2;66;148;242m████[38;2;82;82;66m██[38;2;93;97;96m████[38;2;99;103;99m████[38;2;0;4;0m██
[38;2;0;0;0m  [38;2;24;16;0m██[38;2;60;71;84m██[38;2;74;148;242m██[38;2;16;12;0m██[38;2;74;115;190m██[38;2;66;148;242m██[38;2;0;4;0m██[38;2;0;0;0m    [38;2;0;4;0m██[38;2;93;161;165m██[38;2;71;115;191m██[38;2;74;115;189m████[38;2;0;4;0m████[38;2;74;115;186m████████████[38;2;77;115;189m████[38;2;74;115;189m████[38;2;74;115;186m██[38;2;0;4;0m██[38;2;0;0;0m  [38;2;0;4;0m██[38;2;66;148;242m████[38;2;80;79;69m████[38;2;69;71;66m██[38;2;8;8;0m██[38;2;0;0;0m  
[38;2;0;0;0m    [38;2;0;4;0m████[38;2;0;0;0m  [38;2;0;4;0m████[38;2;0;0;0m        [38;2;8;8;0m██[38;2;82;115;178m██[38;2;74;115;186m██[38;2;0;4;0m██[38;2;0;0;0m    [38;2;0;4;0m██████████[38;2;82;80;70m██[38;2;74;115;189m████[38;2;115;214;208m████[38;2;74;115;186m██[38;2;0;4;0m████[38;2;66;148;242m██████[38;2;66;148;245m████[38;2;71;115;189m████[38;2;0;4;0m██
[38;2;0;0;0m                      [38;2;8;8;0m██[38;2;45;61;89m██[38;2;74;115;186m████[38;2;0;4;0m██[38;2;0;0;0m            [38;2;0;4;0m██[38;2;74;115;189m████[38;2;115;214;208m████[38;2;0;4;0m██[38;2;0;0;0m  [38;2;0;4;0m██[38;2;66;148;242m████[38;2;66;66;66m██[38;2;66;148;245m████[38;2;66;66;66m██[38;2;71;115;189m██[38;2;0;4;0m██
[38;2;0;0;0m                    [38;2;0;4;0m██[38;2;74;115;186m██████████[38;2;0;4;0m██[38;2;0;0;0m            [38;2;8;8;8m██[38;2;52;101;169m██[38;2;74;115;190m████[38;2;66;148;242m██[38;2;0;4;0m██[38;2;0;0;0m  [38;2;0;4;0m████[38;2;74;115;186m██[38;2;82;156;250m██[38;2;55;107;167m██[38;2;0;4;0m████[38;2;0;0;0m  
[38;2;0;0;0m                    [38;2;0;4;0m████[38;2;74;115;186m████[38;2;0;4;0m████[38;2;0;0;0m            [38;2;0;4;0m██[38;2;74;148;250m████[38;2;74;115;190m██[38;2;66;148;242m██████[38;2;0;4;0m██[38;2;0;0;0m    [38;2;0;4;0m██[38;2;0;8;0m████[38;2;0;0;0m      
[38;2;0;0;0m                        [38;2;0;4;0m████[38;2;0;0;0m                [38;2;0;4;0m██[38;2;66;148;242m████[38;2;0;4;0m████[38;2;66;148;242m████[38;2;0;4;0m██[38;2;0;0;0m                
[38;2;0;0;0m                                              [38;2;0;4;0m████[38;2;0;0;0m    [38;2;0;4;0m████[38;2;0;0;0m                  [0m
