
[38;2;0;0;0m                                    [38;2;49;49;49m████[38;2;0;0;0m                
[38;2;0;0;0m                                  [38;2;49;49;49m██[38;2;246;230;41m████[38;2;49;49;49m██[38;2;0;0;0m              
[38;2;0;0;0m                                [38;2;49;49;49m██[38;2;246;230;41m██[38;2;139;222;139m██[38;2;82;82;82m██[38;2;0;0;0m  [38;2;49;49;49m████[38;2;0;0;0m          
[38;2;0;0;0m      [38;2;49;49;49m██[38;2;0;0;0m    [38;2;49;49;49m████[38;2;0;0;0m              [38;2;49;49;49m██[38;2;246;230;41m██[38;2;139;222;139m██[38;2;49;49;49m██[38;2;0;0;0m  [38;2;49;49;49m██[38;2;246;230;41m████[38;2;49;49;49m██[38;2;0;0;0m        
[38;2;0;0;0m  [38;2;49;49;49m████[38;2;82;172;65m██[38;2;49;49;49m████[38;2;82;172;65m██[38;2;49;49;49m██[38;2;0;0;0m            [38;2;49;49;49m████[38;2;82;82;82m██[38;2;49;49;49m██[38;2;0;0;0m  [38;2;49;49;49m██[38;2;246;230;41m██[38;2;139;222;139m██[38;2;49;49;49m██[38;2;0;0;0m          
[38;2;0;0;0m  [38;2;49;49;49m██[38;2;82;172;65m████[38;2;74;115;74m██[38;2;82;172;65m██████[38;2;49;49;49m██[38;2;0;0;0m      [38;2;49;49;49m████[38;2;139;222;139m██████[38;2;106;164;139m██[38;2;49;49;49m██[38;2;246;230;41m██[38;2;139;222;139m██[38;2;49;49;49m██[38;2;0;0;0m            
[38;2;0;0;0m    [38;2;49;49;49m██[38;2;74;115;74m██[38;2;82;172;65m████[38;2;49;49;49m████[38;2;0;0;0m      [38;2;49;49;49m██[38;2;106;164;139m██[38;2;139;222;139m████████████[38;2;106;164;139m██[38;2;139;222;139m██[38;2;49;49;49m██[38;2;0;0;0m            
[38;2;0;0;0m      [38;2;49;49;49m██[38;2;82;172;65m██[38;2;49;49;49m██[38;2;0;0;0m      [38;2;49;49;49m████[38;2;139;222;139m████████████████[38;2;106;164;139m██[38;2;49;49;49m██[38;2;0;0;0m              
[38;2;0;0;0m    [38;2;49;49;49m████[38;2;82;172;65m██[38;2;49;49;49m██[38;2;0;0;0m    [38;2;49;49;49m██[38;2;255;255;255m██[38;2;139;222;139m████[38;2;255;255;255m██[38;2;139;222;139m██[38;2;148;74;65m████[38;2;255;255;255m██[38;2;139;222;139m██████[38;2;49;49;49m██[38;2;0;0;0m              
[38;2;49;49;49m████[38;2;82;172;65m██[38;2;74;115;74m██[38;2;82;172;65m██[38;2;49;49;49m██[38;2;0;0;0m      [38;2;49;49;49m██[38;2;255;255;255m████[38;2;139;222;139m██[38;2;197;82;82m██[38;2;49;49;49m██[38;2;197;82;82m██[38;2;238;205;189m██[38;2;255;255;255m██[38;2;106;164;139m██[38;2;74;115;74m██[38;2;49;49;49m████[38;2;0;0;0m            
[38;2;49;49;49m██[38;2;82;172;65m██████████[38;2;49;49;49m██[38;2;0;0;0m      [38;2;49;49;49m████[38;2;255;255;255m████████[38;2;139;222;139m████[38;2;82;82;82m████[38;2;139;222;139m████[38;2;49;49;49m██[38;2;0;0;0m          
[38;2;0;0;0m  [38;2;49;49;49m██[38;2;82;172;65m██[38;2;49;49;49m██[38;2;74;115;74m██[38;2;82;172;65m████[38;2;49;49;49m██████[38;2;82;172;65m████[38;2;82;82;82m████[38;2;115;115;115m██[38;2;189;189;189m██[38;2;106;164;139m██[38;2;82;82;82m██[38;2;139;222;139m████[38;2;82;82;82m████[38;2;139;222;139m██[38;2;49;49;49m██████[38;2;0;0;0m    
[38;2;0;0;0m  [38;2;49;49;49m████[38;2;0;0;0m  [38;2;49;49;49m██[38;2;139;222;139m██[38;2;82;172;65m████████████████[38;2;82;82;82m██[38;2;189;189;189m██[38;2;82;82;82m██[38;2;139;222;139m██[38;2;82;172;65m██[38;2;82;82;82m██[38;2;82;172;65m████[38;2;82;82;82m████[38;2;82;172;65m██[38;2;74;115;74m██[38;2;49;49;49m██[38;2;0;0;0m  
[38;2;0;0;0m          [38;2;49;49;49m██[38;2;139;222;139m████[38;2;82;172;65m██████[38;2;139;222;139m████[38;2;82;82;82m██[38;2;189;189;189m██[38;2;82;82;82m██[38;2;139;222;139m██[38;2;82;172;65m██[38;2;82;82;82m██[38;2;106;164;139m██████[38;2;82;172;65m████████[38;2;49;49;49m██[38;2;0;0;0m  
[38;2;0;0;0m            [38;2;49;49;49m████[38;2;139;222;139m██████[38;2;49;49;49m████[38;2;189;189;189m██[38;2;82;82;82m██[38;2;82;172;65m████[38;2;74;115;74m██[38;2;49;49;49m████████[38;2;106;164;139m██[38;2;82;172;65m██████[38;2;139;222;139m██[38;2;49;49;49m██
[38;2;0;0;0m                [38;2;49;49;49m██████[38;2;0;0;0m  [38;2;49;49;49m██[38;2;82;82;82m██[38;2;82;172;65m████[38;2;74;115;74m██[38;2;82;172;65m██[38;2;49;49;49m██[38;2;0;0;0m      [38;2;49;49;49m██[38;2;82;172;65m██████[38;2;139;222;139m██[38;2;49;49;49m██
[38;2;0;0;0m                      [38;2;49;49;49m██[38;2;82;82;82m██[38;2;82;172;65m██[38;2;139;222;139m██[38;2;82;172;65m██[38;2;74;115;74m██[38;2;82;172;65m████[38;2;49;49;49m██████[38;2;246;230;41m██[38;2;82;172;65m████[38;2;139;222;139m████[38;2;49;49;49m██
[38;2;0;0;0m                      [38;2;49;49;49m██[38;2;74;115;74m██[38;2;82;172;65m██[38;2;139;222;139m██████[38;2;74;115;74m████[38;2;205;197;65m██[38;2;82;172;65m██████[38;2;246;230;41m██[38;2;139;222;139m████[38;2;106;164;139m██[38;2;49;49;49m██
[38;2;0;0;0m                      [38;2;49;49;49m██[38;2;82;172;65m██[38;2;139;222;139m██[38;2;82;172;65m██[38;2;139;222;139m████[38;2;205;197;65m██[38;2;246;230;41m██[38;2;139;222;139m████████[38;2;246;230;41m████[38;2;139;222;139m██[38;2;49;49;49m██[38;2;0;0;0m  
[38;2;0;0;0m                        [38;2;49;49;49m██[38;2;82;172;65m██[38;2;139;222;139m████[38;2;246;230;41m████[38;2;139;222;139m██[38;2;246;230;41m██[38;2;139;222;139m████[38;2;246;230;41m██[38;2;139;222;139m████[38;2;49;49;49m██[38;2;0;0;0m    
[38;2;0;0;0m                          [38;2;49;49;49m████[38;2;106;164;139m██[38;2;139;222;139m████████████[38;2;106;164;139m██[38;2;49;49;49m████[38;2;0;0;0m      
[38;2;0;0;0m                              [38;2;49;49;49m████████████████[38;2;0;0;0m          [0m
