
[38;2;0;0;0m                                  [38;2;49;49;49m████[38;2;0;0;0m        
[38;2;0;0;0m                                  [38;2;49;49;49m██[38;2;246;115;98m██[38;2;49;49;49m██[38;2;0;0;0m      
[38;2;0;0;0m              [38;2;49;49;49m████████[38;2;0;0;0m            [38;2;49;49;49m██[38;2;246;115;98m████[38;2;49;49;49m██[38;2;0;0;0m    
[38;2;0;0;0m        [38;2;49;49;49m██████[38;2;106;123;139m████████[38;2;49;49;49m██[38;2;0;0;0m          [38;2;49;49;49m██[38;2;106;123;139m██[38;2;246;115;98m████[38;2;49;49;49m██[38;2;0;0;0m  
[38;2;0;0;0m      [38;2;49;49;49m██[38;2;180;164;74m██[38;2;238;205;82m██[38;2;106;123;139m████[38;2;164;139;246m██[38;2;106;123;139m████[38;2;49;49;49m██[38;2;0;0;0m            [38;2;49;49;49m██[38;2;106;123;139m██[38;2;246;115;98m██[38;2;49;49;49m██[38;2;0;0;0m  
[38;2;0;0;0m    [38;2;49;49;49m██[38;2;238;205;82m██[38;2;180;164;74m██[38;2;238;205;82m██[38;2;180;164;74m██[38;2;238;205;82m██[38;2;164;139;246m██[38;2;106;123;139m██[38;2;90;98;115m██[38;2;49;49;49m██[38;2;0;0;0m            [38;2;49;49;49m██[38;2;106;123;139m██[38;2;246;115;98m████[38;2;49;49;49m██
[38;2;0;0;0m    [38;2;49;49;49m██[38;2;180;164;74m██[38;2;238;205;82m██[38;2;180;164;74m██[38;2;238;205;82m██[38;2;164;139;246m████[38;2;106;123;139m██[38;2;49;49;49m██[38;2;0;0;0m              [38;2;49;49;49m██[38;2;106;123;139m████[38;2;246;115;98m██[38;2;49;49;49m██
[38;2;0;0;0m  [38;2;49;49;49m██[38;2;238;205;82m████[38;2;164;139;246m██[38;2;255;255;255m██[38;2;49;49;49m██[38;2;246;115;98m██[38;2;164;139;246m██[38;2;238;205;82m██[38;2;49;49;49m██[38;2;0;0;0m  [38;2;49;49;49m██████[38;2;0;0;0m        [38;2;49;49;49m██[38;2;106;123;139m██[38;2;49;49;49m██[38;2;0;0;0m  
[38;2;0;0;0m  [38;2;49;49;49m██[38;2;106;123;139m██[38;2;164;139;246m████[38;2;246;115;98m████[38;2;164;139;246m██[38;2;82;82;82m██[38;2;238;205;82m██[38;2;82;82;82m██[38;2;49;49;49m██[38;2;238;205;82m████[38;2;106;123;139m██[38;2;49;49;49m██[38;2;0;0;0m  [38;2;49;49;49m████[38;2;0;0;0m  [38;2;49;49;49m██[38;2;106;123;139m██[38;2;49;49;49m██
[38;2;49;49;49m██[38;2;82;82;82m██[38;2;106;123;139m██[38;2;164;139;246m████[38;2;82;82;82m██████[38;2;238;205;82m████[38;2;82;82;82m██[38;2;238;205;82m██[38;2;180;164;74m██[38;2;238;205;82m██[38;2;106;123;139m████[38;2;49;49;49m██[38;2;180;164;74m██[38;2;238;205;82m██[38;2;49;49;49m██[38;2;82;82;82m██[38;2;164;139;246m██[38;2;49;49;49m██
[38;2;49;49;49m██[38;2;180;90;74m██[38;2;82;82;82m████████[38;2;238;205;82m██████[38;2;90;98;115m██[38;2;106;123;139m██[38;2;82;82;82m██[38;2;238;205;82m██[38;2;106;123;139m██████[38;2;82;82;82m██[38;2;238;205;82m██[38;2;106;123;139m██[38;2;82;82;82m██[38;2;90;98;115m████[38;2;49;49;49m██
[38;2;49;49;49m██[38;2;180;90;74m██[38;2;49;49;49m██[38;2;180;90;74m██[38;2;246;115;98m██[38;2;82;82;82m██[38;2;238;205;82m████[38;2;90;98;115m████[38;2;106;123;139m██[38;2;82;82;82m██[38;2;106;123;139m██████████[38;2;82;82;82m██[38;2;106;123;139m██[38;2;90;98;115m██[38;2;82;82;82m██[38;2;49;49;49m██[38;2;0;0;0m  
[38;2;0;0;0m  [38;2;49;49;49m██[38;2;0;0;0m  [38;2;49;49;49m██[38;2;246;115;98m██[38;2;49;49;49m████[38;2;90;98;115m████[38;2;106;123;139m████████████████[38;2;82;82;82m██[38;2;90;98;115m████[38;2;82;82;82m██[38;2;49;49;49m██[38;2;0;0;0m  
[38;2;0;0;0m      [38;2;49;49;49m██[38;2;246;115;98m██[38;2;49;49;49m██[38;2;0;0;0m  [38;2;49;49;49m██[38;2;106;123;139m██[38;2;90;98;115m████[38;2;106;123;139m██████[38;2;82;82;82m██[38;2;106;123;139m██████[38;2;90;98;115m██████[38;2;49;49;49m██[38;2;0;0;0m  
[38;2;0;0;0m        [38;2;49;49;49m██[38;2;0;0;0m    [38;2;49;49;49m██[38;2;90;98;115m██[38;2;164;139;246m██[38;2;90;98;115m██[38;2;106;123;139m██████[38;2;82;82;82m██[38;2;106;123;139m████[38;2;90;98;115m██[38;2;82;82;82m██[38;2;90;98;115m██[38;2;49;49;49m██[38;2;0;0;0m    
[38;2;0;0;0m            [38;2;49;49;49m██[38;2;90;98;115m██[38;2;164;139;246m██[38;2;90;98;115m██[38;2;106;123;139m██████[38;2;90;98;115m██[38;2;82;82;82m██[38;2;90;98;115m██████[38;2;49;49;49m████[38;2;0;0;0m      
[38;2;0;0;0m            [38;2;49;49;49m██[38;2;164;139;246m████[38;2;90;98;115m████████[38;2;82;82;82m██[38;2;90;98;115m████[38;2;238;205;82m██[38;2;49;49;49m██[38;2;0;0;0m          
[38;2;0;0;0m            [38;2;49;49;49m██[38;2;164;139;246m██[38;2;90;98;115m██████[38;2;238;205;82m██[38;2;90;98;115m██[38;2;49;49;49m██[38;2;90;98;115m██[38;2;180;164;74m██[38;2;49;49;49m██[38;2;0;0;0m            
[38;2;0;0;0m              [38;2;49;49;49m██[38;2;90;98;115m████[38;2;180;164;74m██[38;2;82;82;82m██[38;2;49;49;49m██[38;2;0;0;0m  [38;2;49;49;49m████[38;2;0;0;0m              
[38;2;0;0;0m                [38;2;49;49;49m████████[38;2;0;0;0m                      [0m
