
[38;2;0;0;0m                        ████████    
[38;2;0;0;0m                      ██[38;2;198;206;198m████████[38;2;0;0;0m██  
[38;2;0;0;0m                    ██[38;2;198;198;198m██[38;2;214;214;214m██[38;2;189;189;189m████████[38;2;0;0;0m██
[38;2;0;0;0m                ██████[38;2;132;132;132m██[38;2;189;189;189m██[38;2;140;140;140m████[38;2;189;189;189m████[38;2;0;0;0m██
[38;2;0;0;0m            ████[38;2;189;189;189m██[38;2;214;214;214m████[38;2;189;189;189m██[38;2;66;66;66m██[38;2;148;148;148m██[38;2;189;189;189m██[38;2;140;140;140m██[38;2;189;189;189m██[38;2;0;0;0m██
[38;2;0;0;0m        ████[38;2;121;121;126m██[38;2;181;181;189m██[38;2;214;214;214m████[38;2;189;189;189m██████[38;2;66;66;66m██[38;2;189;189;189m██[38;2;140;140;140m██[38;2;189;189;189m██[38;2;0;0;0m██
[38;2;0;0;0m  ██████[38;2;107;107;131m████[38;2;189;189;189m██[38;2;106;106;130m████[38;2;189;189;189m██████████[38;2;66;66;66m██[38;2;189;189;189m████[38;2;0;0;0m██
[38;2;0;0;0m██[38;2;189;189;189m██[38;2;189;189;205m██[38;2;126;126;137m██[38;2;134;134;150m██[38;2;189;189;189m██[38;2;106;106;130m████[38;2;189;189;189m██[38;2;106;106;130m████[38;2;189;189;189m████[38;2;140;140;140m██[38;2;66;66;66m██[38;2;189;189;189m██[38;2;0;0;0m██  
[38;2;0;0;0m  ████[38;2;189;189;189m██[38;2;181;181;189m██[38;2;143;143;148m██[38;2;131;131;155m██[38;2;189;189;189m██[38;2;134;134;150m████[38;2;189;189;189m████[38;2;74;66;66m████[38;2;93;93;93m██[38;2;140;140;140m██[38;2;0;0;0m██  
[38;2;0;0;0m      ██[38;2;66;66;66m████[38;2;189;189;189m██████[38;2;134;134;150m██[38;2;66;66;66m████[38;2;115;189;123m██[38;2;88;107;85m██[38;2;140;140;140m██[38;2;0;0;0m██    
[38;2;0;0;0m      ██[38;2;247;127;159m████[38;2;66;66;66m████[38;2;255;239;247m██[38;2;0;0;0m██[38;2;255;255;255m██[38;2;129;189;140m██[38;2;74;132;90m██[38;2;140;132;140m██[38;2;132;132;132m██[38;2;0;0;0m██    
[38;2;0;0;0m        [38;2;8;0;0m██[38;2;167;85;106m██[38;2;239;132;159m████[38;2;170;159;165m██[38;2;85;80;82m██[38;2;255;255;255m██[38;2;66;156;82m██[38;2;140;132;140m██[38;2;96;132;107m██[38;2;198;198;198m██[38;2;0;0;0m██    
[38;2;0;0;0m        ██[38;2;239;132;159m██[38;2;214;165;174m██[38;2;71;58;58m██[38;2;66;66;66m██[38;2;189;189;189m██[38;2;198;198;198m██[38;2;132;132;132m██[38;2;0;0;0m██████      
[38;2;0;0;0m          ██[38;2;0;4;0m██[38;2;214;165;174m██[38;2;189;189;189m██[38;2;148;148;148m██[38;2;0;0;0m████            
[38;2;0;0;0m              ██████                [0m
