
[38;2;0;0;0m                [38;2;49;49;49m████████[38;2;0;0;0m                
[38;2;0;0;0m            [38;2;49;49;49m████[38;2;115;115;115m████████[38;2;49;49;49m██[38;2;0;0;0m              
[38;2;0;0;0m          [38;2;49;49;49m██[38;2;115;115;115m██[38;2;82;82;82m██████[38;2;115;115;115m██████[38;2;49;49;49m██[38;2;0;0;0m            
[38;2;0;0;0m        [38;2;49;49;49m██[38;2;115;115;115m██[38;2;82;82;82m██[38;2;115;115;115m██████[38;2;82;82;82m██[38;2;115;115;115m████[38;2;49;49;49m██[38;2;0;0;0m            
[38;2;0;0;0m      [38;2;49;49;49m██[38;2;115;115;115m██[38;2;82;82;82m██[38;2;156;156;156m████[38;2;115;115;115m██████[38;2;82;82;82m██[38;2;115;115;115m████[38;2;49;49;49m██[38;2;0;0;0m          
[38;2;0;0;0m      [38;2;49;49;49m██[38;2;82;82;82m██[38;2;156;156;156m██[38;2;205;205;197m██[38;2;156;156;156m██[38;2;115;115;115m██████[38;2;82;82;82m██[38;2;115;115;115m████[38;2;49;49;49m██[38;2;0;0;0m          
[38;2;0;0;0m    [38;2;49;49;49m██[38;2;115;115;115m██[38;2;82;82;82m██[38;2;156;156;156m████[38;2;115;115;115m████████[38;2;82;82;82m██[38;2;115;115;115m████[38;2;49;49;49m██[38;2;0;0;0m          
[38;2;0;0;0m    [38;2;49;49;49m██[38;2;82;82;82m██[38;2;115;115;115m██████████████[38;2;82;82;82m██[38;2;115;115;115m████[38;2;49;49;49m██[38;2;0;0;0m          
[38;2;0;0;0m  [38;2;49;49;49m██[38;2;115;115;115m██[38;2;82;82;82m██[38;2;115;115;115m██████████████[38;2;82;82;82m██[38;2;115;115;115m████[38;2;49;49;49m████[38;2;0;0;0m        
[38;2;49;49;49m██[38;2;205;205;197m████[38;2;82;82;82m██[38;2;115;115;115m██████████[38;2;82;82;82m██████[38;2;115;115;115m████[38;2;82;82;82m██[38;2;205;205;197m██[38;2;49;49;49m████████
[38;2;49;49;49m██[38;2;205;205;197m██████[38;2;82;82;82m██████████[38;2;156;156;156m██[38;2;205;205;197m████[38;2;82;82;82m██[38;2;115;115;115m██[38;2;82;82;82m██[38;2;156;131;65m██[38;2;238;222;139m██[38;2;156;131;65m██[38;2;189;164;90m██[38;2;49;49;49m██
[38;2;0;0;0m  [38;2;49;49;49m██[38;2;205;205;197m██████████████████[38;2;156;156;156m██[38;2;82;82;82m████[38;2;238;222;139m████████[38;2;49;49;49m██[38;2;0;0;0m  
[38;2;0;0;0m  [38;2;49;49;49m██[38;2;115;115;115m████[38;2;205;205;197m██████████[38;2;156;156;156m██[38;2;82;82;82m████[38;2;115;115;115m██[38;2;82;82;82m██[38;2;238;222;139m██████[38;2;156;131;65m██[38;2;49;49;49m██[38;2;0;0;0m  
[38;2;0;0;0m    [38;2;49;49;49m██[38;2;156;156;156m██[38;2;115;115;115m████[38;2;255;255;255m██[38;2;49;49;49m████[38;2;255;255;255m██[38;2;115;115;115m████[38;2;82;82;82m██[38;2;238;222;139m████████[38;2;189;164;90m████[38;2;49;49;49m██
[38;2;0;0;0m    [38;2;49;49;49m██[38;2;205;205;197m██████[38;2;115;115;115m██[38;2;255;255;255m████[38;2;115;115;115m████[38;2;82;82;82m██[38;2;238;222;139m████████[38;2;82;82;82m██[38;2;156;131;65m██[38;2;189;164;90m██[38;2;49;49;49m██
[38;2;0;0;0m      [38;2;49;49;49m██[38;2;115;115;115m██[38;2;156;156;156m██[38;2;205;205;197m██[38;2;156;156;156m██[38;2;82;82;82m████[38;2;49;49;49m██[38;2;238;222;139m██████[38;2;189;164;90m██[38;2;49;49;49m██[38;2;156;131;65m██[38;2;205;205;197m██[38;2;156;131;65m██[38;2;49;49;49m██
[38;2;0;0;0m        [38;2;49;49;49m██[38;2;82;82;82m██████[38;2;156;131;65m██[38;2;49;49;49m██[38;2;238;222;139m████[38;2;189;164;90m██[38;2;238;222;139m██[38;2;49;49;49m██[38;2;0;0;0m  [38;2;49;49;49m██████[38;2;0;0;0m  
[38;2;0;0;0m          [38;2;49;49;49m██[38;2;156;131;65m████[38;2;49;49;49m██[38;2;0;0;0m  [38;2;49;49;49m██[38;2;189;164;90m██[38;2;255;255;255m██[38;2;189;164;90m██[38;2;49;49;49m██[38;2;0;0;0m          
[38;2;0;0;0m            [38;2;49;49;49m████[38;2;0;0;0m    [38;2;49;49;49m██[38;2;156;131;65m██[38;2;205;205;197m██[38;2;82;82;82m██[38;2;49;49;49m██[38;2;0;0;0m          
[38;2;0;0;0m                      [38;2;49;49;49m██████[38;2;0;0;0m            [0m
