
[38;2;0;0;0m              [38;2;8;8;8m  [38;2;68;68;68m██[38;2;197;197;197m██[38;2;0;0;0m                    
[38;2;0;0;0m              [38;2;212;212;212m██[38;2;255;255;255m██[38;2;38;38;38m  [38;2;0;0;0m                    
[38;2;0;0;0m          [38;2;90;85;85m██[38;2;225;224;224m██[38;2;255;255;255m██[38;2;82;82;82m██[38;2;0;0;0m                      
[38;2;0;0;0m        [38;2;189;189;196m██[38;2;213;213;220m██[38;2;184;181;181m██[38;2;226;226;226m██[38;2;9;9;9m  [38;2;0;0;0m                      
[38;2;0;0;0m  [38;2;0;1;2m  [38;2;112;117;125m██[38;2;125;127;136m██[38;2;176;175;179m██[38;2;214;215;222m██[38;2;119;119;122m██[38;2;0;0;0m                          
[38;2;0;0;0m  [38;2;169;176;182m  [38;2;146;153;163m██[38;2;94;87;88m██[38;2;214;217;222m████[38;2;209;210;217m██[38;2;0;0;0m    [38;2;245;245;245m████[38;2;0;0;0m                  
[38;2;20;21;23m  [38;2;135;142;156m██[38;2;137;142;153m██[38;2;148;150;155m██[38;2;214;217;222m██[38;2;212;212;220m██[38;2;163;159;161m██[38;2;255;255;255m████[38;2;127;127;127m██[38;2;28;28;28m  [38;2;0;0;0m                  
[38;2;39;41;45m  [38;2;24;26;28m  [38;2;122;126;137m██[38;2;200;207;214m██[38;2;214;217;222m██[38;2;209;208;216m██[38;2;177;175;180m██[38;2;91;86;83m██[38;2;28;25;25m  [38;2;0;0;0m                      
[38;2;0;0;0m    [38;2;147;99;102m██[38;2;93;88;90m██[38;2;192;170;172m██[38;2;184;102;100m██[38;2;152;150;150m██[38;2;202;202;210m██[38;2;75;72;73m  [38;2;147;147;147m████[38;2;0;0;0m                  
[38;2;0;0;0m    [38;2;189;103;102m██[38;2;137;142;155m██[38;2;155;119;117m██[38;2;236;111;107m██[38;2;231;171;174m██[38;2;103;96;97m██[38;2;118;113;115m██[38;2;174;174;174m  [38;2;0;0;0m                    
[38;2;0;0;0m    [38;2;187;145;153m██[38;2;171;168;173m██[38;2;189;123;120m██[38;2;94;82;82m██[38;2;231;171;174m██[38;2;153;150;155m██[38;2;10;9;9m  [38;2;0;0;0m                      
[38;2;0;0;0m  [38;2;33;37;41m  [38;2;205;211;218m██[38;2;214;216;222m██[38;2;197;132;129m██[38;2;198;127;130m██[38;2;97;96;97m██[38;2;97;98;97m██[38;2;62;65;62m██[38;2;0;0;0m              [38;2;2;3;3m  [38;2;26;28;38m██[38;2;55;95;147m██[38;2;12;21;33m  
[38;2;0;0;0m  [38;2;176;178;184m██[38;2;171;176;188m██[38;2;213;214;222m██[38;2;164;150;152m██[38;2;72;74;74m██[38;2;197;198;205m██[38;2;208;209;209m██[38;2;127;127;131m██[38;2;0;0;0m            [38;2;0;0;9m  [38;2;73;83;102m██[38;2;89;98;114m██[38;2;12;21;33m  [38;2;0;0;0m  
[38;2;61;53;54m██[38;2;163;163;175m██[38;2;197;199;206m██[38;2;29;29;29m██[38;2;172;171;173m██[38;2;106;106;108m██[38;2;173;175;174m██[38;2;123;128;139m██[38;2;178;178;184m██[38;2;44;44;46m  [38;2;0;0;0m        [38;2;0;0;2m  [38;2;93;109;131m██[38;2;87;97;116m██[38;2;191;197;205m██[38;2;183;183;183m██[38;2;0;0;0m  
[38;2;31;22;22m██[38;2;89;80;81m██[38;2;107;108;107m██[38;2;132;132;125m██[38;2;190;188;195m██[38;2;211;211;219m██[38;2;160;161;165m██[38;2;182;183;190m██[38;2;196;198;208m██[38;2;204;204;212m██[38;2;38;38;40m  [38;2;0;0;0m      [38;2;0;0;7m  [38;2;114;143;182m██[38;2;80;80;80m██[38;2;234;234;238m██[38;2;227;227;227m██[38;2;57;57;57m  
[38;2;0;0;0m  [38;2;79;79;75m  [38;2;112;111;105m██[38;2;140;139;137m██[38;2;141;143;147m██[38;2;111;112;118m██[38;2;204;209;215m██[38;2;213;216;222m██[38;2;169;174;188m██[38;2;196;198;208m██[38;2;177;176;182m██[38;2;96;95;97m  [38;2;0;0;0m  [38;2;9;9;9m  [38;2;59;85;120m██[38;2;61;81;107m██[38;2;255;255;255m██[38;2;246;246;247m██[38;2;239;239;239m██[38;2;45;45;45m  
[38;2;0;0;0m    [38;2;11;10;10m  [38;2;0;0;0m  [38;2;75;79;86m██[38;2;149;153;159m██[38;2;163;163;170m██[38;2;213;214;222m██[38;2;208;212;218m██[38;2;139;141;147m██[38;2;176;175;181m██[38;2;40;39;39m  [38;2;0;0;0m  [38;2;82;76;75m██[38;2;87;80;80m██[38;2;61;83;111m██[38;2;100;100;100m██[38;2;252;252;252m██[38;2;116;119;116m██[38;2;0;0;0m  
[38;2;0;0;0m        [38;2;116;120;129m██[38;2;178;182;187m██[38;2;142;140;143m██[38;2;207;207;214m██[38;2;161;159;162m██[38;2;150;151;157m██[38;2;207;209;218m██[38;2;185;185;191m██[38;2;88;88;88m██[38;2;89;83;81m██[38;2;86;78;81m██[38;2;80;77;97m██[38;2;60;86;112m██[38;2;130;148;170m██[38;2;168;170;168m██[38;2;28;30;28m  
[38;2;0;0;0m      [38;2;190;190;197m  [38;2;179;183;195m██[38;2;214;217;222m██[38;2;211;212;218m██[38;2;109;102;103m██[38;2;209;208;216m██[38;2;213;213;221m██[38;2;164;170;184m██[38;2;170;170;175m██[38;2;74;74;74m██[38;2;89;83;81m██[38;2;92;86;167m██[38;2;93;87;145m██[38;2;61;65;54m██[38;2;2;3;5m██[38;2;4;4;4m██[38;2;2;2;2m  
[38;2;0;0;0m      [38;2;68;72;79m  [38;2;198;200;210m██[38;2;214;217;222m██[38;2;195;198;207m██[38;2;213;213;222m██[38;2;191;194;205m██[38;2;178;178;184m██[38;2;91;88;89m██[38;2;81;76;76m██[38;2;89;83;81m██[38;2;76;72;72m██[38;2;82;76;105m██[38;2;84;76;126m██[38;2;0;0;0m        
[38;2;0;0;0m      [38;2;197;197;205m██[38;2;182;186;198m██[38;2;214;217;222m██[38;2;176;181;193m██[38;2;213;213;221m██[38;2;208;208;215m██[38;2;72;70;70m██[38;2;69;67;67m██[38;2;2;2;2m██[38;2;0;0;0m██[38;2;36;33;33m  [38;2;89;82;81m██[38;2;89;86;85m██[38;2;2;5;2m  [38;2;0;0;0m      
[38;2;0;0;0m      [38;2;83;83;86m  [38;2;157;164;166m██[38;2;214;215;222m██[38;2;126;129;136m██[38;2;122;122;124m██[38;2;79;75;75m██[38;2;89;81;81m██[38;2;20;18;18m██[38;2;40;40;40m██[38;2;41;41;41m██[38;2;0;0;0m  [38;2;37;34;33m  [38;2;48;47;52m██[38;2;53;54;64m██[38;2;0;0;0m      
[38;2;0;0;0m      [38;2;9;12;9m  [38;2;44;53;39m██[38;2;0;0;0m    [38;2;9;9;9m  [38;2;86;83;79m██[38;2;61;56;56m  [38;2;0;0;0m  [38;2;2;2;2m  [38;2;58;58;58m██[38;2;0;0;0m    [38;2;4;4;0m  [38;2;84;83;115m██[38;2;24;24;24m██[38;2;0;0;0m    
[38;2;0;0;0m    [38;2;51;69;51m██[38;2;68;87;68m██[38;2;16;22;16m  [38;2;0;0;0m      [38;2;60;83;60m██[38;2;45;62;45m  [38;2;0;0;0m  [38;2;7;7;7m  [38;2;22;22;22m██[38;2;0;0;0m    [38;2;25;23;27m  [38;2;82;77;107m██[38;2;29;29;29m██[38;2;0;0;0m    
[38;2;0;0;0m  [38;2;59;81;59m██[38;2;27;37;27m  [38;2;72;99;72m██[38;2;0;0;0m      [38;2;25;34;25m██[38;2;89;120;89m██[38;2;0;0;0m                      
[38;2;0;0;0m              [38;2;80;109;80m██[38;2;66;88;66m██[38;2;0;0;0m                      [0m
