
[38;2;0;0;0m                [38;2;49;49;49m██████████[38;2;0;0;0m                      
[38;2;0;0;0m  [38;2;49;49;49m██████[38;2;0;0;0m  [38;2;49;49;49m██████[38;2;74;131;189m██[38;2;82;164;230m████████[38;2;49;49;49m████[38;2;0;0;0m                  
[38;2;49;49;49m██[38;2;131;197;255m██████[38;2;49;49;49m██[38;2;131;197;255m████[38;2;74;131;189m██[38;2;82;164;230m████[38;2;82;82;82m██████[38;2;82;164;230m████[38;2;49;49;49m██[38;2;0;0;0m                
[38;2;49;49;49m██[38;2;131;197;255m██[38;2;189;222;255m██[38;2;82;82;82m██[38;2;131;197;255m████████[38;2;82;164;230m██[38;2;74;131;189m██[38;2;131;197;255m██████[38;2;82;82;82m██[38;2;82;164;230m████[38;2;49;49;49m██[38;2;0;0;0m              
[38;2;49;49;49m██[38;2;82;164;230m██[38;2;189;222;255m██[38;2;82;82;82m██[38;2;131;197;255m████████[38;2;82;164;230m██[38;2;131;197;255m██████████[38;2;82;82;82m██[38;2;82;164;230m██[38;2;49;49;49m██[38;2;0;0;0m              
[38;2;0;0;0m  [38;2;49;49;49m██[38;2;82;164;230m██[38;2;82;82;82m██[38;2;131;197;255m██[38;2;82;82;82m████[38;2;131;197;255m██████████████[38;2;82;82;82m██[38;2;82;164;230m████[38;2;49;49;49m██[38;2;0;0;0m            
[38;2;0;0;0m    [38;2;49;49;49m██[38;2;131;197;255m██[38;2;74;131;189m██[38;2;82;164;230m██[38;2;131;197;255m██████[38;2;82;82;82m████[38;2;82;164;230m██[38;2;131;197;255m██████[38;2;82;82;82m██[38;2;82;164;230m██[38;2;49;49;49m██[38;2;0;0;0m            
[38;2;0;0;0m    [38;2;49;49;49m██[38;2;131;197;255m██[38;2;74;131;189m██[38;2;255;255;255m██[38;2;131;197;255m██████████[38;2;82;82;82m██[38;2;74;131;189m██[38;2;131;197;255m████[38;2;82;82;82m██[38;2;74;131;189m██[38;2;49;49;49m████[38;2;0;0;0m          
[38;2;0;0;0m    [38;2;49;49;49m██[38;2;131;197;255m██[38;2;197;164;90m██[38;2;82;82;82m██[38;2;131;197;255m██[38;2;255;222;139m██[38;2;131;197;255m██[38;2;255;255;255m████[38;2;131;197;255m██[38;2;82;82;82m██[38;2;131;197;255m████[38;2;82;82;82m████[38;2;131;197;255m████[38;2;49;49;49m██[38;2;0;0;0m        
[38;2;0;0;0m  [38;2;49;49;49m██[38;2;131;197;255m██[38;2;82;164;230m██[38;2;255;222;139m██[38;2;255;255;255m██[38;2;255;222;139m████[38;2;197;164;90m██[38;2;82;82;82m██[38;2;189;189;180m██[38;2;131;197;255m██[38;2;82;82;82m██[38;2;131;197;255m██[38;2;82;164;230m██[38;2;82;82;82m██[38;2;189;222;255m████[38;2;131;197;255m██[38;2;49;49;49m██[38;2;0;0;0m        
[38;2;0;0;0m  [38;2;49;49;49m██[38;2;131;197;255m██[38;2;82;164;230m██[38;2;139;115;49m██[38;2;255;222;139m██[38;2;197;164;90m██[38;2;255;222;139m██████[38;2;131;131;115m██[38;2;230;197;106m██[38;2;82;82;82m██[38;2;131;197;255m██[38;2;82;82;82m██[38;2;189;222;255m████[38;2;131;197;255m██[38;2;82;164;230m██[38;2;49;49;49m████[38;2;0;0;0m      
[38;2;0;0;0m    [38;2;49;49;49m██[38;2;82;82;82m██[38;2;74;131;189m██[38;2;82;82;82m██[38;2;230;197;106m██[38;2;255;222;139m████[38;2;230;197;106m████[38;2;82;82;82m██[38;2;131;197;255m██[38;2;82;164;230m██[38;2;82;82;82m██[38;2;82;164;230m████[38;2;82;82;82m████[38;2;131;197;255m████[38;2;49;49;49m████[38;2;0;0;0m  
[38;2;0;0;0m      [38;2;49;49;49m██[38;2;82;82;82m██[38;2;197;164;90m██[38;2;139;115;49m██[38;2;82;82;82m████████[38;2;139;115;49m██[38;2;131;197;255m██[38;2;74;131;189m██[38;2;131;197;255m██[38;2;49;49;49m██████[38;2;131;197;255m██[38;2;82;164;230m██[38;2;74;131;189m██[38;2;82;164;230m██[38;2;131;197;255m██[38;2;49;49;49m██
[38;2;0;0;0m      [38;2;49;49;49m██[38;2;255;222;139m██[38;2;197;164;90m██[38;2;74;131;189m██[38;2;82;164;230m██[38;2;255;255;255m████[38;2;82;164;230m██[38;2;197;164;90m██[38;2;82;82;82m██[38;2;131;197;255m████[38;2;49;49;49m██[38;2;0;0;0m  [38;2;49;49;49m██[38;2;131;197;255m████[38;2;82;164;230m██[38;2;74;131;189m████[38;2;49;49;49m██
[38;2;0;0;0m        [38;2;49;49;49m██[38;2;131;197;255m██████[38;2;255;255;255m██[38;2;131;197;255m████[38;2;74;131;189m██[38;2;230;197;106m██[38;2;82;82;82m██[38;2;49;49;49m██[38;2;0;0;0m      [38;2;49;49;49m██[38;2;131;197;255m██████[38;2;82;164;230m██[38;2;49;49;49m██
[38;2;0;0;0m          [38;2;49;49;49m██[38;2;82;82;82m██[38;2;131;197;255m██████[38;2;82;82;82m██[38;2;131;197;255m██[38;2;139;115;49m██[38;2;230;197;106m██[38;2;139;115;49m██[38;2;49;49;49m██████[38;2;197;164;90m██[38;2;131;197;255m██[38;2;49;49;49m██[38;2;131;197;255m████[38;2;49;49;49m██
[38;2;0;0;0m          [38;2;49;49;49m██[38;2;197;164;90m██[38;2;82;82;82m██[38;2;131;197;255m██[38;2;49;49;49m██[38;2;139;115;49m██[38;2;82;82;82m██[38;2;74;131;189m██[38;2;255;222;139m████[38;2;82;82;82m██[38;2;197;164;90m████[38;2;49;49;49m████[38;2;0;0;0m  [38;2;49;49;49m████[38;2;0;0;0m  
[38;2;0;0;0m        [38;2;49;49;49m██[38;2;230;197;106m██[38;2;197;164;90m██[38;2;49;49;49m████[38;2;0;0;0m  [38;2;49;49;49m██[38;2;197;164;90m██[38;2;82;82;82m██[38;2;49;49;49m██████████[38;2;0;0;0m            
[38;2;0;0;0m          [38;2;49;49;49m████[38;2;0;0;0m        [38;2;49;49;49m██[38;2;197;164;90m██[38;2;49;49;49m██[38;2;0;0;0m                    
[38;2;0;0;0m                      [38;2;49;49;49m██[38;2;230;197;106m██[38;2;255;222;139m██[38;2;49;49;49m██[38;2;0;0;0m                  
[38;2;0;0;0m                        [38;2;49;49;49m████[38;2;0;0;0m                    [0m
