
[38;2;0;0;0m    ██████  ████████████          
[38;2;0;0;0m  ██[38;2;148;86;180m██[38;2;123;77;142m████[38;2;16;0;0m██[38;2;170;143;101m██[38;2;189;140;61m████████[38;2;170;143;101m██[38;2;16;0;0m██[38;2;0;0;0m████    
[38;2;0;0;0m██[38;2;148;86;180m████[38;2;123;77;142m██[38;2;255;214;71m██[38;2;170;143;101m██[38;2;247;214;151m██[38;2;214;214;198m████████[38;2;247;214;151m██[38;2;170;143;101m██[38;2;189;140;61m████[38;2;0;0;0m██  
[38;2;0;0;0m██[38;2;148;82;185m██[38;2;66;66;66m██[38;2;255;214;71m██[38;2;185;142;57m██[38;2;214;214;198m██[38;2;148;85;185m██[38;2;151;85;186m████████[38;2;148;85;185m██[38;2;214;214;198m██[38;2;214;206;206m██[38;2;165;107;93m██[38;2;255;214;71m██[38;2;0;0;0m██
[38;2;0;0;0m██[38;2;107;74;126m██[38;2;66;66;66m██[38;2;255;214;71m██[38;2;185;142;57m██[38;2;148;85;185m████[38;2;239;189;135m████████[38;2;148;85;185m████[38;2;181;140;131m██[38;2;214;206;206m██[38;2;255;214;71m██[38;2;0;0;0m██
[38;2;0;0;0m  [38;2;0;4;0m██[38;2;107;70;123m██[38;2;57;78;81m██[38;2;247;231;87m██[38;2;255;231;87m██[38;2;181;140;229m██[38;2;151;85;183m████[38;2;151;85;186m████[38;2;239;189;135m██[38;2;151;85;186m██[38;2;134;77;164m██[38;2;255;214;71m██[38;2;189;140;61m██[38;2;0;0;0m██
[38;2;0;0;0m██[38;2;107;70;123m██[38;2;71;48;82m██[38;2;57;78;81m██[38;2;120;129;83m██[38;2;206;170;182m██[38;2;255;231;87m██[38;2;255;231;143m████[38;2;255;214;71m████[38;2;151;85;186m██[38;2;239;189;135m██[38;2;134;77;164m████[38;2;0;0;0m██  
[38;2;0;0;0m  ██[38;2;214;214;198m██[38;2;69;80;77m██[38;2;206;239;230m██[38;2;156;228;215m██[38;2;255;255;255m██[38;2;82;165;146m████[38;2;255;255;255m██[38;2;74;165;146m██[38;2;123;70;147m████[38;2;152;86;184m████[38;2;0;0;0m██  
[38;2;0;0;0m    ████[38;2;206;239;230m██[38;2;255;255;255m██[38;2;156;228;215m██[38;2;168;210;200m██[38;2;255;255;255m██[38;2;164;210;200m██[38;2;255;255;255m██[38;2;82;162;142m██[38;2;123;70;147m██[38;2;152;86;184m██[38;2;107;66;131m██[38;2;0;0;0m██  
[38;2;0;0;0m        ██[38;2;143;170;164m██[38;2;214;255;246m██[38;2;255;255;255m██[38;2;168;210;200m██[38;2;255;255;255m██[38;2;168;210;200m██[38;2;78;160;142m████[38;2;82;165;146m██[38;2;0;0;0m██    
[38;2;0;0;0m          ██[38;2;71;85;82m██[38;2;82;165;146m████████[38;2;78;160;142m██[38;2;66;66;66m██[38;2;0;0;0m██      
[38;2;0;0;0m        ██[38;2;189;140;61m████[38;2;66;66;66m████████[38;2;63;55;36m██[38;2;189;148;61m██[38;2;0;0;0m██      
[38;2;0;0;0m          ██[38;2;189;140;61m██[38;2;255;214;71m████[38;2;187;143;59m████[38;2;189;148;61m██[38;2;0;8;24m██[38;2;0;0;0m        
[38;2;0;0;0m            ████████████          [0m
