
[38;2;0;0;0m          [38;2;49;49;49m██[38;2;0;0;0m                [38;2;49;49;49m████[38;2;0;0;0m                  
[38;2;0;0;0m        [38;2;49;49;49m██[38;2;255;255;255m██[38;2;49;49;49m██[38;2;0;0;0m            [38;2;49;49;49m██[38;2;205;213;238m██[38;2;49;49;49m██████[38;2;0;0;0m              
[38;2;0;0;0m        [38;2;49;49;49m██[38;2;255;255;255m██[38;2;82;82;82m██[38;2;49;49;49m██████[38;2;0;0;0m    [38;2;49;49;49m██[38;2;131;131;148m██[38;2;205;213;238m██[38;2;49;49;49m██[38;2;205;213;238m██[38;2;49;49;49m██[38;2;0;0;0m              
[38;2;0;0;0m      [38;2;49;49;49m██[38;2;255;255;255m██[38;2;205;213;238m██[38;2;82;82;82m██[38;2;205;213;238m██████[38;2;49;49;49m██[38;2;0;0;0m  [38;2;49;49;49m██[38;2;205;213;238m██[38;2;156;172;189m██[38;2;205;213;238m██[38;2;131;131;148m██[38;2;49;49;49m████[38;2;0;0;0m            
[38;2;0;0;0m      [38;2;49;49;49m██[38;2;255;255;255m██[38;2;205;213;238m████████[38;2;49;49;49m██[38;2;0;0;0m    [38;2;49;49;49m██[38;2;205;213;238m██[38;2;156;172;189m██[38;2;205;213;238m██[38;2;131;131;148m██[38;2;156;172;189m██[38;2;49;49;49m██[38;2;0;0;0m            
[38;2;0;0;0m    [38;2;49;49;49m██[38;2;131;131;148m██[38;2;205;213;238m██[38;2;156;172;189m██[38;2;205;213;238m████[38;2;82;82;82m██[38;2;49;49;49m██[38;2;0;0;0m  [38;2;49;49;49m██[38;2;205;213;238m██[38;2;156;172;189m██[38;2;205;213;238m██[38;2;156;172;189m████[38;2;49;49;49m██[38;2;0;0;0m        [38;2;49;49;49m████[38;2;0;0;0m  
[38;2;0;0;0m  [38;2;49;49;49m██[38;2;156;172;189m██[38;2;205;213;238m██[38;2;156;172;189m██[38;2;205;213;238m████[38;2;82;82;82m██[38;2;156;172;189m██[38;2;49;49;49m██[38;2;0;0;0m  [38;2;49;49;49m██[38;2;205;213;238m██[38;2;156;172;189m██[38;2;205;213;238m██[38;2;131;131;148m██[38;2;156;172;189m██[38;2;49;49;49m██[38;2;0;0;0m    [38;2;49;49;49m████[38;2;82;98;156m██[38;2;49;49;49m██[38;2;0;0;0m  
[38;2;0;0;0m  [38;2;49;49;49m██[38;2;255;255;255m██[38;2;205;213;238m██████[38;2;131;131;148m██[38;2;156;172;189m████[38;2;49;49;49m██[38;2;0;0;0m  [38;2;49;49;49m██[38;2;205;213;238m██[38;2;156;172;189m██[38;2;205;213;238m██[38;2;131;131;148m██[38;2;49;49;49m██[38;2;0;0;0m    [38;2;49;49;49m██[38;2;82;98;156m████[38;2;49;49;49m██[38;2;0;0;0m    
[38;2;49;49;49m██[38;2;156;172;189m██[38;2;255;255;255m██[38;2;205;213;238m██[38;2;156;172;189m██[38;2;131;131;148m██[38;2;246;246;41m██[38;2;156;172;189m██[38;2;49;49;49m██[38;2;0;0;0m    [38;2;49;49;49m██[38;2;205;213;238m██[38;2;131;131;148m██[38;2;156;172;189m██[38;2;131;131;148m██[38;2;49;49;49m██[38;2;0;0;0m  [38;2;49;49;49m████[38;2;82;82;82m████[38;2;49;49;49m████[38;2;0;0;0m  
[38;2;49;49;49m██[38;2;255;255;255m██[38;2;205;213;238m██[38;2;156;172;189m██[38;2;131;131;148m██[38;2;49;49;49m██[38;2;246;246;41m██[38;2;156;172;189m██[38;2;82;98;156m██[38;2;49;49;49m██[38;2;0;0;0m  [38;2;49;49;49m██[38;2;156;172;189m██[38;2;131;131;148m████[38;2;82;82;82m██[38;2;49;49;49m████[38;2;205;213;238m██████[38;2;255;255;255m██████[38;2;49;49;49m██
[38;2;49;49;49m██[38;2;255;255;255m██[38;2;205;213;238m██[38;2;82;82;82m██[38;2;156;172;189m████[38;2;49;49;49m██[38;2;82;98;156m██[38;2;131;148;205m██[38;2;82;98;156m██[38;2;49;49;49m██[38;2;82;82;82m██████[38;2;131;131;148m██[38;2;82;82;82m██[38;2;205;213;238m██████[38;2;156;172;189m██[38;2;82;82;82m██████[38;2;49;49;49m██[38;2;0;0;0m  
[38;2;49;49;49m██[38;2;205;213;238m██[38;2;156;172;189m██[38;2;49;49;49m██████[38;2;0;0;0m  [38;2;49;49;49m██[38;2;82;98;156m██[38;2;131;148;205m██[38;2;82;82;82m██[38;2;205;213;238m██[38;2;156;172;189m████[38;2;82;82;82m██[38;2;156;172;189m██[38;2;205;213;238m██[38;2;156;172;189m██[38;2;82;82;82m████[38;2;213;98;65m████████[38;2;49;49;49m██
[38;2;49;49;49m██[38;2;205;213;238m██[38;2;49;49;49m██[38;2;0;0;0m        [38;2;49;49;49m██[38;2;131;148;205m██[38;2;82;98;156m██[38;2;82;82;82m██[38;2;205;213;238m████[38;2;82;82;82m██[38;2;156;172;189m██[38;2;205;213;238m██[38;2;82;82;82m████[38;2;213;98;65m████[38;2;82;82;82m██████[38;2;49;49;49m██[38;2;0;0;0m  
[38;2;0;0;0m  [38;2;49;49;49m██[38;2;0;0;0m            [38;2;49;49;49m██[38;2;82;82;82m██[38;2;205;213;238m██████[38;2;82;82;82m██[38;2;156;172;189m██[38;2;82;82;82m████[38;2;213;98;65m██[38;2;82;82;82m████[38;2;213;98;65m████████[38;2;49;49;49m██
[38;2;0;0;0m                [38;2;49;49;49m██[38;2;156;172;189m██[38;2;205;213;238m██████[38;2;82;82;82m████[38;2;156;172;189m██[38;2;82;82;82m████[38;2;213;98;65m████[38;2;49;49;49m████████[38;2;0;0;0m  
[38;2;0;0;0m                [38;2;49;49;49m██[38;2;156;172;189m████[38;2;205;213;238m██[38;2;156;172;189m████[38;2;131;131;148m████[38;2;156;172;189m██[38;2;131;131;148m██[38;2;49;49;49m████[38;2;0;0;0m          
[38;2;0;0;0m                [38;2;49;49;49m██[38;2;82;82;82m██[38;2;156;172;189m████████[38;2;131;131;148m██[38;2;156;172;189m██████[38;2;49;49;49m██[38;2;0;0;0m            
[38;2;0;0;0m              [38;2;49;49;49m██[38;2;82;98;156m████[38;2;82;82;82m██[38;2;156;172;189m██████[38;2;49;49;49m██[38;2;156;172;189m████[38;2;49;49;49m██[38;2;0;0;0m              
[38;2;0;0;0m            [38;2;49;49;49m██[38;2;255;255;255m██[38;2;49;49;49m████[38;2;156;172;189m██[38;2;49;49;49m██████[38;2;0;0;0m  [38;2;49;49;49m██[38;2;82;98;156m██[38;2;49;49;49m██[38;2;0;0;0m              
[38;2;0;0;0m            [38;2;49;49;49m████[38;2;0;0;0m    [38;2;49;49;49m████[38;2;0;0;0m        [38;2;49;49;49m██[38;2;82;98;156m██[38;2;49;49;49m██[38;2;0;0;0m            
[38;2;0;0;0m                              [38;2;49;49;49m██[38;2;82;98;156m██████[38;2;49;49;49m██[38;2;0;0;0m          
[38;2;0;0;0m                            [38;2;49;49;49m██[38;2;255;255;255m██[38;2;49;49;49m████[38;2;255;255;255m██[38;2;49;49;49m██[38;2;0;0;0m          
[38;2;0;0;0m                            [38;2;49;49;49m████[38;2;0;0;0m    [38;2;49;49;49m████[38;2;0;0;0m          [0m
