
[38;2;0;0;0m        [38;2;49;49;49m████[38;2;0;0;0m                            
[38;2;0;0;0m      [38;2;49;49;49m██[38;2;255;180;164m██[38;2;49;49;49m██████[38;2;0;0;0m                        
[38;2;0;0;0m      [38;2;49;49;49m██[38;2;255;180;164m██[38;2;82;82;82m██[38;2;255;180;164m██[38;2;49;49;49m██[38;2;0;0;0m                        
[38;2;0;0;0m    [38;2;49;49;49m██[38;2;255;180;164m██████[38;2;49;49;49m██[38;2;0;0;0m              [38;2;49;49;49m████[38;2;0;0;0m        
[38;2;0;0;0m    [38;2;49;49;49m██[38;2;255;180;164m██████[38;2;49;49;49m██[38;2;0;0;0m              [38;2;49;49;49m██[38;2;255;180;164m██[38;2;49;49;49m████[38;2;0;0;0m    
[38;2;0;0;0m  [38;2;49;49;49m██[38;2;123;98;180m██[38;2;238;131;131m████[38;2;82;82;82m██[38;2;49;49;49m████[38;2;0;0;0m      [38;2;49;49;49m██████[38;2;255;180;164m██[38;2;82;82;82m██[38;2;238;131;131m██[38;2;49;49;49m████[38;2;0;0;0m  
[38;2;0;0;0m  [38;2;49;49;49m██[38;2;123;98;180m██[38;2;82;82;82m██[38;2;255;180;164m██████[38;2;238;131;131m██[38;2;49;49;49m██████[38;2;255;180;164m██████[38;2;238;131;131m████[38;2;82;82;82m██[38;2;246;246;139m██[38;2;49;49;49m████
[38;2;0;0;0m  [38;2;49;49;49m██[38;2;82;82;82m██[38;2;255;180;164m████████████[38;2;82;82;82m██[38;2;255;180;164m██████[38;2;238;131;131m████[38;2;82;82;82m████[38;2;197;90;74m██[38;2;246;246;139m██[38;2;49;49;49m██
[38;2;0;0;0m  [38;2;49;49;49m██[38;2;189;164;65m██[38;2;246;246;139m██[38;2;255;180;164m██████████[38;2;238;131;131m██[38;2;255;180;164m████[38;2;238;131;131m██[38;2;123;98;180m████[38;2;82;82;82m██[38;2;238;131;131m████[38;2;49;49;49m██[38;2;0;0;0m  
[38;2;49;49;49m██[38;2;82;82;82m██[38;2;246;246;139m██[38;2;255;180;164m████████████████[38;2;123;98;180m██████[38;2;82;82;82m██[38;2;238;131;131m██████[38;2;49;49;49m██[38;2;0;0;0m  
[38;2;49;49;49m██[38;2;246;246;139m██[38;2;82;82;82m██[38;2;246;246;139m██[38;2;255;180;164m████[38;2;246;246;139m██████[38;2;255;180;164m████[38;2;82;82;82m██[38;2;123;98;180m██[38;2;49;49;49m████[38;2;238;131;131m██████[38;2;49;49;49m██[38;2;0;0;0m  
[38;2;49;49;49m██[38;2;246;246;139m██[38;2;189;164;65m██[38;2;246;246;139m██████[38;2;82;82;82m████[38;2;189;164;65m██[38;2;246;246;139m██[38;2;255;180;164m██[38;2;238;131;131m██[38;2;49;49;49m██[38;2;0;0;0m  [38;2;49;49;49m██[38;2;197;90;74m██[38;2;238;131;131m██[38;2;49;49;49m██[38;2;0;0;0m    
[38;2;0;0;0m  [38;2;49;49;49m██[38;2;246;246;139m██████[38;2;82;82;82m██[38;2;246;246;139m████████[38;2;255;180;164m██[38;2;238;131;131m██[38;2;49;49;49m██[38;2;0;0;0m    [38;2;49;49;49m████[38;2;0;0;0m      
[38;2;0;0;0m    [38;2;49;49;49m██[38;2;246;246;139m████████████[38;2;255;180;164m██[38;2;238;131;131m██[38;2;82;82;82m██[38;2;197;90;74m██[38;2;49;49;49m████[38;2;0;0;0m          
[38;2;0;0;0m      [38;2;49;49;49m██[38;2;131;131;115m██[38;2;246;246;139m██████[38;2;189;164;65m██[38;2;82;82;82m████[38;2;238;131;131m████[38;2;49;49;49m██[38;2;0;0;0m            
[38;2;0;0;0m      [38;2;49;49;49m██[38;2;197;90;74m██[38;2;82;82;82m████████[38;2;238;131;131m████████[38;2;49;49;49m██[38;2;0;0;0m            
[38;2;0;0;0m        [38;2;49;49;49m██[38;2;189;164;65m██████████[38;2;238;131;131m████[38;2;246;246;139m██[38;2;49;49;49m██[38;2;0;0;0m            
[38;2;0;0;0m        [38;2;49;49;49m██[38;2;246;246;139m██[38;2;82;82;82m██[38;2;131;131;115m██[38;2;189;164;65m██████[38;2;49;49;49m████[38;2;0;0;0m              
[38;2;0;0;0m          [38;2;49;49;49m██████[38;2;82;82;82m██[38;2;246;246;139m██[38;2;49;49;49m██[38;2;0;0;0m                  
[38;2;0;0;0m                [38;2;49;49;49m████[38;2;0;0;0m                    [0m
