
[38;2;0;0;0m                              [38;2;49;49;49m██[38;2;0;0;0m                
[38;2;0;0;0m                          [38;2;49;49;49m████[38;2;246;246;189m██[38;2;49;49;49m██[38;2;0;0;0m              
[38;2;0;0;0m                      [38;2;49;49;49m████[38;2;205;189;148m██[38;2;82;82;82m██[38;2;246;246;189m██[38;2;49;49;49m████[38;2;0;0;0m            
[38;2;0;0;0m                  [38;2;49;49;49m████[38;2;246;246;189m████[38;2;164;139;115m██[38;2;246;246;189m██████[38;2;205;189;148m██[38;2;49;49;49m██[38;2;0;0;0m          
[38;2;0;0;0m  [38;2;49;49;49m██████[38;2;0;0;0m        [38;2;49;49;49m██[38;2;82;82;82m██[38;2;246;246;189m████████████████[38;2;205;189;148m██[38;2;49;49;49m██[38;2;0;0;0m        
[38;2;49;49;49m██[38;2;139;189;65m██[38;2;90;156;49m██[38;2;139;189;65m██[38;2;49;49;49m██[38;2;0;0;0m      [38;2;49;49;49m██[38;2;246;246;189m████████████████████[38;2;49;49;49m██[38;2;0;0;0m        
[38;2;0;0;0m  [38;2;49;49;49m██[38;2;139;189;65m██[38;2;90;156;49m██[38;2;139;189;65m██[38;2;49;49;49m██[38;2;0;0;0m  [38;2;49;49;49m██[38;2;205;131;82m██[38;2;246;246;189m██████████████████[38;2;205;189;148m██[38;2;156;82;57m██[38;2;49;49;49m██[38;2;0;0;0m      
[38;2;0;0;0m  [38;2;49;49;49m██[38;2;139;189;65m██[38;2;90;156;49m██[38;2;205;189;148m██[38;2;49;49;49m██[38;2;0;0;0m  [38;2;49;49;49m██[38;2;205;131;82m██[38;2;82;82;82m██[38;2;246;246;189m██████[38;2;82;82;82m██████[38;2;205;189;148m████[38;2;82;82;82m██[38;2;205;131;82m██[38;2;49;49;49m██[38;2;0;0;0m      
[38;2;0;0;0m    [38;2;49;49;49m██[38;2;205;189;148m██████[38;2;49;49;49m██████[38;2;156;82;57m██[38;2;82;82;82m██████[38;2;172;172;172m██[38;2;255;255;255m██[38;2;172;172;172m██[38;2;82;82;82m████[38;2;205;131;82m██████[38;2;49;49;49m██[38;2;0;0;0m    
[38;2;0;0;0m      [38;2;49;49;49m██[38;2;205;189;148m████[38;2;49;49;49m██[38;2;0;0;0m  [38;2;49;49;49m██[38;2;156;82;57m██[38;2;246;246;189m████[38;2;156;82;57m██[38;2;255;255;255m██[38;2;49;49;49m██[38;2;255;255;255m██[38;2;156;82;57m██[38;2;82;82;82m██[38;2;205;131;82m██████[38;2;49;49;49m██[38;2;0;0;0m    
[38;2;0;0;0m      [38;2;49;49;49m██[38;2;82;82;82m████[38;2;49;49;49m██[38;2;0;0;0m  [38;2;82;82;82m██[38;2;246;246;189m██████[38;2;205;131;82m██[38;2;255;255;255m██████[38;2;205;131;82m██[38;2;49;49;49m██[38;2;156;82;57m██[38;2;205;131;82m████[38;2;49;49;49m██[38;2;0;0;0m    
[38;2;0;0;0m      [38;2;49;49;49m██[38;2;246;246;189m██[38;2;164;139;115m████[38;2;49;49;49m████[38;2;246;246;189m████████[38;2;205;131;82m██[38;2;255;255;255m██[38;2;205;131;82m██[38;2;49;49;49m██[38;2;0;0;0m  [38;2;49;49;49m██████[38;2;0;0;0m      
[38;2;0;0;0m        [38;2;49;49;49m██[38;2;205;189;148m██[38;2;246;246;189m██[38;2;205;131;82m████[38;2;82;82;82m██[38;2;246;246;189m██[38;2;205;189;148m██[38;2;246;246;189m████[38;2;82;82;82m████[38;2;205;131;82m██[38;2;49;49;49m██[38;2;0;0;0m            
[38;2;0;0;0m        [38;2;49;49;49m██[38;2;246;246;189m██[38;2;82;82;82m██[38;2;49;49;49m██[38;2;205;131;82m██[38;2;246;246;189m██[38;2;82;82;82m██[38;2;213;98;123m████[38;2;82;82;82m██[38;2;205;131;82m████[38;2;156;82;57m██[38;2;246;246;189m██[38;2;49;49;49m████[38;2;0;0;0m  [38;2;49;49;49m████[38;2;0;0;0m  
[38;2;0;0;0m      [38;2;49;49;49m██[38;2;205;189;148m██[38;2;82;82;82m██[38;2;49;49;49m██[38;2;0;0;0m  [38;2;49;49;49m████[38;2;82;82;82m██[38;2;164;139;115m██[38;2;49;49;49m████[38;2;156;82;57m████[38;2;246;246;189m██████[38;2;205;131;82m██[38;2;49;49;49m██[38;2;205;189;148m██[38;2;246;246;189m██[38;2;49;49;49m██
[38;2;0;0;0m      [38;2;49;49;49m██[38;2;164;139;115m██[38;2;205;189;148m██[38;2;82;82;82m██[38;2;49;49;49m████[38;2;164;139;115m████[38;2;49;49;49m██[38;2;0;0;0m  [38;2;49;49;49m██[38;2;246;246;189m██████[38;2;82;82;82m████[38;2;205;131;82m████[38;2;246;246;189m██[38;2;82;82;82m██[38;2;49;49;49m██
[38;2;0;0;0m        [38;2;49;49;49m██[38;2;164;139;115m██[38;2;205;189;148m██████[38;2;49;49;49m████[38;2;0;0;0m  [38;2;49;49;49m████[38;2;82;82;82m██[38;2;246;246;189m██████[38;2;82;82;82m████[38;2;49;49;49m██████[38;2;0;0;0m  
[38;2;0;0;0m          [38;2;49;49;49m████████[38;2;0;0;0m    [38;2;49;49;49m██[38;2;164;139;115m████[38;2;156;82;57m██[38;2;49;49;49m████[38;2;205;189;148m████[38;2;49;49;49m██[38;2;0;0;0m        
[38;2;0;0;0m                        [38;2;49;49;49m██████[38;2;0;0;0m    [38;2;49;49;49m██[38;2;156;82;57m████[38;2;49;49;49m██[38;2;0;0;0m      
[38;2;0;0;0m                                [38;2;49;49;49m██[38;2;246;246;189m██[38;2;164;139;115m██[38;2;246;246;189m██[38;2;49;49;49m██[38;2;0;0;0m      
[38;2;0;0;0m                                  [38;2;49;49;49m██████[38;2;0;0;0m        [0m
