
[38;2;0;0;0m      [38;2;49;49;49m██████[38;2;0;0;0m                
[38;2;0;0;0m      [38;2;49;49;49m██[38;2;255;255;139m████[38;2;49;49;49m██[38;2;0;0;0m  [38;2;49;49;49m████████[38;2;0;0;0m    
[38;2;0;0;0m        [38;2;49;49;49m██[38;2;255;255;139m████[38;2;49;49;49m██[38;2;222;205;98m██[38;2;255;255;139m████[38;2;49;49;49m██[38;2;0;0;0m    
[38;2;0;0;0m        [38;2;49;49;49m██[38;2;82;82;82m██[38;2;164;139;57m██[38;2;222;205;98m██[38;2;255;255;139m████[38;2;49;49;49m██[38;2;0;0;0m      
[38;2;0;0;0m    [38;2;49;49;49m████[38;2;255;255;139m████████[38;2;164;139;57m██[38;2;82;82;82m██[38;2;49;49;49m██[38;2;0;0;0m      
[38;2;0;0;0m  [38;2;49;49;49m██[38;2;255;255;139m████████████████[38;2;222;205;98m██[38;2;49;49;49m██[38;2;0;0;0m    
[38;2;49;49;49m██[38;2;255;255;139m██████[38;2;180;90;156m██[38;2;255;255;139m████[38;2;222;205;98m██[38;2;255;255;139m██████[38;2;222;205;98m██[38;2;49;49;49m██[38;2;0;0;0m  
[38;2;49;49;49m██[38;2;164;139;57m██[38;2;255;255;139m██[38;2;180;90;156m██[38;2;213;131;197m██[38;2;180;90;156m██[38;2;255;255;139m████[38;2;164;139;57m██[38;2;255;255;139m██████[38;2;222;205;98m██[38;2;49;49;49m██
[38;2;0;0;0m  [38;2;49;49;49m██[38;2;180;90;156m██[38;2;213;131;197m████[38;2;180;90;156m██[38;2;255;255;139m██████[38;2;164;139;57m██[38;2;255;255;139m████[38;2;222;205;98m██[38;2;49;49;49m██
[38;2;0;0;0m  [38;2;49;49;49m██[38;2;213;131;197m████████[38;2;180;90;156m██████[38;2;164;139;57m██[38;2;255;255;139m████[38;2;49;49;49m██[38;2;0;0;0m  
[38;2;49;49;49m██[38;2;255;123;172m██[38;2;230;74;131m██[38;2;213;131;197m████[38;2;255;255;255m██[38;2;49;49;49m██[38;2;255;255;255m██[38;2;180;90;156m████[38;2;164;139;57m████[38;2;222;205;98m██[38;2;49;49;49m██
[38;2;49;49;49m██[38;2;230;74;131m██[38;2;180;90;156m██[38;2;230;74;131m██[38;2;213;131;197m██[38;2;57;131;115m██[38;2;49;49;49m██[38;2;255;255;255m██[38;2;213;131;197m██[38;2;180;90;156m██[38;2;222;205;98m██████[38;2;49;49;49m██
[38;2;0;0;0m  [38;2;49;49;49m██[38;2;230;74;131m████[38;2;213;131;197m██[38;2;213;197;213m████[38;2;213;131;197m██[38;2;180;90;156m██[38;2;164;139;57m██[38;2;255;255;139m██████[38;2;49;49;49m██
[38;2;0;0;0m    [38;2;49;49;49m██[38;2;82;82;82m██[38;2;180;90;156m████████[38;2;82;82;82m██[38;2;222;205;98m██[38;2;255;255;139m████[38;2;49;49;49m██[38;2;0;0;0m  
[38;2;0;0;0m    [38;2;49;49;49m██[38;2;246;246;172m██[38;2;82;82;82m████████[38;2;246;246;172m██[38;2;82;82;82m████[38;2;49;49;49m██[38;2;0;0;0m    
[38;2;0;0;0m      [38;2;49;49;49m██[38;2;172;148;106m██[38;2;246;246;172m████[38;2;172;148;106m██[38;2;246;246;172m████[38;2;172;148;106m██[38;2;180;90;156m██[38;2;49;49;49m██[38;2;0;0;0m  
[38;2;0;0;0m      [38;2;49;49;49m██[38;2;180;90;156m████[38;2;246;246;172m████[38;2;172;148;106m████[38;2;180;90;156m████[38;2;49;49;49m██[38;2;0;0;0m  
[38;2;0;0;0m      [38;2;49;49;49m██[38;2;246;246;172m██[38;2;172;148;106m██[38;2;180;90;156m██████████[38;2;49;49;49m██[38;2;0;0;0m    
[38;2;0;0;0m        [38;2;49;49;49m██████[38;2;82;82;82m██[38;2;246;246;172m██[38;2;172;148;106m██[38;2;49;49;49m██[38;2;0;0;0m      
[38;2;0;0;0m              [38;2;49;49;49m██████[38;2;0;0;0m        [0m
