
[38;2;0;0;0m                        [38;2;7;10;13m  [38;2;13;21;26m  [38;2;0;0;0m                      
[38;2;0;0;0m                        [38;2;49;75;96m██[38;2;56;85;111m██[38;2;15;27;33m  [38;2;0;0;0m      [38;2;20;36;45m  [38;2;42;74;90m  [38;2;0;0;0m          
[38;2;0;0;0m                      [38;2;13;21;27m  [38;2;58;93;118m██[38;2;63;118;143m██[38;2;65;118;145m██[38;2;65;115;141m██[38;2;64;111;139m██[38;2;19;31;39m██[38;2;65;118;145m██[38;2;58;103;126m██[38;2;5;10;12m  [38;2;0;0;0m        
[38;2;0;0;0m                      [38;2;55;84;110m██[38;2;63;118;143m████████[38;2;62;113;138m██[38;2;61;110;136m██[38;2;63;118;143m████[38;2;21;40;48m██[38;2;0;0;0m        
[38;2;0;0;0m                    [38;2;56;55;55m██[38;2;252;236;197m██[38;2;60;102;128m██[38;2;62;117;142m██[38;2;61;110;135m██[38;2;106;124;134m██[38;2;106;127;137m██[38;2;57;95;122m██[38;2;62;114;140m██[38;2;63;118;143m██[38;2;64;116;141m██[38;2;0;0;0m        
[38;2;0;0;0m                    [38;2;219;206;175m██[38;2;252;239;201m██[38;2;130;147;150m██[38;2;61;96;121m██[38;2;203;200;179m██[38;2;252;239;201m████[38;2;203;202;181m██[38;2;114;134;142m██[38;2;63;118;143m██[38;2;63;117;142m██[38;2;38;72;87m  [38;2;0;0;0m      
[38;2;0;0;0m                    [38;2;149;141;122m██[38;2;250;237;200m██[38;2;253;239;200m██[38;2;254;238;199m██[38;2;252;237;201m██[38;2;189;179;151m██[38;2;198;188;161m██[38;2;252;239;201m██[38;2;254;239;199m██[38;2;100;122;134m██[38;2;62;115;140m██[38;2;50;90;111m██[38;2;0;0;0m      
[38;2;0;0;0m                    [38;2;225;211;176m██[38;2;250;237;200m██[38;2;252;239;202m██[38;2;249;236;199m██[38;2;93;84;72m██[38;2;191;179;149m██[38;2;200;188;158m██[38;2;254;239;199m██[38;2;252;239;202m██[38;2;227;217;186m██[38;2;57;91;117m██[38;2;46;70;92m██[38;2;0;0;0m      
[38;2;0;0;0m                    [38;2;94;88;76m██[38;2;251;238;201m██[38;2;252;239;201m██[38;2;251;238;201m██[38;2;228;217;187m██[38;2;210;198;167m██[38;2;253;239;200m██[38;2;252;239;201m██[38;2;249;232;192m██[38;2;192;182;151m██[38;2;56;86;110m██[38;2;35;52;67m  [38;2;0;0;0m      
[38;2;0;0;0m                    [38;2;120;126;122m██[38;2;253;238;199m██[38;2;159;145;125m██[38;2;112;109;99m██[38;2;108;106;102m██[38;2;210;198;167m██[38;2;254;239;199m██[38;2;225;209;167m██[38;2;218;202;161m██[38;2;90;110;122m██[38;2;56;86;110m██[38;2;0;0;0m        
[38;2;0;0;0m              [38;2;14;26;32m  [38;2;29;48;58m██[38;2;65;83;95m██[38;2;255;240;204m████[38;2;254;238;199m██[38;2;254;239;199m████[38;2;252;237;197m██[38;2;225;209;167m████[38;2;121;133;132m██[38;2;59;97;123m██[38;2;32;59;71m██[38;2;0;0;0m        
[38;2;0;0;0m            [38;2;18;32;41m  [38;2;61;114;139m██[38;2;64;116;142m██[38;2;65;103;124m██[38;2;178;173;159m██[38;2;255;247;223m██[38;2;253;241;209m██[38;2;252;239;202m████████[38;2;238;227;194m██[38;2;83;104;114m██[38;2;63;118;143m██[38;2;64;116;141m██[38;2;40;70;86m  [38;2;0;0;0m      
[38;2;0;0;0m            [38;2;25;41;53m██[38;2;62;109;136m██[38;2;60;107;133m██[38;2;103;131;152m██[38;2;152;149;138m██[38;2;255;247;223m████[38;2;254;246;222m██[38;2;252;237;204m██[38;2;207;195;165m██[38;2;125;127;118m██[38;2;65;82;90m██[38;2;63;118;143m██████[38;2;63;117;142m██[38;2;19;34;42m██[38;2;0;0;0m    
[38;2;0;0;0m            [38;2;4;7;9m  [38;2;186;193;200m██[38;2;124;139;144m██[38;2;118;119;119m██[38;2;229;222;201m██[38;2;255;247;223m██████[38;2;178;174;162m██[38;2;63;104;123m██[38;2;63;112;134m██[38;2;63;117;142m██[38;2;63;118;143m██████[38;2;63;117;142m██[38;2;52;97;117m██[38;2;0;0;0m    
[38;2;0;0;0m            [38;2;96;90;75m██[38;2;126;127;120m██[38;2;112;113;109m██[38;2;246;244;227m██[38;2;255;247;223m██████[38;2;252;244;220m██[38;2;164;162;151m██[38;2;57;89;116m██[38;2;62;115;140m██[38;2;63;118;143m████[38;2;63;117;142m████[38;2;63;118;143m████[38;2;12;22;27m  [38;2;0;0;0m  
[38;2;0;0;0m            [38;2;215;201;168m██[38;2;252;239;201m██[38;2;252;238;204m██[38;2;252;238;207m██[38;2;255;247;223m██████[38;2;252;238;207m██[38;2;152;145;127m██[38;2;196;207;215m██[38;2;60;107;133m██[38;2;63;118;143m████[38;2;65;109;134m██[38;2;64;104;123m██[38;2;63;118;143m████[38;2;51;89;109m██[38;2;0;0;0m  
[38;2;0;0;0m          [38;2;14;24;31m  [38;2;252;239;201m██████████████████[38;2;118;116;112m██[38;2;124;133;135m██[38;2;64;103;123m██[38;2;96;107;106m██[38;2;78;105;121m██[38;2;73;118;138m██[38;2;63;118;143m████[38;2;53;97;119m██[38;2;2;5;6m  
[38;2;0;0;0m    [38;2;175;177;178m██[38;2;25;25;26m  [38;2;16;29;36m  [38;2;63;110;137m██[38;2;254;239;199m██[38;2;252;239;201m██[38;2;252;239;202m██████████████[38;2;252;238;204m██[38;2;206;195;167m██[38;2;205;195;168m██[38;2;230;221;190m██[38;2;224;220;194m██[38;2;66;117;142m██[38;2;63;118;143m████[38;2;61;110;136m██[38;2;13;21;28m██
[38;2;49;49;46m  [38;2;191;188;171m██[38;2;250;245;236m██[38;2;186;172;149m██[38;2;206;194;165m██[38;2;72;103;119m██[38;2;119;150;160m██[38;2;248;235;199m██[38;2;252;239;201m████████████[38;2;227;215;183m██[38;2;97;98;99m██[38;2;166;161;145m██[38;2;205;195;168m██[38;2;211;204;179m██[38;2;65;115;145m██[38;2;63;117;143m██[38;2;63;118;143m██[38;2;61;112;137m██[38;2;59;97;123m██[38;2;15;28;35m██
[38;2;0;0;0m  [38;2;198;186;155m██[38;2;250;233;194m██[38;2;239;219;182m██[38;2;255;239;199m██[38;2;214;201;170m██[38;2;65;92;106m██[38;2;108;142;157m██[38;2;253;239;200m██[38;2;252;239;202m████████[38;2;249;236;199m██[38;2;87;85;81m██[38;2;238;240;241m██[38;2;145;145;145m██[38;2;161;163;168m██[38;2;112;126;134m██[38;2;63;118;143m████[38;2;58;94;120m██[38;2;60;105;130m██[38;2;59;97;123m██[38;2;15;28;35m██
[38;2;0;0;0m    [38;2;246;229;187m██[38;2;228;206;162m██[38;2;253;239;200m██[38;2;252;239;201m██[38;2;88;93;93m██[38;2;57;84;107m██[38;2;56;86;110m████[38;2;125;138;142m██[38;2;205;200;177m██[38;2;231;217;182m██[38;2;116;111;101m██[38;2;252;239;201m██[38;2;207;181;149m██[38;2;203;180;150m██[38;2;233;227;214m██[38;2;143;136;132m██[38;2;106;106;106m██[38;2;60;79;95m██[38;2;56;86;110m████[38;2;53;81;103m██[38;2;11;16;21m  
[38;2;0;0;0m    [38;2;89;73;50m██[38;2;166;129;60m██[38;2;201;173;130m██[38;2;226;210;174m██[38;2;157;148;124m██[38;2;57;84;106m██[38;2;56;86;110m██████[38;2;57;85;111m██[38;2;86;94;99m██[38;2;254;239;199m████[38;2;255;239;199m██[38;2;251;236;200m██[38;2;207;189;149m██[38;2;230;221;204m██[38;2;185;186;192m██[38;2;59;80;99m██[38;2;56;86;110m████[38;2;44;67;85m██[38;2;0;0;0m  
[38;2;0;0;0m      [38;2;92;65;33m  [38;2;135;107;54m██[38;2;207;184;143m██[38;2;128;121;102m██[38;2;43;63;79m██[38;2;42;64;82m██[38;2;56;84;108m██[38;2;56;86;109m██[38;2;61;86;109m██[38;2;158;151;133m██[38;2;254;238;198m██[38;2;185;152;103m██[38;2;155;115;55m██[38;2;181;150;99m██[38;2;215;199;157m██[38;2;201;181;144m██[38;2;63;70;79m██[38;2;58;82;102m██[38;2;54;82;104m██[38;2;42;64;82m██[38;2;0;0;0m    
[38;2;0;0;0m        [38;2;12;8;6m  [38;2;59;47;35m██[38;2;10;10;10m  [38;2;0;0;0m    [38;2;13;20;25m  [38;2;14;21;27m██[38;2;24;25;26m██[38;2;153;150;135m██[38;2;224;207;164m██[38;2;161;121;59m██[38;2;178;141;65m██[38;2;160;119;59m██[38;2;214;198;158m██[38;2;145;136;115m██[38;2;59;80;101m██[38;2;29;43;55m██[38;2;11;17;22m  [38;2;0;0;0m      
[38;2;0;0;0m                        [38;2;26;24;22m  [38;2;213;196;156m██[38;2;164;131;76m██[38;2;170;133;62m██[38;2;158;120;68m██[38;2;208;194;151m██[38;2;60;56;45m  [38;2;0;0;0m            
[38;2;0;0;0m                        [38;2;0;0;1m  [38;2;56;52;41m██[38;2;205;186;142m██[38;2;198;175;132m██[38;2;114;102;78m██[38;2;48;45;34m  [38;2;0;0;0m              [0m
