
[38;2;0;0;0m                      [38;2;0;4;0m████[38;2;0;0;0m                  
[38;2;0;0;0m                    [38;2;0;4;0m██[38;2;247;222;111m████[38;2;0;4;0m██[38;2;0;0;0m                
[38;2;0;0;0m                  [38;2;0;4;0m██[38;2;247;222;111m██████[38;2;0;4;0m██[38;2;0;0;0m                
[38;2;0;0;0m                [38;2;0;4;64m██[38;2;111;113;123m██[38;2;247;222;111m██████[38;2;0;4;0m██[38;2;0;0;0m                
[38;2;0;0;0m              [38;2;0;4;0m██[38;2;111;113;123m██[38;2;222;222;182m██[38;2;247;222;111m████[38;2;0;4;0m██[38;2;0;0;0m                  
[38;2;0;0;0m              [38;2;0;4;0m██[38;2;74;115;189m██[38;2;206;198;86m██[38;2;189;189;77m██[38;2;0;4;8m██[38;2;0;0;0m                    
[38;2;0;0;0m            [38;2;0;4;0m██[38;2;74;115;186m██[38;2;206;198;86m████[38;2;63;66;31m██[38;2;0;4;8m██[38;2;0;0;0m                    
[38;2;0;0;0m            [38;2;0;4;0m██[38;2;74;115;186m██[38;2;189;189;69m████████[38;2;0;4;0m██[38;2;0;0;0m                  
[38;2;0;0;0m          [38;2;66;66;66m██[38;2;74;115;186m████[38;2;66;66;66m██[38;2;189;189;69m████[38;2;66;66;66m██[38;2;0;4;0m██[38;2;0;0;0m                  
[38;2;0;0;0m      [38;2;0;4;0m████[38;2;156;206;252m██[38;2;66;66;66m████[38;2;156;206;252m██[38;2;66;66;66m██[38;2;66;65;66m██[38;2;0;4;0m██[38;2;0;0;0m      [38;2;0;4;0m████████[38;2;0;0;0m      
[38;2;0;0;0m    [38;2;0;4;0m██[38;2;156;206;252m██████████████[38;2;0;4;0m██[38;2;0;0;0m      [38;2;0;4;0m██[38;2;156;206;252m██[38;2;181;247;253m████[38;2;156;206;252m██[38;2;0;4;0m██[38;2;0;0;0m    
[38;2;0;0;0m  [38;2;0;4;0m██[38;2;156;206;252m████[38;2;156;210;252m██[38;2;181;247;253m██[38;2;156;210;252m████████[38;2;156;206;252m██[38;2;0;4;0m██[38;2;0;0;0m  [38;2;0;4;0m██[38;2;156;210;252m██[38;2;181;247;253m████[38;2;156;210;252m██[38;2;156;209;252m████[38;2;0;4;0m██[38;2;0;0;0m  
[38;2;0;0;0m  [38;2;0;4;0m██[38;2;111;181;223m██[38;2;156;206;252m██[38;2;156;210;252m██████[38;2;255;255;255m████[38;2;156;210;252m██[38;2;156;206;252m████[38;2;0;4;0m██[38;2;156;206;252m██[38;2;156;210;252m████████[38;2;156;209;252m████[38;2;0;4;0m██[38;2;0;0;0m  
[38;2;0;8;8m██[38;2;132;167;172m██[38;2;206;239;254m██[38;2;107;183;223m██[38;2;156;206;252m████[38;2;255;255;255m██[38;2;74;115;186m██[38;2;255;255;255m████[38;2;156;209;252m████[38;2;66;66;66m██[38;2;156;206;252m██████[38;2;66;66;66m████[38;2;156;206;252m██████[38;2;0;4;0m██
[38;2;0;8;8m██[38;2;198;247;254m██[38;2;206;239;254m████[38;2;111;181;223m████[38;2;74;115;186m██[38;2;255;255;255m██[38;2;74;115;186m██[38;2;255;255;255m██[38;2;156;209;252m████[38;2;156;206;252m██[38;2;66;66;66m██[38;2;156;206;252m██[38;2;66;66;66m██[38;2;74;111;186m██[38;2;71;96;146m██[38;2;66;66;66m██[38;2;156;206;252m████[38;2;0;4;0m██
[38;2;8;8;0m██[38;2;111;123;123m██[38;2;206;239;254m██[38;2;132;132;108m██[38;2;209;239;254m████[38;2;115;123;143m██[38;2;0;0;32m██[38;2;74;115;186m██[38;2;255;255;255m██[38;2;156;214;252m████[38;2;112;159;190m██[38;2;57;66;65m██[38;2;156;206;252m██[38;2;66;66;66m██[38;2;71;115;189m████[38;2;57;66;65m██[38;2;140;206;252m██[38;2;82;156;202m██[38;2;0;4;0m██
[38;2;8;8;0m██[38;2;214;239;246m██[38;2;206;239;254m████[38;2;209;239;254m████[38;2;231;247;255m██[38;2;115;123;143m██[38;2;255;255;255m██[38;2;74;115;186m██[38;2;66;119;186m██[38;2;96;151;208m██[38;2;57;66;65m██[38;2;140;206;252m██[38;2;156;206;252m████[38;2;66;66;66m██[38;2;71;115;189m██[38;2;57;66;65m██[38;2;112;159;190m██[38;2;82;156;202m██[38;2;0;4;0m██
[38;2;0;0;0m  [38;2;0;4;0m██[38;2;206;239;254m████[38;2;94;96;94m████[38;2;206;239;254m████[38;2;154;190;199m██[38;2;101;126;144m██[38;2;87;118;167m██[38;2;52;63;84m██[38;2;0;4;0m██[38;2;82;156;202m██[38;2;156;206;252m██[38;2;82;154;206m██[38;2;82;156;202m████[38;2;66;66;66m██[38;2;82;156;202m██[38;2;0;4;0m██[38;2;0;0;0m  
[38;2;0;0;0m    [38;2;0;4;0m████[38;2;165;189;189m████[38;2;90;99;90m██[38;2;167;192;199m██[38;2;154;190;199m██[38;2;49;61;89m██[38;2;52;63;84m██[38;2;16;8;0m██[38;2;0;0;0m  [38;2;0;4;0m██[38;2;82;154;206m████[38;2;82;156;202m██[38;2;66;66;66m██[38;2;82;156;202m████[38;2;0;4;0m██[38;2;0;0;0m  
[38;2;0;0;0m        [38;2;0;4;0m████[38;2;66;66;66m████[38;2;93;126;144m████[38;2;123;189;235m████[38;2;16;4;0m██[38;2;49;63;73m██[38;2;66;66;66m████[38;2;41;63;73m██[38;2;90;165;218m██[38;2;82;156;202m██[38;2;0;4;0m██[38;2;0;0;0m    
[38;2;0;0;0m          [38;2;66;65;66m██[38;2;140;189;204m██████[38;2;47;63;84m██[38;2;123;189;235m██[38;2;66;66;66m██[38;2;115;181;219m████[38;2;66;66;66m██[38;2;74;123;162m██[38;2;65;114;145m██[38;2;16;12;0m██[38;2;0;4;0m██[38;2;0;0;0m      
[38;2;0;0;0m        [38;2;0;4;0m██[38;2;82;156;202m██[38;2;46;60;67m████[38;2;206;239;254m████[38;2;66;66;66m██[38;2;156;206;252m██[38;2;66;66;66m██[38;2;107;181;219m████[38;2;66;66;66m██[38;2;0;4;0m██[38;2;0;0;0m          
[38;2;0;0;0m      [38;2;0;4;0m██[38;2;82;156;202m████[38;2;90;156;202m██[38;2;24;12;0m██[38;2;0;4;16m██[38;2;103;121;135m██[38;2;66;66;66m██[38;2;156;206;252m██[38;2;66;66;66m████[38;2;107;181;219m████[38;2;0;4;0m██[38;2;0;0;0m          
[38;2;0;0;0m        [38;2;0;4;0m██████[38;2;0;0;0m    [38;2;0;4;0m██[38;2;156;206;252m████[38;2;165;206;245m██[38;2;55;71;82m██[38;2;0;4;0m████[38;2;0;0;0m            
[38;2;0;0;0m                    [38;2;0;4;0m████████[38;2;0;0;0m                [0m
