
[38;2;0;0;0m        ████████████          
[38;2;0;0;0m    ██[38;2;0;33;0m██[38;2;119;144;127m██[38;2;107;184;118m████[38;2;99;189;123m██████[38;2;0;0;0m████      
[38;2;0;0;0m  ██[38;2;99;189;123m██[38;2;119;144;127m██[38;2;239;255;255m██[38;2;255;255;255m██[38;2;107;184;118m██[38;2;90;123;106m██[38;2;99;189;123m████████[38;2;0;0;0m██    
[38;2;0;0;0m  [38;2;8;0;8m██[38;2;107;189;131m██[38;2;115;189;107m██[38;2;255;255;247m██[38;2;255;255;255m██[38;2;189;239;165m██[38;2;148;207;127m██[38;2;82;127;98m██[38;2;98;118;88m██[38;2;247;247;167m██[38;2;99;189;123m████[38;2;0;0;0m██  
[38;2;0;0;0m██[38;2;107;189;131m██[38;2;74;126;90m██[38;2;185;222;177m████[38;2;189;239;165m████[38;2;148;207;127m██[38;2;181;247;141m██[38;2;173;182;127m██[38;2;247;247;167m██[38;2;214;214;110m██[38;2;99;189;123m██[38;2;0;0;0m██  
[38;2;0;0;0m██[38;2;99;189;123m██[38;2;90;123;106m██[38;2;189;239;165m██[38;2;63;80;60m██[38;2;189;239;165m████████[38;2;192;170;88m██[38;2;195;209;123m██[38;2;214;214;102m██[38;2;126;159;110m██[38;2;99;189;123m██[38;2;0;0;0m██
[38;2;0;0;0m██[38;2;99;189;123m██[38;2;90;123;106m██[38;2;189;239;165m██[38;2;0;0;8m██[38;2;189;239;165m████████[38;2;198;247;158m██[38;2;192;170;88m██[38;2;170;187;106m██[38;2;82;132;114m██[38;2;99;189;123m██[38;2;0;0;0m██
[38;2;0;0;0m██[38;2;99;190;123m██[38;2;99;148;115m██[38;2;189;239;165m██████[38;2;255;148;143m██[38;2;189;239;165m████[38;2;63;80;60m██[38;2;189;239;165m██[38;2;140;214;108m██[38;2;90;123;106m██[38;2;99;189;123m██[38;2;0;0;0m██
[38;2;0;0;0m██[38;2;99;190;123m██[38;2;99;148;115m██[38;2;139;214;107m██[38;2;189;239;165m████[38;2;255;148;143m████[38;2;189;239;165m██[38;2;0;0;8m██[38;2;189;239;165m██[38;2;140;214;108m██[38;2;107;153;107m██[38;2;99;189;123m██[38;2;0;0;0m██
[38;2;0;0;0m  ██[38;2;99;189;123m██[38;2;99;148;115m██[38;2;132;219;110m██[38;2;111;173;111m██[38;2;214;115;118m██[38;2;140;214;108m██[38;2;189;239;165m████[38;2;140;214;108m██[38;2;132;219;110m██[38;2;99;148;115m██[38;2;99;189;123m██[38;2;0;0;0m██
[38;2;0;0;0m  ██[38;2;99;189;123m██[38;2;115;184;113m██[38;2;99;148;115m██[38;2;111;173;111m████[38;2;140;214;108m████████[38;2;99;148;115m██[38;2;115;184;113m██[38;2;0;0;0m██  
[38;2;0;0;0m    ██[38;2;99;189;123m████[38;2;99;192;123m████[38;2;99;148;115m████████[38;2;99;189;123m████[38;2;0;0;0m██  
[38;2;0;0;0m      ████[38;2;99;192;123m████[38;2;99;190;123m████████[38;2;0;0;0m████    
[38;2;0;0;0m          ████████████        [0m
