
[38;2;0;0;0m                    [38;2;49;49;49m██████[38;2;0;0;0m          
[38;2;0;0;0m        [38;2;49;49;49m████[38;2;0;0;0m    [38;2;49;49;49m████[38;2;90;106;139m██████[38;2;49;49;49m████[38;2;0;0;0m      
[38;2;0;0;0m    [38;2;49;49;49m██████[38;2;255;255;255m██[38;2;49;49;49m████[38;2;90;106;139m████[38;2;148;246;74m██████[38;2;90;106;139m████[38;2;49;49;49m██[38;2;0;0;0m    
[38;2;0;0;0m  [38;2;49;49;49m██[38;2;205;139;24m██[38;2;49;49;49m████[38;2;255;255;255m██[38;2;189;189;189m██[38;2;82;82;82m██[38;2;148;246;74m██████████████[38;2;90;106;139m██[38;2;49;49;49m██[38;2;0;0;0m  
[38;2;49;49;49m██[38;2;90;106;139m██[38;2;49;49;49m██[38;2;255;255;255m██[38;2;82;82;82m██[38;2;189;189;189m██[38;2;255;255;255m██[38;2;82;156;41m████[38;2;148;246;74m██████[38;2;90;106;139m████[38;2;148;246;74m██[38;2;98;197;82m██[38;2;49;49;49m██[38;2;0;0;0m  
[38;2;49;49;49m██[38;2;205;139;24m██[38;2;49;49;49m██[38;2;82;82;82m██[38;2;82;156;41m██[38;2;82;82;82m████[38;2;148;246;74m████[38;2;82;82;82m██[38;2;148;246;74m████[38;2;90;106;139m████[38;2;148;246;74m██[38;2;82;82;82m██[38;2;49;49;49m██[38;2;0;0;0m  
[38;2;0;0;0m  [38;2;49;49;49m██[38;2;82;82;82m██[38;2;49;49;49m██[38;2;148;246;74m██████████[38;2;98;197;82m██[38;2;82;82;82m██[38;2;148;246;74m██[38;2;98;197;82m████[38;2;82;82;82m██[38;2;205;139;24m██[38;2;90;106;139m██[38;2;49;49;49m██
[38;2;49;49;49m██[38;2;230;74;41m████[38;2;148;246;74m████████[38;2;49;49;49m████[38;2;148;246;74m██[38;2;82;82;82m████[38;2;98;197;82m██[38;2;82;82;82m████[38;2;90;106;139m████[38;2;49;49;49m██
[38;2;49;49;49m██[38;2;230;74;41m██[38;2;49;49;49m██[38;2;148;246;74m██████[38;2;49;49;49m██[38;2;255;255;255m██[38;2;82;82;82m██[38;2;49;49;49m██[38;2;82;156;41m██[38;2;82;82;82m████[38;2;255;197;41m██[38;2;90;106;139m██[38;2;82;82;82m██[38;2;205;139;24m██[38;2;49;49;49m██
[38;2;0;0;0m  [38;2;49;49;49m████[38;2;82;156;41m██[38;2;148;246;74m██[38;2;98;197;82m██[38;2;49;49;49m██[38;2;82;82;82m████[38;2;49;49;49m██[38;2;82;156;41m██[38;2;255;197;41m██[38;2;205;139;24m██[38;2;49;49;49m██[38;2;90;106;139m██[38;2;205;139;24m██[38;2;49;49;49m████
[38;2;0;0;0m      [38;2;49;49;49m████[38;2;82;82;82m██[38;2;230;74;41m██[38;2;49;49;49m████[38;2;82;156;41m██[38;2;49;49;49m██[38;2;255;197;41m██[38;2;90;106;139m██[38;2;49;49;49m████[38;2;255;197;41m██[38;2;49;49;49m██[38;2;0;0;0m  
[38;2;0;0;0m        [38;2;49;49;49m██[38;2;230;74;41m████[38;2;180;41;16m██[38;2;49;49;49m████[38;2;0;0;0m  [38;2;49;49;49m██[38;2;90;106;139m██[38;2;49;49;49m██[38;2;0;0;0m  [38;2;49;49;49m████[38;2;0;0;0m  
[38;2;0;0;0m          [38;2;49;49;49m██████[38;2;0;0;0m      [38;2;49;49;49m██[38;2;255;197;41m██[38;2;49;49;49m██[38;2;0;0;0m        
[38;2;0;0;0m                      [38;2;49;49;49m████[38;2;0;0;0m          [0m
