
[38;2;0;0;0m                [38;2;49;49;49m████[38;2;0;0;0m      [38;2;49;49;49m████[38;2;0;0;0m            
[38;2;0;0;0m              [38;2;49;49;49m██[38;2;197;139;197m████[38;2;49;49;49m██████[38;2;197;139;197m████[38;2;49;49;49m████[38;2;0;0;0m        
[38;2;0;0;0m            [38;2;49;49;49m██[38;2;197;139;197m████████████████████[38;2;49;49;49m██[38;2;0;0;0m      
[38;2;0;0;0m    [38;2;49;49;49m██[38;2;0;0;0m    [38;2;49;49;49m██[38;2;197;139;197m██████[38;2;156;172;156m██[38;2;106;205;115m██[38;2;156;172;156m██[38;2;197;139;197m██[38;2;148;115;164m██[38;2;82;82;82m██[38;2;49;49;49m████[38;2;0;0;0m        
[38;2;0;0;0m  [38;2;49;49;49m██[38;2;197;139;197m██[38;2;49;49;49m████[38;2;197;139;197m████████[38;2;106;205;115m██[38;2;246;246;41m██[38;2;106;205;115m██[38;2;197;139;197m██████[38;2;49;49;49m██[38;2;0;0;0m          
[38;2;0;0;0m  [38;2;49;49;49m██[38;2;197;139;197m██[38;2;148;115;164m██[38;2;197;139;197m██████[38;2;148;115;164m██[38;2;197;139;197m██[38;2;156;172;156m██[38;2;106;205;115m██[38;2;156;172;156m██[38;2;197;139;197m████████[38;2;49;49;49m████[38;2;0;0;0m      
[38;2;49;49;49m██[38;2;197;139;197m██[38;2;156;172;156m██[38;2;106;205;115m██[38;2;156;172;156m██[38;2;197;139;197m████[38;2;82;82;82m██[38;2;197;139;197m████████████████████[38;2;49;49;49m██[38;2;0;0;0m    
[38;2;49;49;49m██[38;2;197;139;197m██[38;2;106;205;115m██[38;2;246;246;41m██[38;2;106;205;115m██[38;2;197;139;197m██[38;2;82;82;82m██[38;2;106;205;115m██[38;2;197;139;197m████████[38;2;148;115;164m██[38;2;82;82;82m██[38;2;197;139;197m██████████[38;2;49;49;49m██[38;2;0;0;0m  
[38;2;49;49;49m██[38;2;197;139;197m██[38;2;156;172;156m██[38;2;106;205;115m██[38;2;156;172;156m██[38;2;197;139;197m██[38;2;82;82;82m██[38;2;156;222;115m██[38;2;197;139;197m████[38;2;82;82;82m████[38;2;106;205;115m██[38;2;82;82;82m██[38;2;197;139;197m██[38;2;156;172;156m██[38;2;106;205;115m██[38;2;156;172;156m██[38;2;197;139;197m██[38;2;49;49;49m██[38;2;0;0;0m  
[38;2;0;0;0m  [38;2;49;49;49m██[38;2;197;139;197m████[38;2;148;115;164m██[38;2;197;139;197m████[38;2;82;82;82m██[38;2;197;139;197m██[38;2;82;82;82m██[38;2;156;222;115m██[38;2;106;205;115m██[38;2;82;82;82m██[38;2;197;139;197m████[38;2;106;205;115m██[38;2;246;246;41m██[38;2;106;205;115m██[38;2;197;139;197m██[38;2;49;49;49m██[38;2;0;0;0m  
[38;2;0;0;0m    [38;2;49;49;49m██[38;2;197;139;197m██[38;2;82;82;82m██[38;2;197;139;197m██[38;2;82;82;82m██[38;2;197;139;197m██[38;2;82;82;82m████████[38;2;197;139;197m██████[38;2;156;172;156m██[38;2;106;205;115m██[38;2;156;172;156m██[38;2;197;139;197m████[38;2;49;49;49m██
[38;2;0;0;0m  [38;2;49;49;49m████[38;2;197;139;197m██[38;2;82;82;82m████[38;2;156;222;115m██[38;2;82;82;82m██[38;2;148;115;164m██[38;2;197;139;197m██[38;2;148;115;164m██[38;2;197;139;197m████[38;2;148;115;164m██[38;2;197;139;197m██████[38;2;148;115;164m██[38;2;49;49;49m██[38;2;197;139;197m██[38;2;49;49;49m██
[38;2;0;0;0m  [38;2;49;49;49m██[38;2;197;139;197m████████[38;2;82;82;82m██[38;2;156;222;115m████[38;2;148;115;164m██[38;2;106;205;115m██[38;2;148;115;164m██[38;2;82;82;82m██[38;2;197;139;197m████████[38;2;49;49;49m██[38;2;0;0;0m  [38;2;49;49;49m████
[38;2;0;0;0m    [38;2;49;49;49m██[38;2;148;115;164m██[38;2;156;172;156m██[38;2;106;205;115m██[38;2;82;82;82m██████[38;2;106;205;115m██[38;2;82;82;82m████[38;2;156;172;156m██[38;2;106;205;115m██[38;2;156;172;156m██[38;2;197;139;197m████[38;2;49;49;49m██[38;2;0;0;0m      
[38;2;0;0;0m      [38;2;49;49;49m██[38;2;106;205;115m██[38;2;246;246;41m██[38;2;106;205;115m██[38;2;197;139;197m██[38;2;148;115;164m██[38;2;82;82;82m██[38;2;148;115;164m████[38;2;106;205;115m██[38;2;246;246;41m██[38;2;106;205;115m██[38;2;197;139;197m██[38;2;82;82;82m██[38;2;0;0;0m        
[38;2;0;0;0m        [38;2;49;49;49m████[38;2;156;172;156m██[38;2;148;115;164m██████████[38;2;156;172;156m██[38;2;106;205;115m██[38;2;82;82;82m████[38;2;49;49;49m██[38;2;0;0;0m        
[38;2;0;0;0m            [38;2;49;49;49m██[38;2;82;82;82m████[38;2;148;115;164m██████[38;2;82;82;82m████[38;2;189;164;106m██[38;2;49;49;49m██[38;2;0;0;0m          
[38;2;0;0;0m          [38;2;49;49;49m██[38;2;148;115;164m██████████[38;2;82;82;82m██[38;2;189;164;106m██████[38;2;49;49;49m██[38;2;0;0;0m          
[38;2;0;0;0m            [38;2;49;49;49m████████[38;2;82;82;82m██[38;2;131;131;115m██████[38;2;49;49;49m██[38;2;0;0;0m            
[38;2;0;0;0m                    [38;2;49;49;49m████████[38;2;0;0;0m              [0m
