
[38;2;0;0;0m              ████                  
[38;2;0;0;0m            ██[38;2;173;214;117m████[38;2;0;0;0m██                
[38;2;0;0;0m            ██[38;2;173;214;117m██████[38;2;0;0;0m██              
[38;2;0;0;0m              ██[38;2;173;214;117m████[38;2;0;0;0m██              
[38;2;0;0;0m      ██████  ██[38;2;173;214;117m██[38;2;107;166;67m██[38;2;0;0;0m██              
[38;2;0;0;0m    ██[38;2;198;231;78m██[38;2;255;247;7m████[38;2;0;0;8m████[38;2;107;165;67m██[38;2;0;0;0m██  ██████        
[38;2;0;0;0m  ██[38;2;198;231;78m████[38;2;173;214;117m████[38;2;110;159;81m██[38;2;55;80;44m██[38;2;107;165;67m██[38;2;0;0;0m████[38;2;173;214;117m██████[38;2;0;0;0m██      
[38;2;0;0;0m██[38;2;173;214;117m██[38;2;165;222;109m██[38;2;66;70;58m██[38;2;66;66;66m████[38;2;173;217;117m████[38;2;187;193;157m██[38;2;66;70;58m██[38;2;173;214;117m████[38;2;173;217;117m████[38;2;173;214;117m██[38;2;0;0;0m██    
[38;2;0;0;0m██[38;2;173;214;117m██[38;2;66;70;58m██[38;2;115;146;83m██[38;2;66;66;66m██[38;2;173;214;117m██[38;2;173;217;117m████[38;2;66;70;58m██[38;2;247;255;207m██[38;2;66;66;66m██[38;2;173;214;117m██[38;2;173;217;117m████[38;2;173;214;117m████[38;2;0;0;0m██  
[38;2;0;0;0m██[38;2;66;66;66m██[38;2;107;165;75m██[38;2;57;82;41m██[38;2;145;91;116m██[38;2;90;33;58m██[38;2;66;66;66m████[38;2;209;178;196m████[38;2;255;231;239m██[38;2;90;49;66m██[38;2;173;214;117m████[38;2;173;217;117m████[38;2;0;0;0m██  
[38;2;0;0;0m██[38;2;66;66;66m██[38;2;107;165;75m██[38;2;8;0;8m██[38;2;200;148;173m██[38;2;255;206;231m██[38;2;255;239;239m████[38;2;165;57;109m██[38;2;231;239;239m██[38;2;172;140;152m██[38;2;255;231;239m██[38;2;66;66;66m██[38;2;173;214;117m██[38;2;173;217;117m████[38;2;107;165;67m██[38;2;0;0;0m██
[38;2;0;0;0m  ████  ██[38;2;255;239;239m████[38;2;173;57;109m██[38;2;203;107;158m██[38;2;247;239;239m██[38;2;173;166;167m██[38;2;255;247;247m██[38;2;0;0;0m██[38;2;173;214;117m██████[38;2;107;165;67m██[38;2;0;0;0m██
[38;2;0;0;0m          ██[38;2;255;239;239m████[38;2;247;239;239m██[38;2;225;173;198m██[38;2;255;247;247m██[38;2;8;4;8m██[38;2;0;0;0m  ██[38;2;173;214;117m██[38;2;107;166;67m██[38;2;107;165;67m██[38;2;0;0;0m██
[38;2;0;0;0m      ██[38;2;0;4;0m██[38;2;189;173;197m██[38;2;77;56;64m██[38;2;154;80;111m██[38;2;101;80;85m██[38;2;24;0;8m██[38;2;0;0;0m██    ██[38;2;107;165;67m██████[38;2;0;0;0m██
[38;2;0;0;0m    ██[38;2;189;173;197m████[38;2;63;60;66m██[38;2;231;103;159m████[38;2;101;80;85m██[38;2;255;239;239m██[38;2;0;0;0m██      ██[38;2;107;165;67m██[38;2;0;0;0m██  
[38;2;0;0;0m      ██[38;2;82;37;58m██[38;2;140;102;121m██[38;2;222;107;158m████[38;2;200;148;173m██[38;2;90;33;58m██[38;2;255;239;239m██[38;2;0;0;0m████    [38;2;107;165;67m██[38;2;0;0;0m██  
[38;2;0;0;0m      ██[38;2;255;231;247m██[38;2;197;166;184m██[38;2;173;57;109m████[38;2;145;91;116m██[38;2;255;206;231m██[38;2;85;80;80m██[38;2;255;239;239m████[38;2;0;0;0m██  ██    
[38;2;0;0;0m      ██[38;2;255;231;247m██[38;2;173;154;167m██[38;2;255;239;239m████[38;2;225;173;198m██[38;2;247;239;239m██[38;2;255;247;255m██[38;2;85;82;85m██[38;2;0;0;0m██          
[38;2;0;0;0m        [38;2;8;0;8m██[38;2;173;154;167m██[38;2;255;239;239m████[38;2;203;107;158m██[38;2;247;239;239m██[38;2;170;165;170m██[38;2;0;0;0m██            
[38;2;0;0;0m          ██[38;2;85;38;61m██[38;2;170;64;114m██[38;2;154;75;109m██[38;2;77;44;58m██[38;2;0;0;0m██              
[38;2;0;0;0m            [38;2;0;12;8m██[38;2;170;64;114m██[38;2;231;107;159m██[38;2;0;12;8m██[38;2;0;0;0m                
[38;2;0;0;0m            ██[38;2;66;66;66m██[38;2;222;107;158m██[38;2;0;0;0m██                
[38;2;0;0;0m              ████                  [0m
