
[38;2;0;0;0m                    [38;2;49;49;49m████████[38;2;0;0;0m          [38;2;49;49;49m██████[38;2;0;0;0m              
[38;2;0;0;0m                  [38;2;49;49;49m██[38;2;123;213;205m████[38;2;82;172;172m██[38;2;49;49;49m██████[38;2;0;0;0m    [38;2;49;49;49m██[38;2;180;115;213m████[38;2;156;90;172m██[38;2;49;49;49m██[38;2;0;0;0m            
[38;2;0;0;0m                [38;2;49;49;49m██[38;2;123;213;205m██[38;2;41;106;106m██[38;2;123;213;205m██[38;2;82;172;172m██[38;2;49;49;49m██[38;2;180;115;213m██[38;2;156;90;172m██[38;2;49;49;49m████[38;2;180;115;213m██[38;2;106;65;148m████[38;2;156;90;172m██[38;2;49;49;49m██[38;2;0;0;0m            
[38;2;0;0;0m              [38;2;49;49;49m██[38;2;123;213;205m██[38;2;57;148;148m██[38;2;41;106;106m██[38;2;123;213;205m██[38;2;82;172;172m██[38;2;82;82;82m██[38;2;156;90;172m██[38;2;180;115;213m██[38;2;82;82;82m██[38;2;156;90;172m██[38;2;106;65;148m██[38;2;180;115;213m████[38;2;106;65;148m██[38;2;156;90;172m██[38;2;49;49;49m██[38;2;0;0;0m      [38;2;49;49;49m████
[38;2;0;0;0m            [38;2;49;49;49m██[38;2;82;172;172m██[38;2;57;148;148m██[38;2;41;106;106m██[38;2;123;213;205m████[38;2;82;172;172m██[38;2;82;82;82m██[38;2;106;65;148m██[38;2;156;90;172m████[38;2;106;65;148m██[38;2;180;115;213m██[38;2;156;90;172m██████[38;2;106;65;148m████[38;2;49;49;49m██████[38;2;156;90;172m██[38;2;49;49;49m██
[38;2;0;0;0m          [38;2;49;49;49m██[38;2;82;172;172m██[38;2;57;148;148m██[38;2;41;106;106m████[38;2;197;213;222m██[38;2;82;172;172m██[38;2;82;82;82m██[38;2;156;90;172m████[38;2;106;65;148m████[38;2;156;90;172m██████[38;2;106;65;148m████[38;2;156;90;172m████[38;2;106;65;148m████[38;2;156;90;172m██[38;2;106;65;148m██[38;2;49;49;49m██
[38;2;0;0;0m      [38;2;49;49;49m██████[38;2;82;172;172m██[38;2;41;106;106m████[38;2;197;213;222m██[38;2;82;172;172m██[38;2;57;148;148m██[38;2;82;82;82m██[38;2;156;90;172m██████████[38;2;106;65;148m████[38;2;180;115;213m████[38;2;106;65;148m████[38;2;156;90;172m████[38;2;106;65;148m██[38;2;49;49;49m██[38;2;0;0;0m  
[38;2;0;0;0m      [38;2;49;49;49m██[38;2;123;213;205m██[38;2;82;82;82m██[38;2;82;172;172m██[38;2;41;106;106m██[38;2;123;213;205m██[38;2;82;172;172m██[38;2;57;148;148m██[38;2;82;82;82m██[38;2;156;90;172m██[38;2;106;65;148m████[38;2;156;90;172m████[38;2;106;65;148m██[38;2;156;90;172m██[38;2;180;115;213m██[38;2;156;90;172m████████[38;2;106;65;148m████[38;2;156;90;172m██[38;2;49;49;49m██[38;2;0;0;0m  
[38;2;0;0;0m      [38;2;49;49;49m██[38;2;82;172;172m██[38;2;82;82;82m██[38;2;41;106;106m██[38;2;82;172;172m████[38;2;57;148;148m██[38;2;82;82;82m████[38;2;106;65;148m██[38;2;156;90;172m████[38;2;106;65;148m████[38;2;156;90;172m██[38;2;82;82;82m████[38;2;156;90;172m████[38;2;82;82;82m████[38;2;156;90;172m████[38;2;49;49;49m██[38;2;0;0;0m    
[38;2;0;0;0m        [38;2;49;49;49m██[38;2;41;106;106m██[38;2;82;172;172m████[38;2;57;148;148m██[38;2;82;172;172m██[38;2;123;213;205m████[38;2;82;82;82m██[38;2;156;90;172m████████[38;2;82;82;82m██[38;2;139;205;255m██[38;2;90;156;205m██[38;2;82;82;82m████[38;2;197;213;222m████[38;2;49;49;49m████[38;2;0;0;0m      
[38;2;0;0;0m    [38;2;49;49;49m██████[38;2;82;172;172m████[38;2;57;148;148m██[38;2;255;255;255m██[38;2;41;106;106m██[38;2;82;82;82m████[38;2;106;65;148m██[38;2;156;90;172m████[38;2;106;65;148m██[38;2;82;82;82m██[38;2;197;213;222m██[38;2;139;205;255m████[38;2;90;156;205m██[38;2;82;82;82m████[38;2;255;255;255m██[38;2;49;49;49m██[38;2;0;0;0m        
[38;2;0;0;0m  [38;2;49;49;49m██[38;2;197;213;222m████[38;2;82;82;82m██[38;2;57;148;148m██[38;2;41;106;106m██[38;2;222;74;82m██[38;2;255;255;255m██[38;2;90;156;205m██[38;2;139;205;255m████[38;2;90;156;205m██[38;2;82;82;82m██████[38;2;197;213;222m████[38;2;139;205;255m████[38;2;90;156;205m██[38;2;255;255;255m████[38;2;49;49;49m██[38;2;0;0;0m          
[38;2;49;49;49m██[38;2;197;213;222m██[38;2;148;189;189m██[38;2;82;82;82m██[38;2;148;189;189m██[38;2;255;255;255m████[38;2;197;213;222m██[38;2;90;156;205m██[38;2;139;205;255m████[38;2;255;255;255m██[38;2;139;205;255m██[38;2;90;156;205m██████[38;2;197;213;222m██[38;2;139;205;255m████[38;2;90;156;205m██[38;2;255;255;255m██[38;2;82;82;82m██[38;2;49;49;49m██[38;2;0;0;0m            
[38;2;49;49;49m██[38;2;197;213;222m██[38;2;49;49;49m████[38;2;255;255;255m████████[38;2;148;189;189m██[38;2;139;205;255m██████[38;2;90;156;205m██[38;2;255;255;255m██████[38;2;90;156;205m██[38;2;139;205;255m██[38;2;90;156;205m██[38;2;255;255;255m██[38;2;82;82;82m██[38;2;90;156;205m████[38;2;49;49;49m██[38;2;0;0;0m          
[38;2;49;49;49m██[38;2;197;213;222m██[38;2;49;49;49m██[38;2;0;0;0m  [38;2;49;49;49m████[38;2;255;255;255m██[38;2;82;82;82m████[38;2;197;213;222m██[38;2;139;205;255m██[38;2;90;156;205m██[38;2;255;255;255m██[38;2;197;213;222m██[38;2;82;82;82m████[38;2;255;255;255m██[38;2;90;156;205m████[38;2;197;213;222m██[38;2;82;82;82m██[38;2;197;213;222m██[38;2;90;156;205m██[38;2;49;49;49m██[38;2;0;0;0m          
[38;2;0;0;0m  [38;2;49;49;49m██[38;2;0;0;0m        [38;2;49;49;49m██[38;2;82;82;82m██[38;2;90;156;205m██[38;2;82;82;82m██[38;2;90;156;205m██[38;2;255;255;255m██[38;2;197;213;222m██[38;2;82;82;82m██[38;2;139;205;255m██[38;2;90;156;205m██[38;2;82;82;82m██[38;2;197;213;222m████[38;2;49;49;49m████[38;2;90;156;205m██████[38;2;49;49;49m██[38;2;0;0;0m        
[38;2;0;0;0m            [38;2;49;49;49m██[38;2;139;205;255m██[38;2;197;213;222m██[38;2;148;189;189m██[38;2;82;82;82m██[38;2;255;255;255m██[38;2;82;82;82m██[38;2;90;156;205m██[38;2;139;205;255m████[38;2;90;156;205m██[38;2;49;49;49m████[38;2;0;0;0m    [38;2;49;49;49m████[38;2;90;156;205m████[38;2;49;49;49m██[38;2;0;0;0m      
[38;2;0;0;0m          [38;2;49;49;49m██[38;2;139;205;255m████[38;2;197;213;222m██[38;2;49;49;49m████[38;2;255;255;255m██[38;2;82;82;82m██[38;2;90;156;205m██[38;2;197;213;222m██[38;2;139;205;255m██[38;2;49;49;49m██[38;2;0;0;0m            [38;2;49;49;49m██[38;2;90;156;205m██[38;2;49;49;49m██[38;2;0;0;0m      
[38;2;0;0;0m          [38;2;49;49;49m██[38;2;139;205;255m██[38;2;90;156;205m██[38;2;49;49;49m██[38;2;0;0;0m    [38;2;49;49;49m██[38;2;90;156;205m██[38;2;139;205;255m██[38;2;197;213;222m██[38;2;90;156;205m██[38;2;49;49;49m██[38;2;0;0;0m          [38;2;49;49;49m██[38;2;139;205;255m████[38;2;49;49;49m██[38;2;0;0;0m      
[38;2;0;0;0m        [38;2;49;49;49m██[38;2;139;205;255m██[38;2;90;156;205m██[38;2;49;49;49m██[38;2;0;0;0m        [38;2;49;49;49m██[38;2;139;205;255m████[38;2;49;49;49m██[38;2;0;0;0m            [38;2;49;49;49m██████[38;2;0;0;0m        
[38;2;0;0;0m      [38;2;49;49;49m██[38;2;139;205;255m██[38;2;90;156;205m██[38;2;49;49;49m██[38;2;0;0;0m          [38;2;49;49;49m██[38;2;197;213;222m██[38;2;139;205;255m██[38;2;49;49;49m██[38;2;0;0;0m                          
[38;2;0;0;0m      [38;2;49;49;49m██████[38;2;0;0;0m            [38;2;49;49;49m██[38;2;139;205;255m██[38;2;90;156;205m██[38;2;49;49;49m██[38;2;0;0;0m                          
[38;2;0;0;0m                        [38;2;49;49;49m██[38;2;139;205;255m██[38;2;49;49;49m██[38;2;0;0;0m                            
[38;2;0;0;0m                      [38;2;49;49;49m██[38;2;139;205;255m██[38;2;90;156;205m██[38;2;49;49;49m██[38;2;0;0;0m                            
[38;2;0;0;0m                      [38;2;49;49;49m██████[38;2;0;0;0m                              [0m
