
[38;2;0;0;0m    [38;2;49;49;49m██████[38;2;0;0;0m                
[38;2;0;0;0m  [38;2;49;49;49m██[38;2;139;238;115m██████[38;2;49;49;49m██[38;2;0;0;0m              
[38;2;49;49;49m██[38;2;139;238;115m██[38;2;57;156;57m██████[38;2;98;197;82m██[38;2;49;49;49m██[38;2;0;0;0m  [38;2;49;49;49m██████[38;2;0;0;0m    
[38;2;49;49;49m██[38;2;82;82;82m██[38;2;139;238;115m████[38;2;98;197;82m██[38;2;57;156;57m██[38;2;32;82;32m██[38;2;49;49;49m██[38;2;139;238;115m████[38;2;98;197;82m██[38;2;49;49;49m██[38;2;0;0;0m  
[38;2;0;0;0m  [38;2;49;49;49m████[38;2;98;197;82m████[38;2;82;82;82m██[38;2;32;82;32m██[38;2;57;156;57m██████[38;2;139;238;115m██[38;2;98;197;82m██[38;2;49;49;49m██
[38;2;0;0;0m      [38;2;49;49;49m██[38;2;82;82;82m██[38;2;189;156;49m██[38;2;57;156;57m██[38;2;98;197;82m██[38;2;139;238;115m████[38;2;57;156;57m██[38;2;139;238;115m██[38;2;49;49;49m██
[38;2;0;0;0m    [38;2;49;49;49m██[38;2;246;230;41m██[38;2;82;82;82m████[38;2;189;156;49m██[38;2;82;82;82m████[38;2;98;197;82m████[38;2;49;49;49m████
[38;2;0;0;0m    [38;2;49;49;49m██[38;2;246;230;41m██[38;2;189;156;49m██[38;2;246;230;41m██[38;2;82;82;82m████[38;2;246;230;41m██[38;2;82;82;82m██[38;2;49;49;49m██[38;2;0;0;0m    
[38;2;0;0;0m  [38;2;49;49;49m██[38;2;189;156;49m██[38;2;222;197;41m██[38;2;246;230;41m████[38;2;189;156;49m██[38;2;222;197;41m██[38;2;246;230;41m██[38;2;82;82;82m██[38;2;246;230;41m██[38;2;49;49;49m██[38;2;0;0;0m  
[38;2;0;0;0m  [38;2;49;49;49m██[38;2;115;90;32m██[38;2;246;230;41m████████████[38;2;189;156;49m██[38;2;246;230;41m██[38;2;49;49;49m██[38;2;0;0;0m  
[38;2;49;49;49m██[38;2;255;255;255m██[38;2;49;49;49m██[38;2;246;230;41m████[38;2;115;90;32m██[38;2;246;230;41m██[38;2;115;90;32m██[38;2;246;230;41m██[38;2;222;197;41m██[38;2;49;49;49m██[38;2;0;0;0m    
[38;2;49;49;49m██[38;2;82;82;82m██[38;2;49;49;49m██[38;2;246;230;41m████[38;2;115;90;32m██[38;2;49;49;49m████[38;2;115;90;32m██[38;2;246;230;41m██[38;2;222;197;41m██[38;2;49;49;49m██[38;2;0;0;0m  
[38;2;49;49;49m██[38;2;98;74;16m██[38;2;246;230;41m██████[38;2;49;49;49m██[38;2;255;255;255m██[38;2;49;49;49m████[38;2;246;230;41m██[38;2;222;197;41m██[38;2;49;49;49m██[38;2;0;0;0m  
[38;2;0;0;0m  [38;2;49;49;49m██[38;2;189;156;49m████[38;2;246;230;41m██[38;2;49;49;49m██[38;2;82;82;82m██[38;2;115;115;115m██[38;2;49;49;49m██[38;2;246;230;41m██[38;2;222;197;41m██[38;2;49;49;49m██[38;2;0;0;0m  
[38;2;0;0;0m  [38;2;49;49;49m██[38;2;222;197;41m██[38;2;115;90;32m██[38;2;189;156;49m████[38;2;49;49;49m████[38;2;246;230;41m██[38;2;189;156;49m██[38;2;115;90;32m██[38;2;49;49;49m██[38;2;0;0;0m  
[38;2;0;0;0m    [38;2;49;49;49m██[38;2;115;90;32m██[38;2;222;197;41m████[38;2;115;90;32m████[38;2;189;156;49m██[38;2;115;90;32m██[38;2;49;49;49m██[38;2;0;0;0m    
[38;2;0;0;0m      [38;2;49;49;49m████[38;2;189;156;49m████[38;2;115;90;32m██[38;2;49;49;49m████[38;2;0;0;0m      
[38;2;0;0;0m          [38;2;49;49;49m██████[38;2;0;0;0m          [0m
