
[38;2;0;0;0m                        [38;2;49;49;49m████[38;2;0;0;0m                  
[38;2;0;0;0m                      [38;2;49;49;49m██[38;2;255;222;98m██[38;2;49;49;49m██[38;2;0;0;0m                  
[38;2;0;0;0m                    [38;2;49;49;49m██[38;2;255;222;98m██[38;2;49;49;49m██[38;2;0;0;0m                    
[38;2;0;0;0m                    [38;2;49;49;49m██[38;2;255;222;98m██[38;2;49;49;49m██[38;2;0;0;0m                    
[38;2;0;0;0m                [38;2;49;49;49m████[38;2;255;222;98m██[38;2;82;82;82m██[38;2;49;49;49m██[38;2;0;0;0m                    
[38;2;0;0;0m            [38;2;49;49;49m████[38;2;213;164;74m██[38;2;255;222;98m██████[38;2;213;164;74m██[38;2;49;49;49m████[38;2;0;0;0m                
[38;2;0;0;0m          [38;2;49;49;49m██[38;2;74;98;139m██[38;2;213;164;74m██[38;2;255;222;98m████[38;2;213;164;74m██[38;2;255;222;98m████[38;2;213;164;74m██[38;2;74;98;139m██[38;2;49;49;49m██[38;2;0;0;0m              
[38;2;0;0;0m          [38;2;49;49;49m██[38;2;98;164;222m██[38;2;156;205;246m██[38;2;213;164;74m██████████[38;2;156;205;246m██[38;2;98;164;222m██[38;2;49;49;49m██[38;2;0;0;0m              
[38;2;0;0;0m        [38;2;49;49;49m██[38;2;255;255;255m██[38;2;156;205;246m██████████████████[38;2;98;164;222m██[38;2;49;49;49m██[38;2;0;0;0m            
[38;2;0;0;0m        [38;2;49;49;49m████[38;2;156;205;246m████████[38;2;255;255;255m██[38;2;49;49;49m██[38;2;156;205;246m██████[38;2;98;164;222m██[38;2;49;49;49m████[38;2;0;0;0m          
[38;2;0;0;0m      [38;2;49;49;49m██[38;2;82;82;82m██[38;2;246;115;139m██[38;2;156;205;246m████████[38;2;49;49;49m████[38;2;246;115;139m██[38;2;156;205;246m████[38;2;98;164;222m██[38;2;74;98;139m██[38;2;98;164;222m██[38;2;49;49;49m████[38;2;0;0;0m      
[38;2;0;0;0m    [38;2;49;49;49m██[38;2;98;164;222m████[38;2;49;49;49m██[38;2;98;164;222m██[38;2;156;205;246m██████[38;2;246;115;139m████[38;2;156;205;246m████[38;2;98;164;222m██[38;2;74;98;139m██[38;2;49;49;49m████[38;2;98;164;222m████[38;2;49;49;49m██[38;2;0;0;0m    
[38;2;0;0;0m  [38;2;49;49;49m██[38;2;156;205;246m██[38;2;49;49;49m████[38;2;0;0;0m  [38;2;49;49;49m████[38;2;98;164;222m████████[38;2;74;98;139m██[38;2;98;164;222m██[38;2;74;98;139m██[38;2;49;49;49m██[38;2;0;0;0m    [38;2;49;49;49m████[38;2;98;164;222m██[38;2;49;49;49m██[38;2;0;0;0m  
[38;2;49;49;49m██[38;2;156;205;246m██[38;2;49;49;49m██[38;2;0;0;0m          [38;2;49;49;49m██████████[38;2;74;98;139m██[38;2;98;164;222m██[38;2;49;49;49m██[38;2;0;0;0m        [38;2;49;49;49m██[38;2;98;164;222m██[38;2;49;49;49m██
[38;2;49;49;49m████[38;2;0;0;0m                      [38;2;49;49;49m██[38;2;74;98;139m██[38;2;98;164;222m██[38;2;49;49;49m██[38;2;0;0;0m        [38;2;49;49;49m████
[38;2;0;0;0m                            [38;2;49;49;49m██[38;2;156;205;246m██[38;2;49;49;49m██[38;2;0;0;0m            
[38;2;0;0;0m                              [38;2;49;49;49m██[38;2;156;205;246m██[38;2;49;49;49m██[38;2;0;0;0m          
[38;2;0;0;0m                              [38;2;49;49;49m██[38;2;156;205;246m██[38;2;49;49;49m██[38;2;0;0;0m          
[38;2;0;0;0m                                [38;2;49;49;49m██[38;2;0;0;0m            [0m
