
[38;2;0;0;0m            [38;2;49;49;49m████[38;2;0;0;0m                      
[38;2;0;0;0m          [38;2;49;49;49m██[38;2;90;156;230m████[38;2;49;49;49m██[38;2;0;0;0m    [38;2;49;49;49m████[38;2;0;0;0m            
[38;2;0;0;0m          [38;2;49;49;49m████[38;2;57;123;189m██[38;2;90;156;230m██[38;2;49;49;49m████[38;2;131;197;255m████[38;2;49;49;49m██[38;2;0;0;0m          
[38;2;0;0;0m              [38;2;49;49;49m██[38;2;90;156;230m██[38;2;82;82;82m██[38;2;131;197;255m██[38;2;49;49;49m██████[38;2;0;0;0m          
[38;2;0;0;0m    [38;2;82;82;82m██████[38;2;0;0;0m      [38;2;49;49;49m██[38;2;131;197;255m██[38;2;49;49;49m██[38;2;0;0;0m                
[38;2;0;0;0m  [38;2;82;82;82m██[38;2;255;255;255m██[38;2;189;189;189m████[38;2;82;82;82m██[38;2;0;0;0m  [38;2;49;49;49m████[38;2;90;156;230m██[38;2;82;82;82m██[38;2;49;49;49m██[38;2;0;0;0m              
[38;2;82;82;82m██[38;2;255;255;255m██[38;2;189;189;189m████[38;2;255;255;255m████[38;2;49;49;49m██[38;2;131;197;255m██████████[38;2;49;49;49m██[38;2;0;0;0m    [38;2;49;49;49m████[38;2;0;0;0m    
[38;2;82;82;82m██[38;2;189;189;189m████[38;2;255;255;255m████[38;2;49;49;49m██[38;2;90;156;230m████[38;2;131;197;255m██████████[38;2;49;49;49m████[38;2;90;156;230m██[38;2;49;49;49m██[38;2;0;0;0m    
[38;2;0;0;0m  [38;2;82;82;82m██[38;2;189;189;189m██[38;2;131;131;115m██[38;2;189;189;189m██[38;2;49;49;49m██[38;2;222;238;255m████[38;2;90;156;230m██[38;2;255;255;255m██[38;2;131;197;255m██████[38;2;82;82;82m██[38;2;90;156;230m██[38;2;49;49;49m██[38;2;0;0;0m      
[38;2;0;0;0m    [38;2;82;82;82m████[38;2;49;49;49m██[38;2;222;238;255m██████[38;2;90;156;230m██[38;2;49;49;49m██[38;2;131;197;255m████[38;2;82;82;82m████[38;2;49;49;49m██[38;2;0;0;0m        
[38;2;0;0;0m        [38;2;49;49;49m██[38;2;222;238;255m██[38;2;131;131;115m████[38;2;222;238;255m██[38;2;90;156;230m██[38;2;131;197;255m██[38;2;82;82;82m██[38;2;255;255;255m████[38;2;82;82;82m██████[38;2;0;0;0m    
[38;2;0;0;0m          [38;2;49;49;49m██[38;2;222;238;255m████[38;2;57;123;189m██[38;2;90;156;230m██[38;2;82;82;82m██[38;2;255;255;255m██████████[38;2;189;189;189m██[38;2;82;82;82m██[38;2;0;0;0m  
[38;2;0;0;0m            [38;2;49;49;49m████[38;2;90;156;230m████[38;2;82;82;82m██[38;2;189;189;189m██[38;2;255;255;255m██[38;2;189;189;189m██[38;2;255;255;255m██████[38;2;189;189;189m██[38;2;82;82;82m██
[38;2;0;0;0m                [38;2;49;49;49m██████[38;2;82;82;82m████[38;2;255;255;255m██████[38;2;189;189;189m████[38;2;82;82;82m██
[38;2;0;0;0m                          [38;2;82;82;82m██[38;2;189;189;189m██[38;2;131;131;115m██[38;2;189;189;189m██[38;2;82;82;82m██[38;2;0;0;0m  
[38;2;0;0;0m                            [38;2;82;82;82m██████[38;2;0;0;0m    [0m
