
[38;2;0;0;0m            [38;2;49;49;49m████[38;2;0;0;0m                        
[38;2;0;0;0m          [38;2;49;49;49m██[38;2;164;238;74m██[38;2;49;49;49m██[38;2;0;0;0m  [38;2;49;49;49m████[38;2;0;0;0m                  
[38;2;0;0;0m          [38;2;49;49;49m██[38;2;164;238;74m██[38;2;49;49;49m██[38;2;0;0;0m  [38;2;49;49;49m██[38;2;164;238;74m██[38;2;49;49;49m██[38;2;0;0;0m                
[38;2;0;0;0m          [38;2;49;49;49m██[38;2;164;238;74m████[38;2;49;49;49m██[38;2;164;238;74m████[38;2;49;49;49m██[38;2;0;0;0m                
[38;2;0;0;0m            [38;2;49;49;49m██[38;2;57;98;49m██[38;2;139;197;49m██[38;2;164;238;74m██[38;2;139;197;49m██[38;2;57;98;49m██[38;2;49;49;49m██[38;2;0;0;0m              
[38;2;0;0;0m          [38;2;49;49;49m██[38;2;139;197;49m██[38;2;164;238;74m██[38;2;131;172;57m██[38;2;57;98;49m████[38;2;164;238;74m████[38;2;49;49;49m██[38;2;0;0;0m            
[38;2;0;0;0m        [38;2;49;49;49m██[38;2;65;139;41m██[38;2;164;238;74m████[38;2;139;197;49m██[38;2;164;238;74m████████[38;2;65;139;41m██[38;2;49;49;49m██[38;2;0;0;0m          
[38;2;0;0;0m        [38;2;49;49;49m██[38;2;65;139;41m████[38;2;131;172;57m██[38;2;164;238;74m████████[38;2;65;139;41m████[38;2;49;49;49m██[38;2;0;0;0m          
[38;2;0;0;0m      [38;2;49;49;49m██[38;2;164;238;74m██[38;2;65;139;41m██[38;2;255;222;65m██[38;2;65;139;41m██[38;2;139;197;49m██[38;2;164;238;74m██[38;2;139;197;49m██[38;2;65;139;41m██████[38;2;139;197;49m██[38;2;49;49;49m██[38;2;0;0;0m        
[38;2;0;0;0m  [38;2;49;49;49m████[38;2;82;82;82m██[38;2;164;238;74m██[38;2;49;49;49m████[38;2;255;222;65m████████[38;2;65;139;41m████[38;2;164;238;74m████[38;2;49;49;49m██[38;2;0;0;0m        
[38;2;49;49;49m██[38;2;57;98;49m██[38;2;65;139;41m██[38;2;82;82;82m██[38;2;164;238;74m██[38;2;65;139;41m██[38;2;255;222;65m██████[38;2;49;49;49m████[38;2;65;139;41m██[38;2;164;238;74m██████[38;2;49;49;49m██[38;2;0;0;0m        
[38;2;49;49;49m██[38;2;65;139;41m████[38;2;82;82;82m██[38;2;139;197;49m██[38;2;164;238;74m██[38;2;57;98;49m██[38;2;205;156;32m██[38;2;255;222;65m████[38;2;65;139;41m██[38;2;164;238;74m████████[38;2;139;197;49m██[38;2;49;49;49m██[38;2;0;0;0m      
[38;2;0;0;0m  [38;2;49;49;49m████[38;2;65;139;41m██[38;2;82;82;82m██[38;2;139;197;49m████[38;2;57;98;49m████[38;2;65;139;41m██[38;2;164;238;74m████████[38;2;139;197;49m████[38;2;49;49;49m██████[38;2;0;0;0m  
[38;2;0;0;0m      [38;2;49;49;49m██████[38;2;82;82;82m██[38;2;205;156;32m██[38;2;82;82;82m██[38;2;164;238;74m██████[38;2;139;197;49m██████[38;2;82;82;82m██[38;2;65;139;41m██████[38;2;49;49;49m██
[38;2;0;0;0m            [38;2;49;49;49m████████[38;2;139;197;49m████████[38;2;49;49;49m██[38;2;65;139;41m██████[38;2;57;98;49m██[38;2;49;49;49m██
[38;2;0;0;0m                    [38;2;49;49;49m████████[38;2;0;0;0m  [38;2;49;49;49m████████[38;2;0;0;0m  [0m
