
[38;2;0;0;0m                                                  [38;2;49;49;49m████[38;2;0;0;0m      
[38;2;0;0;0m                                              [38;2;49;49;49m████[38;2;106;106;106m██[38;2;49;49;49m██[38;2;0;0;0m  [38;2;49;49;49m████
[38;2;0;0;0m                                            [38;2;49;49;49m██[38;2;106;106;106m██[38;2;255;222;98m██[38;2;106;106;106m██[38;2;49;49;49m████[38;2;106;106;106m██[38;2;49;49;49m██
[38;2;0;0;0m                                          [38;2;49;49;49m██[38;2;255;222;98m██[38;2;106;106;106m██[38;2;189;131;65m██[38;2;82;82;82m██[38;2;255;222;98m████[38;2;189;131;65m██[38;2;49;49;49m██
[38;2;0;0;0m                      [38;2;49;49;49m████[38;2;0;0;0m          [38;2;49;49;49m██[38;2;0;0;0m  [38;2;49;49;49m██[38;2;106;106;106m██[38;2;255;222;98m██[38;2;106;106;106m██[38;2;82;82;82m██[38;2;106;106;106m██████[38;2;49;49;49m██[38;2;0;0;0m  
[38;2;0;0;0m                  [38;2;49;49;49m████[38;2;230;123;82m██[38;2;49;49;49m██[38;2;0;0;0m        [38;2;49;49;49m██[38;2;106;106;106m██[38;2;49;49;49m██[38;2;255;222;98m██[38;2;106;106;106m██[38;2;189;131;65m██[38;2;82;82;82m██[38;2;255;222;98m██████[38;2;189;131;65m██[38;2;49;49;49m██[38;2;0;0;0m  
[38;2;0;0;0m              [38;2;49;49;49m████[38;2;230;123;82m████[38;2;49;49;49m██[38;2;0;0;0m          [38;2;49;49;49m██[38;2;106;106;106m██[38;2;82;82;82m██[38;2;255;222;98m██[38;2;106;106;106m██[38;2;82;82;82m██[38;2;106;106;106m████████[38;2;49;49;49m██[38;2;0;0;0m    
[38;2;0;0;0m          [38;2;49;49;49m████[38;2;230;123;82m████████[38;2;49;49;49m██[38;2;0;0;0m          [38;2;49;49;49m██[38;2;106;106;106m██[38;2;82;82;82m██[38;2;189;131;65m██[38;2;82;82;82m██[38;2;255;222;98m██████[38;2;189;131;65m██[38;2;49;49;49m██████[38;2;0;0;0m  
[38;2;0;0;0m        [38;2;49;49;49m██[38;2;230;123;82m████████[38;2;205;90;49m██[38;2;49;49;49m██[38;2;0;0;0m            [38;2;49;49;49m██[38;2;82;82;82m██[38;2;106;106;106m██[38;2;82;82;82m██[38;2;106;106;106m██[38;2;82;82;82m████████[38;2;106;106;106m██████[38;2;49;49;49m██
[38;2;0;0;0m      [38;2;49;49;49m██[38;2;230;123;82m██████████[38;2;205;90;49m████[38;2;49;49;49m████████[38;2;0;0;0m      [38;2;49;49;49m██[38;2;82;82;82m████[38;2;106;106;106m██████████[38;2;49;49;49m██████[38;2;0;0;0m  
[38;2;0;0;0m    [38;2;49;49;49m██[38;2;230;123;82m████████[38;2;205;90;49m██[38;2;82;82;82m██[38;2;230;123;82m████████████[38;2;49;49;49m██████[38;2;139;139;139m████[38;2;82;82;82m██████[38;2;106;106;106m██[38;2;49;49;49m████[38;2;0;0;0m        
[38;2;0;0;0m  [38;2;49;49;49m██[38;2;172;74;57m██[38;2;230;123;82m████[38;2;205;90;49m████[38;2;255;222;98m██[38;2;82;82;82m██[38;2;230;123;82m██████████████[38;2;139;139;139m██████[38;2;106;106;106m██[38;2;139;139;139m████[38;2;49;49;49m████[38;2;0;0;0m            
[38;2;0;0;0m  [38;2;49;49;49m██[38;2;255;222;98m██[38;2;172;74;57m██[38;2;230;123;82m██[38;2;49;49;49m██[38;2;213;213;230m██[38;2;213;172;49m██[38;2;106;106;106m██[38;2;230;123;82m████████[38;2;172;74;57m██████[38;2;230;123;82m████[38;2;139;139;139m██████[38;2;106;106;106m██[38;2;49;49;49m██[38;2;0;0;0m              
[38;2;49;49;49m██[38;2;82;82;82m████[38;2;255;222;98m██[38;2;205;90;49m██[38;2;106;106;106m██[38;2;255;255;255m██[38;2;106;106;106m██[38;2;230;123;82m████████[38;2;172;74;57m██[38;2;230;123;82m██████[38;2;172;74;57m██████[38;2;230;123;82m██[38;2;106;106;106m██[38;2;49;49;49m██[38;2;0;0;0m                
[38;2;49;49;49m██[38;2;82;82;82m██[38;2;49;49;49m████[38;2;205;90;49m██[38;2;230;123;82m████████████[38;2;172;74;57m██[38;2;230;123;82m██████████████[38;2;82;82;82m████[38;2;49;49;49m████[38;2;0;0;0m              
[38;2;0;0;0m  [38;2;49;49;49m██[38;2;0;0;0m    [38;2;49;49;49m████[38;2;139;139;139m██[38;2;230;123;82m████[38;2;139;139;139m████[38;2;172;74;57m██[38;2;230;123;82m██████████[38;2;106;106;106m████████████[38;2;49;49;49m██[38;2;0;0;0m            
[38;2;0;0;0m            [38;2;49;49;49m██[38;2;139;139;139m██[38;2;230;123;82m████[38;2;139;139;139m████[38;2;82;82;82m██[38;2;230;123;82m██████████[38;2;106;106;106m████[38;2;49;49;49m██████[38;2;0;0;0m              
[38;2;0;0;0m            [38;2;49;49;49m██[38;2;106;106;106m██[38;2;139;139;139m██████████[38;2;82;82;82m████[38;2;230;123;82m████[38;2;49;49;49m██████[38;2;0;0;0m                    
[38;2;0;0;0m              [38;2;49;49;49m██[38;2;82;82;82m██[38;2;139;139;139m████[38;2;82;82;82m██[38;2;139;139;139m████████[38;2;49;49;49m██[38;2;0;0;0m                          
[38;2;0;0;0m            [38;2;49;49;49m██[38;2;213;172;49m████[38;2;49;49;49m██████[38;2;106;106;106m██[38;2;139;139;139m████[38;2;82;82;82m██[38;2;49;49;49m████[38;2;0;0;0m                        
[38;2;0;0;0m          [38;2;49;49;49m██[38;2;82;82;82m██[38;2;49;49;49m████[38;2;0;0;0m      [38;2;49;49;49m██[38;2;82;82;82m████[38;2;213;172;49m████[38;2;106;106;106m██[38;2;49;49;49m██[38;2;0;0;0m                      
[38;2;0;0;0m          [38;2;49;49;49m████[38;2;0;0;0m        [38;2;49;49;49m████[38;2;213;172;49m██████[38;2;49;49;49m██████[38;2;0;0;0m                      
[38;2;0;0;0m                      [38;2;49;49;49m██[38;2;106;106;106m██[38;2;49;49;49m██[38;2;255;222;98m██[38;2;49;49;49m██[38;2;0;0;0m                            
[38;2;0;0;0m                      [38;2;49;49;49m████[38;2;106;106;106m██[38;2;49;49;49m██[38;2;0;0;0m                              [0m
