
[38;2;0;0;0m                                [38;2;26;27;34m  [38;2;19;20;26m  [38;2;0;0;0m            [38;2;3;4;5m  [38;2;10;11;14m██[38;2;0;0;0m    
[38;2;0;0;0m                                [38;2;22;23;29m  [38;2;110;117;146m██[38;2;8;8;11m  [38;2;0;0;0m          [38;2;96;103;129m██[38;2;40;43;54m██[38;2;0;0;0m    
[38;2;0;0;0m                                  [38;2;75;77;103m██[38;2;31;32;43m██[38;2;0;0;0m        [38;2;14;14;19m  [38;2;101;106;137m██[38;2;19;19;26m  [38;2;0;0;0m    
[38;2;0;0;0m                                  [38;2;5;5;7m  [38;2;14;14;20m██[38;2;0;0;0m        [38;2;8;8;11m██[38;2;12;12;17m  [38;2;0;0;0m      
[38;2;0;0;0m                                                        
[38;2;0;0;0m                      [38;2;22;17;14m  [38;2;41;33;27m  [38;2;0;0;0m                          [38;2;55;55;77m  [38;2;0;0;0m  
[38;2;0;0;0m                  [38;2;60;48;39m██[38;2;122;98;79m██[38;2;156;125;100m██[38;2;124;101;73m██[38;2;83;67;54m██[38;2;74;60;45m██[38;2;0;0;0m                      [38;2;55;55;77m██[38;2;21;21;30m██
[38;2;0;0;0m              [38;2;2;1;1m  [38;2;131;105;80m██[38;2;160;128;104m████[38;2;158;127;103m██[38;2;158;126;102m██[38;2;153;122;97m██[38;2;128;104;72m██[38;2;80;65;45m  [38;2;0;0;0m                    [38;2;1;1;2m██[38;2;2;2;3m  
[38;2;0;0;0m            [38;2;25;21;14m  [38;2;128;104;72m██[38;2;144;116;88m██[38;2;141;114;85m██[38;2;154;124;98m██[38;2;160;128;104m████[38;2;142;114;86m██[38;2;128;104;72m██[38;2;116;96;70m██[38;2;150;121;91m██[38;2;60;46;31m  [38;2;0;0;0m                    
[38;2;0;0;0m            [38;2;61;50;34m██[38;2;128;104;72m██[38;2;145;117;89m██[38;2;132;107;76m██[38;2;159;127;103m██[38;2;155;124;99m██[38;2;129;105;73m██[38;2;81;75;66m██[38;2;128;104;72m████[38;2;124;101;71m██[38;2;128;106;84m██[38;2;19;14;10m  [38;2;0;0;0m                  
[38;2;21;21;22m  [38;2;15;15;16m  [38;2;0;0;0m        [38;2;128;104;72m████████████[38;2;83;76;66m██[38;2;161;161;168m██[38;2;102;92;80m██[38;2;128;104;72m████[38;2;116;98;77m██[38;2;225;171;117m██[38;2;176;133;91m██[38;2;1;1;0m  [38;2;0;0;0m              
[38;2;47;47;49m██[38;2;34;34;36m██[38;2;0;0;0m        [38;2;128;104;72m██[38;2;65;64;64m██████[38;2;104;89;69m██[38;2;128;104;72m██[38;2;127;103;71m██[38;2;91;91;93m██[38;2;174;174;182m██[38;2;84;76;66m██[38;2;128;104;72m██[38;2;104;89;69m██[38;2;216;165;114m██[38;2;232;176;120m██[38;2;4;3;2m██[38;2;0;0;0m              
[38;2;39;40;42m██[38;2;170;171;179m██[38;2;88;88;92m██[38;2;11;11;11m  [38;2;13;13;13m  [38;2;115;115;119m██[38;2;104;91;77m██[38;2;157;132;112m██[38;2;232;176;120m████[38;2;179;141;102m██[38;2;79;83;90m██[38;2;103;94;85m██[38;2;133;133;137m██[38;2;176;176;184m██[38;2;93;92;90m██[38;2;122;100;71m██[38;2;128;104;72m██[38;2;69;67;64m██[38;2;232;176;120m████[38;2;55;42;28m  [38;2;0;0;0m            
[38;2;0;0;0m  [38;2;96;102;109m██[38;2;174;175;183m██[38;2;174;174;182m██[38;2;119;124;136m██[38;2;69;69;70m██[38;2;158;133;112m██[38;2;172;172;180m██[38;2;165;137;112m██[38;2;232;176;120m██[38;2;127;106;85m██[38;2;160;161;171m██[38;2;146;149;159m██[38;2;174;175;183m██[38;2;132;138;146m██[38;2;103;108;114m██[38;2;117;97;70m██[38;2;128;104;72m██[38;2;69;67;64m██[38;2;213;161;101m██[38;2;230;174;118m██[38;2;111;84;57m██[38;2;0;0;0m            
[38;2;0;0;0m  [38;2;44;47;50m  [38;2;77;82;87m██[38;2;85;93;108m██[38;2;130;130;134m██[38;2;149;121;92m██[38;2;141;131;128m██[38;2;82;89;103m██[38;2;223;169;111m██[38;2;232;176;120m██[38;2;127;106;85m██[38;2;135;140;149m██[38;2;125;131;141m██[38;2;120;128;136m████[38;2;92;91;88m██[38;2;123;101;71m██[38;2;115;95;70m██[38;2;129;104;72m██[38;2;192;144;80m████[38;2;176;134;91m██[38;2;0;0;0m            
[38;2;0;0;0m        [38;2;91;95;100m██[38;2;222;169;116m██[38;2;157;134;114m██[38;2;223;170;119m██[38;2;232;176;120m██[38;2;231;175;119m██[38;2;229;174;118m██[38;2;78;77;75m██[38;2;90;97;110m██[38;2;105;110;116m██[38;2;67;66;64m██[38;2;127;103;71m████[38;2;105;90;69m██[38;2;217;166;115m██[38;2;156;121;75m██[38;2;194;145;82m██[38;2;232;176;120m██[38;2;0;0;0m            
[38;2;0;0;0m          [38;2;92;69;47m  [38;2;132;136;147m██[38;2;82;89;104m██[38;2;231;176;120m██[38;2;157;126;86m██[38;2;181;154;122m██[38;2;183;138;78m██[38;2;86;78;66m██[38;2;88;77;55m██[38;2;123;100;68m██[38;2;105;87;55m██[38;2;107;88;56m██[38;2;126;105;84m██[38;2;231;176;120m██[38;2;166;130;85m██[38;2;231;175;119m██[38;2;231;176;120m██[38;2;0;0;0m            
[38;2;0;0;0m            [38;2;154;128;106m██[38;2;196;147;84m██[38;2;226;172;117m██[38;2;44;43;43m██[38;2;210;179;136m██[38;2;189;142;79m██[38;2;101;86;67m██[38;2;96;80;48m████[38;2;95;79;48m██[38;2;82;75;66m██[38;2;231;176;120m██[38;2;137;110;76m██[38;2;208;156;96m██[38;2;231;175;119m██[38;2;229;174;117m██[38;2;0;0;0m            
[38;2;0;0;0m            [38;2;111;84;57m██[38;2;231;176;120m██[38;2;210;160;109m██[38;2;233;198;160m██[38;2;192;144;80m██[38;2;108;91;67m██[38;2;92;78;49m██[38;2;96;80;48m██[38;2;80;72;55m██[38;2;104;89;70m██[38;2;221;169;116m██[38;2;222;168;110m██[38;2;62;49;33m██[38;2;126;94;52m██[38;2;206;155;94m██[38;2;199;149;87m██[38;2;0;0;0m            
[38;2;0;0;0m            [38;2;102;78;52m██[38;2;232;176;120m██[38;2;228;173;116m██[38;2;178;135;75m██[38;2;106;90;68m██[38;2;95;79;48m██[38;2;91;77;50m██[38;2;94;79;53m██[38;2;198;153;108m██[38;2;232;176;120m██[38;2;227;172;115m██[38;2;124;94;64m  [38;2;0;0;0m    [38;2;67;74;87m  [38;2;192;144;80m██[38;2;0;0;0m            
[38;2;0;0;0m            [38;2;15;13;7m  [38;2;142;112;72m██[38;2;134;106;64m██[38;2;113;93;63m██[38;2;120;99;68m██[38;2;86;77;61m██[38;2;60;50;37m██[38;2;58;47;29m██[38;2;211;161;108m██[38;2;223;169;111m██[38;2;87;65;37m██[38;2;0;0;0m        [38;2;87;70;49m██[38;2;0;0;0m            
[38;2;0;0;0m                  [38;2;64;60;54m██[38;2;192;144;80m██[38;2;132;99;55m  [38;2;0;0;0m    [38;2;80;65;45m  [38;2;188;141;79m██[38;2;29;21;12m██[38;2;0;0;0m        [38;2;65;72;85m██[38;2;0;0;0m            
[38;2;0;0;0m                  [38;2;9;7;6m██[38;2;102;87;68m██[38;2;0;0;0m        [38;2;186;140;79m██[38;2;27;21;12m██[38;2;0;0;0m                      
[38;2;0;0;0m                  [38;2;62;68;81m████[38;2;0;0;0m      [38;2;92;98;122m██[38;2;88;96;116m██[38;2;14;15;18m██[38;2;0;0;0m                      
[38;2;0;0;0m                            [38;2;23;25;31m  [38;2;31;33;41m██[38;2;5;5;6m  [38;2;0;0;0m                      [0m
