
[38;2;0;0;0m                            ████            ████                        
[38;2;0;0;0m                          ██[38;2;99;74;67m████[38;2;0;0;0m██        ██[38;2;115;90;83m████[38;2;0;0;0m██                      
[38;2;0;0;0m                        ██[38;2;99;74;67m████[38;2;76;68;66m████[38;2;0;0;0m████████[38;2;115;91;83m████[38;2;115;90;83m██[38;2;98;74;66m██[38;2;0;0;0m██                    
[38;2;0;0;0m        ████            ██[38;2;99;74;67m██[38;2;66;66;66m██[38;2;76;68;66m██[38;2;181;181;181m██████[38;2;71;63;61m██[38;2;107;94;91m██[38;2;115;91;83m████[38;2;98;74;66m████[38;2;99;74;67m██[38;2;0;0;0m██                  
[38;2;0;0;0m      ██[38;2;115;90;83m████[38;2;0;0;0m██  ██    ██[38;2;99;82;75m██[38;2;66;66;66m██[38;2;181;181;181m██[38;2;181;181;173m██[38;2;66;61;58m██[38;2;181;181;173m██[38;2;66;61;58m██[38;2;115;91;83m████[38;2;99;74;67m████[38;2;76;68;66m████████[38;2;0;0;0m██                
[38;2;0;0;0m    ██[38;2;115;90;83m████████[38;2;0;0;0m██[38;2;115;90;83m██[38;2;0;0;0m██  ██[38;2;66;55;50m██[38;2;181;181;181m████[38;2;66;61;58m██[38;2;104;101;96m██[38;2;66;61;58m██[38;2;104;101;96m██[38;2;115;91;83m██[38;2;99;74;67m████[38;2;66;66;66m██[38;2;76;68;66m██[38;2;181;181;181m████[38;2;76;68;66m██[38;2;99;74;67m██[38;2;0;0;0m██    ██        
[38;2;0;0;0m  ██[38;2;115;88;83m██[38;2;115;91;83m████████[38;2;66;66;66m██[38;2;115;86;75m██[38;2;99;78;75m██[38;2;0;4;8m██[38;2;66;66;66m██[38;2;181;181;181m██████[38;2;66;66;66m██[38;2;115;91;83m██[38;2;66;66;66m██[38;2;115;90;83m██[38;2;99;79;72m██[38;2;66;66;66m████[38;2;115;91;83m████[38;2;66;66;66m██[38;2;181;181;181m████[38;2;66;66;66m████[38;2;0;0;0m████[38;2;148;140;140m██[38;2;0;0;0m██      
[38;2;0;0;0m  ██[38;2;115;88;83m██[38;2;115;91;83m██████[38;2;99;74;67m██[38;2;66;66;66m██[38;2;99;79;72m██[38;2;99;78;75m██[38;2;66;53;53m██[38;2;66;66;66m████████[38;2;115;91;83m████[38;2;115;90;83m██[38;2;66;66;66m████[38;2;115;86;75m██[38;2;115;91;83m████████[38;2;66;66;66m██[38;2;181;181;181m██████[38;2;74;69;69m██[38;2;148;137;137m██[38;2;148;140;140m██[38;2;0;0;0m██      
[38;2;0;0;0m██[38;2;115;91;83m████[38;2;115;90;83m████[38;2;0;0;0m██[38;2;99;74;67m██[38;2;66;66;66m██[38;2;99;79;72m██[38;2;66;66;66m██[38;2;91;91;91m██[38;2;99;86;83m██[38;2;66;70;66m██[38;2;99;86;83m██[38;2;66;70;66m██[38;2;115;91;83m████[38;2;66;66;66m████[38;2;115;91;83m████████████[38;2;66;61;58m██[38;2;181;181;173m██[38;2;181;181;181m██████[38;2;66;66;66m██[38;2;0;0;0m██        
[38;2;0;0;0m██[38;2;115;91;83m████[38;2;115;90;83m██[38;2;0;0;0m██  ██[38;2;115;86;75m██[38;2;66;66;66m████[38;2;91;91;91m██[38;2;66;70;66m██[38;2;115;94;91m██[38;2;66;70;66m██[38;2;115;94;91m██[38;2;115;91;83m██[38;2;66;66;66m██[38;2;115;90;83m████[38;2;115;91;83m██[38;2;66;66;66m████[38;2;115;91;83m██████[38;2;104;101;96m██[38;2;66;61;58m██[38;2;181;181;181m████████[38;2;0;0;0m██        
[38;2;0;0;0m██[38;2;115;91;83m████[38;2;115;90;83m██[38;2;0;0;0m██  ██[38;2;115;90;83m██[38;2;66;66;66m██[38;2;90;90;90m████[38;2;66;66;66m██[38;2;115;91;83m██[38;2;66;66;66m██[38;2;115;91;83m██████[38;2;66;61;58m████[38;2;66;66;66m██[38;2;181;181;181m████[38;2;66;66;66m██[38;2;115;91;83m████[38;2;115;90;83m██[38;2;66;66;66m██████[38;2;181;181;181m██████[38;2;0;0;0m██      
[38;2;0;0;0m██[38;2;115;91;83m████[38;2;0;0;0m██  ██[38;2;66;66;66m██[38;2;115;90;83m██[38;2;66;66;66m██[38;2;90;90;90m██[38;2;66;66;66m██[38;2;115;91;83m██████████[38;2;66;66;66m██[38;2;104;101;96m██[38;2;181;181;173m██[38;2;181;181;181m██████[38;2;66;66;66m██[38;2;115;91;83m████[38;2;115;90;83m██[38;2;66;66;66m██[38;2;247;140;55m████[38;2;66;66;66m██[38;2;181;181;181m████[38;2;0;0;0m██      
[38;2;0;0;0m██[38;2;115;90;83m████[38;2;0;0;0m██  ██[38;2;181;99;37m██[38;2;66;66;66m██[38;2;115;90;83m██[38;2;66;66;66m██[38;2;115;91;83m██████[38;2;107;94;91m██[38;2;71;63;61m██[38;2;66;66;66m████[38;2;165;144;117m██[38;2;115;91;83m██[38;2;181;181;181m████[38;2;181;181;173m██[38;2;66;61;58m██[38;2;115;91;83m████[38;2;126;91;70m██[38;2;66;66;74m██[38;2;247;140;55m████[38;2;66;66;66m██[38;2;181;181;181m████[38;2;148;140;140m██[38;2;0;0;0m██    
[38;2;0;0;0m  ██[38;2;115;90;83m██[38;2;66;66;66m██[38;2;0;0;0m██[38;2;181;99;37m████[38;2;66;66;66m██[38;2;115;90;83m██[38;2;115;91;83m██████[38;2;66;66;66m██[38;2;0;0;0m████[38;2;255;255;255m██[38;2;66;66;66m██[38;2;214;198;150m██[38;2;115;91;83m██[38;2;181;181;181m████[38;2;66;61;58m██[38;2;104;101;96m██[38;2;115;91;83m████[38;2;66;66;74m██[38;2;247;140;63m██[38;2;247;140;55m████[38;2;66;66;66m██[38;2;181;181;181m██[38;2;148;140;140m████[38;2;0;0;0m██    
[38;2;0;0;0m  ██[38;2;156;132;116m██[38;2;66;66;66m██[38;2;0;0;0m██[38;2;165;122;93m██[38;2;82;63;50m██[38;2;160;144;124m██[38;2;66;66;66m██[38;2;102;93;80m██[38;2;66;66;66m████[38;2;165;154;122m██[38;2;239;255;255m██[38;2;231;140;55m██[38;2;255;255;223m██[38;2;208;200;171m██[38;2;214;198;150m████[38;2;104;101;96m██[38;2;181;181;173m██[38;2;66;61;66m██[38;2;113;96;89m██[38;2;104;81;64m██[38;2;66;70;74m██[38;2;181;101;37m████[38;2;247;140;55m██[38;2;66;66;66m██[38;2;148;140;140m████████[38;2;0;0;0m██    
[38;2;0;0;0m  ██[38;2;156;132;116m██[38;2;0;0;0m██  [38;2;0;4;8m██[38;2;165;122;93m██[38;2;66;66;66m██[38;2;160;144;124m██[38;2;66;66;66m██[38;2;173;148;109m██[38;2;214;198;150m████[38;2;235;197;155m████[38;2;208;200;171m██[38;2;115;90;67m██[38;2;214;198;150m██[38;2;173;148;109m██[38;2;66;61;58m████[38;2;113;96;89m██[38;2;159;130;111m██[38;2;66;70;74m██[38;2;181;103;45m██[38;2;181;101;37m██[38;2;66;66;66m████[38;2;247;140;55m██[38;2;66;66;66m██[38;2;148;140;140m██████[38;2;0;0;0m██    
[38;2;0;0;0m    ██    ██[38;2;148;140;140m██[38;2;66;66;66m██[38;2;160;144;124m██[38;2;115;91;83m██[38;2;173;148;109m██[38;2;214;198;150m████████[38;2;222;198;150m██[38;2;118;91;78m██[38;2;160;144;124m██[38;2;66;66;66m██[38;2;148;140;140m██[38;2;66;66;66m██[38;2;148;143;137m██[38;2;66;66;66m██[38;2;181;181;181m██[38;2;66;66;66m████[38;2;181;101;37m██[38;2;187;110;53m██[38;2;247;132;47m██[38;2;66;66;66m██[38;2;148;140;140m██████[38;2;0;0;0m██    
[38;2;0;0;0m          ██[38;2;148;140;140m██[38;2;160;144;124m██[38;2;66;66;66m██[38;2;173;148;109m██[38;2;115;91;83m██████[38;2;173;148;109m████[38;2;170;144;114m████[38;2;66;66;66m██[38;2;160;144;124m██[38;2;148;140;140m██[38;2;66;66;66m████[38;2;189;181;173m██[38;2;181;181;181m████[38;2;66;66;66m██[38;2;181;101;37m██[38;2;66;66;66m████[38;2;148;140;140m████████[38;2;115;90;83m██[38;2;0;0;0m██  
[38;2;0;0;0m          ██[38;2;148;140;140m██████[38;2;66;66;66m██[38;2;160;144;124m██[38;2;173;148;109m████[38;2;115;90;83m████[38;2;173;148;109m██[38;2;66;66;66m██[38;2;173;148;109m██[38;2;115;91;83m██[38;2;145;141;140m██[38;2;181;181;181m██████████[38;2;189;189;189m██[38;2;68;66;68m██[38;2;0;0;0m████[38;2;148;140;140m████[38;2;160;144;124m██[38;2;115;90;83m██[38;2;173;148;117m██[38;2;0;0;0m██  
[38;2;0;0;0m            ██[38;2;148;140;140m████[38;2;160;144;124m██[38;2;66;66;66m████████████[38;2;173;148;109m██████[38;2;110;101;99m██[38;2;74;61;58m██[38;2;181;181;181m████████[38;2;129;127;129m██[38;2;8;4;8m██[38;2;0;0;0m    ██[38;2;99;93;93m██[38;2;115;90;83m██[38;2;160;144;124m██[38;2;115;99;78m██[38;2;0;0;0m██  
[38;2;0;0;0m            ██[38;2;148;140;140m████████[38;2;66;66;66m██[38;2;173;148;109m██[38;2;115;93;78m██[38;2;173;140;117m██[38;2;173;148;109m██[38;2;115;91;83m██[38;2;173;148;109m██████[38;2;66;66;66m██[38;2;148;140;140m██[38;2;181;181;181m████[38;2;148;140;140m██[38;2;165;140;125m██[38;2;0;0;0m██    [38;2;0;0;8m██[38;2;170;148;114m██[38;2;173;148;109m██████[38;2;107;93;80m██[38;2;0;0;0m██
[38;2;0;0;0m          ██[38;2;173;148;109m██[38;2;115;90;83m████████[38;2;102;93;80m██[38;2;66;66;66m██[38;2;0;0;0m██[38;2;115;93;78m██[38;2;173;148;109m████[38;2;115;91;83m████[38;2;173;148;109m██[38;2;66;66;66m██[38;2;148;140;140m████████[38;2;110;93;83m██[38;2;165;140;125m██[38;2;0;0;0m████[38;2;170;148;114m██[38;2;85;74;61m██[38;2;66;66;66m████[38;2;74;66;66m██[38;2;173;148;109m██[38;2;0;0;0m██
[38;2;0;0;0m          [38;2;0;0;8m██[38;2;170;148;114m██[38;2;173;148;109m██████████[38;2;0;0;0m██  ██████████[38;2;74;69;58m██[38;2;222;206;158m██[38;2;115;91;83m████████[38;2;214;198;150m██[38;2;165;144;117m██[38;2;115;90;83m██[38;2;0;0;0m██[38;2;60;60;60m██[38;2;90;90;90m██[38;2;60;60;60m██[38;2;90;90;90m████[38;2;60;60;60m██[38;2;0;0;0m██
[38;2;0;0;0m        ██[38;2;85;74;61m██[38;2;170;148;114m██[38;2;173;148;109m██[38;2;115;91;83m██████[38;2;0;0;0m██              [38;2;0;0;8m██[38;2;148;137;108m██[38;2;214;198;150m████████[38;2;115;91;83m████[38;2;0;0;0m██  ████████████  
[38;2;0;0;0m      ██[38;2;90;90;90m██[38;2;66;66;66m████[38;2;57;66;65m██[38;2;165;148;109m██[38;2;115;91;83m████[38;2;0;0;0m██                ██[38;2;115;107;94m██[38;2;214;198;150m██[38;2;214;198;142m██[38;2;115;104;86m██[38;2;148;140;140m████[38;2;0;0;0m██                
[38;2;0;0;0m      ██[38;2;60;60;60m██[38;2;82;82;82m████[38;2;93;93;80m██[38;2;57;66;65m██[38;2;173;148;109m████[38;2;0;0;0m██              ██[38;2;173;148;109m██[38;2;66;61;66m████[38;2;66;57;58m██[38;2;165;151;114m██[38;2;115;90;83m████[38;2;173;148;109m██[38;2;0;0;0m██              
[38;2;0;0;0m        ██████████████                ██[38;2;60;60;60m██[38;2;82;82;82m██[38;2;66;66;66m██[38;2;82;82;82m██[38;2;66;66;66m██[38;2;170;148;114m████[38;2;173;148;109m██[38;2;0;0;0m██              
[38;2;0;0;0m                                      ██[38;2;90;90;90m██[38;2;82;82;82m██[38;2;66;66;66m██[38;2;82;82;82m████[38;2;85;74;61m██[38;2;0;0;8m██[38;2;0;0;0m██                
[38;2;0;0;0m                                        ████████████                    [0m
