
[38;2;0;0;0m              ██                                                  
[38;2;0;0;0m            ██[38;2;78;78;78m██[38;2;0;0;0m██          ████                                  
[38;2;0;0;0m            ██[38;2;86;86;86m██[38;2;0;0;0m██        [38;2;0;12;16m██[38;2;156;74;52m██[38;2;0;0;0m██                                  
[38;2;0;0;0m            ██[38;2;86;86;86m██[38;2;0;0;0m██      ██[38;2;78;43;34m██[38;2;156;74;52m██[38;2;0;0;0m██                                  
[38;2;0;0;0m          ██[38;2;93;93;93m██[38;2;93;94;93m████[38;2;0;0;0m██    ██[38;2;66;66;66m██[38;2;156;68;48m██[38;2;0;0;0m██                                  
[38;2;0;0;0m          ██[38;2;93;93;93m██[38;2;93;94;93m████[38;2;0;0;0m██  ██[38;2;94;94;94m██[38;2;66;66;66m██[38;2;156;68;48m██[38;2;0;0;0m██                                  
[38;2;0;0;0m          ██[38;2;99;94;99m██[38;2;104;81;75m██[38;2;57;70;73m██[38;2;66;44;37m██[38;2;0;16;16m██[38;2;93;93;93m██[38;2;66;66;66m██[38;2;156;68;48m████[38;2;0;0;0m██                                  
[38;2;0;0;0m      ██  ██[38;2;66;63;66m██[38;2;57;70;73m██[38;2;198;103;78m██[38;2;198;99;78m████[38;2;66;66;66m██████[38;2;156;68;48m██[38;2;0;0;0m██                                  
[38;2;0;0;0m      ████[38;2;66;66;66m██[38;2;198;94;70m██[38;2;198;103;78m██[38;2;57;70;73m██[38;2;90;61;58m██[38;2;134;107;105m██[38;2;198;94;70m██[38;2;66;66;66m██[38;2;198;107;86m██[38;2;0;20;24m██[38;2;0;0;0m                                    
[38;2;0;0;0m      ██[38;2;66;66;66m██[38;2;198;94;70m████[38;2;57;70;73m██[38;2;104;81;75m██[38;2;222;198;198m██[38;2;90;61;58m██[38;2;198;94;70m████[38;2;66;49;45m████[38;2;0;0;0m██████                              
[38;2;0;0;0m      ██[38;2;66;66;66m██[38;2;198;103;78m██[38;2;57;70;73m██[38;2;93;96;91m██[38;2;198;206;206m████[38;2;93;96;91m██[38;2;66;66;66m████[38;2;93;93;93m████[38;2;90;94;90m████[38;2;0;0;0m██                              
[38;2;0;0;0m      ██[38;2;66;66;66m██[38;2;57;70;73m██[38;2;104;81;75m██[38;2;93;96;91m████████[38;2;93;93;93m██████[38;2;66;66;66m██[38;2;60;63;60m██[38;2;0;0;0m██                                
[38;2;0;0;0m    ██[38;2;66;66;66m██[38;2;198;206;206m██[38;2;66;66;66m████[38;2;255;255;255m██[38;2;0;4;0m██[38;2;156;148;92m██[38;2;255;255;239m██[38;2;66;66;66m██[38;2;93;93;93m██████[38;2;0;0;0m██                                  
[38;2;0;0;0m    ██[38;2;66;66;66m██[38;2;198;206;206m██[38;2;198;94;70m██[38;2;66;66;66m██[38;2;85;88;85m██[38;2;255;255;255m██[38;2;255;255;239m██[38;2;107;94;19m██[38;2;93;93;93m██████[38;2;0;0;0m██                                    
[38;2;0;0;0m██[38;2;0;4;8m██[38;2;94;53;46m██[38;2;198;206;206m██[38;2;198;96;73m██[38;2;198;94;70m████[38;2;66;66;66m██████[38;2;198;94;70m██[38;2;66;66;66m██████[38;2;156;68;48m██[38;2;0;0;0m██        ██████                    
[38;2;0;0;0m  [38;2;0;4;8m██[38;2;189;103;85m██[38;2;198;96;73m████[38;2;198;94;70m██[38;2;66;66;66m██[38;2;198;94;70m██████[38;2;66;66;66m██[38;2;198;94;70m████[38;2;66;66;66m██[38;2;156;68;48m██[38;2;156;70;44m██[38;2;0;0;0m████████[38;2;94;94;94m██[38;2;93;93;93m████[38;2;0;0;0m████  ████████      
[38;2;0;0;0m██[38;2;121;75;65m██[38;2;181;111;93m██[38;2;189;103;85m██[38;2;94;53;46m██[38;2;66;66;66m██[38;2;0;0;0m██████[38;2;74;74;79m██[38;2;148;148;159m██[38;2;82;57;50m████[38;2;156;69;47m████[38;2;198;94;70m████[38;2;66;66;66m████████[38;2;57;70;73m██[38;2;104;81;75m██[38;2;93;93;93m████[38;2;0;16;24m██[38;2;148;82;68m██[38;2;159;69;47m████[38;2;145;66;47m██[38;2;8;0;0m██[38;2;0;0;0m    
[38;2;0;0;0m  [38;2;0;4;8m████████[38;2;0;0;0m██      ██[38;2;148;148;159m██[38;2;165;140;149m██[38;2;110;85;83m██[38;2;156;69;47m████[38;2;198;94;70m██[38;2;66;66;66m████[38;2;198;94;70m██████[38;2;198;103;78m██[38;2;57;70;73m██[38;2;66;66;66m██[38;2;93;93;93m██[38;2;74;49;46m████[38;2;0;0;0m██[38;2;159;69;47m██[38;2;145;66;47m██[38;2;214;99;70m██[38;2;0;0;0m██  
[38;2;0;0;0m                ██[38;2;203;203;209m████[38;2;189;198;205m██[38;2;189;90;69m██[38;2;201;97;73m████[38;2;66;66;66m██[38;2;198;94;70m██[38;2;201;97;73m████████████[38;2;57;70;73m██[38;2;104;81;75m██[38;2;93;53;40m██[38;2;0;4;0m██[38;2;0;0;0m  ██[38;2;201;97;73m████[38;2;0;0;0m██  
[38;2;0;0;0m                ██[38;2;203;203;209m██[38;2;148;148;164m██[38;2;189;198;205m██[38;2;189;162;160m██[38;2;201;97;73m████[38;2;198;94;70m████[38;2;201;97;73m████████████[38;2;198;103;78m██[38;2;57;70;73m██[38;2;140;78;60m██[38;2;0;4;0m██[38;2;0;0;0m  ██[38;2;201;97;73m████[38;2;198;94;70m██[38;2;0;0;0m██
[38;2;0;0;0m                ██[38;2;206;206;214m██[38;2;90;94;98m██[38;2;201;203;206m████[38;2;156;70;44m██[38;2;200;97;72m██[38;2;201;97;73m████[38;2;206;99;70m████[38;2;0;0;0m██████[38;2;198;94;70m██[38;2;156;69;47m████[38;2;154;79;63m██[38;2;66;66;66m██[38;2;0;0;0m██[38;2;198;94;70m██[38;2;201;97;73m████[38;2;198;94;70m██[38;2;0;0;0m██
[38;2;0;0;0m                ██[38;2;148;150;156m██[38;2;90;94;98m██[38;2;201;203;206m████[38;2;156;70;44m██[38;2;200;97;72m██[38;2;201;97;73m████[38;2;140;66;47m██[38;2;8;0;0m██[38;2;0;0;0m      ██[38;2;156;69;47m████[38;2;66;66;66m██[38;2;198;86;62m██[38;2;198;94;70m████[38;2;201;97;73m████[38;2;198;94;70m██[38;2;0;0;0m██
[38;2;0;0;0m                  ██[38;2;148;148;164m██[38;2;148;148;156m██[38;2;74;74;78m██[38;2;201;97;73m████[38;2;198;94;70m████[38;2;0;0;0m██          [38;2;0;16;24m██[38;2;60;48;47m██[38;2;201;97;73m████████████[38;2;156;70;44m██[38;2;0;0;0m██
[38;2;0;0;0m                    ████[38;2;74;74;78m██[38;2;201;97;73m████[38;2;198;94;70m██[38;2;0;0;0m██          ██[38;2;121;79;70m██[38;2;181;111;93m██[38;2;201;97;73m████████████[38;2;0;0;0m██  
[38;2;0;0;0m                        ██[38;2;198;94;70m████[38;2;123;82;75m██[38;2;0;4;8m██[38;2;0;0;0m      ████[38;2;66;63;66m██[38;2;93;94;93m████[38;2;90;94;90m██[38;2;200;97;72m██[38;2;201;97;73m████[38;2;206;99;70m██[38;2;140;66;47m██[38;2;0;0;0m██  
[38;2;0;0;0m                        ██[38;2;66;66;66m██[38;2;198;94;70m██[38;2;82;56;53m██[38;2;123;82;75m██[38;2;0;0;0m██  ██[38;2;94;94;94m██[38;2;66;63;66m██[38;2;99;94;99m██[38;2;93;94;93m████[38;2;90;94;90m██[38;2;200;97;72m██[38;2;201;97;73m████[38;2;206;99;70m██[38;2;8;0;0m██[38;2;0;0;0m    
[38;2;0;0;0m                      ██[38;2;93;93;93m██[38;2;57;70;73m██[38;2;198;103;78m██[38;2;66;66;66m██[38;2;93;93;93m██[38;2;0;0;0m██    ██[38;2;66;66;66m██████[38;2;93;93;93m██[38;2;198;94;70m██[38;2;93;94;93m██[38;2;123;86;75m████[38;2;0;0;0m██      
[38;2;0;0;0m                      ██[38;2;93;93;93m██[38;2;104;81;75m██[38;2;57;70;73m██[38;2;93;93;93m████[38;2;0;0;0m██  ██[38;2;78;78;78m██[38;2;80;80;80m████[38;2;93;93;93m██[38;2;66;66;66m██[38;2;93;94;93m████[38;2;82;60;53m██[38;2;0;8;8m██[38;2;0;0;0m        
[38;2;0;0;0m                      ██[38;2;93;93;93m██[38;2;94;94;94m██[38;2;0;0;0m██████    ██[38;2;66;66;66m██[38;2;55;56;55m██[38;2;82;82;82m████[38;2;55;56;55m██[38;2;99;94;99m██[38;2;66;63;66m██[38;2;0;0;0m██          
[38;2;0;0;0m                    ██[38;2;93;93;93m████[38;2;0;0;0m██            ██[38;2;0;4;0m██[38;2;82;82;82m██[38;2;0;4;0m██[38;2;82;82;82m██[38;2;66;63;66m██[38;2;0;0;0m██            
[38;2;0;0;0m                    ██████                ████  ██[38;2;78;78;78m██[38;2;0;0;0m██            
[38;2;0;0;0m                                                  ██              [0m
