
[38;2;0;0;0m            [38;2;0;4;0m████[38;2;0;0;0m                            
[38;2;0;0;0m          [38;2;0;4;0m██[38;2;132;100;95m████[38;2;0;4;0m██[38;2;0;0;0m                          
[38;2;0;0;0m          [38;2;0;4;0m██[38;2;132;100;95m████[38;2;0;4;0m██[38;2;0;0;0m        [38;2;0;4;0m████[38;2;0;0;0m              
[38;2;0;0;0m            [38;2;0;4;0m██[38;2;132;100;95m██[38;2;127;101;95m██[38;2;0;4;0m████████[38;2;165;123;93m██[38;2;111;92;75m██[38;2;0;4;0m██[38;2;0;0;0m            
[38;2;0;0;0m            [38;2;0;4;0m██[38;2;127;101;95m██[38;2;66;66;66m██[38;2;239;247;71m██[38;2;247;231;79m██[38;2;66;61;74m██[38;2;167;121;92m██[38;2;112;93;75m██[38;2;111;92;75m██[38;2;0;4;0m██[38;2;0;0;0m            
[38;2;0;0;0m              [38;2;0;4;0m██[38;2;239;247;71m████[38;2;66;61;74m██[38;2;156;146;76m██[38;2;112;93;75m██[38;2;167;121;92m██[38;2;0;4;0m██[38;2;0;0;0m              
[38;2;0;0;0m          [38;2;0;4;0m██[38;2;0;0;16m██[38;2;80;82;34m██[38;2;187;188;69m██[38;2;239;247;71m██[38;2;247;247;71m██[38;2;66;66;66m██████[38;2;52;85;65m██[38;2;8;0;0m██[38;2;0;0;0m            
[38;2;0;0;0m      [38;2;0;4;0m████[38;2;189;189;69m██[38;2;239;247;71m████████[38;2;187;187;69m████[38;2;189;189;69m██[38;2;66;66;66m██[38;2;74;127;98m████[38;2;0;4;0m██[38;2;0;0;0m          
[38;2;0;0;0m    [38;2;8;8;0m██[38;2;127;127;83m██[38;2;231;247;175m██[38;2;148;140;60m██[38;2;242;247;68m████[38;2;239;247;71m██████[38;2;66;66;66m████[38;2;189;189;69m██[38;2;181;189;77m██[38;2;57;74;73m██[38;2;49;89;65m██[38;2;0;4;0m████[38;2;0;0;0m      
[38;2;0;0;0m    [38;2;8;8;0m██[38;2;247;247;167m██[38;2;231;247;175m██[38;2;148;140;60m██[38;2;242;247;68m████[38;2;146;137;58m████[38;2;239;247;71m████[38;2;189;189;69m████[38;2;57;74;73m██[38;2;98;112;74m██[38;2;74;132;98m████[38;2;66;132;98m██[38;2;0;4;0m██[38;2;0;0;0m    
[38;2;0;0;0m    [38;2;0;16;16m██[38;2;85;60;42m██[38;2;99;70;67m██[38;2;255;222;151m██[38;2;146;134;82m████[38;2;255;255;255m████[38;2;146;137;58m██[38;2;239;247;71m████[38;2;102;82;72m██[38;2;66;66;66m████[38;2;66;132;98m██[38;2;60;91;76m██[38;2;0;4;0m██[38;2;0;0;0m      
[38;2;0;0;0m  [38;2;0;4;0m██[38;2;255;148;95m██[38;2;170;104;69m██[38;2;203;171;123m██[38;2;99;70;67m██[38;2;239;247;159m██[38;2;99;78;43m██[38;2;255;239;71m██[38;2;255;255;255m██[38;2;146;137;58m██[38;2;239;247;71m██[38;2;102;82;72m████[38;2;113;93;73m████[38;2;57;70;65m██[38;2;66;132;98m██[38;2;0;4;0m██[38;2;0;0;0m      
[38;2;0;0;0m  [38;2;0;4;0m██[38;2;112;93;72m██[38;2;255;140;87m██[38;2;255;137;90m████[38;2;85;80;66m██[38;2;8;0;8m██[38;2;217;219;118m██[38;2;247;255;159m██[38;2;146;137;58m██[38;2;239;247;71m██[38;2;66;66;66m████[38;2;103;80;75m████[38;2;0;4;0m████[38;2;0;0;0m        
[38;2;0;0;0m  [38;2;0;4;0m██[38;2;255;140;87m████[38;2;255;137;90m████[38;2;85;80;66m██[38;2;239;239;183m██[38;2;247;255;159m██[38;2;156;148;36m██[38;2;239;247;71m████[38;2;66;66;66m██[38;2;94;76;74m██[38;2;103;80;75m██[38;2;0;4;0m██[38;2;0;0;0m            
[38;2;0;0;0m    [38;2;0;4;0m██[38;2;255;140;87m██[38;2;66;66;66m████[38;2;152;127;60m████[38;2;146;137;58m██[38;2;239;247;71m██[38;2;242;247;68m████[38;2;239;247;71m██[38;2;66;66;66m██[38;2;0;4;0m██[38;2;0;0;0m              
[38;2;0;0;0m      [38;2;0;4;0m██[38;2;160;111;64m████[38;2;66;66;66m██[38;2;152;127;60m██[38;2;239;247;71m██[38;2;146;137;58m██[38;2;242;247;68m████[38;2;239;247;71m████[38;2;0;4;0m██[38;2;0;0;0m              
[38;2;0;0;0m        [38;2;0;8;8m██[38;2;66;55;58m██[38;2;129;129;86m██[38;2;239;247;175m██[38;2;148;140;60m██[38;2;231;247;175m██[38;2;146;137;58m██[38;2;239;247;71m████[38;2;66;66;66m██[38;2;115;89;73m██[38;2;0;4;0m████[38;2;0;0;0m          
[38;2;0;0;0m    [38;2;0;4;0m████[38;2;99;78;83m████[38;2;74;70;42m██[38;2;239;247;175m██[38;2;231;247;175m████[38;2;146;137;58m██[38;2;239;247;71m████[38;2;66;66;66m██[38;2;115;89;73m████[38;2;111;92;75m██[38;2;0;4;0m██[38;2;0;0;0m        
[38;2;0;0;0m  [38;2;0;4;0m██[38;2;82;181;122m██[38;2;87;79;74m██[38;2;99;78;83m██[38;2;66;55;58m██[38;2;0;4;0m██[38;2;148;140;60m██[38;2;247;255;143m██[38;2;148;140;52m██[38;2;242;247;68m████[38;2;239;247;71m████[38;2;66;65;66m██[38;2;0;4;0m██[38;2;115;89;73m████[38;2;0;4;0m████[38;2;0;0;0m    
[38;2;0;4;0m██[38;2;255;140;87m██[38;2;82;181;122m██[38;2;85;130;98m██[38;2;99;78;83m██[38;2;0;8;8m██[38;2;0;0;0m  [38;2;0;4;0m██[38;2;148;140;52m██[38;2;214;217;113m██[38;2;242;247;68m████[38;2;239;247;71m██[38;2;187;188;69m██[38;2;0;4;0m██[38;2;0;0;0m  [38;2;0;4;0m██[38;2;115;89;73m██[38;2;90;113;86m████[38;2;0;4;0m██[38;2;0;0;0m  
[38;2;0;8;8m██[38;2;247;140;95m██[38;2;159;113;69m██[38;2;66;132;98m████[38;2;0;4;0m██[38;2;0;0;0m    [38;2;8;12;8m██[38;2;255;255;79m██[38;2;239;247;71m████[38;2;187;188;69m████[38;2;0;4;0m██[38;2;0;0;0m  [38;2;0;4;0m██[38;2;111;92;75m██[38;2;66;132;98m████[38;2;255;140;87m██[38;2;0;4;0m██
[38;2;0;8;8m██[38;2;82;52;37m██[38;2;159;113;69m████[38;2;0;4;0m██[38;2;0;0;0m    [38;2;0;4;0m██[38;2;173;174;55m████[38;2;187;188;69m██████[38;2;239;247;71m██[38;2;189;189;69m██[38;2;0;4;0m██[38;2;0;0;0m  [38;2;0;4;0m██[38;2;66;132;98m██[38;2;255;140;87m████[38;2;0;4;0m██
[38;2;0;0;0m  [38;2;0;4;0m██████[38;2;0;0;0m    [38;2;0;8;0m██[38;2;198;189;70m██[38;2;190;188;67m██[38;2;148;137;55m██[38;2;189;189;69m████[38;2;242;247;68m████[38;2;239;247;71m██[38;2;0;4;0m██[38;2;0;0;0m  [38;2;0;4;0m██[38;2;165;101;63m██[38;2;247;148;95m██[38;2;156;111;68m██[38;2;0;4;0m██
[38;2;0;0;0m            [38;2;0;8;0m██[38;2;132;129;47m██[38;2;190;188;67m████[38;2;0;4;0m████[38;2;242;247;68m████[38;2;239;247;71m██[38;2;0;4;0m██[38;2;0;0;0m    [38;2;0;8;0m████[38;2;0;4;0m██[38;2;0;0;0m  
[38;2;0;0;0m              [38;2;0;4;0m██████[38;2;0;0;0m    [38;2;0;4;0m██[38;2;239;247;71m██[38;2;170;173;53m██[38;2;255;255;79m██[38;2;0;4;0m██[38;2;0;0;0m          
[38;2;0;0;0m                          [38;2;0;4;0m██[38;2;0;8;0m████[38;2;0;0;0m            [0m
