
[38;2;0;0;0m                ████████                        
[38;2;0;0;0m        ████████[38;2;222;206;182m████████[38;2;0;0;0m████                    
[38;2;0;0;0m      ██[38;2;222;206;182m████████████████████[38;2;0;0;0m██                  
[38;2;0;0;0m      ██[38;2;222;206;182m████████████████████[38;2;0;0;0m██                  
[38;2;0;0;0m        ██[38;2;222;206;182m██████[38;2;139;115;91m██[38;2;222;206;182m████[38;2;140;119;92m██[38;2;222;206;182m██[38;2;198;90;118m██[38;2;255;127;159m██[38;2;0;0;0m██          ████  
[38;2;0;0;0m          ██[38;2;66;66;66m████[38;2;222;206;182m████[38;2;140;119;92m██[38;2;181;162;137m██[38;2;198;90;118m████[38;2;170;85;106m██[38;2;0;0;0m██  ████████[38;2;140;99;84m██[38;2;66;66;66m██[38;2;0;0;0m██
[38;2;0;0;0m            ██[38;2;198;165;134m██[38;2;222;206;182m██[38;2;139;115;91m██[38;2;85;85;85m██[38;2;255;255;255m██[38;2;145;118;89m██[38;2;222;206;182m██[38;2;189;165;133m██[38;2;0;4;8m██[38;2;0;0;0m██[38;2;189;165;133m██[38;2;192;158;128m██[38;2;66;61;66m██[38;2;140;102;84m████[38;2;140;99;84m██[38;2;0;0;0m██
[38;2;0;0;0m            ██[38;2;132;110;89m██[38;2;222;206;182m████[38;2;0;0;0m██[38;2;255;255;255m██[38;2;184;162;136m████[38;2;189;165;133m██[38;2;63;58;50m██[38;2;189;165;133m████[38;2;66;61;66m██[38;2;129;109;97m██[38;2;140;102;84m████[38;2;140;99;84m██[38;2;0;0;0m██
[38;2;0;0;0m              ██[38;2;66;74;74m██[38;2;222;214;190m██[38;2;231;214;175m██[38;2;176;165;139m██[38;2;82;53;66m██[38;2;198;156;134m██[38;2;66;61;66m██[38;2;255;123;151m██[38;2;156;123;124m██[38;2;82;49;66m██[38;2;74;61;58m██[38;2;126;109;97m██[38;2;140;99;84m██[38;2;0;0;0m████  
[38;2;0;0;0m        ██████[38;2;189;189;189m██[38;2;118;121;113m████[38;2;66;66;66m████[38;2;198;156;134m██[38;2;159;122;111m██[38;2;255;123;151m██[38;2;192;102;123m██[38;2;231;198;183m████[38;2;231;206;175m██[38;2;74;61;58m██[38;2;0;0;0m██      
[38;2;0;0;0m  ██████[38;2;181;132;85m████[38;2;181;127;85m██[38;2;66;61;66m██[38;2;66;66;66m████[38;2;134;107;92m██[38;2;195;156;125m██[38;2;198;156;134m██[38;2;159;122;111m██[38;2;255;123;151m██[38;2;197;90;117m██[38;2;239;198;183m████[38;2;222;206;182m████[38;2;0;0;0m██      
[38;2;0;0;0m██[38;2;222;181;110m██[38;2;181;132;85m██████[38;2;140;99;84m██[38;2;143;105;79m████[38;2;140;99;84m████[38;2;134;107;92m██[38;2;74;57;58m██[38;2;198;156;134m██[38;2;82;53;66m██[38;2;197;90;117m██[38;2;255;123;151m██[38;2;165;132;122m██[38;2;16;0;0m██[38;2;222;206;182m██[38;2;66;66;66m██[38;2;0;0;0m██      
[38;2;0;0;0m██[38;2;222;181;110m████[38;2;139;98;83m██[38;2;140;102;84m████[38;2;140;99;84m████████[38;2;66;66;66m████[38;2;222;206;182m████[38;2;74;57;66m████[38;2;0;0;0m██  ████        
[38;2;0;0;0m██[38;2;222;181;110m████[38;2;139;98;83m██[38;2;140;102;84m████[38;2;140;99;84m██[38;2;0;0;0m██████[38;2;66;66;66m██[38;2;189;165;133m██[38;2;222;206;182m████[38;2;239;189;183m██[38;2;156;123;124m██[38;2;0;0;0m██              
[38;2;0;0;0m  ██[38;2;222;173;118m██[38;2;148;115;79m██[38;2;0;0;0m██████    ██[38;2;189;165;133m████[38;2;222;206;182m████[38;2;198;90;118m██[38;2;255;123;151m██[38;2;167;126;122m██[38;2;8;0;0m██[38;2;0;0;0m            
[38;2;0;0;0m    ████          ██[38;2;66;66;66m██[38;2;189;165;133m██[38;2;189;167;133m██[38;2;222;206;182m██[38;2;198;90;118m████[38;2;247;189;183m██[38;2;8;0;0m██[38;2;0;0;0m            
[38;2;0;0;0m                    ██████[38;2;189;165;133m██[38;2;222;206;182m██████[38;2;0;0;0m██            
[38;2;0;0;0m                          ██[38;2;222;206;182m████[38;2;0;0;0m██              
[38;2;0;0;0m                            ████                [0m
