
[38;2;0;0;0m                      [38;2;49;49;49m████[38;2;0;0;0m                    
[38;2;0;0;0m                    [38;2;49;49;49m██[38;2;123;180;238m██[38;2;49;49;49m██[38;2;0;0;0m                    
[38;2;0;0;0m                  [38;2;49;49;49m██[38;2;123;180;238m████[38;2;49;49;49m██[38;2;0;0;0m              [38;2;49;49;49m████[38;2;0;0;0m  
[38;2;0;0;0m                  [38;2;49;49;49m██[38;2;123;180;238m██[38;2;82;82;82m████[38;2;49;49;49m██████[38;2;0;0;0m      [38;2;49;49;49m██[38;2;123;180;238m██[38;2;49;49;49m██[38;2;0;0;0m  
[38;2;0;0;0m    [38;2;49;49;49m██[38;2;0;0;0m            [38;2;49;49;49m██[38;2;82;82;82m██[38;2;115;115;148m████[38;2;90;90;115m██████[38;2;49;49;49m██[38;2;0;0;0m  [38;2;49;49;49m██[38;2;123;180;238m████[38;2;49;49;49m██[38;2;0;0;0m  
[38;2;0;0;0m  [38;2;49;49;49m██[38;2;123;180;238m██[38;2;49;49;49m██[38;2;0;0;0m        [38;2;49;49;49m██[38;2;115;115;148m████[38;2;90;90;115m██████[38;2;115;115;148m████[38;2;90;90;115m██[38;2;49;49;49m██[38;2;98;131;189m██[38;2;123;180;238m██[38;2;49;49;49m██[38;2;0;0;0m    
[38;2;49;49;49m██[38;2;115;115;148m██[38;2;123;180;238m██[38;2;82;82;82m██[38;2;49;49;49m██[38;2;0;0;0m    [38;2;49;49;49m████[38;2;82;82;82m████[38;2;90;90;115m██[38;2;115;115;148m████[38;2;90;90;115m██████[38;2;115;115;148m██[38;2;82;82;82m██[38;2;49;49;49m██[38;2;0;0;0m      
[38;2;49;49;49m██[38;2;82;82;82m██[38;2;123;180;238m██████[38;2;49;49;49m████[38;2;123;180;238m████████[38;2;82;82;82m████[38;2;115;115;148m████[38;2;90;90;115m████[38;2;115;115;148m██[38;2;49;49;49m██[38;2;0;0;0m        
[38;2;49;49;49m██[38;2;123;180;238m██████[38;2;98;131;189m██[38;2;82;82;82m██[38;2;98;131;189m██████[38;2;123;180;238m██████[38;2;98;131;189m██[38;2;82;82;82m██[38;2;90;90;115m██[38;2;115;115;148m████[38;2;49;49;49m██[38;2;0;0;0m          
[38;2;0;0;0m  [38;2;49;49;49m██████[38;2;82;82;82m██[38;2;115;115;148m██[38;2;123;180;238m██████[38;2;98;131;189m██[38;2;115;115;148m██[38;2;90;90;115m██[38;2;123;180;238m██[38;2;98;131;189m██[38;2;82;82;82m████[38;2;49;49;49m██[38;2;0;0;0m      [38;2;49;49;49m██████
[38;2;0;0;0m        [38;2;49;49;49m██[38;2;90;90;115m██[38;2;123;180;238m████[38;2;115;115;148m████[38;2;255;255;255m██[38;2;90;90;115m██[38;2;123;180;238m██[38;2;82;82;82m██[38;2;98;131;189m██[38;2;123;180;238m████[38;2;49;49;49m██████[38;2;123;180;238m████[38;2;49;49;49m██
[38;2;0;0;0m        [38;2;49;49;49m██[38;2;115;115;148m██[38;2;90;90;115m██[38;2;115;115;148m████[38;2;49;49;49m██[38;2;255;255;255m██[38;2;90;90;115m██[38;2;98;131;189m██[38;2;49;49;49m██[38;2;123;180;238m████████████[38;2;90;90;115m████[38;2;49;49;49m██
[38;2;0;0;0m        [38;2;49;49;49m██[38;2;115;115;148m██████[38;2;90;90;115m██[38;2;148;197;213m██[38;2;123;180;238m██[38;2;98;131;189m██[38;2;49;49;49m██[38;2;0;0;0m  [38;2;49;49;49m████[38;2;123;180;238m████[38;2;98;131;189m██[38;2;90;90;115m██[38;2;115;115;148m██[38;2;49;49;49m██[38;2;0;0;0m  
[38;2;0;0;0m        [38;2;49;49;49m██[38;2;90;90;115m██[38;2;115;115;148m██[38;2;49;49;49m██[38;2;197;82;115m████[38;2;98;131;189m██[38;2;49;49;49m██[38;2;0;0;0m        [38;2;49;49;49m██████████[38;2;0;0;0m    
[38;2;0;0;0m          [38;2;49;49;49m████[38;2;0;0;0m  [38;2;49;49;49m██████[38;2;0;0;0m                        [0m
