
[38;2;0;0;0m            ████                
[38;2;0;0;0m          ██[38;2;239;239;151m████[38;2;0;0;0m██  ████        
[38;2;0;0;0m      ████[38;2;115;99;51m██[38;2;156;148;79m██[38;2;115;103;43m██[38;2;115;99;51m██[38;2;0;0;0m██[38;2;239;239;151m████[38;2;0;0;0m██      
[38;2;0;0;0m    ██[38;2;239;239;151m██[38;2;115;99;51m██[38;2;203;192;112m██[38;2;115;99;51m██[38;2;239;239;151m██[38;2;115;103;51m██[38;2;168;146;72m██[38;2;167;145;71m██[38;2;222;189;94m██[38;2;0;0;0m████    
[38;2;0;0;0m    ██[38;2;239;239;151m██[38;2;247;239;143m██[38;2;115;99;51m██[38;2;239;239;151m████[38;2;222;189;94m██[38;2;115;103;51m██[38;2;222;189;94m██[38;2;112;101;48m██[38;2;159;159;90m██[38;2;239;239;135m██[38;2;0;0;0m██  
[38;2;0;0;0m    [38;2;0;4;0m██[38;2;231;198;95m██[38;2;233;222;148m██[38;2;222;206;94m██[38;2;239;239;151m████[38;2;247;239;143m██[38;2;123;99;43m██[38;2;115;99;51m██[38;2;239;239;151m████[38;2;222;189;94m██[38;2;0;0;0m██  
[38;2;0;0;0m    [38;2;0;4;0m██[38;2;154;133;63m██[38;2;233;222;148m██[38;2;255;255;255m██[38;2;239;239;151m████[38;2;206;192;110m██[38;2;247;239;143m██[38;2;239;239;151m██████[38;2;222;189;94m██[38;2;0;0;0m██  
[38;2;0;0;0m      ██[38;2;255;247;151m██[38;2;16;8;0m██[38;2;239;239;151m████[38;2;255;255;207m██[38;2;175;171;138m██[38;2;239;239;151m████[38;2;222;189;94m██[38;2;111;94;47m██[38;2;0;0;0m██  
[38;2;0;0;0m  ████[38;2;66;66;66m██[38;2;175;167;101m██[38;2;255;247;151m██[38;2;255;123;167m██[38;2;239;239;151m██[38;2;16;4;0m██[38;2;175;171;138m██[38;2;239;239;151m██[38;2;222;189;94m████[38;2;0;0;0m██    
[38;2;0;0;0m██[38;2;222;189;94m██[38;2;66;66;66m██[38;2;255;255;255m██[38;2;66;66;74m██[38;2;129;129;134m██[38;2;145;123;124m██[38;2;200;189;181m██[38;2;239;239;159m████[38;2;74;70;50m██[38;2;164;162;140m██[38;2;66;66;66m██[38;2;255;255;255m██[38;2;0;0;0m██  
[38;2;0;0;0m  ██[38;2;66;66;66m██[38;2;255;255;255m██[38;2;192;192;195m██[38;2;255;255;255m██[38;2;255;255;239m██[38;2;90;57;66m██[38;2;148;148;120m██[38;2;57;57;81m██[38;2;255;255;231m██[38;2;74;70;50m██[38;2;255;255;255m████[38;2;0;0;0m██  
[38;2;0;0;0m    [38;2;8;0;0m██[38;2;239;165;151m██[38;2;255;255;255m████████[38;2;131;131;155m██[38;2;255;255;255m██████[38;2;255;255;239m██[38;2;74;66;50m██[38;2;0;0;0m██  
[38;2;0;0;0m    [38;2;8;0;0m██[38;2;162;110;101m██[38;2;189;189;189m██[38;2;255;255;255m██[38;2;123;184;251m████[38;2;255;255;255m████████[38;2;164;160;144m████[38;2;239;239;151m██[38;2;0;0;0m██
[38;2;0;0;0m      ██[38;2;151;98;84m██[38;2;206;189;182m██[38;2;57;132;241m██[38;2;255;255;255m██[38;2;140;173;212m██[38;2;255;255;231m██[38;2;222;255;254m██[38;2;219;195;185m██[38;2;189;189;189m██[38;2;0;0;0m████  
[38;2;0;0;0m      ██[38;2;123;53;35m██[38;2;206;189;182m██[38;2;57;132;241m████[38;2;178;200;218m████[38;2;214;74;46m██[38;2;219;195;185m██[38;2;63;63;63m██[38;2;0;0;0m██    
[38;2;0;0;0m      ██[38;2;222;189;94m██[38;2;111;94;47m██[38;2;0;0;0m██[38;2;189;189;189m██[38;2;189;189;181m████[38;2;143;126;97m██[38;2;71;63;61m██[38;2;0;0;0m██      
[38;2;0;0;0m        ████  ██[38;2;8;0;0m██[38;2;98;94;90m██[38;2;214;189;134m██[38;2;0;0;24m██[38;2;0;0;0m        
[38;2;0;0;0m                  ████          [0m
