
[38;2;0;0;0m                [38;2;49;49;49m██████[38;2;0;0;0m    
[38;2;0;0;0m          [38;2;49;49;49m██[38;2;0;0;0m  [38;2;49;49;49m██[38;2;255;222;41m████[38;2;49;49;49m██[38;2;0;0;0m    
[38;2;0;0;0m        [38;2;49;49;49m██[38;2;255;222;41m██[38;2;49;49;49m██[38;2;255;222;41m████[38;2;230;164;65m██[38;2;49;49;49m████[38;2;0;0;0m  
[38;2;0;0;0m        [38;2;49;49;49m██[38;2;255;222;41m██████[38;2;230;164;65m██[38;2;255;222;41m████[38;2;49;49;49m██[38;2;0;0;0m  
[38;2;0;0;0m        [38;2;49;49;49m██[38;2;255;222;41m██████████[38;2;230;164;65m██[38;2;49;49;49m██[38;2;0;0;0m  
[38;2;0;0;0m    [38;2;49;49;49m████[38;2;246;148;41m██[38;2;255;222;41m██[38;2;213;98;65m██[38;2;255;222;41m██[38;2;230;164;65m██[38;2;82;82;82m██[38;2;49;49;49m██[38;2;0;0;0m    
[38;2;0;0;0m  [38;2;49;49;49m██[38;2;246;148;41m██████[38;2;213;98;65m██[38;2;246;148;41m██[38;2;213;98;65m████[38;2;246;148;41m██[38;2;131;74;65m██[38;2;49;49;49m██[38;2;0;0;0m  
[38;2;49;49;49m██[38;2;246;148;41m████████████████████[38;2;49;49;49m██[38;2;0;0;0m  
[38;2;49;49;49m██[38;2;255;255;255m██[38;2;246;148;41m██████████████████[38;2;213;98;65m██[38;2;49;49;49m██
[38;2;49;49;49m████[38;2;213;98;65m████[38;2;246;148;41m██████████████[38;2;213;98;65m██[38;2;49;49;49m██
[38;2;49;49;49m██[38;2;213;98;65m██[38;2;230;213;106m████[38;2;131;74;65m██[38;2;246;148;41m████[38;2;255;255;255m██[38;2;49;49;49m██[38;2;246;148;41m██[38;2;213;98;65m████[38;2;49;49;49m██
[38;2;0;0;0m  [38;2;49;49;49m██[38;2;180;139;49m██[38;2;230;213;106m████[38;2;131;74;65m██[38;2;213;98;65m██[38;2;82;82;82m██[38;2;49;49;49m██[38;2;213;98;65m████[38;2;49;49;49m██[38;2;0;0;0m  
[38;2;0;0;0m    [38;2;49;49;49m██[38;2;131;74;65m████[38;2;213;98;65m██████████[38;2;82;82;82m██[38;2;255;222;41m██[38;2;49;49;49m██
[38;2;0;0;0m    [38;2;49;49;49m██[38;2;255;222;41m██[38;2;230;164;65m██[38;2;213;98;65m████[38;2;255;222;41m██[38;2;230;164;65m██[38;2;255;222;41m████[38;2;230;164;65m██[38;2;49;49;49m██
[38;2;0;0;0m      [38;2;49;49;49m██[38;2;131;74;65m██[38;2;213;98;65m████[38;2;131;74;65m██[38;2;255;222;41m████[38;2;230;164;65m██[38;2;131;74;65m██[38;2;49;49;49m██
[38;2;0;0;0m        [38;2;49;49;49m██[38;2;131;74;65m████[38;2;213;98;65m██[38;2;131;74;65m████[38;2;213;98;65m██[38;2;49;49;49m██[38;2;0;0;0m  
[38;2;0;0;0m          [38;2;49;49;49m██[38;2;230;213;106m██[38;2;49;49;49m██[38;2;213;98;65m████[38;2;131;74;65m██[38;2;49;49;49m██[38;2;0;0;0m  
[38;2;0;0;0m          [38;2;49;49;49m████[38;2;0;0;0m  [38;2;49;49;49m██[38;2;230;213;106m██[38;2;49;49;49m██[38;2;0;0;0m    
[38;2;0;0;0m                [38;2;49;49;49m████[38;2;0;0;0m      [0m
