
[38;2;0;0;0m                                            [38;2;49;49;49m██[38;2;0;0;0m              
[38;2;0;0;0m                                  [38;2;49;49;49m████[38;2;0;0;0m    [38;2;49;49;49m██[38;2;255;255;255m██[38;2;49;49;49m██[38;2;0;0;0m            
[38;2;0;0;0m                                [38;2;49;49;49m██[38;2;255;255;255m████[38;2;49;49;49m██[38;2;0;0;0m  [38;2;49;49;49m██[38;2;255;255;255m████[38;2;49;49;49m██[38;2;0;0;0m          
[38;2;0;0;0m              [38;2;49;49;49m████[38;2;0;0;0m        [38;2;49;49;49m██[38;2;0;0;0m  [38;2;49;49;49m██[38;2;255;255;255m████████[38;2;49;49;49m██[38;2;180;180;180m██[38;2;255;255;255m████[38;2;213;213;213m██[38;2;49;49;49m██[38;2;0;0;0m        
[38;2;0;0;0m            [38;2;49;49;49m██[38;2;255;213;90m████[38;2;49;49;49m██[38;2;0;0;0m  [38;2;49;49;49m████[38;2;156;98;222m██[38;2;49;49;49m██[38;2;82;82;82m██[38;2;255;255;255m████[38;2;180;180;180m██[38;2;255;255;255m██[38;2;180;180;180m██[38;2;255;255;255m████[38;2;213;213;213m████[38;2;49;49;49m██[38;2;0;0;0m        
[38;2;0;0;0m            [38;2;49;49;49m██[38;2;255;213;90m██[38;2;197;156;90m██[38;2;255;213;90m██[38;2;49;49;49m████[38;2;131;205;90m██[38;2;156;98;222m████[38;2;115;115;115m██[38;2;213;213;213m██[38;2;255;255;255m██[38;2;180;180;180m██[38;2;82;82;82m██[38;2;180;180;180m██[38;2;255;255;255m██[38;2;213;213;213m████[38;2;49;49;49m██[38;2;0;0;0m          
[38;2;0;0;0m        [38;2;49;49;49m████[38;2;131;74;189m████[38;2;156;98;222m██████[38;2;82;82;82m██[38;2;98;156;74m██[38;2;131;74;189m██[38;2;156;98;222m██[38;2;82;82;82m██[38;2;180;180;180m████[38;2;82;82;82m██[38;2;156;98;222m██[38;2;82;82;82m██[38;2;180;180;180m██[38;2;213;213;213m██████[38;2;49;49;49m██[38;2;0;0;0m        
[38;2;0;0;0m    [38;2;49;49;49m████[38;2;255;213;90m██[38;2;131;74;189m██[38;2;156;98;222m████[38;2;49;49;49m██████[38;2;131;74;189m██[38;2;82;82;82m██[38;2;255;213;90m██[38;2;131;205;90m████[38;2;82;82;82m████[38;2;156;98;222m████[38;2;98;156;74m██[38;2;82;82;82m██████[38;2;213;213;213m████[38;2;49;49;49m██[38;2;0;0;0m      
[38;2;0;0;0m  [38;2;49;49;49m██[38;2;255;213;90m████[38;2;197;156;90m██[38;2;156;98;222m██[38;2;49;49;49m████[38;2;0;0;0m      [38;2;49;49;49m██[38;2;180;180;180m██[38;2;197;156;90m██[38;2;131;205;90m████████[38;2;156;98;222m██[38;2;131;74;189m██[38;2;82;82;82m██[38;2;131;205;90m████[38;2;82;82;82m██[38;2;180;180;180m██[38;2;213;213;213m██[38;2;49;49;49m██[38;2;0;0;0m      
[38;2;49;49;49m██[38;2;255;213;90m██████[38;2;131;74;189m██[38;2;49;49;49m██[38;2;0;0;0m        [38;2;49;49;49m████[38;2;255;255;255m██[38;2;131;98;57m██[38;2;255;255;255m██[38;2;131;205;90m████[38;2;255;213;90m████[38;2;98;156;74m██[38;2;255;255;255m██[38;2;131;205;90m██[38;2;98;156;74m██[38;2;82;82;82m██[38;2;180;180;180m██[38;2;49;49;49m██[38;2;0;0;0m        
[38;2;49;49;49m██[38;2;255;213;90m██[38;2;197;156;90m██[38;2;255;213;90m██[38;2;49;49;49m██[38;2;0;0;0m          [38;2;49;49;49m██[38;2;255;255;255m████████[38;2;131;205;90m██[38;2;197;156;90m██[38;2;131;98;57m██[38;2;255;213;90m██[38;2;255;255;255m████[38;2;131;205;90m██[38;2;82;82;82m██[38;2;180;180;180m████[38;2;49;49;49m██[38;2;0;0;0m        
[38;2;49;49;49m██[38;2;197;156;90m██[38;2;255;213;90m██[38;2;82;82;82m██[38;2;49;49;49m██[38;2;0;0;0m        [38;2;49;49;49m██[38;2;82;82;82m████[38;2;255;255;255m██[38;2;115;115;115m██[38;2;255;255;255m████████████[38;2;131;205;90m██[38;2;98;156;74m████[38;2;82;82;82m██[38;2;49;49;49m██[38;2;0;0;0m          
[38;2;0;0;0m  [38;2;49;49;49m██[38;2;82;82;82m██[38;2;156;98;222m██[38;2;49;49;49m██[38;2;0;0;0m      [38;2;49;49;49m██[38;2;131;205;90m████[38;2;98;156;74m██[38;2;82;82;82m████[38;2;255;255;255m██[38;2;115;115;115m██[38;2;255;255;255m██[38;2;213;213;213m████[38;2;255;255;255m████[38;2;82;82;82m████[38;2;49;49;49m██[38;2;0;0;0m            
[38;2;0;0;0m  [38;2;49;49;49m██[38;2;131;74;189m██[38;2;255;213;90m██[38;2;131;74;189m██[38;2;49;49;49m██[38;2;0;0;0m  [38;2;49;49;49m██[38;2;98;156;74m██[38;2;131;205;90m██████[38;2;82;82;82m██[38;2;98;156;74m██[38;2;82;82;82m████[38;2;255;255;255m██[38;2;180;180;180m██[38;2;115;115;115m██[38;2;255;255;255m██[38;2;82;82;82m████[38;2;131;205;90m██[38;2;98;156;74m██[38;2;49;49;49m██[38;2;0;0;0m          
[38;2;0;0;0m  [38;2;49;49;49m██[38;2;131;74;189m██[38;2;255;213;90m████[38;2;49;49;49m██[38;2;0;0;0m  [38;2;49;49;49m██[38;2;98;156;74m██[38;2;156;98;222m████[38;2;131;205;90m████[38;2;82;82;82m██[38;2;131;74;189m██[38;2;82;82;82m██[38;2;255;255;255m██[38;2;82;82;82m██[38;2;131;205;90m██[38;2;115;115;115m██[38;2;131;205;90m████[38;2;156;98;222m████[38;2;131;74;189m██[38;2;49;49;49m██[38;2;0;0;0m        
[38;2;0;0;0m  [38;2;49;49;49m██[38;2;156;98;222m██[38;2;197;156;90m██[38;2;255;213;90m████[38;2;49;49;49m██[38;2;0;0;0m  [38;2;49;49;49m██[38;2;131;74;189m██[38;2;156;98;222m██[38;2;131;205;90m████[38;2;82;82;82m██[38;2;131;205;90m████[38;2;82;82;82m██[38;2;131;205;90m████████[38;2;156;98;222m██████[38;2;131;74;189m██[38;2;49;49;49m██[38;2;0;0;0m    [38;2;49;49;49m████
[38;2;0;0;0m  [38;2;49;49;49m██[38;2;156;98;222m██[38;2;197;156;90m████[38;2;255;213;90m██[38;2;82;82;82m██[38;2;49;49;49m████[38;2;82;82;82m██[38;2;98;156;74m████[38;2;82;82;82m████[38;2;131;205;90m████████[38;2;156;98;222m██[38;2;131;205;90m████████[38;2;98;156;74m██[38;2;82;82;82m██[38;2;213;213;213m██[38;2;49;49;49m████[38;2;255;255;255m██[38;2;49;49;49m██
[38;2;0;0;0m    [38;2;49;49;49m██[38;2;82;82;82m██[38;2;255;213;90m██[38;2;197;156;90m██[38;2;82;82;82m██[38;2;131;74;189m██[38;2;156;98;222m████[38;2;82;82;82m██[38;2;180;180;180m██[38;2;213;213;213m██[38;2;180;180;180m██[38;2;82;82;82m██[38;2;131;205;90m██[38;2;156;98;222m████[38;2;131;205;90m████[38;2;156;98;222m██[38;2;131;205;90m██[38;2;115;115;115m██[38;2;82;82;82m██[38;2;255;255;255m████████[38;2;49;49;49m██[38;2;0;0;0m  
[38;2;0;0;0m    [38;2;49;49;49m██[38;2;131;74;189m██[38;2;82;82;82m██████[38;2;156;98;222m████████[38;2;82;82;82m██[38;2;213;213;213m██████[38;2;82;82;82m██[38;2;131;74;189m████[38;2;98;156;74m██[38;2;115;115;115m██[38;2;82;82;82m████[38;2;213;213;213m██[38;2;255;255;255m████████[38;2;180;180;180m██[38;2;49;49;49m██[38;2;0;0;0m  
[38;2;0;0;0m      [38;2;49;49;49m██[38;2;131;74;189m██[38;2;156;98;222m██[38;2;82;82;82m██[38;2;156;98;222m██[38;2;82;82;82m██[38;2;156;98;222m████[38;2;82;82;82m██[38;2;213;213;213m██[38;2;255;255;255m████[38;2;180;180;180m██[38;2;82;82;82m██████[38;2;180;180;180m██[38;2;255;255;255m██████████[38;2;213;213;213m██[38;2;49;49;49m████[38;2;0;0;0m    
[38;2;0;0;0m        [38;2;49;49;49m██[38;2;131;74;189m████[38;2;82;82;82m████[38;2;156;98;222m██[38;2;131;74;189m██[38;2;82;82;82m██[38;2;255;255;255m██████████████[38;2;213;213;213m██[38;2;255;255;255m████[38;2;213;213;213m████[38;2;255;255;255m██[38;2;180;180;180m██[38;2;49;49;49m██[38;2;0;0;0m      
[38;2;0;0;0m          [38;2;49;49;49m████[38;2;131;74;189m██████[38;2;82;82;82m██[38;2;180;180;180m██[38;2;255;255;255m████████████████[38;2;213;213;213m████[38;2;180;180;180m██[38;2;82;82;82m██[38;2;213;213;213m██[38;2;49;49;49m██[38;2;0;0;0m        
[38;2;0;0;0m              [38;2;49;49;49m██[38;2;82;82;82m████[38;2;180;180;180m██████[38;2;213;213;213m██[38;2;255;255;255m████[38;2;213;213;213m██[38;2;255;255;255m██████[38;2;213;213;213m██████[38;2;49;49;49m████[38;2;0;0;0m          
[38;2;0;0;0m                [38;2;49;49;49m██[38;2;180;180;180m████[38;2;49;49;49m██[38;2;180;180;180m████[38;2;213;213;213m████[38;2;180;180;180m██[38;2;213;213;213m██[38;2;49;49;49m██[38;2;213;213;213m████[38;2;180;180;180m██[38;2;49;49;49m██[38;2;0;0;0m              
[38;2;0;0;0m                  [38;2;49;49;49m████[38;2;0;0;0m  [38;2;49;49;49m████[38;2;180;180;180m██████[38;2;49;49;49m██[38;2;0;0;0m  [38;2;49;49;49m██████[38;2;0;0;0m                
[38;2;0;0;0m                            [38;2;49;49;49m██████[38;2;0;0;0m                          [0m
