
[38;2;0;0;0m                    [38;2;0;4;0m██[38;2;0;0;0m                                                      
[38;2;0;0;0m                  [38;2;0;4;0m██[38;2;239;173;111m██[38;2;0;4;0m██[38;2;0;0;0m                  [38;2;0;4;0m████[38;2;0;0;0m                              
[38;2;0;0;0m                [38;2;0;4;0m██[38;2;203;137;107m████[38;2;0;4;0m██[38;2;0;0;0m              [38;2;16;8;0m████[38;2;239;173;111m████[38;2;0;4;0m██[38;2;0;0;0m                            
[38;2;0;0;0m          [38;2;0;4;0m██[38;2;0;0;0m    [38;2;0;4;0m██[38;2;148;231;244m██[38;2;176;184;176m██[38;2;0;4;0m██[38;2;0;0;0m            [38;2;0;4;0m██[38;2;239;247;231m██[38;2;165;167;154m██[38;2;239;173;111m██[38;2;0;4;0m██[38;2;0;0;0m                              
[38;2;0;0;0m        [38;2;0;4;0m██[38;2;165;127;127m██[38;2;0;4;0m██[38;2;0;0;8m██[38;2;189;214;253m██[38;2;181;247;253m██[38;2;110;148;171m██[38;2;0;4;0m██[38;2;0;0;0m          [38;2;0;0;8m██[38;2;189;214;253m██[38;2;181;247;253m████[38;2;0;4;0m██[38;2;0;0;0m                                
[38;2;0;0;0m        [38;2;0;4;0m██[38;2;165;127;127m████[38;2;126;143;171m████[38;2;110;148;171m████[38;2;0;4;0m██[38;2;0;0;0m        [38;2;0;4;0m██[38;2;126;143;171m████[38;2;135;123;187m████[38;2;99;156;163m██[38;2;0;4;0m██[38;2;0;0;0m    [38;2;0;4;0m████████[38;2;0;0;0m                  
[38;2;0;0;0m        [38;2;0;4;0m██[38;2;123;132;179m████[38;2;137;121;185m████[38;2;135;123;187m██[38;2;181;247;253m██[38;2;93;161;163m██[38;2;0;4;0m██[38;2;0;0;0m    [38;2;0;4;0m██[38;2;140;123;188m██[38;2;137;121;185m████[38;2;137;123;188m████████[38;2;0;4;0m████[38;2;173;239;253m██[38;2;181;156;117m██[38;2;247;173;119m████[38;2;0;4;0m██[38;2;0;0;0m                
[38;2;0;0;0m          [38;2;0;4;0m██[38;2;123;132;179m██[38;2;66;66;66m██[38;2;137;121;185m██[38;2;135;123;187m██[38;2;181;247;253m██[38;2;93;161;163m██[38;2;0;4;0m██[38;2;0;0;0m    [38;2;0;4;0m██[38;2;140;123;188m██[38;2;137;121;185m██[38;2;66;66;66m██[38;2;137;123;188m████████[38;2;181;247;253m████[38;2;173;239;253m██[38;2;178;184;162m██[38;2;167;117;82m██[38;2;8;4;8m██[38;2;0;0;0m                  
[38;2;0;0;0m          [38;2;0;4;0m██[38;2;66;63;90m██[38;2;247;111;175m██[38;2;115;92;118m██[38;2;135;123;187m██[38;2;181;247;253m██[38;2;93;161;163m██[38;2;0;4;0m██[38;2;0;0;0m  [38;2;0;4;0m██[38;2;137;123;188m████[38;2;49;82;89m██[38;2;231;119;191m██[38;2;66;66;66m██[38;2;132;123;188m██[38;2;137;121;185m████[38;2;181;247;253m██[38;2;93;159;165m██[38;2;99;156;163m██[38;2;0;4;0m████[38;2;0;0;0m                    
[38;2;0;0;0m          [38;2;0;4;0m██[38;2;132;123;180m██[38;2;49;82;89m██[38;2;115;92;118m██[38;2;135;123;187m████[38;2;93;161;163m██[38;2;0;4;0m██[38;2;0;0;0m  [38;2;0;4;0m██[38;2;137;123;188m████[38;2;110;94;123m██[38;2;170;107;157m██[38;2;110;104;147m██[38;2;132;123;188m██[38;2;137;121;185m██[38;2;99;156;163m██[38;2;93;159;165m████[38;2;0;4;0m██[38;2;0;0;0m                        
[38;2;0;0;0m            [38;2;0;4;0m██[38;2;137;123;188m████████[38;2;96;156;165m████[38;2;0;4;0m██[38;2;140;123;188m██[38;2;137;123;188m████[38;2;136;123;188m██[38;2;107;107;139m██[38;2;137;121;185m████[38;2;93;159;163m████[38;2;66;66;66m██[38;2;0;4;0m██[38;2;0;0;0m                          
[38;2;0;0;0m            [38;2;0;4;0m██[38;2;137;123;188m████████[38;2;140;123;188m██[38;2;96;156;165m██[38;2;0;4;0m██[38;2;140;123;188m██[38;2;137;123;188m████[38;2;136;123;188m████[38;2;137;121;185m██[38;2;99;156;163m██[38;2;93;159;163m██[38;2;66;66;66m████[38;2;0;0;0m        [38;2;66;66;66m████[38;2;0;0;0m                
[38;2;0;0;0m              [38;2;0;4;0m██[38;2;140;123;188m██[38;2;137;121;185m██████[38;2;99;156;163m██[38;2;66;66;66m██[38;2;137;121;185m██[38;2;136;123;188m████[38;2;137;123;188m████[38;2;110;148;174m████[38;2;66;66;66m██[38;2;187;74;139m████[38;2;66;66;66m██[38;2;0;0;0m  ██[38;2;0;16;16m██[38;2;206;115;110m██[38;2;0;4;0m██[38;2;0;0;0m                
[38;2;0;0;0m              [38;2;0;4;0m██[38;2;140;123;188m██[38;2;66;66;66m██[38;2;137;121;185m██████[38;2;66;66;66m██[38;2;137;121;185m██[38;2;136;123;188m██[38;2;107;107;139m██[38;2;137;123;188m████[38;2;110;148;174m██[38;2;66;66;66m██[38;2;187;74;139m████████[38;2;111;82;59m██[38;2;222;165;118m██[38;2;69;49;47m██[38;2;206;115;110m██[38;2;0;4;0m██[38;2;0;0;0m                
[38;2;0;0;0m                [38;2;0;4;0m██[38;2;247;111;175m██[38;2;115;92;118m██[38;2;135;123;188m████[38;2;66;66;66m██[38;2;104;107;141m██[38;2;57;74;73m██[38;2;247;107;175m██[38;2;66;61;66m██[38;2;115;140;179m██[38;2;93;159;163m██[38;2;66;66;66m██[38;2;181;118;115m██[38;2;66;57;74m██[38;2;66;66;66m██[38;2;255;103;167m██[38;2;90;61;58m██[38;2;129;120;121m██[38;2;53;78;81m██[38;2;8;0;0m██[38;2;0;0;0m                  
[38;2;0;0;0m          [38;2;0;4;0m████[38;2;0;0;0m  [38;2;0;4;0m██[38;2;49;82;89m██[38;2;115;92;118m██[38;2;104;107;139m████[38;2;66;66;66m██[38;2;104;107;141m██[38;2;120;85;107m██[38;2;57;74;73m██[38;2;99;114;141m██[38;2;115;140;179m██[38;2;66;66;66m██[38;2;93;159;163m██[38;2;66;57;74m██[38;2;239;148;135m██[38;2;66;66;66m██[38;2;255;103;167m██[38;2;206;239;246m██[38;2;90;61;58m██[38;2;99;156;163m████[38;2;0;4;0m██████[38;2;0;0;0m            
[38;2;0;0;0m          [38;2;0;4;0m██[38;2;99;156;163m██[38;2;0;4;0m██[38;2;181;247;253m██[38;2;173;247;253m██[38;2;49;66;65m██[38;2;104;107;141m██████[38;2;66;66;66m██[38;2;104;107;141m████[38;2;104;107;139m██[38;2;93;160;162m██[38;2;66;66;66m██[38;2;93;159;163m██[38;2;136;144;152m████[38;2;66;66;66m██[38;2;181;247;253m██[38;2;186;247;253m████[38;2;115;156;159m██[38;2;57;66;65m██[38;2;66;66;66m██[38;2;93;159;163m██[38;2;99;156;163m██[38;2;0;4;0m██[38;2;0;0;0m          
[38;2;0;0;0m            [38;2;0;4;0m██[38;2;181;247;253m████[38;2;111;156;159m████[38;2;66;66;66m████[38;2;104;107;141m████[38;2;66;66;66m██[38;2;104;107;141m██[38;2;104;107;139m████[38;2;66;66;66m██[38;2;93;159;163m██[38;2;198;231;246m██[38;2;74;57;58m██[38;2;181;247;253m████[38;2;186;247;253m████[38;2;57;66;65m██[38;2;173;247;253m██[38;2;66;66;66m██[38;2;93;159;163m██[38;2;0;4;0m██[38;2;0;0;0m            
[38;2;0;0;0m          [38;2;0;4;0m██[38;2;181;247;253m████[38;2;93;159;165m██[38;2;107;148;171m██[38;2;66;61;66m██[38;2;104;107;141m██[38;2;66;66;66m██████[38;2;187;74;139m██[38;2;66;66;66m██████[38;2;82;70;50m██[38;2;231;255;199m██[38;2;186;247;253m████[38;2;181;247;253m██[38;2;66;66;66m████[38;2;181;247;253m████[38;2;93;159;165m██[38;2;57;66;65m██[38;2;115;156;159m██[38;2;93;161;163m██[38;2;0;4;0m██[38;2;0;0;0m          
[38;2;0;0;0m          [38;2;0;4;0m██[38;2;181;247;253m██[38;2;93;159;165m████[38;2;66;61;66m██[38;2;93;119;136m██[38;2;66;66;66m██[38;2;104;107;141m██[38;2;66;66;66m██[38;2;255;206;71m██[38;2;66;66;66m██[38;2;187;74;139m██[38;2;66;66;66m██[38;2;93;159;163m██[38;2;181;193;149m██[38;2;82;70;50m██[38;2;186;247;253m████[38;2;66;66;66m██[38;2;181;247;253m██[38;2;66;66;66m██[38;2;181;247;253m██[38;2;93;159;165m██[38;2;181;247;253m██[38;2;173;247;253m██[38;2;57;66;65m██[38;2;93;161;163m████[38;2;0;4;0m██[38;2;0;0;0m        
[38;2;0;0;0m        [38;2;0;4;0m██[38;2;181;247;253m████[38;2;93;159;163m████[38;2;66;66;66m██[38;2;104;107;141m██[38;2;66;66;66m██[38;2;104;107;141m██[38;2;57;66;81m██[38;2;247;206;87m██[38;2;156;101;148m████[38;2;107;132;163m████[38;2;255;181;95m██[38;2;74;53;82m██[38;2;186;247;253m████[38;2;111;156;159m████[38;2;57;66;65m██[38;2;181;247;253m██[38;2;66;66;66m██[38;2;181;247;253m██[38;2;186;247;253m████[38;2;66;66;66m██[38;2;93;159;163m██[38;2;0;4;0m██[38;2;0;0;0m        
[38;2;0;0;0m    [38;2;0;4;0m████[38;2;66;65;66m██[38;2;181;247;253m██[38;2;93;159;165m██[38;2;93;159;163m██[38;2;66;66;66m██[38;2;104;107;141m████[38;2;66;66;66m██[38;2;104;107;141m██[38;2;120;113;83m██[38;2;57;66;81m██[38;2;255;206;71m██[38;2;156;101;148m██[38;2;156;148;132m██[38;2;255;181;71m██[38;2;164;117;88m██[38;2;74;53;82m██[38;2;186;247;253m████[38;2;173;247;253m██[38;2;49;66;65m██[38;2;119;156;159m██[38;2;181;247;253m████[38;2;66;66;66m██[38;2;186;247;253m████[38;2;66;66;66m██[38;2;93;159;163m██[38;2;99;156;163m██[38;2;0;4;0m████[38;2;0;0;0m    
[38;2;0;0;0m  [38;2;0;4;0m██[38;2;99;156;163m██[38;2;121;161;169m██[38;2;181;239;253m██[38;2;181;247;253m██[38;2;93;159;165m██[38;2;107;148;171m██[38;2;66;61;66m██[38;2;104;107;141m██[38;2;66;66;66m██[38;2;104;107;139m████[38;2;66;66;66m██[38;2;104;107;141m██[38;2;66;66;66m██[38;2;187;74;139m████[38;2;66;66;66m██████[38;2;186;247;253m████████████[38;2;181;247;253m██[38;2;66;66;66m██[38;2;181;247;253m████[38;2;111;156;159m██[38;2;49;66;65m██[38;2;57;74;77m██[38;2;107;148;155m██[38;2;0;4;0m██[38;2;0;0;0m    
[38;2;0;0;0m    [38;2;0;4;0m████[38;2;181;239;253m██[38;2;181;247;253m██[38;2;93;159;165m██[38;2;66;61;66m██[38;2;93;119;136m██[38;2;104;107;141m██[38;2;66;66;66m██[38;2;104;107;139m████[38;2;66;66;66m████[38;2;187;74;139m██████████[38;2;66;66;66m██[38;2;186;247;253m████████████[38;2;181;247;253m████[38;2;66;66;66m██[38;2;181;247;253m██[38;2;111;156;159m██[38;2;173;247;253m██[38;2;57;74;77m██[38;2;8;0;0m██[38;2;0;0;0m      
[38;2;0;0;0m      [38;2;0;4;0m██[38;2;181;247;253m██[38;2;96;158;165m████[38;2;66;66;66m██[38;2;104;107;141m████[38;2;66;66;66m██[38;2;104;105;141m████[38;2;90;45;66m██[38;2;181;82;133m██[38;2;82;45;61m██[38;2;247;103;167m██[38;2;255;103;167m██[38;2;0;4;0m██[38;2;189;74;141m████[38;2;66;66;66m██[38;2;181;247;253m██[38;2;186;247;253m████[38;2;181;247;253m██[38;2;93;159;165m██[38;2;119;156;159m██[38;2;181;247;253m██[38;2;66;66;66m██[38;2;181;247;253m████[38;2;66;66;66m██[38;2;93;159;163m██[38;2;66;66;66m██[38;2;0;4;0m████[38;2;0;0;0m  
[38;2;0;0;0m  [38;2;0;4;0m████[38;2;181;247;253m████[38;2;96;158;165m████[38;2;66;66;66m██[38;2;104;107;141m████[38;2;66;66;66m██[38;2;0;4;0m████[38;2;0;8;0m████[38;2;0;16;8m██[38;2;247;103;167m██[38;2;0;4;0m██[38;2;0;0;0m  [38;2;0;4;0m██[38;2;189;74;141m██[38;2;66;66;66m██[38;2;181;247;253m██[38;2;186;247;253m████[38;2;93;159;165m██[38;2;181;247;253m██[38;2;57;66;65m██[38;2;181;247;253m██[38;2;66;66;66m██[38;2;181;247;253m████[38;2;66;66;66m████[38;2;93;159;163m██[38;2;206;111;110m████[38;2;0;4;0m██
[38;2;0;4;0m██[38;2;145;148;153m██[38;2;77;74;77m██[38;2;181;247;253m████[38;2;99;156;163m██[38;2;53;78;81m██[38;2;107;107;139m██[38;2;0;4;0m██████[38;2;0;0;0m          [38;2;0;4;0m██[38;2;0;0;0m      [38;2;0;4;0m██[38;2;8;0;0m██[38;2;222;222;222m██[38;2;186;247;253m████[38;2;181;247;253m██[38;2;66;66;66m██[38;2;186;247;253m████[38;2;90;61;58m██[38;2;206;239;246m██[38;2;181;247;253m████[38;2;189;129;101m██[38;2;74;57;66m██[38;2;0;4;0m████[38;2;0;0;0m  
[38;2;0;0;0m  [38;2;8;0;0m██[38;2;214;222;230m██[38;2;181;247;253m██[38;2;93;159;165m██[38;2;99;156;163m██[38;2;8;0;0m██[38;2;0;4;0m██[38;2;0;0;0m                          [38;2;8;0;0m██[38;2;151;148;148m██[38;2;186;247;253m████[38;2;181;247;253m████[38;2;186;247;253m████[38;2;129;120;121m██[38;2;90;61;58m██[38;2;181;247;253m██[38;2;203;112;110m██[38;2;247;165;119m████[38;2;0;4;0m██[38;2;0;0;0m    
[38;2;0;4;0m██[38;2;206;111;110m████[38;2;148;133;137m████[38;2;99;156;163m██[38;2;0;4;0m██[38;2;0;0;0m                            [38;2;0;4;0m██[38;2;239;173;111m██[38;2;239;174;116m██[38;2;206;111;110m██[38;2;181;247;253m████[38;2;222;222;222m██[38;2;151;148;148m██[38;2;239;176;116m████[38;2;0;4;0m████████[38;2;0;0;0m      
[38;2;0;0;0m  [38;2;0;4;0m██████████[38;2;0;0;0m                                [38;2;0;4;0m██[38;2;239;174;116m████[38;2;0;4;0m████[38;2;8;0;0m████[38;2;239;176;116m████[38;2;239;173;111m██[38;2;0;4;0m██[38;2;0;0;0m          
[38;2;0;0;0m                                            [38;2;0;4;0m██[38;2;239;173;111m██[38;2;0;4;0m██[38;2;0;0;0m        [38;2;0;4;0m██████[38;2;0;0;0m            [0m
