
[38;2;0;0;0m        [38;2;135;113;37m██[38;2;0;0;0m                      
[38;2;0;0;0m        [38;2;135;113;37m██[38;2;180;151;50m  [38;2;0;0;0m                    
[38;2;0;0;0m        [38;2;135;113;37m██[38;2;238;209;107m██[38;2;76;66;43m██[38;2;0;0;0m    [38;2;137;115;38m██[38;2;23;20;6m██[38;2;0;0;0m          
[38;2;0;0;0m        [38;2;233;195;65m██[38;2;252;241;201m██[38;2;243;222;148m██[38;2;163;147;76m  [38;2;163;137;45m  [38;2;255;231;148m██[38;2;23;20;6m██[38;2;0;0;0m          
[38;2;0;0;0m  [38;2;73;61;20m██[38;2;0;0;0m  [38;2;0;0;5m  [38;2;255;213;72m██[38;2;255;244;206m██[38;2;255;239;182m██[38;2;255;236;151m██[38;2;255;244;201m██[38;2;255;237;171m██[38;2;44;40;28m██[38;2;40;34;11m  [38;2;91;77;25m██[38;2;103;86;28m██[38;2;0;0;0m    
[38;2;0;0;0m  [38;2;215;180;59m██[38;2;130;109;36m  [38;2;70;59;32m  [38;2;255;214;74m██[38;2;255;247;215m██[38;2;255;246;215m██[38;2;219;212;186m██[38;2;92;91;86m██[38;2;255;241;181m██[38;2;231;210;112m██[38;2;236;198;65m██[38;2;248;208;69m██[38;2;14;12;4m  [38;2;0;0;0m    
[38;2;0;0;0m    [38;2;255;219;93m██[38;2;255;217;72m██[38;2;255;232;147m██[38;2;255;246;215m██[38;2;207;201;177m██[38;2;104;87;141m██[38;2;82;74;110m██[38;2;207;201;181m██[38;2;255;228;134m██[38;2;255;231;147m██[38;2;0;0;0m        
[38;2;0;0;0m    [38;2;118;100;38m██[38;2;255;243;197m██[38;2;255;231;147m██[38;2;254;245;217m██[38;2;128;117;134m██[38;2;133;100;205m██[38;2;81;67;126m██[38;2;93;72;143m██[38;2;231;224;216m██[38;2;143;125;66m██[38;2;0;0;0m        
[38;2;30;25;8m██[38;2;16;14;4m  [38;2;120;103;45m██[38;2;255;245;210m██[38;2;255;246;215m██[38;2;182;164;192m██[38;2;117;97;152m██[38;2;103;75;171m██[38;2;91;67;154m██[38;2;104;81;161m██[38;2;80;67;119m██[38;2;106;87;115m██[38;2;95;83;129m██[38;2;50;37;82m██[38;2;0;0;0m    
[38;2;4;3;1m  [38;2;204;171;56m██[38;2;248;208;70m██[38;2;255;215;79m██[38;2;255;246;215m██[38;2;107;73;179m██[38;2;127;94;199m██[38;2;130;97;206m██[38;2;104;77;173m██[38;2;70;61;119m██[38;2;134;99;212m██[38;2;140;110;211m██[38;2;93;74;149m██[38;2;7;5;14m██[38;2;0;0;0m    
[38;2;0;0;0m    [38;2;185;167;86m██[38;2;255;229;136m██[38;2;218;204;206m██[38;2;102;70;172m██[38;2;136;127;168m██[38;2;147;147;147m██[38;2;183;179;207m██[38;2;91;78;137m██[38;2;105;73;174m██[38;2;116;110;127m██[38;2;113;95;31m  [38;2;0;0;0m      
[38;2;0;0;0m    [38;2;2;1;0m  [38;2;247;215;155m██[38;2;176;144;170m██[38;2;106;74;178m██[38;2;91;72;131m██[38;2;83;72;111m██[38;2;69;67;76m██[38;2;80;69;105m██[38;2;70;66;78m██[38;2;252;229;119m██[38;2;4;4;1m  [38;2;0;0;0m      
[38;2;0;0;0m      [38;2;0;0;19m  [38;2;58;45;70m██[38;2;59;43;86m██[38;2;119;103;55m██[38;2;93;77;108m██[38;2;203;169;76m██[38;2;201;163;102m██[38;2;88;70;127m██[38;2;85;79;52m██[38;2;0;0;0m        
[38;2;0;0;0m            [38;2;114;92;30m██[38;2;174;141;45m██[38;2;231;191;54m██[38;2;152;119;130m██[38;2;123;89;166m██[38;2;96;77;114m██[38;2;0;0;0m        
[38;2;0;0;0m          [38;2;10;8;7m  [38;2;129;106;89m██[38;2;255;216;71m██[38;2;172;144;98m██[38;2;138;118;89m██[38;2;245;206;70m██[38;2;83;58;140m██[38;2;55;38;93m  [38;2;0;0;0m      
[38;2;0;0;0m        [38;2;2;2;17m  [38;2;91;76;64m██[38;2;93;80;101m██[38;2;200;162;121m██[38;2;123;92;142m██[38;2;130;97;150m██[38;2;5;5;5m  [38;2;193;153;152m██[38;2;93;74;149m██[38;2;3;2;8m  [38;2;0;0;0m    
[38;2;0;0;0m      [38;2;74;50;92m  [38;2;59;53;65m██[38;2;107;93;96m██[38;2;119;97;118m██[38;2;85;75;90m██[38;2;117;92;131m██[38;2;128;109;60m██[38;2;3;9;4m  [38;2;89;70;107m██[38;2;140;110;215m██[38;2;56;44;87m██[38;2;0;0;0m    
[38;2;0;0;0m    [38;2;3;2;4m  [38;2;63;62;65m██[38;2;92;75;107m██[38;2;90;83;80m██[38;2;137;116;90m██[38;2;217;178;91m██[38;2;217;183;74m██[38;2;79;66;109m██[38;2;126;98;148m██[38;2;69;67;70m██[38;2;141;111;211m██[38;2;92;81;119m██[38;2;14;11;17m  [38;2;0;0;0m  
[38;2;0;0;0m    [38;2;30;26;46m██[38;2;22;23;31m██[38;2;68;65;81m██[38;2;164;126;195m██[38;2;125;105;97m██[38;2;255;216;71m██[38;2;177;145;104m██[38;2;108;79;144m██[38;2;136;99;158m██[38;2;111;90;125m██[38;2;100;88;122m██[38;2;126;100;154m██[38;2;55;46;65m  [38;2;0;0;0m  
[38;2;0;0;0m        [38;2;83;60;97m  [38;2;120;89;138m██[38;2;102;88;113m██[38;2;202;167;93m██[38;2;84;70;97m██[38;2;159;116;187m██[38;2;128;95;147m██[38;2;96;81;119m██[38;2;126;98;189m██[38;2;68;61;95m██[38;2;110;85;166m██[38;2;4;2;7m  
[38;2;0;0;0m        [38;2;1;1;5m  [38;2;132;105;82m██[38;2;83;73;113m██[38;2;75;55;119m██[38;2;99;77;134m██[38;2;104;82;118m██[38;2;121;104;49m██[38;2;91;75;124m██[38;2;51;45;84m██[38;2;89;65;142m██[38;2;86;64;140m██[38;2;19;14;33m██
[38;2;0;0;0m        [38;2;7;6;17m  [38;2;82;68;64m██[38;2;118;98;63m██[38;2;0;0;0m  [38;2;5;10;0m  [38;2;97;75;144m██[38;2;97;71;153m██[38;2;85;69;120m██[38;2;24;19;19m  [38;2;0;0;0m  [38;2;74;51;123m  [38;2;0;0;0m  
[38;2;0;0;0m        [38;2;54;47;88m██[38;2;73;66;113m██[38;2;25;22;39m██[38;2;0;0;0m    [38;2;17;13;18m  [38;2;145;111;77m██[38;2;101;72;163m██[38;2;138;106;107m██[38;2;0;0;0m      
[38;2;0;0;0m                  [38;2;0;0;2m  [38;2;99;74;155m██[38;2;129;99;197m██[38;2;119;91;184m██[38;2;47;36;73m██[38;2;0;0;0m    
[38;2;0;0;0m                    [38;2;34;26;53m  [38;2;23;18;38m██[38;2;13;10;24m██[38;2;14;11;22m  [38;2;0;0;0m    [0m
