
[38;2;0;0;0m                            [38;2;8;9;9m  [38;2;35;38;38m██[38;2;0;0;0m            
[38;2;0;0;0m                          [38;2;82;86;86m  [38;2;114;123;123m██[38;2;137;147;147m██[38;2;0;0;0m            
[38;2;0;0;0m                [38;2;10;7;7m  [38;2;40;30;28m██[38;2;50;37;28m██[38;2;62;58;56m██[38;2;120;129;129m██[38;2;137;147;147m████[38;2;101;109;109m██[38;2;31;33;33m  [38;2;0;0;0m          
[38;2;0;0;0m            [38;2;113;122;122m████[38;2;106;110;110m██[38;2;88;75;75m██[38;2;144;111;87m██[38;2;152;115;89m██[38;2;83;86;86m██[38;2;137;147;147m██████[38;2;102;111;111m██[38;2;0;0;0m          
[38;2;0;0;0m      [38;2;44;45;45m  [38;2;171;175;173m██[38;2;108;114;110m██[38;2;137;147;147m██████[38;2;138;147;147m██[38;2;90;80;73m██[38;2;165;123;93m██[38;2;77;79;79m██[38;2;112;119;119m██[38;2;137;147;147m██[38;2;119;128;128m██[38;2;0;0;0m            
[38;2;0;0;0m      [38;2;127;132;129m██[38;2;152;159;156m██[38;2;125;133;133m██[38;2;137;147;147m████[38;2;136;147;147m██[38;2;90;94;94m██[38;2;83;76;72m██[38;2;157;118;92m██[38;2;130;103;83m██[38;2;111;119;119m██[38;2;137;147;147m██[38;2;130;140;140m██[38;2;89;96;96m  [38;2;0;0;0m          
[38;2;0;0;0m      [38;2;78;82;78m  [38;2;48;47;46m██[38;2;109;104;104m██[38;2;133;138;142m██[38;2;108;92;93m██[38;2;123;118;119m██[38;2;133;138;142m██[38;2;118;127;127m██[38;2;142;108;86m████[38;2;118;127;127m██[38;2;137;147;147m██[38;2;136;147;147m██[38;2;81;86;86m██[38;2;0;0;0m          
[38;2;0;0;0m        [38;2;30;25;24m██[38;2;91;77;74m██[38;2;126;128;128m██[38;2;74;69;74m██[38;2;137;106;90m██[38;2;114;91;83m██[38;2;121;120;125m██[38;2;128;99;89m██[38;2;113;85;75m██[38;2;10;11;11m██[38;2;43;46;46m██[38;2;137;147;147m██[38;2;98;105;105m██[38;2;0;0;0m          
[38;2;0;0;0m        [38;2;18;13;10m  [38;2;124;98;82m██[38;2;87;75;71m██[38;2;139;107;89m██[38;2;165;123;96m██[38;2;166;124;93m██[38;2;112;94;83m██[38;2;109;91;74m██[38;2;0;0;0m                    
[38;2;0;0;0m        [38;2;24;19;18m██[38;2;150;113;88m██[38;2;138;107;85m██[38;2;165;123;93m██[38;2;70;68;67m██[38;2;141;109;86m██[38;2;115;89;79m██[38;2;151;129;92m██[38;2;106;94;66m  [38;2;0;0;0m                  
[38;2;0;0;0m        [38;2;75;60;49m██[38;2;115;90;88m██[38;2;74;75;75m██[38;2;50;52;52m██[38;2;95;94;93m██[38;2;109;94;85m██[38;2;103;81;76m██[38;2;141;118;87m██[38;2;110;98;78m██[38;2;66;61;61m██[38;2;61;64;51m██[38;2;71;62;59m██[38;2;0;0;0m      [38;2;50;50;61m  [38;2;43;44;62m██[38;2;9;11;19m  
[38;2;0;0;0m      [38;2;123;92;69m  [38;2;164;122;92m██[38;2;90;80;72m██[38;2;66;66;66m██[38;2;65;65;65m██[38;2;90;80;72m██[38;2;140;106;95m██[38;2;149;112;88m██[38;2;90;77;74m██[38;2;84;78;78m██[38;2;35;28;29m██[38;2;0;0;0m        [38;2;130;132;140m██[38;2;89;95;117m██[38;2;105;111;117m██[38;2;0;0;0m  
[38;2;0;0;0m    [38;2;31;25;24m██[38;2;126;101;97m██[38;2;132;104;97m██[38;2;147;111;95m████[38;2;147;111;94m██[38;2;135;101;86m██[38;2;162;121;93m██[38;2;153;116;92m██[38;2;78;73;69m██[38;2;116;88;82m██[38;2;17;12;12m  [38;2;0;0;0m    [38;2;10;11;18m  [38;2;63;70;98m██[38;2;87;94;141m██[38;2;136;140;145m██[38;2;0;0;5m  [38;2;0;0;0m  
[38;2;0;0;0m    [38;2;25;22;19m██[38;2;79;67;64m██[38;2;31;24;23m  [38;2;130;99;95m██[38;2;131;100;96m██[38;2;127;96;93m██[38;2;120;92;89m██[38;2;145;110;87m██[38;2;82;75;71m██[38;2;84;77;72m██[38;2;81;73;72m██[38;2;36;29;28m██[38;2;0;0;0m  [38;2;2;2;2m  [38;2;127;130;138m██[38;2;79;90;143m██[38;2;147;148;140m████[38;2;111;111;105m██[38;2;0;0;0m  
[38;2;23;17;13m  [38;2;93;69;52m██[38;2;60;60;40m██[38;2;15;15;10m  [38;2;0;0;0m  [38;2;41;32;30m  [38;2;113;85;81m██[38;2;14;10;10m  [38;2;38;38;38m██[38;2;93;79;78m██[38;2;100;107;79m██[38;2;143;123;89m██[38;2;107;90;77m██[38;2;100;104;104m██[38;2;67;70;73m██[38;2;71;73;71m██[38;2;78;81;85m██[38;2;128;129;135m██[38;2;147;152;140m████[38;2;111;114;105m██[38;2;0;0;0m  
[38;2;0;0;0m                [38;2;29;30;29m██[38;2;74;75;74m██[38;2;90;80;72m████[38;2;79;80;79m██[38;2;127;133;131m██[38;2;108;113;109m██[38;2;83;85;85m██[38;2;91;93;97m██[38;2;68;75;88m██[38;2;95;101;124m██[38;2;129;137;163m██[38;2;5;6;18m  [38;2;0;0;0m  
[38;2;0;0;0m                [38;2;89;90;89m██[38;2;86;90;86m██[38;2;87;83;80m██[38;2;109;109;106m██[38;2;118;125;122m██[38;2;107;111;109m██[38;2;123;129;131m██[38;2;83;85;83m██[38;2;91;94;99m██[38;2;93;82;132m██[38;2;55;56;70m██[38;2;34;36;46m██[38;2;25;27;35m  [38;2;0;0;0m  
[38;2;0;0;0m              [38;2;74;74;74m██[38;2;73;74;73m██[38;2;98;103;99m██[38;2;84;86;86m██[38;2;139;147;147m██[38;2;105;110;106m██[38;2;123;133;133m██[38;2;0;0;0m  [38;2;62;64;62m  [38;2;91;94;99m██[38;2;112;82;157m██[38;2;0;0;0m        
[38;2;0;0;0m              [38;2;25;25;25m  [38;2;80;82;82m██[38;2;133;143;143m██[38;2;83;86;86m██[38;2;102;107;107m██[38;2;68;69;69m██[38;2;12;12;12m  [38;2;0;0;0m    [38;2;45;46;44m██[38;2;81;84;85m██[38;2;40;38;34m  [38;2;0;0;0m      
[38;2;0;0;0m              [38;2;10;13;9m  [38;2;74;102;70m██[38;2;16;22;15m  [38;2;56;67;49m██[38;2;85;95;81m██[38;2;75;87;70m██[38;2;4;6;3m  [38;2;0;0;0m    [38;2;4;6;3m  [38;2;101;76;119m██[38;2;61;60;51m██[38;2;0;0;0m      
[38;2;0;0;0m          [38;2;40;55;38m  [38;2;42;53;42m██[38;2;72;98;69m██[38;2;17;24;16m  [38;2;0;0;0m  [38;2;10;11;9m  [38;2;89;111;75m██[38;2;95;122;75m██[38;2;8;11;6m  [38;2;0;0;0m    [38;2;66;67;66m██[38;2;85;81;88m██[38;2;53;52;50m██[38;2;0;0;0m      
[38;2;0;0;0m                    [38;2;35;43;32m██[38;2;81;103;74m██[38;2;68;90;61m██[38;2;22;28;17m  [38;2;0;0;0m                
[38;2;0;0;0m                    [38;2;27;37;23m██[38;2;27;35;22m██[38;2;0;0;0m                    [0m
