
[38;2;0;0;0m                [38;2;34;41;23m  [38;2;43;52;29m  [38;2;0;0;0m                        
[38;2;0;0;0m              [38;2;158;194;106m██[38;2;183;222;123m██[38;2;30;36;20m  [38;2;0;0;0m                        
[38;2;0;0;0m        [38;2;27;33;13m  [38;2;70;84;47m  [38;2;196;239;132m██[38;2;189;234;122m██[38;2;45;56;30m  [38;2;0;0;0m                          
[38;2;0;0;0m      [38;2;114;140;55m  [38;2;156;191;91m██[38;2;197;238;133m██[38;2;195;239;131m██[38;2;137;172;81m██[38;2;43;54;25m  [38;2;0;0;0m                          
[38;2;0;0;0m      [38;2;127;160;61m██[38;2;196;239;132m██[38;2;195;239;131m██[38;2;184;224;118m██[38;2;145;156;110m██[38;2;178;209;125m██[38;2;135;158;99m██[38;2;30;36;20m  [38;2;0;0;0m    [38;2;55;66;37m██[38;2;0;0;0m                
[38;2;0;0;0m    [38;2;35;40;31m  [38;2;185;226;124m██[38;2;195;239;131m████[38;2;194;238;130m██[38;2;197;239;126m██[38;2;115;139;78m██[38;2;1;1;7m  [38;2;0;0;0m  [38;2;52;63;35m  [38;2;193;234;131m██[38;2;2;3;6m  [38;2;0;0;0m                
[38;2;0;0;0m    [38;2;72;84;55m██[38;2;195;238;131m██[38;2;195;240;127m██[38;2;162;196;108m██[38;2;112;134;82m██[38;2;187;200;166m██[38;2;163;197;107m██[38;2;179;218;121m██[38;2;150;184;91m██[38;2;179;215;120m██[38;2;129;149;97m██[38;2;123;148;85m██[38;2;189;228;128m██[38;2;151;182;102m██[38;2;0;0;0m            
[38;2;0;0;0m    [38;2;138;162;96m██[38;2;195;238;131m██[38;2;140;166;100m██[38;2;74;80;62m██[38;2;138;145;134m██[38;2;241;247;231m██[38;2;176;216;109m██[38;2;195;239;131m██[38;2;197;239;133m██[38;2;152;182;103m██[38;2;198;239;132m██[38;2;193;233;130m██[38;2;16;20;11m  [38;2;0;0;0m              
[38;2;0;0;0m    [38;2;121;147;82m██[38;2;166;204;97m██[38;2;172;198;122m██[38;2;141;150;109m████[38;2;195;239;131m████████[38;2;188;228;123m██[38;2;191;232;126m██[38;2;89;100;73m██[38;2;3;3;3m  [38;2;119;144;80m████[38;2;0;0;0m          
[38;2;0;0;0m      [38;2;80;85;67m  [38;2;134;148;102m██[38;2;162;184;115m████[38;2;123;120;98m██[38;2;196;239;132m██[38;2;195;239;131m██████[38;2;150;188;79m██[38;2;198;239;134m██[38;2;171;207;116m██[38;2;92;111;62m  [38;2;0;0;0m            
[38;2;0;0;0m      [38;2;0;0;2m  [38;2;100;112;74m██[38;2;162;186;116m████[38;2;187;225;127m██[38;2;196;239;132m████[38;2;195;239;131m████[38;2;182;223;116m██[38;2;123;152;71m██[38;2;5;6;3m  [38;2;0;0;0m              
[38;2;0;0;0m      [38;2;33;38;24m  [38;2;181;217;125m██[38;2;169;198;120m██[38;2;184;220;127m██[38;2;192;233;130m██[38;2;107;117;88m██[38;2;91;95;80m██[38;2;187;228;127m██[38;2;195;239;131m██[38;2;185;223;125m██[38;2;129;160;66m██[38;2;41;51;20m██[38;2;31;38;17m██[38;2;0;0;0m            
[38;2;0;0;0m    [38;2;105;117;84m██[38;2;151;178;112m██[38;2;124;144;95m██[38;2;195;239;131m████[38;2;96;97;81m██[38;2;102;96;89m██[38;2;174;204;123m██[38;2;189;228;129m██[38;2;185;225;120m██[38;2;177;214;111m██[38;2;136;160;94m██[38;2;134;165;67m██[38;2;60;74;37m██[38;2;0;0;0m            
[38;2;0;0;0m  [38;2;135;148;95m██[38;2;148;162;108m██[38;2;71;71;68m██[38;2;196;239;132m██[38;2;195;239;131m██████[38;2;170;199;119m██[38;2;79;74;72m██[38;2;149;174;100m██[38;2;168;207;100m██[38;2;183;223;117m██[38;2;156;192;91m██[38;2;73;80;61m██[38;2;105;131;60m██[38;2;0;0;0m            
[38;2;49;47;47m  [38;2;127;125;117m██[38;2;113;125;80m██[38;2;10;11;10m██[38;2;146;171;107m██[38;2;84;91;75m██[38;2;197;239;133m██[38;2;195;239;131m██[38;2;183;222;124m██[38;2;182;220;125m██[38;2;153;188;87m██[38;2;182;219;119m██[38;2;180;218;119m██[38;2;148;186;76m██[38;2;130;163;67m██[38;2;5;6;3m  [38;2;0;0;0m    [38;2;15;18;10m  [38;2;61;74;45m  [38;2;0;0;0m    
[38;2;0;0;0m      [38;2;2;1;5m  [38;2;80;75;99m██[38;2;148;135;194m██[38;2;119;129;104m██[38;2;196;239;132m██[38;2;195;239;131m████[38;2;196;239;132m██[38;2;125;147;91m██[38;2;159;190;99m██[38;2;197;231;139m██[38;2;177;217;108m██[38;2;42;47;35m██[38;2;64;72;45m██[38;2;71;84;49m██[38;2;196;237;133m██[38;2;108;126;82m██[38;2;119;128;85m██[38;2;28;29;20m  
[38;2;0;0;0m      [38;2;141;161;107m  [38;2;105;107;126m██[38;2;159;156;215m██[38;2;160;151;213m██[38;2;74;76;70m██[38;2;151;180;108m██[38;2;195;239;131m████[38;2;71;73;69m██[38;2;217;218;202m██[38;2;143;188;60m██[38;2;238;244;219m██[38;2;108;120;89m██[38;2;161;184;116m██[38;2;163;187;117m██[38;2;163;189;117m██[38;2;155;182;114m██[38;2;157;172;112m██[38;2;42;46;30m  
[38;2;0;0;0m      [38;2;147;167;105m██[38;2;118;130;93m██[38;2;138;132;186m██[38;2;141;130;186m██[38;2;139;127;183m██[38;2;100;93;115m██[38;2;134;150;114m██[38;2;115;130;91m██[38;2;146;171;110m██[38;2;124;128;109m██[38;2;151;160;130m██[38;2;129;148;98m██[38;2;166;198;117m██[38;2;114;129;92m██[38;2;162;183;116m██[38;2;85;94;60m████[38;2;0;0;0m    
[38;2;0;0;0m      [38;2;0;0;7m  [38;2;161;182;120m██[38;2;67;68;67m██[38;2;119;108;151m██[38;2;123;103;154m██[38;2;148;155;129m██[38;2;162;184;116m██[38;2;162;184;115m██[38;2;101;113;84m██[38;2;195;239;131m██████[38;2;139;162;103m██[38;2;64;64;64m██[38;2;0;0;0m          
[38;2;0;0;0m      [38;2;82;94;61m  [38;2;119;134;91m██[38;2;106;116;92m██[38;2;87;86;98m██[38;2;63;57;72m██[38;2;163;181;116m██[38;2;163;182;117m██[38;2;118;132;89m██[38;2;134;154;102m██[38;2;192;233;131m██[38;2;196;239;132m████[38;2;164;194;116m██[38;2;0;0;0m██          
[38;2;0;0;0m    [38;2;69;69;69m  [38;2;111;100;98m██[38;2;163;180;120m██[38;2;147;162;104m██[38;2;71;78;58m  [38;2;0;0;0m    [38;2;0;0;1m  [38;2;0;0;7m  [38;2;83;90;73m██[38;2;87;95;74m██[38;2;79;84;73m████[38;2;190;229;129m██[38;2;0;0;0m██          
[38;2;0;0;0m      [38;2;22;22;22m  [38;2;57;56;56m██[38;2;0;0;0m            [38;2;6;6;6m  [38;2;149;181;94m██[38;2;160;198;91m████[38;2;114;138;80m██[38;2;0;0;0m            
[38;2;0;0;0m                        [38;2;120;132;86m██[38;2;180;200;134m██[38;2;180;213;116m██[38;2;82;87;74m██[38;2;0;0;0m            
[38;2;0;0;0m                        [38;2;56;56;52m  [38;2;103;108;90m██[38;2;44;45;37m██[38;2;37;38;34m  [38;2;0;0;0m            [0m
