
[38;2;0;0;0m                        ████                                    
[38;2;0;0;0m                      ██[38;2;189;189;189m████[38;2;0;0;0m██                                  
[38;2;0;0;0m              ████    ██[38;2;189;189;189m██████[38;2;0;0;0m██                                
[38;2;0;0;0m            ██[38;2;66;66;66m████[38;2;0;4;16m████[38;2;189;189;189m████████[38;2;0;0;0m██          ████          ██[38;2;8;4;0m████[38;2;0;0;0m  
[38;2;0;0;0m          ██[38;2;66;66;66m████[38;2;192;159;43m██[38;2;198;165;54m██[38;2;66;58;29m██[38;2;66;66;66m██[38;2;189;189;189m████[38;2;66;66;66m████[38;2;0;0;0m██    ████[38;2;121;115;105m████[38;2;0;0;0m██    ████[38;2;189;189;189m██[38;2;239;255;255m██[38;2;162;171;170m██[38;2;0;0;0m██
[38;2;0;0;0m          ██[38;2;66;66;66m██[38;2;192;159;43m████████[38;2;214;119;54m██[38;2;66;66;66m████[38;2;214;119;54m██[38;2;192;159;43m████[38;2;0;0;16m████[38;2;120;115;104m████████[38;2;121;117;113m██[38;2;0;4;8m██[38;2;8;8;8m██[38;2;231;255;255m██[38;2;189;189;189m██[38;2;222;247;254m██[38;2;189;189;189m██[38;2;222;247;254m██[38;2;0;0;0m██
[38;2;0;0;0m            ██[38;2;192;159;43m████████[38;2;66;66;66m██[38;2;214;119;54m████[38;2;66;66;66m██[38;2;192;159;43m██[38;2;66;66;66m██[38;2;82;71;32m██[38;2;247;214;63m██[38;2;120;115;104m████████[38;2;60;60;60m████[38;2;231;255;255m██[38;2;157;173;173m██[38;2;222;247;254m██[38;2;189;189;189m██[38;2;222;247;254m██[38;2;189;189;189m██[38;2;0;0;0m██
[38;2;0;0;0m              ██[38;2;189;156;45m██[38;2;192;159;43m██[38;2;66;66;66m██[38;2;231;78;63m████[38;2;173;67;61m████[38;2;66;66;66m██[38;2;255;214;55m██[38;2;252;214;52m████[38;2;247;206;47m██[38;2;115;111;99m██[38;2;118;115;105m██[38;2;66;66;66m██████[38;2;189;189;189m██[38;2;222;247;254m██[38;2;189;189;189m██[38;2;222;247;254m██[38;2;162;171;170m██[38;2;8;4;0m██[38;2;0;0;0m  
[38;2;0;0;0m                ██[38;2;192;159;43m██[38;2;66;66;66m██[38;2;255;255;255m██[38;2;231;78;63m██[38;2;173;67;61m████[38;2;66;66;66m██[38;2;255;214;55m██[38;2;252;214;52m████[38;2;247;206;47m██[38;2;203;174;64m██[38;2;66;66;66m██████[38;2;189;189;189m██[38;2;222;247;254m██[38;2;189;189;189m██[38;2;222;247;254m██[38;2;189;189;189m██[38;2;239;255;255m██[38;2;8;4;0m██[38;2;0;0;0m  
[38;2;0;0;0m                ██[38;2;77;38;40m██[38;2;231;82;71m██[38;2;231;78;63m██[38;2;173;67;61m██[38;2;173;66;61m██[38;2;66;66;66m██[38;2;252;214;52m████[38;2;255;214;55m████[38;2;192;159;43m██████[38;2;66;66;66m██[38;2;119;113;107m████[38;2;115;115;107m██[38;2;222;247;246m██[38;2;173;175;173m██[38;2;247;255;255m██[38;2;0;0;0m██    
[38;2;0;0;0m                  [38;2;0;16;24m██[38;2;231;82;71m██[38;2;231;78;63m██[38;2;173;67;61m██[38;2;173;66;61m██[38;2;66;66;66m██[38;2;252;214;52m████[38;2;255;214;55m██[38;2;195;159;43m██[38;2;192;159;43m████[38;2;66;66;66m████[38;2;189;189;189m████[38;2;186;203;200m██[38;2;115;115;107m██[38;2;98;96;90m██[38;2;24;16;8m██[38;2;0;0;0m      
[38;2;0;0;0m                ██[38;2;140;82;49m██[38;2;82;53;58m██[38;2;173;66;61m████[38;2;74;49;66m██[38;2;247;140;47m██[38;2;193;160;45m██[38;2;173;66;61m██[38;2;255;214;55m██[38;2;195;159;43m██[38;2;192;159;43m██[38;2;66;66;66m██[38;2;214;148;62m██[38;2;77;49;37m██[38;2;0;0;0m██[38;2;189;189;189m████████[38;2;0;0;0m██      
[38;2;0;0;0m              ██[38;2;189;156;45m██[38;2;197;111;40m██[38;2;255;140;31m██[38;2;66;66;66m████[38;2;247;140;47m██[38;2;160;94;56m██[38;2;173;66;61m████[38;2;255;214;55m██[38;2;195;159;43m██[38;2;66;66;66m██[38;2;192;159;43m██[38;2;145;99;49m██[38;2;8;0;24m██[38;2;0;0;0m  ████████        
[38;2;0;0;0m              ██[38;2;189;156;45m██[38;2;66;66;66m██[38;2;247;181;47m██[38;2;247;148;47m████[38;2;181;70;37m██[38;2;255;255;239m██[38;2;206;107;59m██[38;2;181;57;61m██[38;2;255;214;47m██[38;2;66;66;66m██[38;2;193;160;45m██[38;2;173;66;61m██[38;2;189;103;13m██[38;2;173;67;61m██[38;2;0;0;0m██                
[38;2;0;0;0m                ██[38;2;247;181;47m██[38;2;66;66;66m██[38;2;247;148;47m████[38;2;206;132;104m██[38;2;181;70;37m██[38;2;181;57;61m██[38;2;255;206;55m██[38;2;192;165;53m██[38;2;66;66;66m██[38;2;193;160;45m██[38;2;173;66;61m██[38;2;189;103;13m██[38;2;173;67;61m██[38;2;0;0;0m██                
[38;2;0;0;0m                ██[38;2;192;165;53m██[38;2;255;214;47m██[38;2;192;132;27m██[38;2;66;66;66m████[38;2;255;214;47m██[38;2;255;214;55m████[38;2;66;66;66m██[38;2;192;159;43m██[38;2;162;76;45m██[38;2;206;86;30m██[38;2;66;74;74m██[38;2;173;86;77m██[38;2;0;0;0m██                
[38;2;0;0;0m    ████      ██[38;2;119;115;107m██[38;2;66;66;66m██████[38;2;192;132;27m██[38;2;192;165;53m██[38;2;66;66;66m██[38;2;255;214;55m██[38;2;66;66;66m██[38;2;192;159;43m████[38;2;162;76;45m██[38;2;74;57;74m██[38;2;119;80;75m██[38;2;66;74;74m██[38;2;189;156;45m██[38;2;0;0;0m██              
[38;2;0;0;0m  [38;2;0;12;24m██[38;2;189;107;13m██[38;2;247;156;63m██[38;2;0;16;32m██[38;2;0;0;0m████[38;2;66;66;66m██[38;2;0;0;0m██████[38;2;189;165;45m████[38;2;192;159;43m██[38;2;66;66;66m████[38;2;192;159;43m██████[38;2;66;66;66m████[38;2;118;115;105m██[38;2;66;66;66m██[38;2;192;159;43m████[38;2;0;0;0m██            
[38;2;0;0;0m██[38;2;189;107;13m██[38;2;63;44;20m██[38;2;247;156;63m██[38;2;123;86;47m██[38;2;121;115;105m████[38;2;0;0;0m██      [38;2;0;4;24m██[38;2;63;58;31m██[38;2;192;159;43m████████[38;2;66;66;66m████[38;2;255;214;55m██[38;2;66;66;66m██[38;2;118;115;105m██[38;2;66;66;66m██[38;2;192;159;43m████[38;2;189;156;45m██[38;2;0;0;0m██          
[38;2;0;0;0m██[38;2;247;148;47m██[38;2;0;0;0m██[38;2;121;115;105m████[38;2;0;0;0m████      ██[38;2;252;214;52m████[38;2;66;66;66m████████[38;2;255;214;55m████[38;2;66;66;66m██[38;2;118;115;105m██[38;2;66;66;66m██[38;2;192;159;43m██████[38;2;189;156;61m██[38;2;0;0;16m██[38;2;0;0;0m          
[38;2;0;0;0m  ██  ████        ██[38;2;255;214;55m██[38;2;252;214;52m████[38;2;255;214;55m████████[38;2;66;66;66m████[38;2;118;115;105m████[38;2;66;66;66m██[38;2;192;159;43m██████[38;2;189;156;61m██[38;2;126;104;46m██[38;2;0;0;0m██        
[38;2;0;0;0m                  ██[38;2;121;115;105m██[38;2;255;214;55m████[38;2;252;214;52m████[38;2;247;181;47m██[38;2;66;66;66m██[38;2;247;140;23m██[38;2;187;114;32m██[38;2;66;70;74m██[38;2;126;99;68m██[38;2;66;66;66m██[38;2;192;159;43m██[38;2;189;156;45m████[38;2;104;102;94m████[38;2;0;0;0m██        
[38;2;0;0;0m                ██[38;2;121;115;105m████[38;2;118;115;104m████[38;2;252;214;52m████[38;2;66;66;66m██[38;2;247;181;47m██[38;2;66;61;50m██[38;2;187;114;32m██[38;2;247;156;55m██[38;2;66;70;74m██[38;2;192;159;43m████[38;2;66;66;82m██[38;2;107;96;70m██[38;2;104;102;94m████[38;2;103;99;91m██[38;2;0;0;0m██      
[38;2;0;0;0m                ██[38;2;120;115;104m████[38;2;118;115;105m████[38;2;66;66;66m██[38;2;104;99;94m██[38;2;104;99;93m██[38;2;66;66;66m██[38;2;66;70;74m██[38;2;247;156;55m██[38;2;66;70;74m██[38;2;198;165;54m██[38;2;118;115;105m██[38;2;66;66;66m██[38;2;104;99;94m██[38;2;66;66;66m██[38;2;107;96;78m████[38;2;189;156;45m██[38;2;0;0;0m██      
[38;2;0;0;0m                ██[38;2;120;115;104m████[38;2;118;115;105m██[38;2;66;66;66m██[38;2;104;99;94m██[38;2;66;66;66m██[38;2;123;115;107m████[38;2;126;99;68m██[38;2;66;70;74m████[38;2;110;102;67m██[38;2;118;115;105m██[38;2;66;66;66m██[38;2;104;99;94m████[38;2;66;66;90m██[38;2;189;156;53m██[38;2;189;156;45m██[38;2;0;0;0m██      
[38;2;0;0;0m                ██[38;2;252;214;52m████[38;2;107;101;70m██[38;2;66;74;82m██[38;2;107;99;91m████[38;2;66;66;66m██[38;2;118;115;105m██[38;2;120;115;104m████████[38;2;66;66;74m██[38;2;107;96;67m██[38;2;107;99;91m██[38;2;195;159;46m██[38;2;137;121;52m██[38;2;192;159;45m██[38;2;189;156;45m██[38;2;0;0;0m██      
[38;2;0;0;0m                ██[38;2;252;214;52m████[38;2;148;129;57m██[38;2;189;156;45m██[38;2;195;159;46m████[38;2;66;66;66m██[38;2;118;115;105m██[38;2;120;115;104m████████[38;2;66;66;74m██[38;2;189;156;53m██[38;2;195;159;46m████[38;2;137;121;52m██[38;2;192;159;45m██[38;2;189;156;45m██[38;2;0;0;0m██      
[38;2;0;0;0m                ████[38;2;255;214;55m██[38;2;132;110;36m██[38;2;198;165;54m██[38;2;189;156;45m████[38;2;192;159;45m██[38;2;137;121;52m██[38;2;252;214;52m████████[38;2;137;121;52m██[38;2;192;159;45m██[38;2;189;156;45m████[38;2;132;110;36m██[38;2;198;165;54m██[38;2;0;0;0m████      
[38;2;0;0;0m                    ████████[38;2;189;156;45m██[38;2;192;159;45m██[38;2;137;121;52m██[38;2;252;214;52m████████[38;2;137;121;52m██[38;2;192;159;45m██[38;2;0;0;0m████████          
[38;2;0;0;0m                            ████[38;2;140;123;52m██[38;2;255;214;55m████████[38;2;0;0;0m████                  [0m
