
[38;2;0;0;0m                                ████              
[38;2;0;0;0m                                ██[38;2;104;126;104m██[38;2;0;0;0m██            
[38;2;0;0;0m                          ████  ██[38;2;104;126;104m████[38;2;0;0;0m██  ████████
[38;2;0;0;0m                      ████[38;2;115;115;115m██[38;2;0;0;0m██  ██[38;2;82;143;82m████[38;2;115;115;115m██[38;2;0;0;0m██[38;2;115;115;115m██████[38;2;0;0;0m██
[38;2;0;0;0m                    ██[38;2;99;148;99m████[38;2;115;115;115m██[38;2;0;0;0m██    ██[38;2;82;143;82m██[38;2;115;115;115m██[38;2;0;0;0m██[38;2;82;181;82m████[38;2;115;115;115m██[38;2;0;0;0m██
[38;2;0;0;0m                  ██[38;2;104;137;104m██[38;2;82;181;82m████[38;2;115;115;115m██[38;2;0;0;0m██      ██[38;2;231;255;167m██[38;2;115;133;83m██[38;2;99;148;99m████[38;2;0;0;0m██  
[38;2;0;0;0m                ██[38;2;104;137;104m████[38;2;82;181;82m████[38;2;115;115;115m██[38;2;0;0;0m██    ██[38;2;247;247;167m██[38;2;0;12;0m████[38;2;0;0;0m████    
[38;2;0;0;0m                ██[38;2;115;115;115m██[38;2;82;181;82m██████[38;2;115;115;115m██[38;2;0;0;0m██  ██████[38;2;115;115;115m██████[38;2;0;0;0m██    
[38;2;0;0;0m                ██[38;2;115;115;115m██[38;2;82;181;82m████[38;2;115;115;115m██[38;2;0;0;0m██  ██[38;2;115;115;115m██████[38;2;99;206;99m████[38;2;115;115;115m██[38;2;0;0;0m██    
[38;2;0;0;0m                ██[38;2;96;120;96m██[38;2;101;180;101m██[38;2;115;119;115m██[38;2;0;0;0m██  ██[38;2;115;115;115m██[38;2;93;198;93m██[38;2;99;206;99m████[38;2;90;198;90m██[38;2;115;117;115m██[38;2;0;0;0m██      
[38;2;0;0;0m            ██████[38;2;90;61;90m██[38;2;96;120;96m██[38;2;57;59;57m██[38;2;0;0;0m████[38;2;115;115;115m██[38;2;93;198;93m████[38;2;99;206;99m████[38;2;90;198;90m██[38;2;115;117;115m██[38;2;0;0;0m██      
[38;2;0;0;0m        ██[38;2;0;0;16m██[38;2;66;66;47m██[38;2;197;197;109m██[38;2;247;247;167m████[38;2;66;66;66m██[38;2;198;198;118m██[38;2;66;66;74m██[38;2;99;148;99m████[38;2;99;206;99m████████[38;2;115;115;115m██[38;2;0;0;0m██        
[38;2;0;0;0m  ██████[38;2;198;198;110m██████[38;2;247;247;167m████████[38;2;66;66;74m██[38;2;110;110;89m██[38;2;255;255;255m████[38;2;115;115;115m██████████[38;2;0;0;0m██        
[38;2;0;0;0m██[38;2;198;198;110m██████[38;2;66;66;66m████[38;2;247;247;167m██[38;2;255;255;159m██[38;2;192;192;128m██[38;2;82;82;82m████[38;2;57;78;57m██[38;2;247;255;247m██[38;2;255;255;231m██[38;2;82;86;42m██[38;2;66;66;50m████[38;2;66;66;66m██[38;2;0;0;0m████          
[38;2;0;0;0m  ████[38;2;66;66;66m████[38;2;247;247;167m████[38;2;66;66;66m████[38;2;247;247;247m██[38;2;0;0;0m██[38;2;120;137;120m██[38;2;57;78;57m██[38;2;168;170;136m████[38;2;198;198;118m██[38;2;0;0;16m██[38;2;0;0;0m██              
[38;2;0;0;0m    ██[38;2;247;247;167m████[38;2;66;66;66m██████[38;2;82;181;82m██[38;2;0;0;0m████[38;2;93;170;93m██[38;2;55;85;55m██[38;2;66;66;45m██[38;2;198;198;118m██[38;2;0;0;0m██  ██████          
[38;2;0;0;0m      [38;2;0;0;8m██[38;2;82;82;61m██[38;2;198;198;110m████[38;2;66;66;66m██[38;2;77;143;77m██[38;2;82;181;82m████[38;2;55;85;55m██[38;2;16;0;16m██[38;2;0;0;8m████[38;2;0;0;0m  ████              
[38;2;0;0;0m        ████[38;2;198;198;110m██[38;2;198;198;118m██[38;2;66;66;45m██[38;2;66;66;66m██[38;2;0;0;0m████    ██                    
[38;2;0;0;0m            ██[38;2;0;0;8m████[38;2;0;0;0m██      ████████                
[38;2;0;0;0m                        ████                      [0m
