
[38;2;0;0;0m                                    ██████                                    
[38;2;0;0;0m                            ████████[38;2;176;152;88m████[38;2;80;88;80m██[38;2;0;0;0m██████                              
[38;2;0;0;0m                      ██████[38;2;80;144;104m██[38;2;128;208;112m████[38;2;80;88;80m██████[38;2;128;208;112m██[38;2;64;64;64m██[38;2;176;152;88m████[38;2;0;0;0m████                          
[38;2;0;0;0m                  ████[38;2;80;144;104m████[38;2;128;208;112m██████[38;2;80;144;104m██[38;2;128;208;112m██████████[38;2;64;64;64m████[38;2;176;152;88m████[38;2;0;0;0m██                        
[38;2;0;0;0m                ██[38;2;80;144;104m██████[38;2;64;64;64m██[38;2;128;208;112m████[38;2;80;144;104m██[38;2;128;208;112m██████████████[38;2;64;64;64m██[38;2;0;0;0m████[38;2;176;152;88m██[38;2;0;0;0m██                      
[38;2;0;0;0m              ██[38;2;80;144;104m████[38;2;64;64;64m████[38;2;128;208;112m████[38;2;80;144;104m██[38;2;128;208;112m██████████████████[38;2;0;0;0m██  ██[38;2;128;112;88m██[38;2;0;0;0m██                    
[38;2;0;0;0m              ██████[38;2;64;64;64m██[38;2;128;208;112m██████[38;2;80;144;104m██[38;2;128;208;112m████████████[38;2;80;144;104m██[38;2;128;208;112m████[38;2;0;0;0m██    ██[38;2;128;112;88m██[38;2;0;0;0m██                  
[38;2;0;0;0m                    ██[38;2;128;208;112m████[38;2;80;144;104m██[38;2;128;208;112m██████████████[38;2;64;64;64m██[38;2;80;144;104m██[38;2;128;208;112m████[38;2;0;0;0m██    ██[38;2;128;112;88m██[38;2;0;0;0m██                
[38;2;0;0;0m                    ██[38;2;128;208;112m████[38;2;80;144;104m██[38;2;128;208;112m████████████[38;2;64;64;64m██████[38;2;128;208;112m████[38;2;0;0;0m██    ██[38;2;128;112;88m██[38;2;0;0;0m██                
[38;2;0;0;0m                  ██[38;2;64;64;64m██[38;2;128;208;112m██████████████████[38;2;64;64;64m██[38;2;192;136;128m██[38;2;64;64;64m████[38;2;128;208;112m██[38;2;0;0;0m██      ██[38;2;128;112;88m██[38;2;0;0;0m██              
[38;2;0;0;0m                  ██[38;2;192;136;128m██[38;2;64;64;64m██[38;2;128;208;112m██████████████[38;2;64;64;64m██[38;2;192;136;128m██████[38;2;64;64;64m██[38;2;128;208;112m██[38;2;0;0;0m██      ██[38;2;128;112;88m██[38;2;0;0;0m██              
[38;2;0;0;0m                ██[38;2;248;176;192m████[38;2;64;64;64m██[38;2;128;208;112m████████[38;2;64;64;64m██████████[38;2;192;136;128m████[38;2;64;64;64m██[38;2;0;0;0m██        ██[38;2;128;112;88m██[38;2;0;0;0m██              
[38;2;0;0;0m              ██[38;2;248;176;192m████[38;2;64;64;64m████[38;2;128;208;112m██[38;2;64;64;64m████████████████[38;2;248;176;192m██[38;2;192;136;128m██[38;2;0;0;0m██            ██[38;2;64;64;64m██[38;2;0;0;0m██            
[38;2;0;0;0m              ██[38;2;248;176;192m████[38;2;64;64;64m██[38;2;248;248;248m██[38;2;64;64;64m██████████████████[38;2;248;176;192m████[38;2;0;0;0m██            ██[38;2;64;64;64m██[38;2;0;0;0m██            
[38;2;0;0;0m        ██████  ██[38;2;248;176;192m██[38;2;192;136;128m██[38;2;248;248;248m██[38;2;64;64;64m██████████[38;2;248;248;248m██[38;2;64;64;64m████[38;2;248;176;192m████[38;2;0;0;0m██              ██[38;2;64;64;64m██[38;2;0;0;0m██            
[38;2;0;0;0m    ████[38;2;88;176;112m██████[38;2;0;0;0m██[38;2;64;64;64m██[38;2;248;176;192m████[38;2;192;136;128m██[38;2;64;64;64m████████[38;2;248;248;248m████[38;2;192;136;128m██[38;2;248;176;192m██████[38;2;0;0;0m██              ██[38;2;64;64;64m██[38;2;0;0;0m██            
[38;2;0;0;0m  ██[38;2;88;176;112m████████[38;2;80;144;104m██████[38;2;64;64;64m██[38;2;248;176;192m████████████[38;2;192;136;128m████[38;2;248;176;192m██████[38;2;64;64;64m██[38;2;0;0;0m██            ██[38;2;64;64;64m██[38;2;0;0;0m██              
[38;2;0;0;0m  ██[38;2;88;176;112m██████[38;2;80;144;104m████[38;2;56;104;80m██[38;2;80;144;104m████[38;2;64;64;64m████[38;2;248;176;192m██████████████[38;2;64;64;64m████[38;2;200;192;104m██[38;2;0;0;0m██            ██[38;2;64;64;64m██[38;2;0;0;0m██              
[38;2;0;0;0m██[38;2;88;176;112m██████[38;2;80;144;104m████████[38;2;56;104;80m██[38;2;80;144;104m████[38;2;64;64;64m████████████████[38;2;248;248;248m██[38;2;152;128;72m██[38;2;200;192;104m████[38;2;0;0;0m██        ██[38;2;64;64;64m██[38;2;0;0;0m██████            
[38;2;0;0;0m██[38;2;88;176;112m██[38;2;0;0;0m████[38;2;80;144;104m██████████[38;2;56;104;80m██[38;2;80;144;104m██[38;2;64;64;64m██[38;2;208;208;208m██[38;2;152;128;72m████[38;2;248;248;248m████[38;2;0;0;0m██[38;2;248;248;248m████[38;2;200;192;104m██████[38;2;0;0;0m██    ████[38;2;128;208;112m████████[38;2;88;176;112m██[38;2;0;0;0m████        
[38;2;0;0;0m████    ██[38;2;80;144;104m██████████[38;2;56;104;80m██[38;2;80;144;104m██[38;2;64;64;64m██[38;2;200;192;104m████[38;2;176;152;88m██[38;2;248;248;248m██████[38;2;200;192;104m██[38;2;248;240;120m██[38;2;200;192;104m██████[38;2;0;0;0m████[38;2;88;176;112m██[38;2;128;208;112m████████████[38;2;88;176;112m████[38;2;0;0;0m████    
[38;2;0;0;0m          ██[38;2;80;144;104m████████[38;2;56;104;80m██[38;2;80;144;104m██[38;2;64;64;64m██[38;2;248;240;120m████████████████[38;2;200;192;104m████[38;2;64;64;64m██[38;2;88;176;112m████[38;2;80;144;104m████████[38;2;88;176;112m████[38;2;128;208;112m████[38;2;88;176;112m██████[38;2;0;0;0m██  
[38;2;0;0;0m            ██[38;2;80;144;104m████████[38;2;56;104;80m██[38;2;64;64;64m██[38;2;248;240;120m████████████████[38;2;200;192;104m██[38;2;64;64;64m██[38;2;88;176;112m██[38;2;80;144;104m████[38;2;128;208;112m████████████████[38;2;88;176;112m████████[38;2;0;0;0m██
[38;2;0;0;0m            ██[38;2;80;144;104m████████[38;2;64;64;64m██[38;2;248;240;120m████████████████[38;2;200;192;104m████[38;2;64;64;64m██[38;2;80;144;104m██[38;2;88;176;112m██[38;2;128;208;112m████████████████[38;2;88;176;112m██[38;2;0;0;0m████████  
[38;2;0;0;0m              ██[38;2;80;144;104m██████[38;2;64;64;64m██[38;2;248;240;120m██[38;2;176;216;104m██[38;2;248;240;120m████████[38;2;176;216;104m████[38;2;200;192;104m██[38;2;64;64;64m██[38;2;80;144;104m██[38;2;88;176;112m████[38;2;128;208;112m██████████████[38;2;0;0;0m████          
[38;2;0;0;0m                ██████[38;2;248;240;120m████████████[38;2;176;216;104m████[38;2;248;240;120m██[38;2;200;192;104m██[38;2;64;64;64m██[38;2;88;176;112m██████[38;2;128;208;112m████████████[38;2;0;0;0m██              
[38;2;0;0;0m    ████████        ██[38;2;248;240;120m████████████████[38;2;200;192;104m████[38;2;64;64;64m██[38;2;88;176;112m████████[38;2;128;208;112m██████[38;2;88;176;112m██[38;2;0;0;0m██                
[38;2;0;0;0m  ██[38;2;248;240;120m████████[38;2;0;0;0m██      ██[38;2;248;240;120m████████[38;2;176;216;104m██[38;2;248;240;120m████[38;2;200;192;104m████████[38;2;64;64;64m██[38;2;88;176;112m██████████[38;2;0;0;0m████                  
[38;2;0;0;0m    ██[38;2;248;240;120m████[38;2;200;192;104m████[38;2;0;0;0m██    ██[38;2;64;64;64m██[38;2;248;240;120m████████[38;2;200;192;104m██████[38;2;136;168;64m████[38;2;200;192;104m████[38;2;0;0;0m██████████                      
[38;2;0;0;0m      ██[38;2;200;192;104m██████[38;2;64;64;64m██[38;2;0;0;0m████[38;2;128;112;88m████[38;2;0;0;0m██[38;2;200;192;104m██████████[38;2;136;168;64m████[38;2;200;192;104m████[38;2;0;0;0m██                                
[38;2;0;0;0m        ██████[38;2;128;112;88m██████[38;2;0;0;0m████  ████[38;2;200;192;104m██████████[38;2;0;0;0m████                                  
[38;2;0;0;0m              ██████          ██████████                                      [0m
