
[38;2;0;0;0m          [38;2;49;49;49m██[38;2;0;0;0m                        
[38;2;0;0;0m        [38;2;49;49;49m██[38;2;246;115;65m██[38;2;49;49;49m██[38;2;0;0;0m                      
[38;2;0;0;0m        [38;2;49;49;49m██[38;2;246;115;65m██[38;2;49;49;49m██[38;2;0;0;0m                      
[38;2;0;0;0m      [38;2;49;49;49m██[38;2;246;115;65m████[38;2;49;49;49m██[38;2;0;0;0m                      
[38;2;0;0;0m      [38;2;49;49;49m██[38;2;246;115;65m████[38;2;49;49;49m██[38;2;0;0;0m              [38;2;49;49;49m████████
[38;2;0;0;0m      [38;2;49;49;49m██[38;2;246;115;65m████[38;2;49;49;49m██[38;2;0;0;0m        [38;2;49;49;49m██████[38;2;246;115;65m██████[38;2;49;49;49m██
[38;2;0;0;0m    [38;2;49;49;49m██[38;2;246;115;65m██████[38;2;49;49;49m██[38;2;0;0;0m  [38;2;49;49;49m██████[38;2;246;115;65m██████████[38;2;49;49;49m██[38;2;0;0;0m  
[38;2;0;0;0m    [38;2;49;49;49m██[38;2;246;115;65m██████[38;2;49;49;49m████[38;2;213;74;65m██[38;2;246;115;65m████████[38;2;213;74;65m████[38;2;49;49;49m██[38;2;0;0;0m    
[38;2;0;0;0m    [38;2;49;49;49m██[38;2;246;115;65m████████████████[38;2;82;82;82m██[38;2;189;164;65m██[38;2;222;213;98m██[38;2;49;49;49m██[38;2;0;0;0m      
[38;2;0;0;0m  [38;2;49;49;49m██[38;2;255;255;255m██[38;2;246;115;65m████████████[38;2;82;82;82m████[38;2;222;213;98m████[38;2;49;49;49m██[38;2;0;0;0m        
[38;2;49;49;49m██[38;2;57;82;148m██[38;2;32;139;205m██[38;2;246;115;65m██████[38;2;213;74;65m██[38;2;255;255;139m██[38;2;82;82;82m████[38;2;222;213;98m████[38;2;49;49;49m██[38;2;0;0;0m          
[38;2;49;49;49m██[38;2;123;197;255m████[38;2;246;115;65m██[38;2;213;74;65m██[38;2;255;255;139m██[38;2;255;255;255m██[38;2;32;139;205m██[38;2;255;255;139m██████[38;2;49;49;49m██[38;2;0;0;0m            
[38;2;49;49;49m██[38;2;255;255;139m██[38;2;189;164;65m██[38;2;255;255;255m██[38;2;255;255;139m████[38;2;32;139;205m████[38;2;255;255;139m████[38;2;189;164;65m██[38;2;49;49;49m██[38;2;0;0;0m            
[38;2;0;0;0m  [38;2;49;49;49m██[38;2;255;255;139m████████[38;2;123;197;255m████[38;2;255;255;139m██[38;2;222;213;98m██[38;2;49;49;49m██[38;2;0;0;0m              
[38;2;0;0;0m  [38;2;49;49;49m██[38;2;82;82;82m██[38;2;189;164;65m██[38;2;255;255;139m████████[38;2;222;213;98m██[38;2;49;49;49m██[38;2;0;0;0m      [38;2;49;49;49m████[38;2;0;0;0m      
[38;2;49;49;49m██[38;2;246;115;65m██[38;2;189;164;65m██[38;2;82;82;82m████[38;2;189;164;65m████[38;2;82;82;82m██[38;2;49;49;49m██[38;2;0;0;0m    [38;2;49;49;49m████[38;2;255;255;139m████[38;2;49;49;49m██[38;2;0;0;0m    
[38;2;0;0;0m  [38;2;49;49;49m████[38;2;222;213;98m██[38;2;189;164;65m██[38;2;222;213;98m████[38;2;189;164;65m██[38;2;222;213;98m██[38;2;49;49;49m████[38;2;222;213;98m██[38;2;255;255;139m████[38;2;49;49;49m██[38;2;0;0;0m      
[38;2;0;0;0m      [38;2;49;49;49m██[38;2;189;164;65m██[38;2;222;213;98m██[38;2;189;164;65m████[38;2;82;82;82m██[38;2;213;74;65m██[38;2;246;115;65m██[38;2;82;82;82m██[38;2;222;213;98m████[38;2;49;49;49m██[38;2;0;0;0m      
[38;2;0;0;0m    [38;2;49;49;49m██[38;2;213;74;65m██[38;2;222;213;98m██[38;2;189;164;65m████[38;2;222;213;98m██[38;2;255;255;139m██[38;2;82;82;82m████[38;2;222;213;98m████[38;2;49;49;49m██[38;2;0;0;0m        
[38;2;0;0;0m      [38;2;49;49;49m████████[38;2;222;213;98m██[38;2;255;255;139m████[38;2;189;164;65m██[38;2;49;49;49m████[38;2;0;0;0m          
[38;2;0;0;0m              [38;2;49;49;49m██[38;2;213;74;65m████[38;2;49;49;49m██[38;2;0;0;0m              
[38;2;0;0;0m                [38;2;49;49;49m████[38;2;0;0;0m                [0m
