
[38;2;0;0;0m                      ████████[38;2;0;4;8m████[38;2;0;0;0m██                                        
[38;2;0;0;0m                ██████[38;2;255;214;231m████[38;2;255;156;191m████[38;2;247;132;143m██[38;2;82;47;53m██[38;2;66;66;66m██[38;2;0;0;0m██████                                  
[38;2;0;0;0m              [38;2;0;20;16m██[38;2;231;107;119m██[38;2;255;123;143m████████[38;2;255;140;119m██[38;2;66;70;58m██[38;2;74;57;66m██[38;2;255;165;87m██████████[38;2;0;4;0m████[38;2;0;0;0m      ██████████████          
[38;2;0;0;0m        ██████[38;2;77;49;50m████[38;2;233;96;108m████████[38;2;66;70;58m██[38;2;192;117;99m██[38;2;255;165;87m██[38;2;195;129;80m██[38;2;210;105;66m████████[38;2;255;181;95m██[38;2;170;122;63m██[38;2;0;0;0m██████[38;2;255;198;231m██[38;2;255;222;223m████[38;2;255;156;191m████[38;2;231;94;111m████[38;2;0;0;0m████      
[38;2;0;0;0m    ████[38;2;255;148;175m██[38;2;255;125;143m████[38;2;255;126;143m████[38;2;66;66;66m████████[38;2;66;70;58m██[38;2;255;173;79m██[38;2;255;165;87m████[38;2;255;168;90m████████[38;2;255;165;87m████[38;2;66;70;58m██[38;2;255;140;119m██[38;2;255;126;143m████████[38;2;255;123;143m████[38;2;244;134;148m██[38;2;239;90;111m██[38;2;233;96;108m████[38;2;0;0;0m██    
[38;2;0;0;0m  ██[38;2;231;94;111m██[38;2;255;148;175m████[38;2;255;214;231m████[38;2;255;126;143m████[38;2;255;198;231m████[38;2;255;123;143m██[38;2;66;66;66m██[38;2;192;139;72m████[38;2;192;146;67m██[38;2;255;165;87m██[38;2;255;168;90m████████[38;2;192;146;67m████[38;2;192;117;99m██[38;2;66;70;58m██[38;2;255;126;143m████████[38;2;255;123;143m██[38;2;255;198;231m██[38;2;255;222;223m████[38;2;255;198;231m██[38;2;233;96;108m██[38;2;231;94;111m██[38;2;0;0;0m██  
[38;2;0;0;0m██[38;2;234;97;108m████[38;2;233;96;108m██[38;2;255;123;143m██████████████[38;2;66;66;66m████████[38;2;192;148;69m████████[38;2;192;148;67m████[38;2;192;148;69m████[38;2;66;66;66m████████████████[38;2;231;94;111m████████[38;2;247;94;119m██[38;2;0;0;0m██  
[38;2;0;0;0m██[38;2;234;97;108m████[38;2;233;96;108m████████[38;2;66;66;66m████████[38;2;255;123;143m████████[38;2;66;66;66m██████[38;2;192;148;69m██[38;2;192;148;67m████[38;2;66;66;66m████[38;2;255;214;231m████[38;2;255;123;143m████████████[38;2;66;66;66m██████[38;2;231;94;111m██[38;2;165;63;79m██[38;2;0;0;0m██  
[38;2;0;0;0m██[38;2;231;99;111m████[38;2;231;94;111m██[38;2;66;66;66m██████[38;2;255;126;143m████[38;2;255;214;231m████████[38;2;255;126;143m████████[38;2;255;123;143m██[38;2;66;66;66m██████[38;2;255;126;143m████████████[38;2;255;123;143m██[38;2;255;198;231m██[38;2;255;222;223m████[38;2;255;198;231m██[38;2;255;123;143m██[38;2;239;107;119m██[38;2;66;66;66m██[38;2;0;0;0m██    
[38;2;0;0;0m  [38;2;0;16;16m██[38;2;77;44;48m██[38;2;66;66;66m██[38;2;231;94;111m██[38;2;247;111;127m████[38;2;255;126;143m████[38;2;255;125;143m████████[38;2;255;126;143m████████[38;2;255;123;143m██████[38;2;66;66;66m██[38;2;255;126;143m████████████[38;2;255;123;143m████████████[38;2;239;107;119m████[38;2;231;94;111m██[38;2;0;0;0m██  
[38;2;0;0;0m  ██[38;2;231;94;111m██[38;2;234;97;108m████[38;2;250;131;143m██[38;2;255;222;223m██[38;2;255;214;223m██[38;2;255;123;143m██[38;2;255;126;143m████[38;2;255;123;143m██████[38;2;255;214;223m██[38;2;255;225;220m████[38;2;255;198;231m██[38;2;255;123;143m██[38;2;255;126;143m████[38;2;66;66;66m██[38;2;247;111;127m██[38;2;255;123;143m██[38;2;255;198;231m██[38;2;255;225;223m████[38;2;255;123;143m████[38;2;255;126;143m████[38;2;255;214;231m████[38;2;255;198;231m██[38;2;233;96;108m██[38;2;234;97;108m████[38;2;0;0;0m██
[38;2;0;0;0m██[38;2;231;94;111m████[38;2;234;97;108m████[38;2;247;86;103m██[38;2;250;131;143m██[38;2;255;214;223m████[38;2;255;126;143m████[38;2;255;123;143m██[38;2;255;198;231m██[38;2;255;214;223m████[38;2;255;225;220m██[38;2;255;195;234m██[38;2;255;123;143m████[38;2;255;126;143m████[38;2;247;111;127m██[38;2;66;66;66m██[38;2;255;123;143m████[38;2;255;225;223m████[38;2;255;198;231m██[38;2;255;123;143m██[38;2;255;126;143m████[38;2;233;96;108m████████[38;2;234;97;108m████[38;2;0;0;0m██
[38;2;0;0;0m██[38;2;233;97;110m████[38;2;234;97;108m████████████[38;2;255;123;143m██████████████████████[38;2;233;96;108m██[38;2;239;90;111m██[38;2;66;61;66m██[38;2;192;84;104m██[38;2;255;99;127m██[38;2;255;123;143m██████[38;2;233;96;108m██[38;2;234;97;108m████████████[38;2;255;94;119m██[38;2;173;63;82m██[38;2;0;0;0m██
[38;2;0;0;0m██[38;2;189;61;93m██[38;2;233;97;110m██[38;2;234;97;108m████████████[38;2;233;96;108m██████[38;2;255;123;143m████[38;2;255;198;231m██[38;2;255;222;223m████[38;2;255;198;231m██[38;2;255;123;143m██[38;2;233;96;108m████[38;2;239;90;111m██[38;2;181;80;96m██[38;2;66;53;58m██[38;2;192;84;104m██[38;2;233;96;108m████████[38;2;234;97;108m████████████[38;2;173;63;82m██[38;2;8;0;8m██[38;2;0;0;0m  
[38;2;0;0;0m  ██[38;2;189;61;93m██[38;2;233;97;110m████[38;2;234;97;108m████████████████████████████[38;2;233;97;110m████[38;2;192;63;93m████[38;2;66;66;66m██[38;2;192;63;91m██[38;2;192;61;94m██[38;2;231;94;111m██[38;2;233;97;110m████████[38;2;231;94;111m████[38;2;189;61;93m██[38;2;0;0;0m████    
[38;2;0;0;0m    ██[38;2;189;61;93m██[38;2;233;97;110m██[38;2;234;97;108m████████████████████████████[38;2;233;97;110m██[38;2;189;61;93m██[38;2;192;63;93m████[38;2;66;66;66m████[38;2;192;61;94m████[38;2;189;61;93m████████[38;2;0;0;0m██████        
[38;2;0;0;0m      ████[38;2;165;63;79m██[38;2;247;94;119m██[38;2;231;94;111m████[38;2;234;97;108m████████[38;2;233;97;110m████████[38;2;231;94;111m██[38;2;192;61;94m██[38;2;192;63;91m████[38;2;165;49;53m██[38;2;94;78;102m██[38;2;57;118;185m████[38;2;46;63;84m████[38;2;0;0;0m████████              
[38;2;0;0;0m          ████████[38;2;234;97;108m████████[38;2;233;97;110m██[38;2;189;61;93m██████[38;2;192;61;94m████[38;2;66;66;66m████[38;2;94;78;102m██[38;2;24;107;152m██[38;2;57;118;185m████[38;2;77;122;167m██[38;2;16;4;0m██[38;2;0;0;0m                      
[38;2;0;0;0m                  [38;2;16;4;0m██[38;2;46;63;84m██[38;2;90;66;58m████[38;2;66;66;66m████████████[38;2;55;116;185m████████[38;2;82;156;202m██[38;2;55;116;185m██[38;2;57;115;185m██[38;2;0;0;0m██                      
[38;2;0;0;0m            ██████[38;2;77;122;167m██[38;2;46;63;84m██[38;2;132;156;196m██[38;2;111;111;127m██[38;2;82;156;202m████████████████[38;2;55;116;185m██[38;2;82;156;202m██[38;2;55;116;185m██[38;2;82;156;202m██[38;2;57;115;185m██[38;2;0;0;0m██                      
[38;2;0;0;0m          ██[38;2;57;115;185m██[38;2;57;118;185m████[38;2;66;119;178m██[38;2;37;59;89m██[38;2;82;156;205m████[38;2;82;156;202m████[38;2;82;156;205m████[38;2;82;156;202m██[38;2;137;87;87m██[38;2;82;156;205m████[38;2;82;156;202m██[38;2;55;116;185m██[38;2;82;156;202m██[38;2;55;116;185m██[38;2;57;118;185m████[38;2;0;0;0m████                  
[38;2;0;0;0m          ██[38;2;57;115;185m██[38;2;57;118;185m████[38;2;8;0;0m████[38;2;82;156;205m████[38;2;66;66;66m██[38;2;82;156;202m██[38;2;82;156;205m████[38;2;137;87;87m██[38;2;82;156;202m██[38;2;82;156;205m████[38;2;82;156;202m██[38;2;55;116;185m██████[38;2;57;118;185m████[38;2;82;156;202m████[38;2;0;0;0m██████            
[38;2;0;0;0m            ██████    ██[38;2;66;132;194m██[38;2;82;156;202m██[38;2;66;66;66m██████[38;2;82;156;205m████████[38;2;82;156;202m██[38;2;55;116;185m██[38;2;57;118;185m████[38;2;57;115;185m██[38;2;0;0;0m██[38;2;74;140;202m████[38;2;82;156;205m████[38;2;66;132;194m██[38;2;0;0;0m██          
[38;2;0;0;0m                      ██[38;2;66;132;194m██[38;2;82;156;202m████████[38;2;82;156;205m████████[38;2;55;116;185m████[38;2;57;118;185m████[38;2;0;0;0m██  ██[38;2;74;140;202m██[38;2;82;156;205m████[38;2;66;132;194m██[38;2;0;0;0m██          
[38;2;0;0;0m                        ██[38;2;74;140;194m████[38;2;82;156;202m████████[38;2;57;118;185m████[38;2;57;115;185m██████[38;2;0;0;0m██      ████████            
[38;2;0;0;0m                          [38;2;16;8;0m██[38;2;35;52;65m██[38;2;55;116;185m████████[38;2;57;118;185m████[38;2;57;115;185m██[38;2;66;66;66m██[38;2;0;0;0m██                            
[38;2;0;0;0m                      ████[38;2;57;118;185m████[38;2;46;63;84m████[38;2;0;0;0m████████[38;2;41;61;89m██[38;2;66;119;178m██[38;2;0;0;0m██                            
[38;2;0;0;0m                    ██[38;2;57;115;185m████[38;2;57;118;185m████[38;2;77;122;167m██[38;2;16;4;0m██[38;2;0;0;0m        [38;2;16;4;0m██[38;2;66;119;178m██[38;2;57;115;185m██[38;2;0;0;0m██                          
[38;2;0;0;0m                    ██[38;2;37;59;89m██[38;2;66;119;178m██[38;2;57;115;185m██[38;2;0;0;0m████        ██[38;2;57;115;185m██[38;2;82;154;205m████[38;2;57;115;185m██[38;2;0;0;0m██                        
[38;2;0;0;0m                      [38;2;8;0;0m████[38;2;0;0;0m██            ██[38;2;82;154;205m████████[38;2;0;0;0m██                        
[38;2;0;0;0m                                          ██[38;2;82;156;202m██[38;2;90;156;202m██[38;2;35;55;67m██[38;2;0;0;0m██                        
[38;2;0;0;0m                                            ██[38;2;8;4;0m████[38;2;0;0;0m                          [0m
