
[38;2;0;0;0m                    [38;2;49;49;49m██████[38;2;0;0;0m                        
[38;2;0;0;0m                  [38;2;49;49;49m██[38;2;189;82;98m██[38;2;148;49;41m████[38;2;49;49;49m██████[38;2;0;0;0m                  
[38;2;0;0;0m                  [38;2;49;49;49m██[38;2;148;49;41m██[38;2;189;82;98m████[38;2;148;49;41m██[38;2;255;205;57m██[38;2;148;49;41m██[38;2;49;49;49m████████[38;2;0;0;0m          
[38;2;0;0;0m                [38;2;49;49;49m██[38;2;172;65;65m██[38;2;49;123;238m████[38;2;189;82;98m██[38;2;148;49;41m████[38;2;189;82;98m████[38;2;148;49;41m██[38;2;189;82;98m██[38;2;49;49;49m████[38;2;0;0;0m        
[38;2;0;0;0m            [38;2;49;49;49m████[38;2;49;180;255m██[38;2;189;82;98m██[38;2;49;123;238m██[38;2;49;180;255m██[38;2;148;49;41m██[38;2;255;205;57m██[38;2;189;82;98m██████[38;2;82;82;82m██[38;2;148;49;41m██[38;2;189;82;98m██[38;2;49;49;49m██[38;2;0;0;0m        
[38;2;0;0;0m          [38;2;49;49;49m██[38;2;189;82;98m██[38;2;148;49;41m██[38;2;49;180;255m██[38;2;172;65;65m██[38;2;189;82;98m██████[38;2;148;49;41m██[38;2;189;82;98m██[38;2;49;123;238m████[38;2;189;82;98m██[38;2;82;82;82m████[38;2;49;49;49m██[38;2;0;0;0m        
[38;2;0;0;0m          [38;2;49;49;49m██[38;2;148;49;41m██[38;2;172;65;65m██[38;2;189;82;98m██[38;2;49;180;255m██[38;2;172;65;65m██[38;2;189;82;98m██[38;2;148;49;41m██[38;2;213;148;57m██[38;2;189;82;98m██[38;2;49;123;238m██[38;2;49;180;255m██[38;2;189;82;98m████[38;2;49;180;255m██[38;2;49;49;49m██[38;2;0;0;0m        
[38;2;0;0;0m          [38;2;49;49;49m██[38;2;82;82;82m██[38;2;49;123;238m████[38;2;189;82;98m██[38;2;49;180;255m██[38;2;49;49;49m████[38;2;82;82;82m████[38;2;189;82;98m██████[38;2;49;180;255m██[38;2;172;65;65m████[38;2;49;49;49m██[38;2;0;0;0m      
[38;2;0;0;0m            [38;2;49;49;49m██[38;2;49;123;238m██[38;2;49;180;255m██[38;2;189;82;98m██[38;2;49;49;49m██[38;2;0;0;0m  [38;2;49;49;49m██[38;2;189;82;98m██[38;2;148;49;41m██[38;2;82;82;82m██[38;2;49;180;255m████[38;2;172;65;65m██[38;2;189;82;98m██[38;2;148;49;41m██[38;2;189;82;98m██[38;2;49;49;49m██[38;2;0;0;0m    
[38;2;0;0;0m            [38;2;49;49;49m██[38;2;172;65;65m██[38;2;189;82;98m████[38;2;49;49;49m████[38;2;189;82;98m██[38;2;148;49;41m██[38;2;172;65;65m████[38;2;82;82;82m██[38;2;172;65;65m██[38;2;189;82;98m████[38;2;148;49;41m██[38;2;189;82;98m██[38;2;49;49;49m██[38;2;0;0;0m    
[38;2;0;0;0m          [38;2;49;49;49m██[38;2;172;65;65m██[38;2;49;180;255m██[38;2;172;65;65m██[38;2;189;82;98m██[38;2;82;82;82m██[38;2;189;82;98m████[38;2;148;49;41m██[38;2;172;65;65m████[38;2;82;82;82m██[38;2;49;123;238m████[38;2;189;82;98m████[38;2;49;49;49m██[38;2;0;0;0m      
[38;2;0;0;0m          [38;2;49;49;49m██[38;2;172;65;65m██[38;2;82;82;82m██[38;2;49;180;255m████[38;2;82;82;82m██[38;2;189;82;98m██[38;2;148;49;41m██[38;2;172;65;65m████[38;2;82;82;82m████[38;2;49;123;238m██[38;2;49;180;255m██[38;2;189;82;98m██[38;2;172;65;65m██[38;2;49;49;49m██████[38;2;0;0;0m  
[38;2;0;0;0m            [38;2;49;49;49m██[38;2;189;82;98m██[38;2;82;82;82m████[38;2;189;82;98m████[38;2;148;49;41m██[38;2;172;65;65m██[38;2;82;82;82m████[38;2;172;65;65m██[38;2;49;180;255m██[38;2;172;65;65m████[38;2;49;180;255m██[38;2;82;82;82m██[38;2;148;49;41m████[38;2;49;49;49m██
[38;2;0;0;0m          [38;2;49;49;49m██[38;2;148;49;41m██[38;2;189;82;98m██[38;2;148;49;41m██[38;2;82;82;82m██[38;2;189;82;98m████[38;2;82;82;82m████[38;2;172;65;65m██[38;2;49;123;238m████[38;2;172;65;65m██[38;2;49;180;255m████[38;2;82;82;82m████[38;2;148;49;41m██[38;2;49;49;49m██[38;2;0;0;0m  
[38;2;0;0;0m          [38;2;49;49;49m██[38;2;189;82;98m████[38;2;172;65;65m██[38;2;82;82;82m██████[38;2;189;82;98m██[38;2;82;82;82m██[38;2;172;65;65m██[38;2;49;123;238m██[38;2;49;180;255m██[38;2;172;65;65m██████[38;2;82;82;82m██[38;2;148;49;41m██[38;2;49;49;49m██[38;2;0;0;0m    
[38;2;0;0;0m      [38;2;49;49;49m████[38;2;82;82;82m██[38;2;148;49;41m██[38;2;189;82;98m██████[38;2;148;49;41m██[38;2;189;82;98m████[38;2;90;98;106m██[38;2;82;82;82m██[38;2;172;65;65m██████[38;2;82;82;82m██████[38;2;49;49;49m██[38;2;0;0;0m      
[38;2;0;0;0m    [38;2;49;49;49m██[38;2;148;49;41m██[38;2;82;82;82m██[38;2;255;205;57m██[38;2;189;82;98m████████[38;2;172;65;65m██[38;2;189;82;98m██[38;2;90;98;106m████[38;2;82;82;82m██████████[38;2;90;98;106m████[38;2;82;82;82m██[38;2;49;49;49m██[38;2;0;0;0m    
[38;2;0;0;0m  [38;2;49;49;49m██[38;2;148;49;41m████[38;2;82;82;82m██[38;2;213;148;57m██[38;2;189;82;98m██████[38;2;255;205;57m██[38;2;213;148;57m██[38;2;90;98;106m████[38;2;82;82;82m████[38;2;172;65;65m██████[38;2;82;82;82m██████[38;2;172;65;65m████[38;2;49;49;49m██[38;2;0;0;0m  
[38;2;0;0;0m  [38;2;49;49;49m██[38;2;148;49;41m████[38;2;82;82;82m██[38;2;189;82;98m████[38;2;148;49;41m██[38;2;255;205;57m██[38;2;213;148;57m██[38;2;172;65;65m██[38;2;90;98;106m██[38;2;82;82;82m████[38;2;148;49;41m██[38;2;172;65;65m██[38;2;90;98;106m██[38;2;82;82;82m████[38;2;148;49;41m██[38;2;172;65;65m██[38;2;189;82;98m██[38;2;82;82;82m██[38;2;172;65;65m██[38;2;49;49;49m██
[38;2;49;49;49m██[38;2;213;148;57m██[38;2;148;49;41m████[38;2;49;49;49m██[38;2;189;82;98m██[38;2;148;49;41m██[38;2;172;65;65m██[38;2;49;49;49m██[38;2;255;255;255m██[38;2;172;65;65m██[38;2;255;205;57m██[38;2;172;65;65m██[38;2;82;82;82m██[38;2;148;49;41m██[38;2;90;98;106m██[38;2;82;82;82m██[38;2;189;82;98m████[38;2;82;82;82m██[38;2;172;65;65m██[38;2;148;49;41m██[38;2;189;82;98m██[38;2;148;49;41m██[38;2;49;49;49m██
[38;2;49;49;49m██[38;2;82;82;82m██[38;2;213;148;57m██[38;2;49;49;49m██████[38;2;172;65;65m████[38;2;49;180;255m██[38;2;255;255;255m██[38;2;172;65;65m██[38;2;255;205;57m████[38;2;49;49;49m██[38;2;148;49;41m██[38;2;82;82;82m██[38;2;189;82;98m████[38;2;49;49;49m██[38;2;189;82;98m██[38;2;82;82;82m██[38;2;172;65;65m██[38;2;148;49;41m██[38;2;172;65;65m██[38;2;49;49;49m██
[38;2;0;0;0m  [38;2;49;49;49m████[38;2;0;0;0m      [38;2;49;49;49m██[38;2;82;82;82m██[38;2;172;65;65m██[38;2;255;205;57m██████[38;2;49;49;49m██[38;2;0;0;0m  [38;2;49;49;49m██[38;2;189;82;98m████[38;2;148;49;41m██[38;2;189;82;98m██[38;2;148;49;41m██[38;2;189;82;98m██[38;2;82;82;82m██[38;2;213;148;57m██[38;2;49;49;49m██[38;2;0;0;0m  
[38;2;0;0;0m            [38;2;49;49;49m██[38;2;255;205;57m██[38;2;189;115;41m██[38;2;255;205;57m██[38;2;49;49;49m████[38;2;0;0;0m    [38;2;49;49;49m██[38;2;82;82;82m██[38;2;189;82;98m██[38;2;172;65;65m██[38;2;148;49;41m██[38;2;172;65;65m██[38;2;189;82;98m██[38;2;49;49;49m████[38;2;0;0;0m    
[38;2;0;0;0m          [38;2;49;49;49m██[38;2;255;205;57m████[38;2;49;49;49m████[38;2;0;0;0m          [38;2;49;49;49m██[38;2;189;82;98m████████[38;2;49;49;49m██[38;2;0;0;0m        
[38;2;0;0;0m          [38;2;49;49;49m██████[38;2;0;0;0m            [38;2;49;49;49m██[38;2;255;205;57m██[38;2;148;49;41m██[38;2;189;82;98m██[38;2;148;49;41m██[38;2;189;82;98m██[38;2;49;49;49m██[38;2;0;0;0m        
[38;2;0;0;0m                            [38;2;49;49;49m████[38;2;255;205;57m██[38;2;49;49;49m██[38;2;255;205;57m██[38;2;49;49;49m██[38;2;0;0;0m          
[38;2;0;0;0m                              [38;2;49;49;49m████[38;2;0;0;0m  [38;2;49;49;49m████[38;2;0;0;0m          [0m
