
[38;2;0;0;0m          ████████          
[38;2;0;0;0m      ████[38;2;208;96;64m████████[38;2;0;0;0m████      
[38;2;0;0;0m    ██[38;2;208;96;64m████████████████[38;2;0;0;0m██    
[38;2;0;0;0m  ██[38;2;208;96;64m████████████████████[38;2;0;0;0m██  
[38;2;0;0;0m  ██[38;2;168;80;80m██[38;2;208;96;64m██████████████████[38;2;0;0;0m██  
[38;2;0;0;0m██[38;2;184;184;184m██[38;2;168;80;80m██[38;2;208;96;64m██████[38;2;168;80;80m██[38;2;208;96;64m████████[38;2;168;80;80m████[38;2;0;0;0m██
[38;2;0;0;0m██[38;2;248;248;248m██[38;2;0;0;0m██[38;2;208;96;64m████[38;2;64;64;64m██[38;2;208;96;64m████[38;2;64;64;64m████[38;2;168;80;80m██████[38;2;0;0;0m██
[38;2;0;0;0m██[38;2;208;96;64m██[38;2;0;0;0m██[38;2;208;96;64m████[38;2;64;64;64m██[38;2;0;0;0m██[38;2;64;64;64m██[38;2;184;184;184m██[38;2;168;80;80m██████[38;2;64;64;64m██[38;2;0;0;0m██
[38;2;0;0;0m██[38;2;64;64;64m██[38;2;208;96;64m██████[38;2;248;248;248m██[38;2;0;0;0m██[38;2;248;248;248m████[38;2;168;80;80m████[38;2;64;64;64m██[38;2;184;184;184m██[38;2;0;0;0m██
[38;2;0;0;0m  ██[38;2;64;64;64m████[38;2;208;96;64m██████[38;2;168;80;80m████[38;2;64;64;64m████[38;2;184;184;184m██[38;2;0;0;0m██  
[38;2;0;0;0m  ██[38;2;248;248;248m██[38;2;184;184;184m██[38;2;64;64;64m██████████[38;2;184;184;184m██████[38;2;0;0;0m██  
[38;2;0;0;0m    ██[38;2;248;248;248m██████[38;2;184;184;184m██████████[38;2;0;0;0m██    
[38;2;0;0;0m      ████[38;2;184;184;184m████████[38;2;0;0;0m████      
[38;2;0;0;0m          ████████          [0m
