
[38;2;0;0;0m                        ████                
[38;2;0;0;0m                      ██[38;2;132;99;92m██[38;2;0;0;0m████              
[38;2;0;0;0m                      ██[38;2;132;99;92m████[38;2;0;0;0m██              
[38;2;0;0;0m                  ████[38;2;132;99;92m██[38;2;88;66;61m██[38;2;0;0;0m██                
[38;2;0;0;0m                ██[38;2;255;156;183m██[38;2;131;98;91m██[38;2;255;156;183m██[38;2;214;115;166m██[38;2;0;0;0m██                
[38;2;0;0;0m  ████████    ██[38;2;255;255;255m██[38;2;255;156;183m████████[38;2;214;115;166m██[38;2;0;0;0m████            
[38;2;0;0;0m██[38;2;173;173;165m████[38;2;132;99;92m████[38;2;0;0;0m████[38;2;228;119;159m██[38;2;206;61;78m██[38;2;181;144;149m██[38;2;255;165;183m██[38;2;206;172;179m██[38;2;107;37;43m██[38;2;255;148;191m██[38;2;115;103;99m██[38;2;132;132;132m██[38;2;0;0;0m██          
[38;2;0;0;0m  ██[38;2;173;173;165m██[38;2;132;132;132m██[38;2;132;99;92m██[38;2;123;99;91m██[38;2;82;66;61m██[38;2;228;119;159m██[38;2;239;148;199m██[38;2;107;124;115m██[38;2;255;165;183m██[38;2;156;104;111m██[38;2;255;239;247m██[38;2;208;133;160m██[38;2;162;118;130m██[38;2;0;0;0m██            
[38;2;0;0;0m    ██[38;2;173;173;165m████[38;2;80;66;61m██[38;2;173;173;165m██[38;2;132;156;140m██[38;2;214;140;174m██[38;2;255;165;191m██[38;2;173;159;157m██[38;2;255;148;183m██[38;2;214;145;169m██[38;2;131;131;131m██[38;2;173;173;165m██[38;2;181;181;173m██[38;2;0;0;0m██          
[38;2;0;0;0m      ████[38;2;80;66;61m████[38;2;173;148;157m████[38;2;132;156;140m██[38;2;173;159;157m██[38;2;132;140;140m██[38;2;173;143;154m██[38;2;173;173;165m████[38;2;121;121;115m██[38;2;0;0;0m██████████  
[38;2;0;0;0m          ██[38;2;74;60;42m██[38;2;90;57;50m██[38;2;145;118;94m██[38;2;189;171;149m██[38;2;123;103;99m██[38;2;181;173;165m██[38;2;110;102;99m██[38;2;181;173;165m██[38;2;110;102;99m██[38;2;132;102;92m████[38;2;123;100;95m████[38;2;173;173;165m████[38;2;0;0;0m██
[38;2;0;0;0m          ██[38;2;222;181;126m██[38;2;255;239;183m██[38;2;200;178;139m██[38;2;255;239;199m████[38;2;74;66;66m██[38;2;110;102;99m██[38;2;74;66;66m██[38;2;110;102;99m██[38;2;132;102;92m████[38;2;123;100;95m██[38;2;173;173;165m████[38;2;0;0;0m██  
[38;2;0;0;0m          ██[38;2;132;99;92m██[38;2;255;239;191m██[38;2;82;57;50m██[38;2;140;118;97m██[38;2;255;239;191m████████[38;2;90;66;58m██[38;2;77;58;50m██[38;2;145;115;92m██[38;2;173;173;165m██[38;2;0;0;0m████    
[38;2;0;0;0m            ██[38;2;140;118;97m██[38;2;255;239;191m██[38;2;82;57;50m██[38;2;255;239;191m████[38;2;90;66;58m████[38;2;255;239;191m██[38;2;214;173;134m██[38;2;8;0;8m██[38;2;0;0;0m██        
[38;2;0;0;0m            ██[38;2;71;55;55m██[38;2;214;148;150m██[38;2;255;239;191m████[38;2;90;66;58m██[38;2;132;99;92m████[38;2;88;66;61m██[38;2;0;0;0m██            
[38;2;0;0;0m          ██[38;2;173;173;165m██[38;2;214;148;150m██[38;2;0;8;8m██[38;2;222;181;126m████[38;2;90;66;58m██[38;2;132;99;92m████[38;2;0;0;0m██              
[38;2;0;0;0m            ████  ████[38;2;71;60;55m████[38;2;189;148;165m██[38;2;0;4;0m██[38;2;0;0;0m              
[38;2;0;0;0m                      [38;2;16;4;0m██[38;2;181;173;165m██[38;2;126;100;110m██[38;2;189;148;165m██[38;2;0;0;0m██            
[38;2;0;0;0m                        ██████              [0m
