
[38;2;0;0;0m                      ██████████        
[38;2;0;0;0m                  ██[38;2;0;0;8m██[38;2;159;93;50m██[38;2;247;140;63m██[38;2;156;90;60m██[38;2;247;140;63m████[38;2;0;0;0m████    
[38;2;0;0;0m                ██[38;2;66;66;66m██[38;2;159;93;50m██[38;2;239;140;71m██[38;2;156;90;60m██[38;2;247;140;63m████[38;2;156;90;60m██[38;2;247;140;63m████[38;2;0;0;0m██  
[38;2;0;0;0m          ████████[38;2;206;107;70m██[38;2;156;90;60m██[38;2;247;140;63m██[38;2;164;91;58m██[38;2;247;132;71m██[38;2;156;90;60m██[38;2;247;140;63m████[38;2;156;90;60m██[38;2;165;93;47m██[38;2;0;0;0m██
[38;2;0;0;0m      ████[38;2;156;90;60m██[38;2;247;140;71m██[38;2;165;93;47m██[38;2;0;0;0m██[38;2;206;107;70m██[38;2;156;90;60m██[38;2;201;115;61m██[38;2;123;70;51m██[38;2;206;111;64m██[38;2;156;90;60m██[38;2;247;140;63m██[38;2;156;90;60m██[38;2;247;140;63m██[38;2;247;140;71m██[38;2;0;0;0m██
[38;2;0;0;0m████[38;2;0;12;16m██[38;2;222;127;70m██[38;2;156;90;60m██[38;2;247;140;63m██[38;2;156;90;60m██[38;2;247;140;63m████[38;2;66;66;66m██[38;2;206;107;62m██[38;2;118;76;59m██[38;2;206;109;70m██[38;2;123;74;51m██[38;2;206;111;70m██[38;2;151;89;57m██[38;2;247;140;63m██[38;2;159;87;60m██[38;2;156;90;60m██[38;2;0;0;0m██
[38;2;0;0;0m██[38;2;181;115;69m██[38;2;74;50;34m██[38;2;222;127;70m██[38;2;156;90;60m██[38;2;201;115;61m██[38;2;156;90;60m██[38;2;201;115;61m██[38;2;247;140;63m██[38;2;66;66;66m██[38;2;74;61;58m██[38;2;118;76;59m██[38;2;206;109;70m██[38;2;123;74;51m██[38;2;206;111;70m██[38;2;123;78;51m██[38;2;203;114;62m██[38;2;247;140;63m██[38;2;0;0;0m██  
[38;2;0;0;0m██[38;2;181;115;69m██[38;2;187;115;64m██[38;2;66;66;66m██[38;2;247;140;63m██[38;2;206;107;70m██[38;2;247;140;63m██[38;2;66;66;66m████[38;2;222;148;110m██[38;2;222;140;102m██[38;2;66;61;58m██[38;2;113;80;67m██[38;2;206;107;70m██[38;2;118;80;62m██[38;2;206;107;70m██[38;2;0;0;0m████    
[38;2;0;0;0m  ██[38;2;187;115;64m██[38;2;247;140;63m██████[38;2;66;66;66m██[38;2;187;115;64m██[38;2;222;148;110m████[38;2;118;87;73m██[38;2;66;61;58m██[38;2;66;66;66m████[38;2;74;66;58m██[38;2;206;107;70m██[38;2;0;0;0m██      
[38;2;0;0;0m  ██[38;2;154;107;77m██[38;2;77;57;42m██[38;2;247;140;63m██[38;2;66;66;66m██[38;2;222;148;110m████[38;2;222;148;102m██[38;2;123;74;51m██[38;2;132;87;68m██[38;2;82;57;50m██[38;2;222;148;110m████[38;2;231;156;111m██[38;2;8;4;0m██[38;2;0;0;0m        
[38;2;0;0;0m    [38;2;0;8;8m██[38;2;231;156;111m██[38;2;66;66;66m████[38;2;222;148;110m██[38;2;123;74;51m████[38;2;172;111;76m██[38;2;132;87;68m██[38;2;231;148;103m██[38;2;222;148;110m████[38;2;231;156;111m██[38;2;157;105;74m██[38;2;0;0;0m██      
[38;2;0;0;0m    [38;2;8;4;0m██[38;2;231;156;111m██[38;2;222;148;110m████[38;2;131;127;115m██[38;2;255;255;231m██[38;2;0;0;0m██[38;2;181;115;69m██[38;2;66;66;58m██[38;2;231;148;95m██[38;2;222;148;110m████[38;2;181;118;69m████[38;2;181;115;69m██[38;2;0;0;0m██    
[38;2;0;0;0m  ██[38;2;157;105;74m██[38;2;231;156;111m██[38;2;222;148;110m████[38;2;8;0;0m████[38;2;121;77;46m██[38;2;181;115;69m██[38;2;176;121;83m████[38;2;181;115;69m████[38;2;181;118;69m████[38;2;181;115;69m██[38;2;0;0;0m██    
[38;2;0;0;0m  ██[38;2;239;156;111m██[38;2;96;60;42m██[38;2;222;148;110m██[38;2;181;115;69m██[38;2;181;118;69m████[38;2;181;115;69m████[38;2;181;118;69m████[38;2;85;58;45m██[38;2;170;115;82m██[38;2;181;115;69m████[38;2;66;66;66m██[38;2;0;0;0m██    
[38;2;0;0;0m    [38;2;24;12;8m██[38;2;167;108;77m██[38;2;181;115;69m████[38;2;181;118;69m████[38;2;66;66;66m██[38;2;181;115;69m██[38;2;181;118;69m████[38;2;0;0;8m████[38;2;156;90;60m████[38;2;0;0;0m██      
[38;2;0;0;0m      ████[38;2;66;66;66m████[38;2;126;82;62m██[38;2;181;115;69m████[38;2;170;104;63m██[38;2;0;0;0m██  ██[38;2;156;90;60m████[38;2;0;0;0m██      
[38;2;0;0;0m          ██[38;2;156;90;60m████[38;2;66;66;66m██[38;2;181;115;69m██[38;2;170;104;63m██[38;2;0;0;0m██    ████        
[38;2;0;0;0m            ██[38;2;115;82;67m██[38;2;66;66;66m██[38;2;126;82;62m██[38;2;0;0;0m██                  
[38;2;0;0;0m            ██[38;2;77;55;45m██[38;2;156;90;60m████[38;2;0;0;0m██                  
[38;2;0;0;0m              ██████                    [0m
