
[38;2;0;0;0m            [38;2;16;7;6m  [38;2;66;25;26m██████[38;2;49;19;20m  [38;2;0;1;0m  [38;2;0;0;0m            
[38;2;0;0;0m        [38;2;0;3;0m  [38;2;149;51;58m  [38;2;213;72;83m██[38;2;255;86;100m██████[38;2;216;73;86m██[38;2;175;59;71m██[38;2;149;51;60m  [38;2;0;3;0m  [38;2;0;0;0m        
[38;2;0;0;0m      [38;2;58;22;23m  [38;2;223;75;90m██[38;2;223;75;88m██[38;2;255;86;99m██████[38;2;255;86;100m██[38;2;205;68;81m██[38;2;233;78;93m██[38;2;255;86;102m████[38;2;58;22;22m  [38;2;0;0;0m      
[38;2;0;0;0m    [38;2;52;20;21m  [38;2;243;82;98m██[38;2;223;75;90m██[38;2;224;75;88m██[38;2;255;86;100m██[38;2;255;86;99m██[38;2;255;86;100m██[38;2;255;86;102m██[38;2;162;53;66m██[38;2;255;86;100m██████[38;2;243;82;96m██[38;2;52;20;21m  [38;2;0;0;0m    
[38;2;0;0;0m  [38;2;0;1;0m  [38;2;82;28;38m██[38;2;224;75;91m██[38;2;255;86;99m██[38;2;161;53;66m██[38;2;233;89;106m██[38;2;115;87;96m██[38;2;205;80;93m██[38;2;222;74;90m██[38;2;188;62;78m██[38;2;249;83;102m██[38;2;238;79;100m████[38;2;241;81;98m██[38;2;108;36;45m██[38;2;0;1;0m  [38;2;0;0;0m  
[38;2;0;0;0m  [38;2;0;3;0m  [38;2;187;60;91m██[38;2;157;49;71m██[38;2;120;84;91m██[38;2;157;69;87m██[38;2;92;73;83m██[38;2;132;126;162m██[38;2;93;70;74m██[38;2;137;55;74m██[38;2;212;67;96m██[38;2;211;75;94m██[38;2;235;78;99m████[38;2;156;49;70m██[38;2;187;61;89m██[38;2;0;2;0m  [38;2;0;0;0m  
[38;2;0;0;0m    [38;2;29;11;14m  [38;2;108;47;60m██[38;2;142;112;136m██[38;2;132;67;87m██[38;2;106;104;125m██[38;2;140;140;179m██[38;2;137;110;139m██[38;2;125;62;77m██[38;2;131;70;89m██[38;2;73;73;77m██[38;2;187;59;89m██[38;2;158;50;74m██[38;2;192;62;87m██[38;2;190;62;93m██[38;2;141;46;69m██[38;2;0;0;0m  
[38;2;0;0;0m      [38;2;4;7;4m  [38;2;140;141;179m██[38;2;135;135;172m██[38;2;122;122;153m██[38;2;140;141;179m██[38;2;132;132;168m██[38;2;127;127;161m██[38;2;135;135;172m██[38;2;84;84;94m██[38;2;149;46;69m██[38;2;190;62;92m██[38;2;191;62;93m██[38;2;59;21;29m██[38;2;12;6;6m  [38;2;0;0;0m  
[38;2;0;0;0m    [38;2;17;19;21m  [38;2;73;75;92m██[38;2;134;134;174m██[38;2;112;113;154m██[38;2;97;101;143m██[38;2;122;124;158m██[38;2;140;141;179m████[38;2;135;136;175m██[38;2;104;107;149m██[38;2;98;98;115m██[38;2;104;51;68m██[38;2;0;2;0m  [38;2;0;0;0m      
[38;2;0;0;0m    [38;2;17;20;17m██[38;2;121;121;151m██[38;2;122;124;166m██[38;2;185;157;86m██[38;2;201;204;217m██[38;2;122;123;165m██[38;2;140;141;179m██[38;2;140;140;179m██████[38;2;80;82;108m██[38;2;1;2;1m  [38;2;0;0;0m        
[38;2;22;9;11m  [38;2;69;24;32m██[38;2;137;55;74m██[38;2;125;128;128m██[38;2;91;92;122m██[38;2;201;168;77m██[38;2;175;150;85m██[38;2;121;123;165m██[38;2;132;133;165m██[38;2;117;96;119m██[38;2;133;133;131m██[38;2;77;79;95m██[38;2;104;90;117m██[38;2;44;40;45m██[38;2;121;40;46m██[38;2;30;12;12m  [38;2;0;1;0m  [38;2;0;0;0m  
[38;2;0;1;0m  [38;2;144;46;69m  [38;2;161;62;86m██[38;2;189;195;195m██[38;2;39;39;45m██[38;2;82;88;136m██[38;2;84;90;136m██[38;2;139;139;179m██[38;2;43;49;45m██[38;2;119;90;87m██[38;2;206;207;202m██[38;2;75;79;99m██[38;2;90;74;86m██[38;2;141;61;77m██[38;2;128;53;61m██[38;2;223;75;90m██[38;2;254;85;102m██[38;2;63;24;25m  
[38;2;0;0;0m  [38;2;0;1;0m    [38;2;23;25;23m  [38;2;155;105;128m██[38;2;105;105;128m██[38;2;140;140;179m██[38;2;113;113;139m██[38;2;131;131;131m██[38;2;113;73;79m██[38;2;94;84;99m██[38;2;63;65;85m██[38;2;0;1;0m  [38;2;67;23;33m  [38;2;90;31;44m████[38;2;0;1;0m  [38;2;0;0;0m  
[38;2;0;0;0m        [38;2;25;28;33m  [38;2;102;104;136m██[38;2;103;106;140m██[38;2;102;105;138m██[38;2;95;101;136m██[38;2;99;102;136m██[38;2;94;95;120m██[38;2;161;63;85m██[38;2;0;2;0m  [38;2;0;0;0m          
[38;2;0;0;0m        [38;2;0;1;0m  [38;2;102;53;60m██[38;2;79;79;95m██[38;2;70;66;85m██[38;2;134;128;130m██[38;2;149;77;86m██[38;2;174;73;85m██[38;2;181;61;85m██[38;2;23;26;25m  [38;2;1;1;0m  [38;2;0;0;0m        
[38;2;0;0;0m        [38;2;33;36;43m██[38;2;71;71;79m██[38;2;210;70;88m██[38;2;227;79;89m████[38;2;216;80;90m██[38;2;238;83;99m██[38;2;63;20;32m  [38;2;130;130;168m██[38;2;45;48;56m██[38;2;0;0;1m  [38;2;0;0;0m      
[38;2;0;0;0m      [38;2;86;88;86m  [38;2;88;88;119m██[38;2;10;10;13m  [38;2;24;11;12m  [38;2;138;56;63m██[38;2;139;73;80m██[38;2;103;63;65m██[38;2;90;81;100m██[38;2;0;0;0m  [38;2;35;35;45m██[38;2;118;120;140m██[38;2;109;113;121m  [38;2;0;2;0m  [38;2;0;0;0m    
[38;2;0;0;0m    [38;2;61;64;61m██[38;2;184;184;184m██[38;2;0;0;0m    [38;2;4;4;5m  [38;2;109;109;140m██[38;2;140;141;179m████[38;2;109;110;140m██[38;2;4;4;5m  [38;2;0;1;0m  [38;2;67;74;104m██[38;2;250;251;251m██[38;2;127;138;159m██[38;2;0;2;0m  [38;2;0;0;0m  
[38;2;0;0;0m  [38;2;0;1;0m  [38;2;157;157;157m██[38;2;65;65;65m██[38;2;0;0;0m    [38;2;104;104;134m██[38;2;122;122;155m██[38;2;48;49;62m██[38;2;117;117;150m██[38;2;140;140;179m██[38;2;34;34;44m██[38;2;0;1;0m  [38;2;191;192;191m██[38;2;181;185;186m██[38;2;185;191;193m██[38;2;124;126;124m  [38;2;0;0;0m  
[38;2;0;0;0m    [38;2;39;39;39m  ██[38;2;0;0;0m    [38;2;116;116;150m██[38;2;20;20;25m██[38;2;0;0;0m    [38;2;120;120;154m██[38;2;42;42;51m██[38;2;0;0;0m  [38;2;0;7;4m  [38;2;224;227;227m██[38;2;150;159;160m██[38;2;176;178;177m██[38;2;0;0;0m  
[38;2;0;0;0m          [38;2;54;54;73m  [38;2;104;104;141m██[38;2;80;80;108m██[38;2;0;0;0m    [38;2;26;26;35m██[38;2;95;97;123m██[38;2;0;0;0m    [38;2;67;72;69m██[38;2;200;203;202m██[38;2;31;36;33m  [38;2;0;0;0m  
[38;2;0;0;0m        [38;2;36;36;36m  [38;2;73;73;73m██[38;2;110;110;110m  [38;2;0;0;0m    [38;2;38;40;41m  [38;2;141;145;158m██[38;2;113;111;139m██[38;2;112;112;116m██[38;2;0;0;0m    [38;2;0;2;0m  [38;2;0;0;0m    
[38;2;0;0;0m                  [38;2;46;48;49m  [38;2;71;72;75m██[38;2;69;68;71m██[38;2;48;48;49m  [38;2;0;0;0m          [0m
