
[38;2;0;0;0m                        ██████              
[38;2;0;0;0m                      ██[38;2;136;96;64m██[38;2;176;128;72m████[38;2;0;0;0m██            
[38;2;0;0;0m        ██          ██[38;2;176;128;72m████[38;2;0;0;0m██████            
[38;2;0;0;0m      ██[38;2;112;184;88m██[38;2;0;0;0m██      ██[38;2;136;96;64m██[38;2;176;128;72m██[38;2;0;0;0m██                  
[38;2;0;0;0m    ██[38;2;112;184;88m████[38;2;0;0;0m██    ██[38;2;64;64;64m██[38;2;136;96;64m████[38;2;64;64;64m██[38;2;0;0;0m██                
[38;2;0;0;0m  ██[38;2;72;152;72m██[38;2;112;184;88m██[38;2;0;0;0m██    ████[38;2;240;224;88m██[38;2;64;64;64m████[38;2;200;184;80m██[38;2;0;0;0m██                
[38;2;0;0;0m  ██[38;2;112;184;88m██[38;2;72;152;72m██[38;2;0;0;0m██    ██[38;2;240;224;88m██[38;2;160;144;80m██[38;2;240;224;88m████[38;2;160;144;80m██[38;2;240;224;88m██[38;2;0;0;0m██              
[38;2;0;0;0m██[38;2;72;152;72m██[38;2;112;184;88m██[38;2;72;152;72m████[38;2;0;0;0m████[38;2;240;224;88m██████[38;2;160;144;80m████[38;2;240;224;88m████[38;2;0;0;0m██          ████
[38;2;0;0;0m██[38;2;72;152;72m██████████[38;2;64;64;64m██[38;2;240;224;88m████████████████[38;2;0;0;0m██    ████[38;2;136;216;112m██[38;2;0;0;0m██
[38;2;0;0;0m██[38;2;72;152;72m██████████[38;2;64;64;64m██[38;2;240;224;88m██████████████[38;2;64;64;64m██[38;2;0;0;0m██████[38;2;136;216;112m██████[38;2;0;0;0m██
[38;2;0;0;0m  ██[38;2;72;152;72m████████[38;2;64;64;64m██[38;2;240;224;88m████[38;2;200;184;80m████[38;2;240;224;88m████[38;2;64;64;64m██[38;2;112;184;88m████[38;2;136;216;112m██████████[38;2;0;0;0m██
[38;2;0;0;0m    ██[38;2;72;152;72m████[38;2;64;64;64m██[38;2;240;224;88m██████[38;2;248;248;248m████[38;2;200;184;80m██[38;2;64;64;64m██[38;2;112;184;88m████████[38;2;136;216;112m██████[38;2;0;0;0m██  
[38;2;0;0;0m      ████[38;2;64;64;64m██[38;2;240;224;88m████[38;2;200;184;80m██[38;2;0;0;0m██[38;2;248;248;248m████[38;2;64;64;64m██[38;2;112;184;88m████████[38;2;136;216;112m██████[38;2;0;0;0m██  
[38;2;0;0;0m        ██[38;2;240;224;88m██████[38;2;200;184;80m██[38;2;248;248;248m████[38;2;200;184;80m██[38;2;64;64;64m██[38;2;112;184;88m██████████[38;2;136;216;112m██[38;2;0;0;0m██    
[38;2;0;0;0m      ██[38;2;64;64;64m██[38;2;200;184;80m██[38;2;240;224;88m██████[38;2;200;184;80m████████[38;2;64;64;64m██[38;2;112;184;88m██████[38;2;0;0;0m████      
[38;2;0;0;0m      ██[38;2;240;152;168m██[38;2;64;64;64m██[38;2;200;184;80m██[38;2;240;224;88m██[38;2;200;184;80m████████[38;2;64;64;64m██████[38;2;0;0;0m████          
[38;2;0;0;0m      ██[38;2;240;152;168m████[38;2;64;64;64m████████████[38;2;184;120;128m████[38;2;0;0;0m██              
[38;2;0;0;0m        ██[38;2;240;152;168m██████████[38;2;184;120;128m██████[38;2;0;0;0m██                
[38;2;0;0;0m          ████[38;2;184;120;128m████████[38;2;0;0;0m████                  
[38;2;0;0;0m              ████████                      [0m
