
[38;2;0;0;0m                                    [38;2;0;4;0m████[38;2;0;0;0m                              
[38;2;0;0;0m                    [38;2;0;4;0m████████[38;2;0;0;0m      [38;2;0;4;0m██[38;2;247;247;220m████[38;2;0;4;0m██[38;2;0;0;0m                            
[38;2;0;0;0m                [38;2;0;4;0m████[38;2;247;247;223m████████[38;2;0;4;0m██████[38;2;247;247;223m██[38;2;247;247;220m████[38;2;0;4;0m██[38;2;0;0;0m  [38;2;0;4;0m██████████[38;2;0;0;0m                
[38;2;0;0;0m              [38;2;0;4;0m██[38;2;247;247;220m████████████████[38;2;115;93;75m██[38;2;247;247;223m██████[38;2;93;88;72m██[38;2;16;8;0m██[38;2;247;247;220m████████[38;2;247;247;223m██[38;2;0;4;0m████[38;2;0;0;0m            
[38;2;0;0;0m            [38;2;0;4;0m██[38;2;247;247;223m██[38;2;247;247;220m████████████████[38;2;115;93;75m██[38;2;247;247;223m████[38;2;115;93;75m██[38;2;247;247;215m████[38;2;247;247;220m████████[38;2;247;247;223m██████[38;2;0;4;0m██[38;2;0;0;0m          
[38;2;0;0;0m          [38;2;0;4;0m██[38;2;247;247;220m████[38;2;247;247;223m████████[38;2;247;247;220m████████[38;2;247;247;223m██[38;2;203;181;152m██[38;2;247;247;220m████████████████████████[38;2;0;4;0m██[38;2;0;0;0m        
[38;2;0;0;0m          [38;2;0;4;0m██[38;2;247;247;220m████[38;2;247;247;223m██[38;2;115;93;75m████[38;2;247;247;223m██[38;2;247;247;220m████████[38;2;247;247;223m████[38;2;247;247;220m████████████████████████[38;2;247;247;223m██[38;2;0;4;0m██[38;2;0;0;0m      
[38;2;0;0;0m    [38;2;0;4;0m████[38;2;16;8;0m██[38;2;247;247;215m██[38;2;247;247;220m████[38;2;82;74;66m██[38;2;247;247;223m████[38;2;115;93;75m██[38;2;247;247;220m████████████████[38;2;247;247;223m██[38;2;115;93;75m████[38;2;247;247;223m██[38;2;247;247;220m████████████[38;2;247;247;223m██[38;2;0;4;0m██[38;2;0;0;0m      
[38;2;0;0;0m  [38;2;0;4;0m██[38;2;247;247;223m████[38;2;247;247;215m██[38;2;93;88;72m██[38;2;247;247;220m████[38;2;82;74;66m████[38;2;247;247;223m████[38;2;247;247;220m████████████████[38;2;115;93;75m██[38;2;247;247;223m████[38;2;115;93;75m██[38;2;247;247;220m████████████[38;2;247;247;223m████[38;2;0;4;0m████[38;2;0;0;0m  
[38;2;0;0;0m  [38;2;0;4;0m██[38;2;247;247;223m████[38;2;247;247;220m████[38;2;255;247;215m██[38;2;66;66;66m██[38;2;255;247;215m████[38;2;115;93;75m██[38;2;247;247;223m██[38;2;247;247;220m████████████████████[38;2;90;78;66m████[38;2;66;66;66m██[38;2;255;247;215m██[38;2;247;247;220m████████[38;2;247;247;223m██[38;2;115;93;75m██[38;2;247;247;220m████[38;2;0;4;0m██
[38;2;0;0;0m    [38;2;0;4;0m██[38;2;247;247;223m██[38;2;247;247;220m████[38;2;66;66;66m██[38;2;192;187;165m██[38;2;195;187;163m██[38;2;74;66;58m██[38;2;247;247;223m████[38;2;247;247;220m████████████████████[38;2;247;247;207m██[38;2;195;191;160m██[38;2;192;187;165m██[38;2;66;66;66m██[38;2;247;247;220m████████[38;2;247;247;223m████[38;2;247;247;220m████[38;2;0;4;0m██
[38;2;0;0;0m      [38;2;0;4;0m██[38;2;115;93;75m██[38;2;247;247;223m██[38;2;66;66;66m██[38;2;192;187;165m██[38;2;66;66;66m██[38;2;206;181;150m████[38;2;113;101;89m██[38;2;247;247;223m████[38;2;247;247;220m████[38;2;255;247;207m██[38;2;195;187;157m██[38;2;247;247;223m████[38;2;90;78;66m██[38;2;247;247;207m██[38;2;203;181;150m████[38;2;192;187;165m██[38;2;66;66;66m██[38;2;247;247;223m████[38;2;203;180;152m████[38;2;247;247;223m██████[38;2;0;4;0m██[38;2;0;0;0m  
[38;2;0;0;0m    [38;2;0;4;0m██[38;2;247;247;223m██████[38;2;255;247;215m██[38;2;66;66;66m████[38;2;206;181;150m██[38;2;66;61;58m██[38;2;206;181;150m██[38;2;203;181;152m██[38;2;247;247;223m██[38;2;247;247;220m████[38;2;195;187;157m██[38;2;74;66;58m██[38;2;203;180;152m████[38;2;195;191;160m██[38;2;90;78;66m██[38;2;203;181;150m████[38;2;66;66;66m██[38;2;255;247;215m██[38;2;247;247;223m██[38;2;203;181;152m██[38;2;247;247;223m██████[38;2;115;93;75m██[38;2;0;4;0m██[38;2;247;247;223m██[38;2;0;0;0m  
[38;2;0;0;0m  [38;2;0;4;0m██[38;2;247;247;220m████[38;2;247;247;223m████[38;2;66;66;66m██[38;2;74;136;74m████[38;2;66;66;66m██[38;2;71;63;55m██[38;2;214;173;134m██[38;2;203;181;150m████████[38;2;214;173;134m██[38;2;71;63;55m██[38;2;66;66;66m██[38;2;206;181;150m██[38;2;66;66;66m████████[38;2;74;136;74m██[38;2;66;66;66m██[38;2;247;247;223m████[38;2;247;247;220m████████[38;2;247;247;223m██[38;2;0;4;0m██[38;2;0;0;0m  
[38;2;0;0;0m  [38;2;0;4;0m██[38;2;247;247;220m████[38;2;247;247;223m██[38;2;66;66;66m██[38;2;74;136;74m████[38;2;66;66;66m████[38;2;143;118;95m██[38;2;71;63;55m██[38;2;203;181;150m████████[38;2;71;63;55m██[38;2;143;118;95m██[38;2;66;66;66m██████[38;2;160;111;64m██[38;2;66;66;66m██[38;2;74;136;74m██████[38;2;66;66;66m██[38;2;247;247;223m██[38;2;247;247;220m████████[38;2;247;247;223m████[38;2;0;4;0m██
[38;2;0;4;0m██[38;2;247;247;223m██[38;2;247;247;220m████[38;2;247;247;223m██[38;2;66;66;66m██[38;2;74;136;74m██[38;2;66;66;66m██[38;2;112;187;91m████[38;2;74;66;58m██[38;2;255;247;223m██[38;2;66;70;74m████[38;2;66;66;66m████[38;2;118;101;86m████[38;2;156;115;68m████[38;2;66;66;66m████[38;2;66;70;66m██[38;2;86;129;78m██[38;2;74;137;74m████[38;2;66;90;66m██[38;2;247;247;223m██[38;2;247;247;220m████████████[38;2;0;4;0m██
[38;2;0;4;0m██[38;2;247;247;223m██[38;2;247;247;220m████[38;2;247;247;223m██[38;2;66;66;66m██[38;2;74;136;74m████[38;2;112;187;91m████[38;2;74;66;58m██[38;2;195;187;168m██[38;2;96;85;75m██[38;2;156;115;76m██[38;2;160;111;64m████[38;2;118;101;86m██[38;2;255;255;255m██[38;2;96;88;77m██[38;2;66;74;82m██[38;2;66;66;66m██[38;2;115;189;91m██[38;2;107;189;91m██[38;2;66;70;66m██[38;2;74;137;74m████[38;2;66;90;66m████[38;2;247;247;220m████████████[38;2;0;4;0m██
[38;2;0;4;0m██[38;2;206;181;150m██[38;2;247;247;223m████████[38;2;57;74;57m██[38;2;104;112;88m██[38;2;74;136;74m████[38;2;66;74;82m██[38;2;96;88;77m██[38;2;192;148;69m████████[38;2;99;94;83m██[38;2;247;173;103m██[38;2;96;85;75m██[38;2;66;70;74m██[38;2;113;189;91m████████[38;2;74;137;74m████[38;2;104;112;88m██[38;2;57;74;57m██[38;2;247;247;220m████████████[38;2;0;4;0m██
[38;2;0;0;0m  [38;2;0;4;0m██[38;2;203;180;152m████████[38;2;198;189;150m██[38;2;57;74;57m██[38;2;66;66;66m████[38;2;156;115;68m████[38;2;66;66;66m████████[38;2;148;120;90m██[38;2;99;94;83m██[38;2;156;115;76m██[38;2;66;70;74m██[38;2;74;140;74m██[38;2;113;189;91m████[38;2;74;140;74m██[38;2;74;137;74m████[38;2;57;74;57m██[38;2;198;189;150m██[38;2;247;247;220m████████████[38;2;0;4;0m██
[38;2;0;0;0m    [38;2;0;4;0m██[38;2;206;181;150m██[38;2;203;179;152m████[38;2;203;181;150m████████[38;2;66;66;66m████[38;2;198;191;168m██[38;2;99;94;91m██[38;2;247;247;223m██[38;2;203;181;152m██[38;2;57;57;57m████[38;2;74;61;50m██[38;2;134;123;102m██[38;2;57;78;65m██[38;2;90;94;66m██[38;2;74;136;74m████[38;2;66;66;66m████[38;2;203;181;150m████[38;2;203;181;152m██[38;2;247;247;223m██████[38;2;255;255;223m██[38;2;8;8;0m██[38;2;0;0;0m  
[38;2;0;0;0m      [38;2;0;4;0m██[38;2;115;94;75m██[38;2;203;179;152m██[38;2;203;181;150m████████[38;2;110;104;94m██[38;2;198;181;150m██[38;2;99;94;91m██[38;2;247;239;207m██[38;2;247;247;223m████[38;2;118;118;110m██[38;2;239;239;215m██[38;2;255;247;207m██[38;2;74;61;50m██[38;2;156;127;68m██[38;2;57;78;65m██[38;2;66;66;66m████[38;2;206;181;150m████[38;2;203;181;150m████[38;2;203;181;152m████[38;2;203;180;152m████[38;2;173;173;149m██[38;2;8;8;0m██[38;2;0;0;0m  
[38;2;0;0;0m    [38;2;0;4;0m██[38;2;206;181;150m██[38;2;203;179;152m████[38;2;203;181;150m████████[38;2;104;101;93m██[38;2;198;181;150m██[38;2;115;101;86m██[38;2;247;247;223m████[38;2;203;181;152m██[38;2;195;187;157m██[38;2;255;247;207m████[38;2;195;187;157m██[38;2;66;66;66m██[38;2;160;111;64m██[38;2;143;118;95m██[38;2;71;63;55m██[38;2;203;181;150m████████████[38;2;206;181;150m██[38;2;107;92;75m██[38;2;0;4;0m██[38;2;0;0;0m    
[38;2;0;0;0m    [38;2;0;4;0m██[38;2;206;181;150m██[38;2;203;179;152m██[38;2;115;94;75m██[38;2;203;181;150m████████[38;2;198;181;150m██[38;2;57;61;65m██[38;2;115;101;86m████[38;2;203;181;152m████[38;2;74;66;58m██[38;2;195;187;157m████[38;2;74;66;58m██[38;2;160;111;64m████[38;2;71;63;55m██[38;2;214;173;134m██[38;2;203;181;150m████████████[38;2;107;92;75m██[38;2;8;4;0m██[38;2;0;0;0m      
[38;2;0;0;0m      [38;2;0;4;0m████[38;2;206;181;150m██[38;2;203;181;150m████████████[38;2;66;66;66m████████[38;2;154;121;69m██[38;2;66;66;66m████[38;2;160;111;64m██[38;2;66;66;66m████[38;2;203;181;150m████████████[38;2;203;179;152m██████[38;2;115;94;75m██[38;2;0;4;0m██[38;2;0;0;0m    
[38;2;0;0;0m          [38;2;0;4;0m██[38;2;203;181;150m████████████[38;2;66;66;66m██[38;2;192;148;69m██████[38;2;198;148;70m████[38;2;160;111;64m████[38;2;66;66;66m██[38;2;206;181;150m██[38;2;203;181;150m████████████[38;2;115;94;75m██[38;2;203;179;152m██████[38;2;0;4;0m██[38;2;0;0;0m    
[38;2;0;0;0m          [38;2;0;4;0m██[38;2;206;181;150m████[38;2;203;181;150m████[38;2;206;181;150m██[38;2;66;66;66m██[38;2;160;111;64m████[38;2;192;148;69m████[38;2;198;140;70m██[38;2;154;115;69m██[38;2;160;111;64m████[38;2;66;66;66m██[38;2;206;181;150m██[38;2;203;181;150m████[38;2;203;180;152m██[38;2;247;247;223m██[38;2;203;181;152m████[38;2;206;181;150m██[38;2;107;92;75m██[38;2;0;4;0m████[38;2;0;0;0m      
[38;2;0;0;0m            [38;2;0;4;0m██[38;2;206;181;150m██[38;2;203;181;150m████[38;2;206;181;150m██[38;2;66;66;66m██[38;2;160;111;64m██[38;2;66;66;66m██████████[38;2;160;111;64m██[38;2;66;66;66m██[38;2;206;181;150m████[38;2;203;181;150m████[38;2;247;247;223m██[38;2;203;180;152m██[38;2;247;247;223m██[38;2;203;181;152m██[38;2;206;181;150m██[38;2;8;4;0m██[38;2;0;0;0m          
[38;2;0;0;0m              [38;2;0;4;0m██[38;2;206;181;150m████[38;2;203;181;150m████[38;2;66;66;66m██[38;2;206;181;150m████████[38;2;69;63;55m██[38;2;143;118;95m██[38;2;71;63;55m██[38;2;203;181;150m████[38;2;203;181;152m██[38;2;247;247;223m██[38;2;203;181;152m██[38;2;247;247;223m██[38;2;206;181;150m████[38;2;0;4;0m██[38;2;0;0;0m            
[38;2;0;0;0m                [38;2;0;4;0m████[38;2;203;181;150m████[38;2;206;181;150m██████[38;2;0;4;0m██[38;2;0;4;8m██[38;2;206;181;150m██[38;2;71;63;55m██[38;2;214;173;134m██[38;2;203;181;150m████[38;2;203;181;152m████████[38;2;0;4;0m████[38;2;0;0;0m              
[38;2;0;0;0m                    [38;2;0;4;0m██████████[38;2;0;0;0m    [38;2;0;4;0m████[38;2;206;181;150m████████[38;2;0;4;0m██████[38;2;0;0;0m                  
[38;2;0;0;0m                                      [38;2;0;4;0m████████[38;2;0;0;0m                        [0m
