
[38;2;0;0;0m                      ██████                    
[38;2;0;0;0m          ██████  ████[38;2;148;115;164m██████[38;2;0;0;0m██                  
[38;2;0;0;0m      ████[38;2;115;107;139m██[38;2;115;111;137m██[38;2;0;4;0m████[38;2;148;119;164m██[38;2;148;115;164m██[38;2;0;0;0m██████                    
[38;2;0;0;0m    ██[38;2;66;66;66m██[38;2;115;107;139m██[38;2;0;0;0m██[38;2;0;4;0m██[38;2;58;58;68m██[38;2;148;119;164m██[38;2;74;61;82m██[38;2;0;0;0m██            ████    ██████
[38;2;0;0;0m    ██[38;2;115;107;139m██[38;2;0;0;0m██  ██[38;2;115;107;139m██[38;2;66;74;71m██[38;2;0;0;0m██████████    [38;2;0;4;0m██[38;2;148;119;164m██[38;2;66;59;74m██[38;2;0;4;0m██[38;2;0;0;0m██[38;2;148;115;164m████[38;2;0;0;0m██
[38;2;0;0;0m      ██[38;2;115;107;139m██[38;2;0;0;0m████[38;2;115;107;139m██[38;2;66;74;71m██[38;2;198;222;214m████[38;2;66;74;71m████[38;2;198;222;214m██[38;2;0;0;0m████[38;2;74;61;82m██[38;2;148;119;164m██[38;2;132;115;148m████[38;2;148;115;164m██[38;2;0;0;0m████  
[38;2;0;0;0m        [38;2;0;0;16m██[38;2;148;143;100m██[38;2;66;66;66m████[38;2;115;107;139m██[38;2;66;66;66m██[38;2;148;115;164m████[38;2;198;222;222m██[38;2;74;53;74m██[38;2;198;222;214m██[38;2;132;144;140m██[38;2;156;181;164m██[38;2;66;66;66m██[38;2;132;115;148m██[38;2;0;4;0m██[38;2;0;0;0m██      
[38;2;0;0;0m  ██  ██[38;2;222;214;142m██[38;2;74;71;58m██[38;2;198;222;214m██[38;2;66;66;66m██[38;2;115;107;139m██[38;2;66;66;66m██[38;2;198;222;214m████[38;2;136;137;148m██[38;2;198;222;222m██[38;2;66;66;66m██[38;2;198;222;214m██[38;2;126;143;131m██[38;2;156;181;164m██[38;2;66;59;74m██[38;2;132;115;148m██[38;2;115;107;139m██[38;2;0;0;0m██    
[38;2;0;0;0m██[38;2;148;115;164m██[38;2;0;4;0m██[38;2;74;61;78m██[38;2;239;214;151m██[38;2;152;131;128m██[38;2;198;222;214m████[38;2;66;53;90m██[38;2;239;231;127m██[38;2;239;231;111m████[38;2;154;156;165m██[38;2;198;206;214m██[38;2;66;66;66m██[38;2;156;181;164m██[38;2;165;189;173m██[38;2;113;127;118m██[38;2;0;0;0m██████      
[38;2;0;0;0m██[38;2;148;115;164m██[38;2;74;61;78m██[38;2;148;119;156m██[38;2;152;131;128m██[38;2;66;49;106m██[38;2;198;222;214m████[38;2;152;142;108m██[38;2;239;231;127m██[38;2;66;66;66m██[38;2;239;231;111m██[38;2;66;57;66m██[38;2;154;156;165m██[38;2;156;181;164m██[38;2;66;66;66m██[38;2;165;189;173m██[38;2;8;4;8m██[38;2;0;0;0m            
[38;2;0;0;0m  ██[38;2;148;115;164m████████[38;2;148;118;164m████[38;2;66;66;66m██[38;2;148;115;164m████[38;2;66;66;66m██████████[38;2;0;0;0m██              
[38;2;0;0;0m    ██[38;2;148;115;164m██[38;2;66;66;66m██[38;2;148;115;164m██[38;2;148;118;164m████[38;2;148;115;164m██[38;2;66;66;66m██████[38;2;148;115;164m████████[38;2;0;0;0m██              
[38;2;0;0;0m      ████[38;2;148;115;164m██[38;2;0;0;0m██[38;2;148;115;164m████████████[38;2;0;0;0m██████                
[38;2;0;0;0m          ██  ████████████                      [0m
