
[38;2;0;0;0m    [38;2;0;1;0m  [38;2;24;46;53m  [38;2;46;62;63m██[38;2;46;64;63m██[38;2;44;61;63m██[38;2;1;1;1m  [38;2;0;0;0m                  
[38;2;0;0;0m  [38;2;68;124;149m  [38;2;86;155;188m██[38;2;110;198;241m██[38;2;153;223;252m██[38;2;186;246;253m██[38;2;158;211;225m██[38;2;43;58;66m██[38;2;0;3;0m  [38;2;0;2;0m  [38;2;0;0;0m              
[38;2;5;11;13m  [38;2;88;161;200m██[38;2;114;206;250m██[38;2;104;176;211m██[38;2;127;189;205m██[38;2;150;200;206m██[38;2;126;161;165m██[38;2;178;243;248m██[38;2;186;247;253m██[38;2;177;241;247m██[38;2;36;59;62m██[38;2;0;1;0m  [38;2;0;0;0m          
[38;2;21;44;53m██[38;2;81;154;205m██[38;2;103;172;206m██[38;2;67;71;72m██[38;2;80;106;119m██[38;2;102;172;204m██[38;2;166;221;226m██[38;2;184;247;253m██[38;2;186;247;253m██[38;2;184;240;253m██[38;2;173;238;252m██[38;2;84;153;182m██[38;2;23;47;52m  [38;2;0;0;0m        
[38;2;21;44;53m██[38;2;81;153;205m██[38;2;75;119;154m██[38;2;86;153;192m██[38;2;90;142;182m██[38;2;99;164;195m██[38;2;138;220;251m██[38;2;168;237;252m████[38;2;167;230;252m██[38;2;115;207;251m██[38;2;116;209;251m██[38;2;96;177;206m██[38;2;17;35;43m  [38;2;0;0;0m      
[38;2;21;44;53m██[38;2;81;149;208m██[38;2;74;94;117m██[38;2;110;195;237m██[38;2;104;182;235m██[38;2;102;171;207m██[38;2;116;207;251m██[38;2;118;209;251m████████[38;2;117;208;251m██[38;2;109;197;244m██[38;2;69;133;172m██[38;2;0;1;0m  [38;2;0;0;0m    
[38;2;21;44;53m██[38;2;81;156;201m██[38;2;81;111;125m██[38;2;73;86;93m██[38;2;102;170;204m██[38;2;104;181;233m██[38;2;116;207;251m██[38;2;118;209;251m██[38;2;96;153;181m██[38;2;66;66;66m██[38;2;73;90;105m██[38;2;81;110;124m██[38;2;118;209;251m██[38;2;78;136;172m██[38;2;26;53;65m██[38;2;0;0;0m    
[38;2;5;11;13m  [38;2;69;132;170m██[38;2;81;111;125m██[38;2;104;176;211m██[38;2;146;64;78m██[38;2;76;75;96m██[38;2;115;206;251m████[38;2;117;208;251m██[38;2;101;169;204m██[38;2;76;105;146m██[38;2;115;206;251m██[38;2;118;209;251m██[38;2;68;79;85m██[38;2;68;130;167m██[38;2;0;2;0m  [38;2;0;0;0m  
[38;2;0;1;0m  [38;2;65;124;160m██[38;2;76;126;158m██[38;2;107;185;223m██[38;2;172;64;82m██[38;2;106;64;74m██[38;2;97;64;72m██[38;2;98;64;73m██[38;2;116;190;228m██[38;2;102;170;204m██[38;2;110;190;230m██[38;2;115;206;251m██[38;2;118;209;251m██[38;2;79;142;182m██[38;2;76;126;157m██[38;2;0;3;0m  [38;2;0;0;0m  
[38;2;0;0;0m  [38;2;16;33;40m  [38;2;88;160;202m██[38;2;113;200;244m██[38;2;172;64;82m██[38;2;193;60;93m██[38;2;166;64;80m██[38;2;167;64;80m██[38;2;107;83;96m██[38;2;134;65;73m██[38;2;95;145;169m██[38;2;118;209;251m████[38;2;71;95;109m██[38;2;39;71;88m██[38;2;0;0;0m    
[38;2;0;0;0m  [38;2;0;3;0m  [38;2;115;206;250m██[38;2;118;209;251m██[38;2;169;64;81m██[38;2;183;76;92m██[38;2;255;124;143m██[38;2;255;126;143m██[38;2;183;78;92m██[38;2;154;70;81m██[38;2;116;207;251m██[38;2;117;209;251m██[38;2;79;150;175m██[38;2;0;3;0m  [38;2;0;0;0m      
[38;2;0;0;0m  [38;2;0;3;0m  [38;2;115;206;250m██[38;2;118;209;251m██[38;2;137;130;157m██[38;2;246;117;137m██[38;2;255;124;143m██[38;2;255;126;143m██[38;2;200;98;115m██[38;2;124;172;208m██[38;2;116;207;251m██[38;2;110;195;234m██[38;2;10;22;25m  [38;2;0;0;0m        
[38;2;0;0;0m  [38;2;0;2;0m  [38;2;96;172;208m██[38;2;118;209;251m██[38;2;127;166;200m██[38;2;157;67;79m██[38;2;230;109;126m██[38;2;230;111;126m██[38;2;149;138;162m██[38;2;85;137;206m██[38;2;117;207;249m██[38;2;82;144;171m  [38;2;0;1;0m  [38;2;0;0;0m  [38;2;0;1;0m  [38;2;0;0;0m    
[38;2;0;0;0m    [38;2;38;70;81m██[38;2;118;209;251m██[38;2;118;209;250m██[38;2;124;174;211m██[38;2;125;171;207m████[38;2;90;135;158m██[38;2;118;209;251m██[38;2;88;150;178m██[38;2;7;3;0m  [38;2;0;0;0m  [38;2;28;30;28m  [38;2;103;110;115m██[38;2;32;39;42m  [38;2;0;0;0m  
[38;2;0;0;0m    [38;2;19;39;41m  [38;2;105;191;215m██[38;2;118;209;250m██[38;2;118;209;251m██[38;2;111;192;230m██[38;2;78;103;114m██[38;2;118;209;251m██[38;2;96;168;201m██[38;2;32;41;42m██[38;2;0;0;0m  [38;2;0;2;0m  [38;2;229;230;233m██[38;2;112;116;123m██[38;2;204;205;205m██[38;2;67;70;67m██
[38;2;0;0;0m    [38;2;0;1;0m  [38;2;69;132;165m██[38;2;91;169;216m██[38;2;108;203;247m██[38;2;89;132;153m██[38;2;114;204;249m██[38;2;91;169;214m██[38;2;42;58;66m██[38;2;12;20;20m  [38;2;0;0;0m  [38;2;36;42;49m  [38;2;116;125;135m██[38;2;198;201;206m██[38;2;177;179;182m██[38;2;32;37;37m██
[38;2;0;0;0m      [38;2;0;3;0m  [38;2;81;156;205m██[38;2;85;137;162m██[38;2;75;117;146m██[38;2;81;154;205m██[38;2;74;111;134m██[38;2;65;114;147m  [38;2;2;2;0m  [38;2;1;3;2m  [38;2;55;64;74m██[38;2;78;90;103m██[38;2;67;75;87m██[38;2;48;55;63m  [38;2;0;0;0m  
[38;2;0;0;0m      [38;2;52;101;129m  [38;2;81;156;205m██[38;2;67;73;78m██[38;2;81;156;203m██[38;2;81;156;205m██[38;2;73;110;133m██[38;2;0;3;0m  [38;2;0;1;0m  [38;2;60;69;81m██[38;2;79;90;103m██[38;2;19;25;26m██[38;2;6;8;8m  [38;2;0;0;0m    
[38;2;0;0;0m  [38;2;16;33;38m  [38;2;49;94;116m██[38;2;83;155;207m██[38;2;81;156;205m██[38;2;81;156;202m██[38;2;69;88;99m████[38;2;80;144;185m██[38;2;80;152;197m██[38;2;41;62;76m██[38;2;52;71;88m  [38;2;0;3;0m  [38;2;0;0;0m        
[38;2;0;1;0m  [38;2;37;63;73m██[38;2;95;169;214m██[38;2;83;157;204m██[38;2;20;42;51m██[38;2;20;42;50m██[38;2;81;155;203m██[38;2;106;192;237m██[38;2;92;162;204m██[38;2;49;83;103m██[38;2;84;154;201m██[38;2;3;4;0m  [38;2;0;0;0m          
[38;2;0;0;0m  [38;2;4;4;0m  [38;2;4;5;0m  [38;2;0;3;0m  [38;2;0;0;0m    [38;2;44;80;95m  [38;2;116;203;246m██[38;2;111;199;240m██[38;2;60;114;147m  [38;2;5;4;0m  [38;2;0;0;0m            
[38;2;0;0;0m            [38;2;6;10;12m  [38;2;30;48;57m  [38;2;25;50;58m██[38;2;0;0;0m                [0m
