
[38;2;0;0;0m      ██                                
[38;2;0;0;0m    ██[38;2;231;173;215m██[38;2;0;0;0m██  ████████████                
[38;2;0;0;0m  ██[38;2;8;0;8m██[38;2;239;173;223m██[38;2;8;0;0m████[38;2;107;173;227m██[38;2;151;206;244m██[38;2;148;206;252m██████[38;2;107;173;227m██[38;2;0;0;0m████            
[38;2;0;0;0m██[38;2;231;173;215m██[38;2;239;173;223m██[38;2;162;115;151m██[38;2;55;69;81m██[38;2;148;206;244m██[38;2;173;222;253m████[38;2;148;206;252m████████[38;2;107;165;227m██[38;2;71;110;151m██[38;2;0;0;0m██          
[38;2;0;0;0m  ██[38;2;189;123;189m██[38;2;66;66;66m██[38;2;148;206;252m██[38;2;0;0;0m██[38;2;173;222;253m████[38;2;148;206;252m██████████[38;2;107;173;227m██[38;2;132;110;148m██[38;2;0;0;0m██        
[38;2;0;0;0m  ██[38;2;189;123;189m██[38;2;66;66;66m██[38;2;148;206;252m██████████████████[38;2;107;173;227m██[38;2;66;55;74m██[38;2;198;165;222m██[38;2;0;0;0m██      
[38;2;0;0;0m    ████[38;2;85;112;138m██[38;2;140;214;252m██[38;2;148;206;252m██████[38;2;0;0;0m██[38;2;148;206;252m████[38;2;165;189;245m██[38;2;74;94;154m██[38;2;66;66;66m██[38;2;231;173;215m██[38;2;0;0;0m████    
[38;2;0;0;0m      ██[38;2;112;163;195m██[38;2;57;61;81m██[38;2;66;66;66m██[38;2;148;206;252m████████[38;2;65;99;153m██[38;2;135;157;215m████[38;2;231;173;215m████[38;2;0;0;0m██[38;2;231;173;215m██[38;2;0;0;0m██  
[38;2;0;0;0m        ██[38;2;107;173;227m████[38;2;46;60;76m██[38;2;66;66;66m████[38;2;65;98;153m██[38;2;107;173;227m██[38;2;115;173;227m██[38;2;44;58;76m██[38;2;189;123;189m████[38;2;231;173;215m████[38;2;0;0;0m██  
[38;2;0;0;0m          ██[38;2;16;4;0m██[38;2;107;173;227m████████[38;2;65;98;153m██[38;2;8;0;0m████[38;2;189;123;189m██[38;2;66;66;66m██[38;2;189;123;189m████[38;2;231;173;215m██[38;2;0;0;0m██
[38;2;0;0;0m              ██████████    ████[38;2;189;123;189m██[38;2;0;0;0m████  
[38;2;0;0;0m              ██[38;2;53;86;109m██[38;2;107;173;219m██[38;2;0;0;0m██    ████  ██      
[38;2;0;0;0m            ████[38;2;107;173;227m████[38;2;99;148;211m██[38;2;16;8;0m██[38;2;0;0;0m██[38;2;107;173;227m██[38;2;99;148;219m██[38;2;0;0;0m██        
[38;2;0;0;0m          ██[38;2;107;165;227m██[38;2;71;110;151m██[38;2;57;82;89m████[38;2;99;148;211m██[38;2;44;55;70m██[38;2;107;173;227m████[38;2;99;148;219m██[38;2;0;0;0m██        
[38;2;0;0;0m            ████[38;2;90;123;202m████[38;2;46;60;76m██[38;2;16;4;0m██[38;2;0;0;0m██████          
[38;2;0;0;0m                ████[38;2;107;173;227m████[38;2;0;0;0m██              
[38;2;0;0;0m                    ████                [0m
