
[38;2;0;0;0m          [38;2;5;8;2m  [38;2;37;52;23m██[38;2;38;55;24m██[38;2;8;12;5m  [38;2;0;0;0m              
[38;2;0;0;0m        [38;2;82;99;55m  [38;2;159;206;106m██[38;2;160;222;103m██[38;2;147;214;92m██[38;2;122;177;76m██[38;2;76;109;47m  [38;2;0;0;0m            
[38;2;0;0;0m      [38;2;43;63;27m  [38;2;195;239;131m████[38;2;196;237;131m██[38;2;147;214;92m██[38;2;147;214;91m██[38;2;147;214;92m██[38;2;54;79;34m██[38;2;0;0;0m          
[38;2;0;0;0m      [38;2;143;207;89m██[38;2;177;228;115m██[38;2;196;236;131m██[38;2;170;224;109m██[38;2;147;214;92m██[38;2;147;214;91m██████[38;2;0;0;0m          
[38;2;0;0;0m    [38;2;60;86;37m██[38;2;147;214;92m████[38;2;147;213;92m██[38;2;147;214;92m██[38;2;141;202;89m██[38;2;119;161;81m██[38;2;130;177;88m██[38;2;150;214;91m██[38;2;75;105;45m██[38;2;0;0;0m        
[38;2;0;0;0m    [38;2;60;86;37m██[38;2;147;214;92m████[38;2;147;213;92m██[38;2;147;214;92m██[38;2;96;102;91m██[38;2;48;45;44m██[38;2;173;182;157m██[38;2;84;89;61m██[38;2;68;90;39m██[38;2;0;0;0m        
[38;2;0;0;0m    [38;2;70;61;44m██[38;2;136;114;71m██[38;2;92;113;74m██[38;2;144;208;91m██[38;2;83;96;71m██[38;2;199;199;199m██[38;2;0;0;0m██[38;2;149;156;133m██[38;2;135;166;68m██[38;2;45;55;21m  [38;2;0;0;0m        
[38;2;0;0;0m  [38;2;192;147;60m  [38;2;239;184;78m██[38;2;247;189;79m██[38;2;119;113;76m██[38;2;140;175;69m██[38;2;133;163;67m██[38;2;77;77;77m██[38;2;60;60;60m██[38;2;135;166;68m██[38;2;139;172;68m██[38;2;0;0;0m          
[38;2;62;51;23m██[38;2;232;186;82m██[38;2;195;154;66m██[38;2;110;97;52m██[38;2;103;106;59m██[38;2;140;173;68m████████[38;2;135;153;67m██[38;2;72;37;33m██[38;2;0;0;0m          
[38;2;2;2;1m  [38;2;181;153;73m██[38;2;5;4;2m  [38;2;0;0;0m  [38;2;3;3;1m  [38;2;75;80;66m██[38;2;140;173;68m████[38;2;84;93;66m██[38;2;92;71;66m██[38;2;151;68;67m██[38;2;0;0;0m          
[38;2;0;0;0m        [38;2;37;54;23m  [38;2;86;91;102m██[38;2;76;78;84m████[38;2;85;89;99m██[38;2;72;74;77m██[38;2;147;65;67m██[38;2;82;35;36m██[38;2;0;0;0m        
[38;2;0;0;0m        [38;2;140;213;100m██[38;2;92;104;100m██[38;2;111;141;89m██[38;2;87;98;79m██[38;2;136;146;120m██[38;2;107;134;97m██[38;2;73;79;68m██[38;2;156;65;68m██[38;2;0;0;0m        
[38;2;0;0;0m      [38;2;128;128;128m  [38;2;164;186;96m██[38;2;191;162;101m██[38;2;134;143;89m██[38;2;183;179;187m██[38;2;183;188;175m██[38;2;119;163;83m██[38;2;112;149;80m██[38;2;131;65;67m██[38;2;116;45;52m  [38;2;0;0;0m      
[38;2;0;0;0m      [38;2;247;247;247m██[38;2;108;142;80m██[38;2;137;113;85m██[38;2;189;205;189m██[38;2;132;128;128m██[38;2;222;223;224m██[38;2;98;120;79m██[38;2;147;213;91m██[38;2;143;77;83m██[38;2;224;87;99m██[38;2;4;1;1m  [38;2;0;0;0m    
[38;2;0;0;0m    [38;2;58;58;58m  [38;2;251;251;251m██[38;2;133;136;139m██[38;2;180;180;180m██[38;2;168;173;176m██[38;2;232;99;101m██[38;2;191;122;114m██[38;2;143;143;143m██[38;2;147;207;89m██[38;2;120;103;78m██[38;2;231;89;103m██[38;2;93;36;41m██[38;2;0;0;0m    
[38;2;0;0;0m    [38;2;103;103;103m██[38;2;240;241;242m██[38;2;182;185;189m██[38;2;255;255;255m████[38;2;150;139;136m██[38;2;241;136;92m██[38;2;96;118;72m██[38;2;141;177;69m██[38;2;105;122;67m██[38;2;231;89;103m██[38;2;231;89;105m██[38;2;0;0;0m    
[38;2;0;0;0m    [38;2;93;93;93m██[38;2;90;97;106m██[38;2;255;255;255m████[38;2;237;238;237m██[38;2;218;218;214m██[38;2;136;113;92m██[38;2;119;145;68m██[38;2;139;172;68m██[38;2;139;128;70m██[38;2;230;89;103m██[38;2;230;89;105m██[38;2;118;46;52m  [38;2;0;0;0m  
[38;2;0;0;0m    [38;2;87;80;81m██[38;2;90;95;104m██[38;2;185;185;186m██[38;2;246;246;246m██[38;2;156;158;162m██[38;2;181;181;175m██[38;2;134;137;98m██[38;2;181;179;72m██[38;2;235;183;76m██[38;2;108;121;64m██[38;2;230;89;103m██[38;2;230;89;105m██[38;2;199;77;89m██[38;2;8;3;3m  
[38;2;0;0;0m    [38;2;54;35;38m██[38;2;83;86;90m██[38;2;142;111;115m██[38;2;225;133;144m██[38;2;148;96;103m██[38;2;156;133;133m██[38;2;161;143;72m██[38;2;188;180;72m██[38;2;217;183;77m██[38;2;45;42;18m  [38;2;85;33;38m██[38;2;231;89;105m██[38;2;230;89;105m██[38;2;64;25;29m██
[38;2;0;0;0m      [38;2;52;52;52m  [38;2;74;76;80m██[38;2;84;88;97m██[38;2;68;71;76m██[38;2;72;72;72m██[38;2;185;141;77m██[38;2;166;127;72m██[38;2;6;4;4m  [38;2;0;0;0m  [38;2;5;2;2m  [38;2;190;74;85m██[38;2;161;62;71m  [38;2;0;0;0m  
[38;2;0;0;0m      [38;2;144;144;144m  [38;2;139;121;121m██[38;2;128;65;67m██[38;2;56;35;36m██[38;2;0;0;1m  [38;2;103;49;50m██[38;2;16;12;12m  [38;2;0;0;0m            
[38;2;0;0;0m        [38;2;6;0;0m  [38;2;0;0;0m    [38;2;81;66;66m██[38;2;196;94;100m██[38;2;113;46;49m██[38;2;0;0;0m            
[38;2;0;0;0m              [38;2;69;66;66m██[38;2;45;31;30m██[38;2;39;15;17m  [38;2;0;0;0m            [0m
