
[38;2;0;0;0m    [38;2;175;157;56m██[38;2;30;26;15m██[38;2;0;0;0m        [38;2;10;10;10m  [38;2;0;0;0m                                        
[38;2;0;0;0m    [38;2;72;65;18m██[38;2;209;189;54m██[38;2;0;0;0m        [38;2;38;38;38m██[38;2;0;0;0m                                        
[38;2;0;0;0m      [38;2;200;181;51m██[38;2;121;108;60m██[38;2;57;57;57m██[38;2;0;0;0m    [38;2;50;50;50m██[38;2;5;5;5m██[38;2;0;0;0m                                  [38;2;19;17;4m  [38;2;22;20;5m██
[38;2;0;0;0m      [38;2;23;20;5m  [38;2;206;185;70m██[38;2;72;70;67m██[38;2;36;36;36m  [38;2;0;0;0m  [38;2;25;25;25m██[38;2;5;5;5m██[38;2;0;0;0m                                  [38;2;176;159;45m██[38;2;7;6;1m  
[38;2;0;0;0m  [38;2;81;73;21m██[38;2;0;0;0m    [38;2;213;192;70m██[38;2;158;146;64m██[38;2;50;50;50m██[38;2;3;3;3m  [38;2;25;25;25m██[38;2;64;64;64m██[38;2;0;0;0m                  [38;2;2;2;2m  [38;2;10;10;10m██[38;2;0;0;0m    [38;2;4;4;4m  [38;2;51;51;51m██[38;2;41;39;27m██[38;2;170;152;60m██[38;2;0;0;0m    
[38;2;0;0;0m  [38;2;7;6;1m  [38;2;168;152;43m  [38;2;0;0;0m  [38;2;84;76;23m██[38;2;248;224;64m██[38;2;103;93;78m██[38;2;61;61;61m██[38;2;25;25;25m██[38;2;64;64;64m██[38;2;35;35;35m  [38;2;0;0;0m                [38;2;56;56;56m██[38;2;0;0;0m      [38;2;61;61;61m██[38;2;64;64;64m██[38;2;242;219;64m██[38;2;76;68;21m██[38;2;0;0;0m    
[38;2;0;0;0m    [38;2;55;49;22m██[38;2;136;122;40m██[38;2;94;90;64m██[38;2;233;211;64m██[38;2;214;195;64m██[38;2;75;73;64m██[38;2;119;117;80m██[38;2;64;64;64m██[38;2;50;50;50m██[38;2;1;1;1m  [38;2;0;0;0m          [38;2;1;1;1m  [38;2;50;50;50m██[38;2;29;29;29m  [38;2;0;0;0m  [38;2;3;3;3m  [38;2;52;52;52m██[38;2;156;144;64m██[38;2;199;178;72m██[38;2;77;68;35m  [38;2;0;0;0m      
[38;2;0;0;0m      [38;2;193;174;49m  [38;2;190;173;64m██[38;2;218;198;64m██[38;2;247;224;64m██[38;2;86;83;64m██[38;2;175;170;97m██[38;2;64;64;64m████[38;2;5;5;5m██[38;2;5;4;2m  [38;2;0;0;0m        [38;2;5;5;5m██[38;2;27;27;27m██[38;2;0;0;0m  [38;2;152;137;40m██[38;2;64;64;64m██[38;2;182;166;64m██[38;2;237;213;68m██[38;2;145;127;85m██[38;2;0;0;0m        
[38;2;0;0;0m        [38;2;151;137;39m██[38;2;227;203;72m██[38;2;209;190;64m██[38;2;166;161;92m██[38;2;175;170;97m██[38;2;64;64;64m████[38;2;164;160;94m██[38;2;132;128;64m██[38;2;0;0;0m      [38;2;19;19;19m  [38;2;64;64;64m██[38;2;48;48;48m██[38;2;149;134;40m██[38;2;156;141;75m██[38;2;147;132;77m██[38;2;200;176;84m██[38;2;174;152;80m██[38;2;26;23;12m  [38;2;0;0;0m        
[38;2;0;0;0m          [38;2;191;173;54m██[38;2;181;166;64m██[38;2;225;218;113m██[38;2;175;170;97m██[38;2;64;64;64m██[38;2;155;151;91m██[38;2;227;220;113m██[38;2;3;3;3m  [38;2;0;0;0m    [38;2;1;1;1m██[38;2;64;64;64m██[38;2;65;64;64m██[38;2;177;162;64m██[38;2;168;149;83m██[38;2;147;131;79m██[38;2;192;167;88m██[38;2;182;160;86m██[38;2;0;0;0m  [38;2;14;13;6m  [38;2;22;19;10m██[38;2;6;5;2m  [38;2;0;0;0m    
[38;2;0;0;0m          [38;2;155;151;85m██[38;2;148;140;77m██[38;2;240;232;117m██[38;2;175;170;97m██[38;2;173;169;97m██[38;2;247;240;120m██[38;2;73;73;66m██[38;2;34;34;34m██[38;2;0;0;0m    [38;2;42;42;42m██[38;2;64;64;64m██[38;2;187;171;64m██[38;2;227;203;72m██[38;2;75;72;66m██[38;2;192;168;88m██[38;2;192;167;88m██[38;2;163;145;82m██[38;2;125;109;57m██[38;2;85;75;39m██[38;2;66;58;30m██[38;2;19;17;8m  [38;2;0;0;0m    
[38;2;0;0;0m        [38;2;45;40;28m██[38;2;211;201;109m██[38;2;247;240;120m████[38;2;158;154;92m██[38;2;247;240;120m██[38;2;183;178;100m██[38;2;99;97;74m██[38;2;247;238;114m██[38;2;213;193;64m██[38;2;38;38;38m██[38;2;64;64;64m██[38;2;178;163;64m██[38;2;234;210;69m██[38;2;133;120;76m██[38;2;192;167;88m████[38;2;155;135;71m████[38;2;0;0;0m            
[38;2;0;0;0m        [38;2;62;55;28m██[38;2;137;120;88m██[38;2;247;240;120m██[38;2;248;240;120m██[38;2;247;240;120m██[38;2;248;240;120m██[38;2;247;240;120m██[38;2;248;228;81m██[38;2;185;171;72m██[38;2;64;64;64m████[38;2;199;181;64m██[38;2;226;202;73m██[38;2;192;168;88m████[38;2;183;161;86m██[38;2;70;63;42m██[38;2;0;0;0m                
[38;2;0;0;0m          [38;2;162;141;74m██[38;2;238;220;88m██[38;2;247;240;120m██[38;2;247;235;104m██[38;2;202;185;67m██[38;2;64;64;64m██[38;2;238;215;64m██[38;2;247;224;64m████[38;2;198;180;64m██[38;2;100;93;70m██[38;2;192;168;88m████[38;2;162;142;74m██[38;2;140;122;64m████[38;2;0;0;0m                
[38;2;0;0;0m          [38;2;31;27;14m  [38;2;150;108;90m██[38;2;237;213;77m██[38;2;161;145;75m██[38;2;202;202;199m██[38;2;64;64;64m██[38;2;238;215;64m██[38;2;178;163;64m██[38;2;99;94;64m██[38;2;167;148;83m██[38;2;192;168;88m████[38;2;36;32;16m██[38;2;15;13;7m  [38;2;0;0;0m                    
[38;2;0;0;0m          [38;2;72;60;23m  [38;2;233;192;81m██[38;2;178;133;84m██[38;2;152;139;128m██[38;2;214;206;178m██[38;2;179;164;64m██[38;2;247;224;64m██[38;2;137;125;71m██[38;2;191;167;87m██[38;2;192;168;88m██[38;2;125;109;57m██[38;2;58;51;26m  [38;2;0;0;0m                        
[38;2;0;0;0m          [38;2;209;175;67m██[38;2;220;175;102m██[38;2;246;206;80m██[38;2;176;130;105m██[38;2;187;161;88m██[38;2;219;195;76m██[38;2;248;224;64m██[38;2;238;215;64m██[38;2;81;78;66m██[38;2;107;93;49m██[38;2;0;0;0m                            
[38;2;0;0;0m        [38;2;151;127;48m██[38;2;207;165;82m██[38;2;119;94;47m██[38;2;9;6;6m  [38;2;91;69;50m██[38;2;184;161;84m██[38;2;136;123;77m██[38;2;115;105;73m██[38;2;142;130;69m██[38;2;170;156;64m██[38;2;40;35;18m  [38;2;0;0;0m                            
[38;2;0;0;0m      [38;2;193;162;62m  [38;2;169;142;54m██[38;2;5;4;3m██[38;2;0;0;0m      [38;2;6;5;3m  [38;2;84;74;39m██[38;2;75;72;66m██[38;2;189;166;87m██[38;2;187;164;87m██[38;2;126;114;74m██[38;2;64;64;61m██[38;2;143;133;61m██[38;2;0;0;0m                        
[38;2;0;0;0m    [38;2;124;104;40m██[38;2;78;55;43m██[38;2;0;0;0m            [38;2;34;27;20m  [38;2;110;94;78m██[38;2;157;140;81m██[38;2;192;168;88m██[38;2;156;118;89m██[38;2;159;127;95m██[38;2;135;121;71m██[38;2;246;222;64m██[38;2;165;148;50m██[38;2;87;76;40m  [38;2;0;0;0m                  
[38;2;2;2;0m  [38;2;187;156;60m██[38;2;0;0;0m        [38;2;2;2;1m  [38;2;3;2;2m██[38;2;0;0;0m    [38;2;61;41;39m██[38;2;155;123;94m██[38;2;115;98;80m██[38;2;68;68;64m██[38;2;112;96;79m██[38;2;158;125;95m██[38;2;99;77;75m██[38;2;238;216;64m██[38;2;67;66;64m██[38;2;63;63;63m██[38;2;24;24;24m  [38;2;0;0;0m                
[38;2;27;22;8m██[38;2;23;19;7m  [38;2;0;0;0m        [38;2;119;111;102m██[38;2;163;141;72m██[38;2;86;72;27m  [38;2;33;33;33m  [38;2;142;121;56m██[38;2;31;30;27m██[38;2;195;176;68m██[38;2;119;109;74m██[38;2;164;146;82m██[38;2;95;75;74m██[38;2;156;136;72m██[38;2;147;136;64m██[38;2;203;185;64m██[38;2;24;24;24m  [38;2;0;0;0m                  
[38;2;0;0;0m            [38;2;115;115;115m██[38;2;26;26;26m  [38;2;86;72;28m  [38;2;245;205;79m██[38;2;0;0;0m    [38;2;147;135;60m██[38;2;78;75;66m██[38;2;248;224;64m██[38;2;224;203;64m██[38;2;81;76;65m██[38;2;233;194;79m██[38;2;40;38;32m██[38;2;0;0;0m                    
[38;2;0;0;0m                  [38;2;193;151;73m██[38;2;0;0;0m    [38;2;10;10;10m  [38;2;225;201;71m██[38;2;187;171;64m██[38;2;184;157;74m██[38;2;183;137;82m██[38;2;115;99;75m██[38;2;143;137;118m██[38;2;148;124;47m  [38;2;0;0;0m                  
[38;2;0;0;0m                [38;2;66;66;66m██[38;2;61;61;61m██[38;2;0;0;0m        [38;2;100;90;25m  [38;2;197;197;197m██[38;2;132;106;72m██[38;2;147;110;61m  [38;2;0;0;0m  [38;2;183;183;183m  [38;2;0;0;0m                  
[38;2;0;0;0m                                [38;2;60;53;44m██[38;2;144;144;144m  [38;2;0;0;0m                      [0m
