
[38;2;15;17;20m██[38;2;83;94;104m██[38;2;75;85;93m██[38;2;25;28;31m██[38;2;0;0;0m                  [38;2;51;92;123m██[38;2;70;144;194m██[38;2;0;0;0m                        
[38;2;0;0;0m  [38;2;16;12;12m  [38;2;74;78;83m██[38;2;97;111;121m██[38;2;71;79;82m██[38;2;71;82;90m██[38;2;0;0;0m            [38;2;28;32;38m  [38;2;61;100;125m██[38;2;14;12;10m  [38;2;0;0;0m                        
[38;2;0;0;0m  [38;2;59;65;73m██[38;2;77;86;97m██[38;2;79;91;103m██[38;2;77;89;94m██[38;2;74;85;92m██[38;2;0;0;0m        [38;2;44;52;56m██[38;2;99;118;128m██[38;2;79;91;103m██[38;2;58;67;79m  [38;2;0;0;0m                [38;2;16;19;21m  [38;2;24;28;31m██[38;2;77;89;98m██[38;2;99;118;128m██[38;2;25;30;33m██
[38;2;0;0;0m  [38;2;12;12;12m  [38;2;61;66;71m██[38;2;69;72;75m██[38;2;84;97;108m██[38;2;77;89;98m██[38;2;0;0;0m        [38;2;85;99;108m██[38;2;84;98;109m██[38;2;78;90;105m██[38;2;0;0;0m            [38;2;8;9;10m  [38;2;58;63;66m██[38;2;74;88;96m██[38;2;90;107;117m██[38;2;99;116;128m██[38;2;99;114;130m██[38;2;70;81;93m██[38;2;6;7;8m  
[38;2;0;0;0m    [38;2;61;69;79m██[38;2;59;68;77m██[38;2;79;91;103m██[38;2;92;106;118m██[38;2;64;72;76m██[38;2;20;20;17m██[38;2;75;74;74m██[38;2;97;113;124m██[38;2;97;112;124m██[38;2;60;69;78m██[38;2;0;0;0m            [38;2;44;51;56m  [38;2;98;114;126m██[38;2;81;89;95m██[38;2;99;117;127m██[38;2;95;113;123m██[38;2;88;101;108m██[38;2;69;71;73m██[38;2;0;0;0m    
[38;2;0;0;0m        [38;2;34;39;44m██[38;2;77;88;100m██[38;2;71;71;67m██[38;2;71;70;66m██[38;2;94;107;117m██[38;2;99;117;127m██[38;2;89;105;118m██[38;2;2;3;3m██[38;2;0;0;0m              [38;2;32;37;41m██[38;2;98;112;122m██[38;2;95;109;120m██[38;2;71;74;77m██[38;2;76;84;93m██[38;2;86;97;107m██[38;2;57;67;74m  [38;2;0;0;0m  
[38;2;0;0;0m        [38;2;27;26;23m██[38;2;68;68;66m██[38;2;81;80;69m██[38;2;67;67;66m██[38;2;95;110;120m██[38;2;90;102;107m██[38;2;38;38;35m██[38;2;0;0;0m                [38;2;33;38;42m██[38;2;98;118;128m████[38;2;96;111;122m██[38;2;94;107;118m██[38;2;90;102;111m██[38;2;57;67;74m  [38;2;0;0;0m  
[38;2;0;0;0m        [38;2;68;67;57m██[38;2;78;77;68m██[38;2;79;71;63m██[38;2;23;36;36m██[38;2;187;163;165m██[38;2;83;77;68m██[38;2;44;44;39m██[38;2;0;0;0m                [38;2;104;120;135m██[38;2;83;92;98m██[38;2;74;78;81m██[38;2;70;74;77m██[38;2;59;61;64m██[38;2;16;16;16m██[38;2;0;0;0m    
[38;2;0;0;0m        [38;2;81;80;69m██[38;2;78;77;68m██[38;2;76;73;76m██[38;2;178;98;103m██[38;2;141;91;93m██[38;2;89;86;83m██[38;2;87;99;114m██[38;2;2;3;3m██[38;2;0;0;0m            [38;2;11;13;15m  [38;2;75;86;98m██[38;2;97;113;125m██[38;2;97;112;126m██[38;2;78;84;89m██[38;2;20;23;25m  [38;2;0;0;0m      
[38;2;0;0;0m        [38;2;41;40;34m██[38;2;68;68;66m██[38;2;99;115;127m██[38;2;76;82;86m██[38;2;74;78;81m██[38;2;74;78;85m██[38;2;80;89;103m██[38;2;59;68;80m██[38;2;0;0;0m          [38;2;58;67;79m██[38;2;70;81;93m██[38;2;72;83;94m██[38;2;23;26;30m██[38;2;24;28;31m████[38;2;20;23;25m  [38;2;0;0;0m      
[38;2;0;0;0m        [38;2;20;19;17m  [38;2;77;84;91m██[38;2;50;53;55m██[38;2;80;78;68m████[38;2;77;76;68m██[38;2;74;79;82m██[38;2;79;91;103m██[38;2;49;59;68m██[38;2;17;17;16m██[38;2;74;73;67m██[38;2;75;74;66m██[38;2;55;59;61m██[38;2;76;88;104m██[38;2;58;67;79m██[38;2;0;0;0m                
[38;2;0;0;0m            [38;2;7;7;6m  [38;2;57;62;64m██[38;2;72;75;78m██[38;2;66;67;68m██[38;2;75;81;86m██[38;2;80;92;98m██[38;2;84;94;102m██[38;2;79;77;68m██[38;2;78;77;68m██[38;2;77;76;68m██[38;2;65;66;67m██[38;2;18;20;24m  [38;2;0;0;0m                  
[38;2;0;0;0m          [38;2;16;19;21m  [38;2;40;46;52m██[38;2;81;93;105m██[38;2;77;88;101m██[38;2;84;96;109m██[38;2;68;70;71m██[38;2;66;66;64m██[38;2;99;115;127m██[38;2;74;78;81m██[38;2;77;76;68m██[38;2;77;77;68m██[38;2;75;77;75m██[38;2;70;78;90m██[38;2;18;20;22m██[38;2;19;22;26m██[38;2;7;8;9m  [38;2;0;0;0m            
[38;2;0;0;0m        [38;2;58;67;79m██[38;2;75;87;99m██[38;2;54;63;71m██[38;2;19;22;25m██[38;2;50;60;69m██[38;2;98;114;127m██[38;2;80;88;90m██[38;2;89;101;105m██[38;2;98;118;128m██[38;2;98;114;126m██[38;2;90;102;111m████[38;2;95;109;120m██[38;2;90;102;111m██[38;2;78;84;90m██[38;2;79;90;104m██[38;2;65;75;89m██[38;2;42;42;42m  [38;2;0;0;0m    [38;2;52;60;67m  [38;2;0;0;0m    
[38;2;0;0;0m    [38;2;5;6;7m  [38;2;67;77;91m██[38;2;76;84;94m██[38;2;61;70;81m██[38;2;0;0;0m      [38;2;68;79;88m  [38;2;99;115;127m██[38;2;91;103;112m██[38;2;99;118;128m████[38;2;94;110;121m██[38;2;70;73;75m██[38;2;95;109;120m██[38;2;99;118;128m██[38;2;99;116;127m██[38;2;74;78;81m██[38;2;76;82;87m██[38;2;75;82;91m██[38;2;75;75;70m██[38;2;73;75;75m██[38;2;81;90;97m██[38;2;64;61;57m██[38;2;4;4;4m  
[38;2;0;0;0m    [38;2;23;26;30m██[38;2;70;75;81m██[38;2;57;55;51m██[38;2;2;2;2m  [38;2;0;0;0m        [38;2;46;50;53m██[38;2;77;76;68m██[38;2;74;78;81m████[38;2;69;72;73m██[38;2;80;90;102m██[38;2;75;81;87m██[38;2;74;78;81m██[38;2;88;101;108m██[38;2;96;113;122m██[38;2;86;95;101m██[38;2;68;69;71m██[38;2;70;74;78m██[38;2;74;76;73m██[38;2;74;83;86m██[38;2;67;63;58m██[38;2;4;4;4m  
[38;2;0;0;0m    [38;2;69;77;89m██[38;2;71;78;86m██[38;2;13;15;17m  [38;2;0;0;0m        [38;2;22;26;29m  [38;2;84;93;98m██[38;2;80;79;71m██[38;2;82;90;95m██[38;2;98;114;126m██[38;2;82;90;95m██[38;2;66;66;67m██[38;2;76;84;94m██[38;2;76;81;84m██[38;2;99;117;127m██[38;2;95;112;121m██[38;2;74;74;67m██[38;2;79;91;103m██[38;2;81;93;99m██[38;2;67;68;66m██[38;2;73;83;87m██[38;2;0;0;0m    
[38;2;0;0;0m  [38;2;45;52;61m  [38;2;13;15;18m  [38;2;13;13;13m  [38;2;12;14;17m  [38;2;0;0;0m      [38;2;30;35;38m  [38;2;97;112;124m██[38;2;81;89;92m██[38;2;69;71;65m██[38;2;86;92;98m██[38;2;98;114;126m██[38;2;83;91;97m██[38;2;89;101;110m██[38;2;79;86;91m██[38;2;98;118;128m████[38;2;95;112;121m██[38;2;76;74;67m██[38;2;79;91;103m██[38;2;75;83;89m██[38;2;57;57;57m██[38;2;65;69;73m██[38;2;0;0;0m    
[38;2;5;5;6m  [38;2;49;57;67m██[38;2;0;0;0m        [38;2;7;6;5m  [38;2;91;106;112m██[38;2;95;110;120m██[38;2;90;102;114m██[38;2;79;86;91m██[38;2;74;75;69m██[38;2;85;96;104m██[38;2;66;66;66m██[38;2;94;108;119m██[38;2;67;67;68m██[38;2;96;109;119m██[38;2;82;79;70m██[38;2;93;103;109m██[38;2;95;106;114m██[38;2;78;84;88m██[38;2;78;83;77m██[38;2;65;72;78m██[38;2;0;0;0m        
[38;2;5;5;6m██[38;2;4;4;5m  [38;2;0;0;0m        [38;2;27;27;25m██[38;2;74;78;79m██[38;2;75;80;86m██[38;2;75;84;95m██[38;2;52;58;65m██[38;2;66;66;64m██[38;2;78;87;91m██[38;2;66;66;66m██[38;2;76;77;74m██[38;2;77;76;68m██[38;2;78;78;74m██[38;2;95;106;113m██[38;2;91;99;101m██[38;2;83;83;75m██[38;2;78;84;88m██[38;2;77;90;105m██[38;2;25;30;35m██[38;2;0;0;0m        
[38;2;0;0;0m            [38;2;22;22;19m  [38;2;68;70;73m██[38;2;80;91;104m██[38;2;60;69;81m██[38;2;0;0;0m    [38;2;49;49;49m██[38;2;68;67;66m██[38;2;84;91;96m██[38;2;75;75;68m██[38;2;71;70;66m██[38;2;75;80;83m██[38;2;83;87;85m██[38;2;71;75;79m██[38;2;64;69;72m██[38;2;49;57;67m  [38;2;0;0;0m          
[38;2;0;0;0m              [38;2;17;19;23m  [38;2;73;79;87m██[38;2;60;69;81m██[38;2;0;0;0m      [38;2;18;17;17m██[38;2;25;25;25m██[38;2;58;62;66m██[38;2;90;102;111m██[38;2;98;114;125m██[38;2;76;80;84m██[38;2;72;82;94m██[38;2;6;6;6m  [38;2;0;0;0m            
[38;2;0;0;0m            [38;2;9;10;11m  [38;2;90;105;116m██[38;2;74;73;67m██[38;2;74;85;94m██[38;2;34;39;44m██[38;2;0;0;0m        [38;2;26;30;33m██[38;2;77;76;68m██[38;2;81;79;68m██[38;2;80;78;68m██[38;2;0;0;0m                
[38;2;0;0;0m            [38;2;9;10;11m  [38;2;24;28;31m██[38;2;18;17;16m██[38;2;14;16;17m██[38;2;0;0;0m        [38;2;38;44;49m  [38;2;73;77;80m██[38;2;79;86;91m██[38;2;71;71;70m██[38;2;78;83;81m██[38;2;51;54;53m  [38;2;0;0;0m              
[38;2;0;0;0m                            [38;2;38;44;49m  [38;2;51;51;52m██[38;2;99;115;127m██[38;2;53;54;55m██[38;2;99;115;125m██[38;2;43;43;38m  [38;2;0;0;0m              
[38;2;0;0;0m                              [38;2;0;1;1m  [38;2;24;28;31m██[38;2;1;2;2m  [38;2;24;28;31m██[38;2;0;0;0m                [0m
