
[38;2;0;0;0m                [38;2;39;35;10m  [38;2;0;0;0m                              
[38;2;0;0;0m                [38;2;149;135;38m██[38;2;42;42;42m  [38;2;0;0;0m                            
[38;2;0;0;0m                [38;2;104;94;26m  [38;2;222;201;57m██[38;2;23;21;6m  [38;2;0;0;0m              [38;2;1;1;0m  [38;2;130;123;8m██[38;2;0;0;0m        
[38;2;0;0;0m                  [38;2;248;224;64m██[38;2;218;197;56m██[38;2;0;0;0m            [38;2;98;88;25m  [38;2;205;185;53m██[38;2;108;97;28m██[38;2;0;0;0m        
[38;2;0;0;0m                  [38;2;193;176;64m██[38;2;234;210;69m██[38;2;195;175;60m██[38;2;86;77;22m████[38;2;12;11;3m  [38;2;34;30;8m  [38;2;86;77;22m██[38;2;248;224;64m██[38;2;158;143;40m  [38;2;0;0;0m          
[38;2;0;0;0m                  [38;2;83;80;67m██[38;2;227;213;106m██[38;2;242;232;115m██[38;2;248;227;75m██[38;2;247;224;64m██[38;2;220;199;56m██[38;2;199;176;71m██[38;2;248;224;64m██[38;2;224;200;74m██[38;2;0;0;0m            
[38;2;0;0;0m              [38;2;50;40;28m██[38;2;82;69;52m██[38;2;152;148;90m██[38;2;248;240;120m██████[38;2;247;224;64m██[38;2;248;224;64m██[38;2;239;215;67m██[38;2;226;202;73m██[38;2;99;87;45m██[38;2;0;0;0m            
[38;2;0;0;0m            [38;2;60;49;34m  [38;2;124;101;71m██[38;2;114;100;68m██[38;2;248;240;120m████████[38;2;247;224;64m██[38;2;248;224;64m██[38;2;172;148;77m██[38;2;192;168;88m██[38;2;8;7;3m  [38;2;0;0;0m            
[38;2;9;10;12m  [38;2;94;94;96m██[38;2;0;0;0m        [38;2;66;54;37m██[38;2;75;73;64m██[38;2;215;197;115m██[38;2;155;150;75m██[38;2;248;240;120m██[38;2;248;233;95m██[38;2;248;226;71m██[38;2;195;171;67m██[38;2;146;122;71m██[38;2;192;168;88m████[38;2;66;60;53m██[38;2;160;128;96m████[38;2;158;126;94m██[38;2;86;69;49m██[38;2;45;36;25m  [38;2;0;0;0m  
[38;2;46;46;48m██[38;2;202;202;204m██[38;2;153;153;153m  [38;2;0;0;0m      [38;2;2;2;1m  [38;2;121;100;71m██[38;2;178;177;175m██[38;2;36;32;9m██[38;2;247;224;66m██[38;2;221;197;65m██[38;2;38;32;18m██[38;2;242;241;240m██[38;2;165;144;96m██[38;2;192;168;88m████[38;2;157;145;64m██[38;2;160;128;96m██████[38;2;159;127;95m██[38;2;126;103;71m██[38;2;33;26;18m  
[38;2;47;47;49m██[38;2;176;176;184m██[38;2;192;193;198m██[38;2;54;47;35m██[38;2;66;60;17m  [38;2;0;0;0m    [38;2;92;80;43m██[38;2;77;72;65m██[38;2;205;181;67m██[38;2;248;224;64m██[38;2;167;146;94m██[38;2;121;110;71m██[38;2;212;196;145m██[38;2;192;168;88m██[38;2;195;176;71m██[38;2;159;147;64m██[38;2;135;122;71m██[38;2;160;128;96m████[38;2;144;116;84m██[38;2;133;108;76m██[38;2;116;94;65m██[38;2;18;14;10m  
[38;2;0;0;0m  [38;2;142;142;149m  [38;2;147;142;135m██[38;2;232;208;62m██[38;2;167;154;64m██[38;2;1;1;1m██[38;2;99;87;45m██[38;2;191;167;87m██[38;2;114;105;73m██[38;2;248;224;64m██[38;2;182;158;69m██[38;2;192;168;88m██[38;2;191;167;87m██[38;2;151;135;80m██[38;2;64;64;64m██[38;2;89;79;67m██[38;2;68;66;64m██[38;2;127;103;71m██[38;2;128;104;72m████[38;2;127;103;71m██[38;2;86;78;66m██[38;2;0;0;0m    
[38;2;0;0;0m  [38;2;105;94;27m  [38;2;137;123;58m██[38;2;205;182;73m██[38;2;113;101;72m██[38;2;127;103;71m██[38;2;111;99;71m██[38;2;132;120;75m██[38;2;120;108;66m██[38;2;238;214;64m██[38;2;210;186;73m██[38;2;199;178;75m██[38;2;103;91;69m██[38;2;106;90;69m██[38;2;128;104;72m██[38;2;114;95;70m██[38;2;94;83;67m██[38;2;96;84;68m██[38;2;61;49;34m████[38;2;130;118;76m██[38;2;46;41;27m██[38;2;0;0;0m    
[38;2;0;0;0m    [38;2;238;215;61m██[38;2;111;94;49m██[38;2;136;122;77m██[38;2;123;101;71m██[38;2;162;149;64m██[38;2;222;200;57m  [38;2;0;0;0m  [38;2;183;160;84m██[38;2;57;50;26m  [38;2;239;216;61m██[38;2;112;106;64m██[38;2;88;80;66m██[38;2;125;102;71m██[38;2;138;138;138m██[38;2;246;246;246m██[38;2;37;37;37m██[38;2;0;0;0m    [38;2;19;16;8m  [38;2;185;162;85m██[38;2;0;0;0m    
[38;2;0;0;0m    [38;2;154;138;43m██[38;2;104;88;48m██[38;2;105;94;64m██[38;2;134;121;77m██[38;2;203;179;83m██[38;2;0;0;0m        [38;2;116;103;53m██[38;2;224;203;64m██[38;2;223;202;64m██[38;2;79;77;64m██[38;2;176;176;184m██[38;2;189;189;193m██[38;2;134;134;134m██[38;2;0;0;0m    [38;2;9;7;5m  [38;2;108;90;72m██[38;2;73;58;44m  [38;2;0;0;0m  
[38;2;0;0;0m    [38;2;119;112;60m██[38;2;231;210;64m██[38;2;119;109;74m██[38;2;192;168;88m██[38;2;183;160;84m██[38;2;0;0;0m    [38;2;13;10;8m██[38;2;127;112;61m██[38;2;183;161;86m██[38;2;89;83;65m██[38;2;247;224;64m██[38;2;104;99;64m██[38;2;170;170;177m██[38;2;176;176;184m██[38;2;120;118;119m██[38;2;243;219;62m██[38;2;96;78;54m██[38;2;160;128;96m████[38;2;118;94;71m  [38;2;0;0;0m  
[38;2;0;0;0m    [38;2;8;8;8m  [38;2;121;121;125m██[38;2;124;120;109m██[38;2;75;66;35m██[38;2;36;31;16m  [38;2;0;0;0m    [38;2;141;114;82m██[38;2;130;107;84m██[38;2;96;83;60m██[38;2;17;15;7m  [38;2;144;130;37m██[38;2;248;224;64m██[38;2;149;140;82m██[38;2;126;116;101m██[38;2;188;167;57m██[38;2;157;138;54m██[38;2;162;143;55m██[38;2;142;114;82m██[38;2;97;77;58m██[38;2;0;0;0m    
[38;2;0;0;0m      [38;2;137;137;143m  [38;2;86;86;90m  [38;2;0;0;0m        [38;2;33;30;19m██[38;2;77;73;65m██[38;2;106;98;71m██[38;2;63;55;29m██[38;2;83;75;25m██[38;2;248;225;70m██[38;2;184;179;100m██[38;2;215;195;64m██[38;2;174;154;56m██[38;2;114;98;50m██[38;2;95;83;67m██[38;2;110;91;64m██[38;2;11;10;2m  [38;2;0;0;0m    
[38;2;0;0;0m              [38;2;8;8;8m  [38;2;113;104;82m██[38;2;160;137;75m██[38;2;162;140;76m██[38;2;192;168;88m████[38;2;42;39;22m██[38;2;224;216;105m██[38;2;248;240;134m██[38;2;75;75;69m██[38;2;220;197;61m██[38;2;129;120;64m██[38;2;183;168;64m██[38;2;190;174;64m██[38;2;87;79;22m██[38;2;0;0;0m    
[38;2;0;0;0m                  [38;2;25;25;25m  [38;2;140;126;94m██[38;2;122;106;56m  [38;2;0;0;0m      [38;2;204;198;145m████[38;2;73;73;74m██[38;2;173;173;181m██[38;2;158;144;64m██[38;2;248;224;64m████[38;2;0;0;0m    
[38;2;0;0;0m                                  [38;2;57;57;58m██[38;2;100;99;99m██[38;2;169;148;68m██[38;2;248;224;64m████[38;2;0;0;0m    
[38;2;0;0;0m                                  [38;2;194;194;194m██[38;2;0;0;0m  [38;2;66;56;31m  [38;2;204;185;122m██[38;2;72;65;43m██[38;2;0;0;0m    
[38;2;0;0;0m                                        [38;2;64;64;64m██[38;2;22;22;22m  [38;2;0;0;0m    [0m
