
[38;2;0;0;0m              [38;2;49;49;49m████[38;2;0;0;0m          [38;2;49;49;49m████[38;2;0;0;0m            
[38;2;0;0;0m        [38;2;49;49;49m██████[38;2;172;98;98m████[38;2;49;49;49m██[38;2;0;0;0m      [38;2;49;49;49m██[38;2;139;139;123m██[38;2;49;49;49m██[38;2;0;0;0m  [38;2;49;49;49m████[38;2;0;0;0m      
[38;2;0;0;0m      [38;2;49;49;49m██[38;2;172;98;98m████[38;2;189;189;189m██[38;2;82;82;82m██[38;2;189;189;189m████[38;2;49;49;49m██[38;2;0;0;0m    [38;2;49;49;49m██[38;2;139;139;123m██[38;2;49;49;49m████[38;2;139;139;123m██[38;2;49;49;49m██[38;2;0;0;0m      
[38;2;0;0;0m  [38;2;49;49;49m████[38;2;82;82;82m████[38;2;189;189;189m██████[38;2;82;82;82m██[38;2;189;189;189m██[38;2;49;49;49m██████[38;2;82;82;82m██[38;2;139;139;123m██[38;2;82;82;82m██[38;2;139;139;123m████[38;2;49;49;49m██[38;2;0;0;0m      
[38;2;49;49;49m██[38;2;172;98;98m██████[38;2;189;189;189m██[38;2;82;82;82m████[38;2;189;189;189m██[38;2;82;82;82m████████[38;2;131;172;139m████[38;2;82;82;82m██[38;2;139;139;123m████[38;2;49;49;49m██[38;2;0;0;0m        
[38;2;0;0;0m  [38;2;49;49;49m██[38;2;172;98;98m██[38;2;189;189;189m████████[38;2;82;82;82m████[38;2;139;139;123m██████[38;2;82;82;82m██[38;2;131;172;139m████[38;2;82;82;82m██[38;2;49;49;49m████[38;2;0;0;0m        
[38;2;0;0;0m    [38;2;49;49;49m██[38;2;82;82;82m████[38;2;189;189;189m██[38;2;82;82;82m██[38;2;139;139;123m████[38;2;82;82;82m████[38;2;139;139;123m████[38;2;82;82;82m██[38;2;131;172;139m██[38;2;49;49;49m██[38;2;189;189;189m████[38;2;49;49;49m████[38;2;0;0;0m    
[38;2;0;0;0m  [38;2;49;49;49m██[38;2;82;82;82m██[38;2;255;255;255m██[38;2;189;189;189m██[38;2;82;82;82m████████[38;2;139;139;123m████[38;2;82;82;82m██[38;2;139;139;123m██[38;2;82;82;82m██[38;2;131;172;139m██[38;2;82;82;82m████[38;2;255;255;255m██[38;2;172;98;98m██[38;2;246;115;123m██[38;2;49;49;49m██[38;2;0;0;0m  
[38;2;0;0;0m  [38;2;49;49;49m██[38;2;255;255;255m██[38;2;49;49;49m████[38;2;82;82;82m██████████[38;2;139;139;123m████[38;2;82;82;82m██[38;2;131;172;139m██[38;2;82;82;82m██[38;2;189;189;189m████[38;2;82;82;82m██[38;2;246;115;123m██████[38;2;49;49;49m██
[38;2;0;0;0m  [38;2;49;49;49m██[38;2;189;189;189m██[38;2;49;49;49m██[38;2;131;172;139m██[38;2;82;82;82m██[38;2;246;115;123m██[38;2;82;82;82m████████[38;2;139;139;123m██[38;2;82;82;82m██[38;2;131;172;139m██[38;2;82;82;82m██[38;2;255;255;255m████[38;2;172;98;98m██[38;2;82;82;82m████[38;2;49;49;49m██[38;2;0;0;0m  
[38;2;0;0;0m    [38;2;49;49;49m██[38;2;189;189;189m██[38;2;82;82;82m██[38;2;131;172;139m██[38;2;246;115;123m██[38;2;82;82;82m████[38;2;246;115;123m██[38;2;82;82;82m████[38;2;131;172;139m██[38;2;82;82;82m██[38;2;189;189;189m██[38;2;82;82;82m████[38;2;246;115;123m██████[38;2;49;49;49m██[38;2;0;0;0m  
[38;2;0;0;0m    [38;2;49;49;49m██[38;2;82;82;82m████[38;2;131;172;139m██[38;2;82;82;82m████[38;2;246;115;123m██[38;2;172;98;98m██[38;2;82;82;82m██[38;2;131;172;139m██[38;2;82;82;82m████[38;2;255;255;255m██████[38;2;82;82;82m████[38;2;49;49;49m████[38;2;0;0;0m  
[38;2;0;0;0m  [38;2;49;49;49m██[38;2;131;172;139m████[38;2;82;131;90m██[38;2;82;82;82m██[38;2;131;172;139m██████[38;2;82;82;82m██████[38;2;255;255;255m████[38;2;82;82;82m██[38;2;255;255;255m██[38;2;172;98;98m██[38;2;246;115;123m██[38;2;49;49;49m██[38;2;0;0;0m      
[38;2;0;0;0m  [38;2;49;49;49m██[38;2;82;131;90m██[38;2;131;172;139m██[38;2;82;82;82m██[38;2;49;49;49m████[38;2;82;82;82m████[38;2;82;131;90m██[38;2;82;82;82m██[38;2;255;255;255m██[38;2;49;49;49m████[38;2;189;189;189m██[38;2;82;82;82m██[38;2;246;115;123m██████[38;2;49;49;49m██[38;2;0;0;0m    
[38;2;0;0;0m  [38;2;49;49;49m██[38;2;131;172;139m██[38;2;82;131;90m██[38;2;49;49;49m██[38;2;0;0;0m    [38;2;49;49;49m██[38;2;82;131;90m████[38;2;49;49;49m██[38;2;255;255;255m██[38;2;49;49;49m████[38;2;189;189;189m██[38;2;49;49;49m██████████[38;2;0;0;0m    
[38;2;0;0;0m    [38;2;49;49;49m██[38;2;131;172;139m██[38;2;49;49;49m██[38;2;0;0;0m  [38;2;49;49;49m██[38;2;131;172;139m████[38;2;49;49;49m██[38;2;0;0;0m  [38;2;49;49;49m██[38;2;189;189;189m████[38;2;82;82;82m██[38;2;49;49;49m██[38;2;0;0;0m            
[38;2;0;0;0m      [38;2;49;49;49m██[38;2;0;0;0m    [38;2;49;49;49m██[38;2;131;172;139m████[38;2;49;49;49m██[38;2;0;0;0m    [38;2;49;49;49m██████[38;2;0;0;0m              
[38;2;0;0;0m            [38;2;49;49;49m██[38;2;82;131;90m██[38;2;131;172;139m██[38;2;49;49;49m██[38;2;0;0;0m                        
[38;2;0;0;0m            [38;2;49;49;49m██[38;2;131;172;139m██[38;2;49;49;49m██[38;2;0;0;0m                          
[38;2;0;0;0m              [38;2;49;49;49m██[38;2;0;0;0m                            [0m
