
[38;2;0;0;0m    [38;2;49;49;49m████[38;2;0;0;0m        [38;2;49;49;49m████[38;2;0;0;0m                            
[38;2;0;0;0m  [38;2;49;49;49m██[38;2;131;139;213m████[38;2;49;49;49m██[38;2;0;0;0m    [38;2;49;49;49m██[38;2;172;189;238m████[38;2;49;49;49m██[38;2;0;0;0m  [38;2;49;49;49m████[38;2;0;0;0m                    
[38;2;0;0;0m  [38;2;49;49;49m██[38;2;131;139;213m████[38;2;82;82;82m██[38;2;49;49;49m████[38;2;172;189;238m██████[38;2;82;82;82m██[38;2;49;49;49m██[38;2;172;189;238m██[38;2;131;139;213m██[38;2;49;49;49m██[38;2;0;0;0m                  
[38;2;0;0;0m  [38;2;49;49;49m██[38;2;222;197;49m████[38;2;180;148;41m██[38;2;131;139;213m██[38;2;82;82;82m██[38;2;255;255;115m██[38;2;172;189;238m██[38;2;82;82;82m██[38;2;131;139;213m██[38;2;255;255;115m██[38;2;172;189;238m████[38;2;49;49;49m██[38;2;0;0;0m                  
[38;2;0;0;0m    [38;2;49;49;49m██[38;2;222;197;49m████[38;2;82;82;82m██[38;2;255;255;115m████[38;2;180;148;41m██[38;2;255;255;115m████████[38;2;172;189;238m██[38;2;49;49;49m██[38;2;0;0;0m                  
[38;2;0;0;0m    [38;2;49;49;49m██[38;2;222;197;49m████[38;2;82;82;82m██[38;2;255;255;115m████████████[38;2;172;189;238m██[38;2;49;49;49m██[38;2;0;0;0m                    
[38;2;0;0;0m    [38;2;49;49;49m██[38;2;222;197;49m██[38;2;82;82;82m██[38;2;255;255;115m████████████[38;2;180;148;41m██[38;2;82;82;82m██[38;2;49;49;49m██[38;2;0;0;0m        [38;2;49;49;49m██████[38;2;0;0;0m      
[38;2;0;0;0m    [38;2;49;49;49m██[38;2;115;131;205m██[38;2;82;82;82m██[38;2;255;255;115m██[38;2;82;82;82m████[38;2;255;255;115m████[38;2;180;148;41m██[38;2;255;255;115m██[38;2;172;189;238m██[38;2;131;139;213m██[38;2;49;49;49m██[38;2;0;0;0m    [38;2;49;49;49m██[38;2;115;131;205m██████[38;2;49;49;49m██[38;2;0;0;0m    
[38;2;0;0;0m  [38;2;49;49;49m██[38;2;82;197;255m██[38;2;115;131;205m██[38;2;82;82;82m████[38;2;255;255;255m████[38;2;82;82;82m██[38;2;222;197;49m██[38;2;255;255;115m██████[38;2;172;189;238m██[38;2;49;49;49m██[38;2;0;0;0m  [38;2;49;49;49m██[38;2;115;131;205m████[38;2;49;49;49m██[38;2;82;82;82m██[38;2;115;131;205m██[38;2;49;49;49m██[38;2;0;0;0m  
[38;2;49;49;49m██[38;2;82;197;255m██[38;2;156;230;255m██[38;2;82;197;255m██[38;2;255;255;255m████[38;2;82;82;82m██[38;2;49;49;49m██[38;2;115;131;205m██[38;2;82;82;82m██[38;2;255;255;115m████[38;2;172;189;238m██[38;2;82;82;82m██[38;2;49;49;49m██[38;2;0;0;0m  [38;2;49;49;49m██[38;2;115;131;205m██[38;2;49;49;49m██[38;2;0;0;0m  [38;2;49;49;49m██[38;2;115;131;205m██[38;2;49;49;49m██[38;2;0;0;0m  
[38;2;49;49;49m██[38;2;189;189;189m██[38;2;115;131;205m██[38;2;255;255;255m████[38;2;82;82;82m██[38;2;57;90;180m██[38;2;255;255;255m██[38;2;115;131;205m██[38;2;82;82;82m██[38;2;222;197;49m██[38;2;180;148;41m██[38;2;49;49;49m████[38;2;0;0;0m    [38;2;49;49;49m██[38;2;115;131;205m██[38;2;90;98;156m██[38;2;49;49;49m██[38;2;0;0;0m  [38;2;49;49;49m██[38;2;115;131;205m██[38;2;49;49;49m██
[38;2;49;49;49m██[38;2;189;189;189m██[38;2;255;255;255m████[38;2;82;82;82m██[38;2;255;255;255m██[38;2;57;90;180m██[38;2;255;255;255m██[38;2;115;131;205m████[38;2;82;82;82m██[38;2;222;197;49m██[38;2;49;49;49m██[38;2;0;0;0m      [38;2;49;49;49m██[38;2;90;98;156m██[38;2;115;131;205m██[38;2;49;49;49m██[38;2;0;0;0m  [38;2;49;49;49m██[38;2;115;131;205m██[38;2;49;49;49m██
[38;2;0;0;0m  [38;2;49;49;49m██[38;2;255;255;255m████[38;2;49;49;49m██[38;2;57;90;180m██[38;2;255;255;255m██[38;2;115;131;205m██████[38;2;82;82;82m██[38;2;222;197;49m██[38;2;131;139;213m██[38;2;49;49;49m██[38;2;0;0;0m      [38;2;49;49;49m████[38;2;0;0;0m    [38;2;49;49;49m██[38;2;115;131;205m██[38;2;49;49;49m██
[38;2;0;0;0m    [38;2;49;49;49m██[38;2;82;82;82m██[38;2;115;131;205m██████[38;2;82;82;82m██[38;2;156;230;255m██[38;2;115;131;205m██[38;2;82;82;82m██[38;2;131;139;213m██[38;2;49;49;49m██[38;2;0;0;0m              [38;2;49;49;49m██[38;2;115;131;205m██[38;2;49;49;49m██[38;2;0;0;0m  
[38;2;0;0;0m      [38;2;49;49;49m████████[38;2;123;172;222m██[38;2;156;230;255m██[38;2;115;131;205m██[38;2;82;82;82m██[38;2;131;139;213m████[38;2;49;49;49m██[38;2;0;0;0m        [38;2;49;49;49m████[38;2;115;131;205m████[38;2;49;49;49m██[38;2;0;0;0m  
[38;2;0;0;0m              [38;2;49;49;49m██[38;2;156;230;255m██[38;2;115;131;205m██[38;2;82;82;82m██[38;2;131;139;213m████[38;2;49;49;49m████[38;2;0;0;0m  [38;2;49;49;49m████[38;2;90;98;156m████[38;2;82;197;255m██[38;2;49;49;49m██[38;2;0;0;0m    
[38;2;0;0;0m            [38;2;49;49;49m██[38;2;156;230;255m██[38;2;123;172;222m██[38;2;115;131;205m████[38;2;82;82;82m████[38;2;115;131;205m████[38;2;49;49;49m██[38;2;90;98;156m████████[38;2;49;49;49m██[38;2;0;0;0m      
[38;2;0;0;0m            [38;2;49;49;49m██[38;2;156;230;255m██[38;2;115;131;205m████[38;2;82;197;255m██[38;2;115;131;205m██████████[38;2;82;82;82m██[38;2;90;98;156m██[38;2;82;197;255m██[38;2;49;49;49m██[38;2;0;0;0m        
[38;2;0;0;0m          [38;2;49;49;49m██[38;2;123;172;222m██[38;2;156;230;255m████[38;2;115;131;205m████████████[38;2;82;197;255m██[38;2;115;131;205m██[38;2;82;82;82m██[38;2;49;49;49m██[38;2;0;0;0m          
[38;2;0;0;0m          [38;2;49;49;49m██[38;2;156;230;255m████[38;2;123;172;222m██[38;2;115;131;205m████[38;2;82;197;255m██[38;2;115;131;205m██[38;2;82;197;255m██[38;2;115;131;205m██████[38;2;49;49;49m██[38;2;0;0;0m            
[38;2;0;0;0m          [38;2;49;49;49m██[38;2;156;230;255m████[38;2;115;131;205m██[38;2;82;82;82m██[38;2;115;131;205m████████[38;2;90;98;156m██[38;2;115;131;205m██████[38;2;49;49;49m██[38;2;0;0;0m          
[38;2;0;0;0m          [38;2;49;49;49m██[38;2;82;82;82m██[38;2;156;230;255m████[38;2;82;82;82m██[38;2;115;131;205m████████[38;2;123;172;222m██[38;2;90;98;156m██[38;2;115;131;205m████[38;2;49;49;49m██[38;2;0;0;0m          
[38;2;0;0;0m            [38;2;49;49;49m██[38;2;82;82;82m██[38;2;123;172;222m████[38;2;82;82;82m██[38;2;115;131;205m████[38;2;90;98;156m██[38;2;123;172;222m██[38;2;90;98;156m██[38;2;115;131;205m████[38;2;49;49;49m██[38;2;0;0;0m          
[38;2;0;0;0m            [38;2;49;49;49m██[38;2;90;98;156m██[38;2;82;82;82m██[38;2;49;49;49m██[38;2;82;82;82m██[38;2;115;131;205m████[38;2;90;98;156m██[38;2;49;49;49m██[38;2;189;189;189m████[38;2;82;82;82m██[38;2;49;49;49m██[38;2;0;0;0m          
[38;2;0;0;0m              [38;2;49;49;49m████[38;2;0;0;0m  [38;2;49;49;49m██[38;2;115;131;205m████[38;2;49;49;49m██[38;2;0;0;0m  [38;2;49;49;49m██████[38;2;0;0;0m            
[38;2;0;0;0m                  [38;2;49;49;49m██[38;2;255;255;255m████[38;2;82;82;82m██[38;2;49;49;49m██[38;2;0;0;0m                    
[38;2;0;0;0m                    [38;2;49;49;49m██████[38;2;0;0;0m                      [0m
