
[38;2;0;0;0m        ████                              
[38;2;0;0;0m      ██[38;2;82;140;210m██[38;2;0;0;0m██      ████                    
[38;2;0;0;0m    ██[38;2;82;140;210m██[38;2;0;0;0m██      ██[38;2;107;181;251m██[38;2;0;0;0m██    ████            
[38;2;0;0;0m  ██[38;2;82;140;210m██[38;2;0;0;0m██      ██[38;2;107;181;251m██[38;2;0;0;0m██    [38;2;16;4;0m██[38;2;107;181;251m██[38;2;90;165;234m██[38;2;0;0;0m██          
[38;2;0;0;0m  ██[38;2;82;140;210m██[38;2;0;0;0m██  ████[38;2;107;181;251m██[38;2;0;0;0m██    ██[38;2;107;181;251m██[38;2;46;63;84m██[38;2;90;165;234m██[38;2;0;0;0m██          
[38;2;0;0;0m██[38;2;82;140;210m██[38;2;0;0;0m██  ██[38;2;63;63;63m██[38;2;107;181;251m██[38;2;66;66;66m██[38;2;189;189;189m██[38;2;0;0;0m██████[38;2;107;189;251m████[38;2;0;0;0m██    ████    
[38;2;0;0;0m██[38;2;82;140;210m██[38;2;66;66;66m██[38;2;0;0;0m██[38;2;189;189;189m██[38;2;63;63;63m██[38;2;107;181;251m██[38;2;66;66;66m██[38;2;189;189;189m████████[38;2;71;127;170m██[38;2;0;4;8m██[38;2;0;0;0m    ██[38;2;107;181;251m████[38;2;0;0;0m██  
[38;2;0;0;0m  ██[38;2;99;165;227m██[38;2;44;58;76m██[38;2;66;66;66m██[38;2;107;181;251m██[38;2;66;66;66m██[38;2;148;189;220m██[38;2;0;0;0m██[38;2;189;189;189m██████████[38;2;0;0;0m██████[38;2;121;132;147m██[38;2;90;144;208m██[38;2;74;107;164m██[38;2;0;0;0m██
[38;2;0;0;0m    [38;2;16;4;0m██[38;2;99;165;227m██[38;2;107;181;251m████[38;2;148;189;220m██[38;2;66;66;66m██[38;2;189;189;189m████[38;2;66;66;66m████[38;2;189;189;189m██[38;2;140;140;140m██████[38;2;121;132;147m████[38;2;74;107;164m██[38;2;107;181;251m██[38;2;0;0;0m██
[38;2;0;0;0m    ██[38;2;82;140;210m██[38;2;0;0;0m██[38;2;90;156;226m██[38;2;88;143;189m██[38;2;66;66;66m██[38;2;140;140;140m██████[38;2;70;70;70m██[38;2;66;66;66m████[38;2;140;140;140m██[38;2;66;66;66m██[38;2;70;70;70m██[38;2;140;140;140m██[38;2;74;107;164m██[38;2;90;144;208m██[38;2;0;0;0m██
[38;2;0;0;0m      ██[38;2;90;156;226m████[38;2;66;66;66m██[38;2;99;181;251m██[38;2;70;70;70m██[38;2;0;0;0m████[38;2;140;140;140m████[38;2;66;66;66m██████[38;2;140;140;140m██[38;2;0;0;0m██[38;2;107;181;251m██[38;2;74;107;164m██[38;2;0;0;0m██
[38;2;0;0;0m        ████  ████    ████[38;2;140;140;140m██████[38;2;0;0;0m██  ████  
[38;2;0;0;0m                          ██████          [0m
