
[38;2;0;0;0m                ██████                            
[38;2;0;0;0m              ██[38;2;255;115;79m██████[38;2;0;0;0m██      ██████              
[38;2;0;0;0m        ████[38;2;0;12;16m██[38;2;255;119;87m██[38;2;255;115;79m██████[38;2;0;0;0m██    ██[38;2;255;115;79m██████[38;2;0;0;0m██            
[38;2;0;0;0m      ██[38;2;255;115;79m██[38;2;170;77;53m██[38;2;85;48;40m██[38;2;255;119;87m██[38;2;255;115;79m████[38;2;0;0;0m██      ██[38;2;255;115;79m████████[38;2;0;0;0m██████      
[38;2;0;0;0m    ██[38;2;255;115;79m██████[38;2;247;239;71m██[38;2;247;112;76m██[38;2;255;115;79m██[38;2;181;74;45m██[38;2;85;48;40m██[38;2;0;12;16m██[38;2;0;0;0m      ██[38;2;255;115;79m████[38;2;217;126;62m██[38;2;198;70;54m██[38;2;209;107;68m████[38;2;0;0;0m██    
[38;2;0;0;0m    ██[38;2;255;115;79m████[38;2;255;239;71m██[38;2;247;176;74m██[38;2;247;239;71m██[38;2;181;74;45m██[38;2;255;115;79m██[38;2;255;119;87m████[38;2;0;0;0m██████[38;2;181;74;45m████[38;2;255;115;79m██[38;2;255;239;79m██[38;2;198;70;54m██[38;2;209;107;68m████[38;2;206;107;70m██[38;2;0;0;0m██  
[38;2;0;0;0m    ██[38;2;181;74;45m██[38;2;247;239;71m██[38;2;247;176;74m██[38;2;255;239;79m██[38;2;198;70;54m██[38;2;255;115;79m████████[38;2;66;66;66m████[38;2;255;115;79m██████[38;2;255;239;71m██[38;2;230;177;70m██[38;2;255;239;71m██[38;2;206;115;59m████[38;2;206;107;70m██[38;2;0;0;0m██  
[38;2;0;0;0m      ██[38;2;247;112;76m██[38;2;247;239;71m██[38;2;217;126;62m██[38;2;198;70;54m██[38;2;66;66;66m██[38;2;255;115;79m████[38;2;66;66;66m██[38;2;222;247;174m██[38;2;66;66;66m██[38;2;255;115;79m██████[38;2;255;239;71m██[38;2;230;177;70m████[38;2;255;231;71m██[38;2;181;57;53m██[38;2;0;0;0m██    
[38;2;0;0;0m    ██[38;2;255;115;79m████[38;2;181;74;45m██[38;2;255;115;79m██[38;2;66;66;66m██[38;2;148;188;105m██[38;2;66;70;66m██[38;2;66;66;66m██[38;2;222;247;174m██████[38;2;74;57;66m██[38;2;184;156;101m██[38;2;255;111;71m████[38;2;255;239;71m██[38;2;233;173;70m██[38;2;255;231;71m██[38;2;206;115;59m██[38;2;206;107;70m██[38;2;0;0;0m██  
[38;2;0;0;0m    ██[38;2;255;115;79m██[38;2;181;74;45m██[38;2;255;115;79m██████[38;2;66;70;66m██[38;2;189;247;125m██[38;2;222;247;174m██████[38;2;193;239;133m██[38;2;239;206;119m██[38;2;74;57;66m██[38;2;74;61;58m██[38;2;164;86;64m██[38;2;211;107;70m██[38;2;255;239;71m██[38;2;181;57;53m██[38;2;206;115;59m██[38;2;206;107;70m████[38;2;0;0;0m██
[38;2;0;0;0m    ██[38;2;255;115;79m██[38;2;170;77;53m██[38;2;255;115;79m████[38;2;66;66;66m██[38;2;255;255;255m██[38;2;0;0;16m██[38;2;192;239;133m████[38;2;193;238;133m████[38;2;189;239;133m██████[38;2;66;66;66m██[38;2;255;115;79m██[38;2;208;107;67m██[38;2;255;119;79m██[38;2;181;74;45m██[38;2;206;107;70m████[38;2;0;0;0m██
[38;2;0;0;0m      ████[38;2;255;115;79m████[38;2;66;66;66m██[38;2;0;0;16m██[38;2;85;85;96m██[38;2;192;239;133m████[38;2;193;238;133m██[38;2;255;255;255m██[38;2;0;0;0m██[38;2;189;239;133m████[38;2;66;66;66m██[38;2;208;107;67m██[38;2;255;115;79m██[38;2;218;96;62m██[38;2;181;74;45m██[38;2;0;0;0m██[38;2;206;107;70m██[38;2;0;0;0m██
[38;2;0;0;0m          ██████[38;2;198;189;110m████[38;2;189;239;133m████[38;2;198;206;142m██[38;2;0;0;0m██[38;2;74;99;130m██[38;2;222;198;110m██[38;2;148;198;92m████[38;2;0;0;0m██[38;2;206;107;70m██[38;2;255;115;79m██[38;2;0;0;0m██  ██  
[38;2;0;0;0m                ██[38;2;198;189;110m██[38;2;206;137;144m████[38;2;198;206;142m████[38;2;222;198;110m██[38;2;173;165;117m██[38;2;148;198;92m██[38;2;0;0;0m██  ████        
[38;2;0;0;0m              ██[38;2;74;107;66m██[38;2;151;195;105m██[38;2;157;154;114m██[38;2;198;173;134m██[38;2;255;198;191m██[38;2;145;165;102m██[38;2;151;200;92m████[38;2;0;0;0m██                
[38;2;0;0;0m              ██[38;2;189;239;125m████[38;2;74;115;74m████[38;2;90;148;58m██[38;2;145;165;102m██[38;2;151;200;92m████[38;2;148;198;92m██[38;2;0;0;0m████            
[38;2;0;0;0m          ██[38;2;0;0;16m██[38;2;222;239;102m██[38;2;192;239;133m████████[38;2;189;239;133m██[38;2;96;118;82m██[38;2;148;198;92m██████[38;2;192;236;136m██[38;2;189;239;133m██[38;2;0;0;0m████        
[38;2;0;0;0m        ██[38;2;255;239;71m██[38;2;222;239;102m██[38;2;74;80;45m██[38;2;192;239;133m████████[38;2;189;239;133m██[38;2;49;57;57m██[38;2;148;198;92m██[38;2;66;66;66m██[38;2;192;236;136m████[38;2;189;239;133m██████[38;2;0;0;0m██      
[38;2;0;0;0m      ██[38;2;255;239;71m████[38;2;74;140;74m██[38;2;113;189;91m██[38;2;66;66;66m████[38;2;189;239;133m████[38;2;57;70;65m██[38;2;82;132;77m██[38;2;74;140;74m████[38;2;57;70;65m██[38;2;181;239;133m██[38;2;189;239;133m████[38;2;0;0;0m██        
[38;2;0;0;0m      ██[38;2;255;239;71m██[38;2;74;140;74m██[38;2;113;189;91m████[38;2;115;189;91m████[38;2;66;66;66m████[38;2;82;132;77m██[38;2;107;193;88m██[38;2;113;189;91m████[38;2;98;126;88m██[38;2;57;70;65m██[38;2;66;66;66m████[38;2;222;189;86m██[38;2;0;0;0m██      
[38;2;0;0;0m    ██[38;2;239;214;79m██[38;2;74;107;82m██[38;2;107;184;104m██[38;2;112;187;91m████████[38;2;115;189;91m██[38;2;78;106;74m██[38;2;112;187;91m████████[38;2;115;189;91m██[38;2;78;106;74m██[38;2;222;189;86m██████[38;2;0;0;0m██      
[38;2;0;0;0m    ██[38;2;239;214;79m██[38;2;74;107;82m██[38;2;90;145;93m██[38;2;112;187;91m████████[38;2;115;189;91m██[38;2;78;106;74m██[38;2;112;187;91m████████[38;2;115;189;91m████[38;2;79;104;77m██[38;2;222;189;86m██████[38;2;0;0;0m██    
[38;2;0;0;0m  ██[38;2;222;189;86m████[38;2;69;100;77m██[38;2;99;148;115m██[38;2;86;144;122m██[38;2;115;189;91m██[38;2;113;184;97m████[38;2;79;104;77m██[38;2;222;189;86m██[38;2;74;107;82m██[38;2;107;184;104m██[38;2;112;187;91m████[38;2;115;189;91m██[38;2;86;144;122m██[38;2;79;104;77m██[38;2;222;189;86m██[38;2;225;189;84m████[38;2;0;0;0m██    
[38;2;0;0;0m██[38;2;222;189;86m████[38;2;66;66;66m██[38;2;8;4;0m██[38;2;69;100;77m██[38;2;86;144;122m████[38;2;93;145;93m██[38;2;74;107;90m██[38;2;222;189;86m████[38;2;74;107;82m██[38;2;90;145;93m██[38;2;112;187;91m██[38;2;85;143;122m██[38;2;86;144;122m████[38;2;79;104;77m██[38;2;222;189;86m██[38;2;225;189;84m████[38;2;0;0;0m██    
[38;2;0;0;0m  ██████  ██[38;2;88;143;120m████[38;2;107;99;51m██[38;2;214;198;94m██[38;2;225;189;84m████[38;2;222;189;86m██[38;2;111;96;51m██[38;2;88;143;120m████████[38;2;0;0;0m██[38;2;66;66;66m██[38;2;231;206;79m████[38;2;255;239;71m██[38;2;0;0;0m██  
[38;2;0;0;0m            ██[38;2;88;143;120m██[38;2;0;0;8m████[38;2;225;189;84m████[38;2;222;189;86m██[38;2;0;4;16m██[38;2;0;0;0m██[38;2;88;143;120m████[38;2;0;0;0m██  ████[38;2;231;206;79m██[38;2;255;239;71m████[38;2;0;0;0m██
[38;2;0;0;0m              ██    ██[38;2;222;189;86m██[38;2;0;0;0m██    ██[38;2;90;140;122m██[38;2;0;0;0m██      ██████  
[38;2;0;0;0m                      ██        ██                [0m
