
[38;2;0;0;0m        [38;2;7;7;7m  [38;2;49;49;51m██[38;2;0;0;0m                                
[38;2;0;0;0m        [38;2;58;58;58m██[38;2;186;191;196m██[38;2;65;68;69m  [38;2;0;0;0m                              
[38;2;0;0;0m        [38;2;163;163;165m██[38;2;254;254;254m██[38;2;186;188;194m██[38;2;32;29;25m██[38;2;183;139;90m██[38;2;24;19;11m  [38;2;0;0;0m                        
[38;2;0;0;0m        [38;2;104;104;108m██[38;2;200;204;207m██[38;2;163;167;173m██[38;2;65;65;65m██[38;2;149;118;83m██[38;2;162;128;76m██[38;2;22;18;10m  [38;2;0;0;0m        [38;2;119;93;57m██[38;2;0;0;0m    [38;2;19;19;19m  [38;2;209;209;209m██[38;2;171;171;171m  [38;2;0;0;0m  
[38;2;0;0;0m          [38;2;143;133;123m██[38;2;177;173;173m██[38;2;139;139;144m██[38;2;65;65;65m██[38;2;142;113;74m██[38;2;89;81;66m██[38;2;16;17;16m  [38;2;28;23;14m  [38;2;59;49;29m██[38;2;129;105;63m██[38;2;177;135;88m██[38;2;197;147;93m██[38;2;44;44;46m██[38;2;241;241;241m██[38;2;81;81;81m██[38;2;131;136;137m██[38;2;69;69;69m██
[38;2;0;0;0m          [38;2;20;18;17m  [38;2;98;123;147m██[38;2;80;80;80m██[38;2;228;228;228m██[38;2;204;202;195m██[38;2;94;77;51m██[38;2;125;112;89m██[38;2;99;83;49m██[38;2;130;105;63m██[38;2;196;147;92m██[38;2;76;72;67m██[38;2;84;77;69m██[38;2;132;132;137m██[38;2;242;242;243m██[38;2;83;86;88m██[38;2;144;144;144m██[38;2;69;69;69m██
[38;2;0;0;0m          [38;2;46;71;95m  [38;2;115;179;239m██[38;2;87;113;136m████[38;2;183;183;183m██[38;2;183;183;179m██[38;2;102;118;128m██[38;2;88;83;68m██[38;2;172;132;82m██[38;2;76;73;68m██[38;2;65;65;65m██[38;2;122;131;134m██[38;2;107;107;110m██[38;2;192;194;200m██[38;2;229;227;227m██[38;2;129;129;129m  [38;2;0;0;0m  
[38;2;0;0;0m          [38;2;82;136;192m██[38;2;120;188;248m██[38;2;123;192;251m████[38;2;100;163;222m██[38;2;109;165;217m██[38;2;113;168;218m██[38;2;70;70;71m██[38;2;196;184;162m██[38;2;178;135;87m██[38;2;65;65;65m██[38;2;122;131;134m██[38;2;89;93;94m██[38;2;78;78;79m██[38;2;76;74;72m██[38;2;92;89;84m  [38;2;0;0;0m  
[38;2;0;0;0m        [38;2;23;36;47m  [38;2;122;191;250m██[38;2;123;192;250m████████[38;2;122;189;250m██[38;2;99;130;157m██[38;2;77;82;72m██[38;2;255;255;255m██[38;2;172;165;147m██[38;2;126;119;101m██[38;2;66;66;65m██[38;2;99;104;106m██[38;2;96;100;102m██[38;2;86;75;62m██[38;2;65;54;41m  [38;2;0;0;0m  
[38;2;0;0;0m        [38;2;55;85;114m██[38;2;123;192;251m██[38;2;123;190;250m██[38;2;123;189;251m██[38;2;123;192;251m██[38;2;145;170;176m██[38;2;106;157;205m██[38;2;123;189;251m██[38;2;120;186;241m██[38;2;141;141;141m██[38;2;255;255;255m██[38;2;250;250;249m██[38;2;97;84;51m██[38;2;65;65;65m██[38;2;71;69;66m██[38;2;53;42;30m██[38;2;0;0;0m    
[38;2;0;0;0m    [38;2;0;0;1m  [38;2;34;58;84m  [38;2;62;87;110m██[38;2;122;191;250m██[38;2;87;141;193m██[38;2;122;187;247m██[38;2;92;130;164m██[38;2;153;167;174m██[38;2;133;183;226m██[38;2;123;189;251m██[38;2;122;190;251m██[38;2;134;134;134m██[38;2;255;255;255m██████[38;2;172;163;144m██[38;2;122;99;67m██[38;2;72;60;44m██[38;2;0;0;0m    
[38;2;0;0;0m    [38;2;65;116;164m██[38;2;55;95;137m██[38;2;91;121;150m██[38;2;123;192;251m██[38;2;122;189;249m██[38;2;58;96;139m██[38;2;73;81;92m██[38;2;174;154;122m██[38;2;146;195;238m██[38;2;83;105;126m██[38;2;114;178;239m██[38;2;134;134;134m██[38;2;255;255;255m██[38;2;69;69;69m████[38;2;255;255;255m██[38;2;239;237;233m██[38;2;128;104;67m██[38;2;0;0;0m    
[38;2;0;0;0m  [38;2;55;94;136m██[38;2;71;121;174m██[38;2;67;72;77m██[38;2;122;192;251m██[38;2;123;192;251m██[38;2;123;192;250m██[38;2;123;192;251m████[38;2;123;192;250m██[38;2;129;163;184m██[38;2;144;151;140m██[38;2;98;113;122m██[38;2;220;220;220m██[38;2;100;130;158m██[38;2;123;190;251m██[38;2;123;192;251m██[38;2;126;146;149m██[38;2;247;247;245m██[38;2;137;124;96m██[38;2;108;89;62m██[38;2;0;0;0m  
[38;2;22;35;52m██[38;2;90;132;181m██[38;2;86;124;167m██[38;2;66;66;75m██[38;2;87;134;178m██[38;2;122;187;249m██[38;2;93;148;203m██[38;2;122;187;247m████[38;2;87;95;101m██[38;2;171;168;118m██[38;2;166;161;109m██[38;2;66;66;66m██[38;2;167;184;189m██[38;2;115;176;234m██[38;2;122;187;249m██[38;2;122;188;250m██[38;2;92;123;152m██[38;2;245;245;245m██[38;2;132;124;102m██[38;2;108;89;62m██[38;2;0;0;0m  
[38;2;38;42;47m██[38;2;66;107;156m██[38;2;89;117;143m██[38;2;34;58;85m██[38;2;0;0;0m  [38;2;36;59;82m  [38;2;147;173;185m██[38;2;176;171;145m████[38;2;130;126;93m██[38;2;157;150;118m██[38;2;191;181;142m██[38;2;183;173;138m██[38;2;71;90;106m██[38;2;102;160;216m██[38;2;102;162;221m██[38;2;98;157;215m██[38;2;118;189;251m██[38;2;77;77;77m██[38;2;163;159;153m██[38;2;93;79;51m██[38;2;0;0;0m  
[38;2;0;0;0m            [38;2;33;33;33m  [38;2;76;75;72m██[38;2;77;76;73m██[38;2;255;239;182m██[38;2;255;239;180m████[38;2;100;97;86m██[38;2;113;186;248m██[38;2;83;139;195m██[38;2;121;187;248m██[38;2;122;189;251m██[38;2;77;99;118m██[38;2;182;182;189m██[38;2;189;189;197m██[38;2;145;145;151m  [38;2;0;0;0m  
[38;2;0;0;0m            [38;2;25;24;17m  [38;2;199;185;133m██[38;2;234;217;161m██[38;2;255;239;179m██[38;2;255;239;182m██[38;2;194;179;124m██[38;2;94;89;71m██[38;2;149;183;224m██[38;2;120;185;247m██[38;2;104;164;219m██[38;2;81;114;143m██[38;2;84;87;86m██[38;2;77;77;77m██[38;2;189;189;197m██[38;2;0;0;0m    
[38;2;0;0;0m          [38;2;7;13;18m  [38;2;75;131;187m██[38;2;82;86;86m██[38;2;179;168;126m██[38;2;165;147;89m████[38;2;253;237;181m██[38;2;214;204;135m██[38;2;137;131;115m██[38;2;103;144;180m██[38;2;70;77;84m██[38;2;122;188;250m██[38;2;123;192;251m██[38;2;64;74;84m██[38;2;51;59;66m  [38;2;0;0;0m    
[38;2;0;0;0m          [38;2;77;131;187m██[38;2;77;131;188m██[38;2;77;128;182m██[38;2;108;114;108m██[38;2;148;151;137m██[38;2;233;220;160m██[38;2;214;198;133m██[38;2;174;159;97m██[38;2;112;121;113m██[38;2;98;137;169m██[38;2;119;189;251m██[38;2;123;190;251m██[38;2;123;192;251m██[38;2;66;95;124m██[38;2;0;0;1m  [38;2;0;0;0m    
[38;2;0;0;0m          [38;2;67;113;162m  [38;2;78;131;188m██[38;2;76;126;180m██[38;2;66;117;173m██[38;2;97;116;128m██[38;2;60;61;64m██[38;2;138;128;87m██[38;2;177;170;108m██[38;2;94;109;107m██[38;2;125;192;247m██[38;2;123;191;251m██[38;2;123;192;251m██[38;2;117;184;242m██[38;2;60;103;149m██[38;2;29;50;72m██[38;2;0;0;0m    
[38;2;0;0;0m            [38;2;48;67;86m██[38;2;68;84;101m██[38;2;79;131;189m██[38;2;53;80;113m██[38;2;9;12;17m  [38;2;0;0;0m    [38;2;26;42;62m██[38;2;78;128;180m██[38;2;123;190;251m██[38;2;123;192;251m██[38;2;75;123;173m██[38;2;79;131;189m██[38;2;28;48;68m██[38;2;0;0;0m    
[38;2;0;0;0m            [38;2;175;175;175m██[38;2;159;159;159m  [38;2;0;0;0m            [38;2;61;99;145m  [38;2;60;100;147m██[38;2;60;104;152m██[38;2;79;131;189m██[38;2;70;112;165m██[38;2;0;0;0m      
[38;2;0;0;0m                            [38;2;157;163;164m  [38;2;73;104;140m██[38;2;63;108;157m██[38;2;81;102;135m██[38;2;193;202;213m██[38;2;64;64;64m  [38;2;0;0;0m    
[38;2;0;0;0m                            [38;2;0;2;11m  [38;2;90;92;97m  [38;2;254;254;254m██[38;2;87;93;107m  [38;2;0;0;0m        
[38;2;0;0;0m                                [38;2;66;66;66m  [38;2;0;0;0m          [0m
