
[38;2;0;0;0m            [38;2;0;4;0m██[38;2;0;0;0m                      
[38;2;0;0;0m          [38;2;0;4;0m██[38;2;66;72;126m██[38;2;0;4;0m██[38;2;0;0;0m    [38;2;0;4;0m██[38;2;0;0;0m              
[38;2;0;0;0m          [38;2;0;4;0m██[38;2;66;75;125m██[38;2;0;4;0m██[38;2;0;0;0m  [38;2;0;4;0m██[38;2;99;105;168m██[38;2;0;4;0m██[38;2;0;0;0m            
[38;2;0;0;0m          [38;2;0;4;0m██[38;2;66;75;125m████[38;2;0;4;0m██[38;2;99;107;171m██[38;2;99;105;168m██[38;2;0;4;0m██[38;2;0;0;0m            
[38;2;0;0;0m            [38;2;8;8;0m██[38;2;82;82;114m██[38;2;53;57;81m██[38;2;99;107;163m██[38;2;0;4;0m██[38;2;0;0;0m              
[38;2;0;0;0m  [38;2;0;4;0m████[38;2;0;0;0m    [38;2;0;4;0m██[38;2;57;57;76m████[38;2;99;107;163m██[38;2;8;8;0m██[38;2;0;0;0m                
[38;2;0;4;0m██[38;2;66;72;126m██[38;2;74;78;122m██[38;2;8;8;0m██[38;2;0;4;0m██[38;2;99;105;168m██[38;2;96;107;168m████████[38;2;0;4;0m██[38;2;0;0;0m    [38;2;0;4;0m████[38;2;0;0;0m      
[38;2;0;0;0m  [38;2;0;4;0m██[38;2;74;78;122m██[38;2;52;55;81m██[38;2;99;105;168m████[38;2;96;107;168m████████[38;2;99;107;171m██[38;2;0;4;0m████[38;2;99;107;171m████[38;2;0;4;0m██[38;2;0;0;0m    
[38;2;0;4;0m██[38;2;66;72;126m██[38;2;66;66;66m██[38;2;99;107;168m██[38;2;96;107;168m████[38;2;99;107;168m██[38;2;66;66;66m████[38;2;99;107;168m████[38;2;66;66;66m██[38;2;99;107;168m████[38;2;0;4;0m██[38;2;0;0;0m      
[38;2;0;0;0m  [38;2;0;4;0m██[38;2;66;66;66m████[38;2;96;107;168m████[38;2;99;107;168m██████[38;2;66;66;66m██[38;2;99;107;168m████[38;2;66;66;66m██[38;2;99;107;168m██[38;2;99;107;171m██[38;2;0;4;0m██[38;2;0;0;0m    
[38;2;0;0;0m    [38;2;0;4;0m██[38;2;255;255;255m██[38;2;49;49;89m██[38;2;115;115;144m██[38;2;120;126;134m██[38;2;57;61;73m████[38;2;120;126;134m██[38;2;96;107;168m████[38;2;57;60;81m████[38;2;0;4;0m██[38;2;0;0;0m      
[38;2;0;0;0m  [38;2;0;4;0m██[38;2;255;255;255m████[38;2;247;247;255m██[38;2;115;115;144m██[38;2;57;61;73m██[38;2;247;255;255m████[38;2;57;61;73m██[38;2;96;107;168m████[38;2;107;113;163m██[38;2;8;8;0m██[38;2;0;0;0m        
[38;2;0;0;0m  [38;2;0;4;0m██[38;2;255;255;255m██[38;2;96;96;96m██[38;2;99;102;102m██[38;2;66;66;66m██[38;2;255;255;255m████████[38;2;63;64;68m██[38;2;90;103;170m██[38;2;66;75;125m██[38;2;0;4;0m██[38;2;0;0;0m        
[38;2;0;0;0m  [38;2;0;4;0m██[38;2;96;96;96m████[38;2;165;173;173m██[38;2;66;66;66m██[38;2;255;255;255m████[38;2;96;96;96m████[38;2;63;64;68m██[38;2;76;84;119m██[38;2;66;75;125m██[38;2;0;4;0m██[38;2;0;0;0m        
[38;2;0;0;0m  [38;2;0;4;0m██[38;2;173;173;173m████[38;2;170;176;170m██[38;2;66;66;66m██[38;2;255;255;255m██[38;2;96;96;96m██[38;2;94;96;94m██[38;2;173;173;173m██[38;2;66;66;66m████[38;2;66;65;66m██[38;2;0;4;0m██[38;2;0;0;0m        
[38;2;0;0;0m    [38;2;0;4;0m██[38;2;173;173;173m██[38;2;66;66;66m████[38;2;96;96;96m██[38;2;175;175;175m██[38;2;173;173;173m████[38;2;66;66;66m██[38;2;170;159;138m██[38;2;0;4;0m██[38;2;0;0;0m          
[38;2;0;0;0m    [38;2;0;4;0m██[38;2;66;65;66m██[38;2;255;239;172m████[38;2;66;66;74m██[38;2;187;181;152m██[38;2;170;165;154m██[38;2;66;66;66m██[38;2;170;161;138m████[38;2;0;4;0m██[38;2;0;0;0m          
[38;2;0;0;0m      [38;2;0;4;0m██[38;2;255;239;172m████[38;2;247;239;191m██[38;2;66;66;74m██[38;2;66;66;66m██[38;2;170;165;154m██[38;2;170;161;138m██[38;2;0;4;0m██[38;2;0;0;0m            
[38;2;0;0;0m        [38;2;0;4;8m██[38;2;255;198;135m██[38;2;178;145;112m████[38;2;173;156;141m████[38;2;0;4;0m██[38;2;0;0;0m    [38;2;0;4;0m████[38;2;0;0;0m  [38;2;0;4;0m████
[38;2;0;0;0m      [38;2;0;4;0m██[38;2;255;198;135m██[38;2;85;69;50m██[38;2;57;74;81m██[38;2;239;181;127m██[38;2;58;57;52m██[38;2;0;8;8m██[38;2;0;0;0m      [38;2;0;4;0m██[38;2;99;107;171m██[38;2;0;4;0m██[38;2;99;105;168m██[38;2;0;4;0m██
[38;2;0;0;0m        [38;2;0;8;16m██[38;2;255;165;95m██[38;2;255;165;87m██[38;2;66;66;66m██[38;2;148;154;169m██[38;2;0;0;0m██    [38;2;8;8;0m██[38;2;53;57;81m██[38;2;66;66;66m██[38;2;99;107;168m██[38;2;66;65;66m██[38;2;0;4;0m██
[38;2;0;0;0m      [38;2;0;4;0m██[38;2;255;165;95m██[38;2;85;60;42m██[38;2;66;66;66m██[38;2;255;165;87m██[38;2;74;77;85m██[38;2;222;231;254m██[38;2;0;4;0m████[38;2;99;107;163m████[38;2;66;66;66m████[38;2;0;4;0m██[38;2;0;0;0m  
[38;2;0;0;0m        [38;2;0;4;0m██[38;2;66;65;66m██[38;2;255;247;215m██[38;2;66;66;66m██[38;2;255;255;255m████[38;2;192;146;67m██[38;2;255;165;87m██[38;2;76;88;140m██[38;2;96;105;168m██[38;2;99;105;168m██[38;2;0;4;0m██[38;2;0;0;0m    
[38;2;0;0;0m          [38;2;0;4;0m██[38;2;66;66;66m██[38;2;255;247;215m██[38;2;255;255;255m██[38;2;189;148;69m██[38;2;255;165;87m████[38;2;76;88;140m██[38;2;96;105;168m██[38;2;99;105;168m██[38;2;0;4;0m██[38;2;0;0;0m    
[38;2;0;0;0m          [38;2;0;4;0m██[38;2;173;156;141m██[38;2;58;57;52m██[38;2;85;77;64m██[38;2;255;231;175m██[38;2;170;162;141m██[38;2;85;85;90m██[38;2;99;107;171m██[38;2;0;4;0m████[38;2;0;0;0m      
[38;2;0;0;0m            [38;2;0;8;8m████[38;2;0;0;8m██[38;2;255;231;175m██[38;2;255;239;191m██[38;2;0;8;40m██[38;2;0;4;0m██[38;2;0;0;0m          
[38;2;0;0;0m                  [38;2;0;4;0m████[38;2;0;0;0m              [0m
