
[38;2;0;0;0m            ████                
[38;2;0;0;0m          ██[38;2;173;214;117m████[38;2;0;0;0m██              
[38;2;0;0;0m          ██[38;2;173;214;117m██████[38;2;0;0;0m██            
[38;2;0;0;0m            ██[38;2;173;214;117m████[38;2;0;0;0m██            
[38;2;0;0;0m    ██████  ██[38;2;173;214;117m██[38;2;103;164;67m██[38;2;0;0;0m██            
[38;2;0;0;0m  ██[38;2;173;214;117m██[38;2;173;217;117m████[38;2;0;0;8m████[38;2;104;165;67m██[38;2;0;0;0m██  ██████      
[38;2;0;0;0m██[38;2;173;214;117m████[38;2;173;217;117m████[38;2;107;156;75m██[38;2;53;78;41m██[38;2;104;165;67m██[38;2;0;0;0m████[38;2;173;214;117m██████[38;2;0;0;0m████  
[38;2;0;0;0m  ████[38;2;63;71;52m████[38;2;173;217;117m████[38;2;198;189;126m██[38;2;82;53;74m██[38;2;173;214;117m████[38;2;173;217;117m████[38;2;173;214;117m██[38;2;103;164;67m██[38;2;0;0;0m██
[38;2;0;0;0m      [38;2;8;0;16m██[38;2;173;214;125m██[38;2;173;217;117m████[38;2;82;53;74m██[38;2;140;121;100m██[38;2;66;66;66m██[38;2;173;214;117m██[38;2;173;217;117m████[38;2;173;214;117m████[38;2;0;0;0m██
[38;2;0;0;0m    ██[38;2;255;247;23m██[38;2;107;57;115m██[38;2;66;66;66m████[38;2;200;85;134m████[38;2;189;74;125m██[38;2;66;66;66m██[38;2;82;53;74m██[38;2;198;189;126m██[38;2;165;222;109m██[38;2;110;149;73m██[38;2;0;0;0m██
[38;2;0;0;0m    ██[38;2;255;247;23m██[38;2;156;120;84m██[38;2;222;107;158m████[38;2;255;247;7m██[38;2;200;85;134m██[38;2;189;74;125m████[38;2;140;121;100m██[38;2;82;53;74m██[38;2;0;4;0m████[38;2;0;0;0m  
[38;2;0;0;0m  ██[38;2;222;107;158m████[38;2;66;66;66m████[38;2;222;107;158m██[38;2;255;247;7m██[38;2;222;107;158m██[38;2;189;75;125m████████[38;2;0;0;0m██    
[38;2;0;0;0m  ██[38;2;222;107;158m██████████████[38;2;189;75;125m████████[38;2;0;0;0m██    
[38;2;0;0;0m  [38;2;0;8;0m██[38;2;222;115;158m██[38;2;222;110;158m████████[38;2;222;107;158m████[38;2;189;75;125m████[38;2;189;74;125m████[38;2;0;0;0m██    
[38;2;0;0;0m  [38;2;0;8;0m██[38;2;74;44;53m██[38;2;222;110;158m████████[38;2;222;107;158m██[38;2;189;74;125m██[38;2;189;75;125m████[38;2;189;74;125m██[38;2;66;66;66m██[38;2;0;0;0m██    
[38;2;0;0;0m    ██[38;2;82;82;82m████[38;2;222;107;158m████[38;2;189;74;125m████[38;2;143;115;132m██[38;2;79;58;66m██[38;2;66;66;66m██[38;2;0;0;0m██      
[38;2;0;0;0m      ██[38;2;247;247;247m██[38;2;66;66;66m████████[38;2;79;58;66m██[38;2;206;173;198m██[38;2;0;0;0m██        
[38;2;0;0;0m        ████[38;2;181;189;205m██████[38;2;0;0;0m████          
[38;2;0;0;0m            ██████              [0m
