
[38;2;0;0;0m      [38;2;0;3;0m  [38;2;142;71;52m██[38;2;51;29;20m██[38;2;0;0;0m                                          
[38;2;0;0;0m      [38;2;0;3;0m  [38;2;173;73;47m██[38;2;98;68;60m██[38;2;92;39;23m  [38;2;0;3;0m  [38;2;0;0;0m                                [38;2;0;3;0m    [38;2;0;0;0m  
[38;2;0;0;0m      [38;2;0;3;0m  [38;2;181;73;46m██[38;2;83;67;63m██[38;2;138;71;54m██[38;2;168;76;54m██[38;2;18;16;13m  [38;2;0;0;0m                        [38;2;9;5;2m  [38;2;64;28;15m██[38;2;79;43;52m██[38;2;144;73;70m██[38;2;72;81;130m██[38;2;19;26;36m██
[38;2;0;0;0m        [38;2;72;32;19m██[38;2;170;73;49m██[38;2;138;71;54m██[38;2;168;73;50m██[38;2;106;65;53m██[38;2;12;8;2m  [38;2;0;0;0m                  [38;2;0;3;0m  [38;2;102;43;25m  [38;2;164;67;41m██[38;2;115;76;93m██[38;2;78;76;119m██[38;2;77;86;138m██[38;2;61;70;112m██[38;2;2;3;3m  
[38;2;0;0;0m        [38;2;33;15;9m  [38;2;169;69;43m██[38;2;181;73;48m████[38;2;143;69;53m██[38;2;40;31;30m██[38;2;0;0;0m                [38;2;46;21;11m  [38;2;175;74;48m██[38;2;131;74;79m██[38;2;71;80;131m██[38;2;74;82;133m██[38;2;72;78;108m██[38;2;71;76;102m██[38;2;71;78;110m██[38;2;19;25;37m██
[38;2;0;0;0m          [38;2;3;4;0m  [38;2;181;73;48m████[38;2;159;69;51m██[38;2;70;61;65m██[38;2;69;24;29m  [38;2;0;0;0m            [38;2;13;9;3m  [38;2;179;73;44m██[38;2;73;78;125m██[38;2;75;84;136m██[38;2;76;84;130m██[38;2;66;66;67m██[38;2;77;87;140m██[38;2;77;88;142m██[38;2;60;70;112m██[38;2;0;1;0m  
[38;2;0;0;0m            [38;2;47;28;22m██[38;2;175;72;45m██[38;2;132;55;54m██[38;2;129;41;56m██[38;2;84;37;43m██[38;2;2;3;1m  [38;2;0;0;0m        [38;2;0;1;0m  [38;2;100;42;25m██[38;2;112;73;90m██[38;2;77;89;144m████████[38;2;71;76;102m██[38;2;43;46;52m██[38;2;0;1;0m  [38;2;0;0;0m  
[38;2;0;0;0m        [38;2;95;98;95m██[38;2;42;42;42m██[38;2;178;163;136m██[38;2;104;73;77m██[38;2;105;51;62m██[38;2;131;41;56m██[38;2;98;41;48m██[38;2;4;5;2m  [38;2;0;0;0m        [38;2;0;2;0m  [38;2;172;73;50m██[38;2;73;82;133m██[38;2;76;89;144m████[38;2;75;85;133m██[38;2;66;67;70m██[38;2;76;89;144m██[38;2;79;88;132m██[38;2;0;3;0m  [38;2;0;0;0m  
[38;2;0;0;0m  [38;2;0;1;0m  [38;2;109;110;109m  [38;2;48;49;48m  [38;2;255;255;255m██[38;2;100;100;100m██[38;2;208;202;163m██[38;2;146;144;119m██[38;2;158;149;138m██[38;2;97;64;67m██[38;2;68;32;36m██[38;2;0;0;0m          [38;2;0;2;0m  [38;2;172;73;50m██[38;2;73;82;133m██[38;2;77;89;144m████[38;2;77;88;143m██[38;2;78;88;142m██[38;2;62;69;98m██[38;2;33;39;53m██[38;2;0;1;0m  [38;2;0;0;0m  
[38;2;0;0;0m  [38;2;28;31;28m  [38;2;206;206;206m██[38;2;224;224;224m██[38;2;255;255;255m██[38;2;235;235;235m██[38;2;78;78;78m██[38;2;237;237;229m██[38;2;137;135;113m██[38;2;100;100;90m██[38;2;102;45;53m██[38;2;13;11;9m██[38;2;0;1;0m  [38;2;0;0;0m    [38;2;0;1;0m  [38;2;112;47;27m██[38;2;157;74;62m██[38;2;73;83;135m██[38;2;77;89;144m████[38;2;75;86;134m██[38;2;67;69;76m██[38;2;65;71;96m  [38;2;4;4;0m  [38;2;0;0;0m    
[38;2;0;1;0m  [38;2;198;199;198m██[38;2;207;207;207m██[38;2;156;105;116m██[38;2;255;255;255m██[38;2;119;119;119m██[38;2;223;223;223m██[38;2;144;141;137m██[38;2;161;153;143m██[38;2;168;152;134m██[38;2;134;107;95m██[38;2;102;60;68m██[38;2;27;21;20m  [38;2;0;2;0m  [38;2;64;28;16m  [38;2;126;52;31m██[38;2;138;75;76m██[38;2;71;79;128m██[38;2;77;89;144m██████[38;2;73;85;136m██[38;2;38;46;60m██[38;2;0;1;0m  [38;2;0;0;0m      
[38;2;0;0;0m  [38;2;152;154;152m  [38;2;118;62;58m██[38;2;159;71;48m██[38;2;116;54;57m██[38;2;227;227;227m██[38;2;238;238;238m██[38;2;110;107;97m██[38;2;173;160;124m████[38;2;98;61;61m██[38;2;179;73;48m██[38;2;170;68;49m██[38;2;79;61;63m██[38;2;163;65;57m██[38;2;68;77;126m██[38;2;73;83;136m██[38;2;77;89;144m██████[38;2;71;77;105m██[38;2;67;70;87m██[38;2;19;24;37m  [38;2;0;0;0m        
[38;2;0;0;0m  [38;2;0;3;0m  [38;2;174;71;46m██[38;2;176;73;47m██[38;2;100;60;59m██[38;2;152;83;94m██[38;2;111;86;93m██[38;2;96;90;81m██[38;2;182;182;182m██[38;2;211;211;211m██[38;2;152;144;147m██[38;2;177;73;46m██[38;2;125;69;55m██[38;2;130;46;56m██[38;2;79;77;124m██[38;2;77;88;143m██[38;2;77;88;142m██████[38;2;58;64;86m██[38;2;32;38;52m██[38;2;15;19;27m  [38;2;0;0;0m          
[38;2;0;0;0m  [38;2;0;2;0m  [38;2;120;58;55m██[38;2;155;65;61m██[38;2;119;71;58m██[38;2;155;76;56m██[38;2;137;124;134m██[38;2;250;250;247m██[38;2;205;206;204m██[38;2;194;195;194m██[38;2;89;95;121m██[38;2;83;93;150m██[38;2;95;72;113m██[38;2;111;51;76m██[38;2;74;83;135m██[38;2;77;88;142m██[38;2;76;85;132m██[38;2;69;72;89m██[38;2;59;66;94m██[38;2;56;62;84m  [38;2;4;4;0m  [38;2;0;0;0m            
[38;2;0;0;0m  [38;2;0;2;0m  [38;2;59;133;217m██[38;2;118;60;89m██[38;2;132;53;33m██[38;2;203;191;191m██[38;2;104;109;149m██[38;2;198;199;197m██[38;2;184;185;178m██[38;2;177;178;171m██[38;2;83;87;119m██[38;2;96;105;168m██[38;2;92;102;162m██[38;2;77;86;140m██[38;2;72;78;108m██[38;2;77;87;141m██[38;2;71;76;101m██[38;2;63;65;72m██[38;2;4;6;8m  [38;2;0;0;0m                
[38;2;0;1;2m  [38;2;125;113;54m██[38;2;240;208;72m██[38;2;194;170;76m██[38;2;107;99;73m██[38;2;170;175;188m██[38;2;101;104;117m██[38;2;131;135;132m██[38;2;119;120;117m██[38;2;41;43;41m██[38;2;75;83;125m██[38;2;87;97;156m██[38;2;91;102;162m██[38;2;95;106;167m██[38;2;85;96;153m██[38;2;70;74;96m██[38;2;104;55;73m██[38;2;70;64;65m██[38;2;84;28;36m██[38;2;44;16;19m  [38;2;0;1;0m  [38;2;0;0;0m            
[38;2;59;54;17m  [38;2;239;210;71m██[38;2;238;213;78m██[38;2;241;210;72m██[38;2;88;65;59m██[38;2;167;147;81m██[38;2;6;10;7m██[38;2;177;177;170m██[38;2;115;116;110m██[38;2;0;0;0m  [38;2;36;43;64m██[38;2;77;88;141m██[38;2;78;89;143m██[38;2;78;90;145m██[38;2;85;96;153m██[38;2;94;103;165m██[38;2;76;68;98m██[38;2;108;82;69m██[38;2;70;64;65m██[38;2;123;88;69m██[38;2;136;133;107m██[38;2;0;3;0m  [38;2;0;0;0m          
[38;2;32;30;9m  [38;2;219;191;63m██[38;2;29;27;16m  [38;2;41;24;29m  [38;2;140;100;67m██[38;2;27;29;19m██[38;2;0;0;0m  [38;2;0;1;0m  [38;2;0;2;1m  [38;2;0;3;3m  [38;2;50;57;76m██[38;2;72;78;102m██[38;2;51;59;91m██[38;2;75;87;144m██[38;2;82;92;148m██[38;2;76;89;139m██[38;2;48;47;66m██[38;2;105;83;46m██[38;2;129;127;94m██[38;2;73;86;112m██[38;2;65;78;86m██[38;2;51;63;60m  [38;2;0;0;0m          
[38;2;0;0;0m  [38;2;0;3;0m  [38;2;0;1;0m  [38;2;115;63;41m  [38;2;139;79;50m  [38;2;0;0;0m      [38;2;26;27;15m██[38;2;177;155;87m██[38;2;136;125;87m██[38;2;78;91;139m██[38;2;4;6;0m  [38;2;0;4;0m██[38;2;69;68;66m██[38;2;76;88;134m██[38;2;4;5;0m  [38;2;0;0;0m  [38;2;7;3;0m  [38;2;0;3;0m  [38;2;0;1;0m  [38;2;0;0;0m            
[38;2;0;0;0m      [38;2;0;1;0m    [38;2;0;0;0m    [38;2;0;3;0m  [38;2;71;71;66m██[38;2;122;108;73m██[38;2;189;165;81m██[38;2;38;44;64m██[38;2;0;1;0m  [38;2;52;55;52m██[38;2;141;129;78m██[38;2;164;149;80m██[38;2;15;17;24m  [38;2;0;0;0m                    
[38;2;0;0;0m              [38;2;0;3;0m  [38;2;0;2;0m  [38;2;0;3;0m  [38;2;209;183;77m██[38;2;6;9;2m██[38;2;0;1;0m  [38;2;84;86;84m██[38;2;91;86;76m██[38;2;83;79;67m██[38;2;85;75;35m██[38;2;0;0;0m                    
[38;2;0;0;0m                [38;2;0;1;0m  [38;2;56;58;56m  [38;2;76;74;60m██[38;2;2;3;1m  [38;2;0;0;0m  [38;2;0;1;0m  [38;2;107;97;61m██[38;2;185;161;81m██[38;2;30;27;12m  [38;2;0;0;0m                    
[38;2;0;0;0m                  [38;2;0;3;0m  [38;2;0;1;0m  [38;2;0;0;0m      [38;2;44;46;35m██[38;2;147;129;66m  [38;2;0;1;0m  [38;2;0;0;0m                    
[38;2;0;0;0m                          [38;2;0;1;0m  [38;2;25;28;25m██[38;2;0;1;0m  [38;2;0;0;0m                      [0m
