
[38;2;0;0;0m        ██████          
[38;2;0;0;0m      ██[38;2;66;66;66m██[38;2;206;247;182m████[38;2;0;0;0m████      
[38;2;0;0;0m      ██[38;2;206;247;182m████[38;2;69;82;61m████[38;2;206;247;182m██[38;2;0;0;0m██    
[38;2;0;0;0m    ██[38;2;107;173;59m████[38;2;173;206;141m██[38;2;66;66;66m██[38;2;206;247;182m██[38;2;82;132;66m██[38;2;206;247;182m██[38;2;0;0;0m██  
[38;2;0;0;0m    ██[38;2;107;173;59m██████[38;2;66;66;66m██[38;2;206;247;182m██[38;2;82;132;66m██[38;2;206;247;182m██[38;2;0;0;0m██  
[38;2;0;0;0m      ██[38;2;112;167;72m██[38;2;85;121;69m██[38;2;148;206;84m██[38;2;206;247;182m██[38;2;222;255;174m██[38;2;151;174;116m██[38;2;0;0;0m██  
[38;2;0;0;0m      ██[38;2;57;74;65m██[38;2;140;214;76m██[38;2;148;206;84m████[38;2;151;174;116m██[38;2;8;12;0m██[38;2;0;0;0m    
[38;2;0;0;0m    [38;2;0;12;0m██[38;2;104;158;56m██[38;2;148;209;81m████[38;2;140;214;76m██[38;2;115;165;73m██[38;2;0;0;0m██      
[38;2;0;0;0m  ██[38;2;104;158;56m██[38;2;156;231;84m██[38;2;115;170;70m██[38;2;82;132;58m██[38;2;66;66;66m████[38;2;107;173;59m██[38;2;0;0;0m██    
[38;2;0;0;0m  ██[38;2;165;198;77m██[38;2;129;155;70m██[38;2;82;132;66m██[38;2;247;231;119m██[38;2;107;181;59m██[38;2;154;200;79m██[38;2;148;206;84m████[38;2;0;0;0m██  
[38;2;0;0;0m██[38;2;107;173;59m██[38;2;57;70;57m██[38;2;165;198;77m██[38;2;247;231;119m████[38;2;247;239;119m██[38;2;107;181;59m██[38;2;148;206;84m████[38;2;107;173;59m██[38;2;0;0;0m██
[38;2;0;4;0m██[38;2;55;95;49m██[38;2;8;8;0m██[38;2;255;239;119m██[38;2;247;231;119m████[38;2;82;77;45m██[38;2;247;231;119m██[38;2;148;206;84m████[38;2;148;222;84m██[38;2;0;4;0m██
[38;2;0;4;0m██[38;2;82;140;74m██[38;2;255;239;119m██[38;2;173;162;79m██[38;2;189;181;85m██[38;2;247;231;119m██[38;2;0;0;8m██[38;2;247;231;119m██[38;2;148;206;84m████[38;2;99;149;56m██[38;2;0;4;0m██
[38;2;0;0;0m  ██[38;2;66;115;58m██[38;2;247;231;119m████████[38;2;66;115;58m██[38;2;57;107;57m██[38;2;107;173;59m██[38;2;66;66;66m██[38;2;0;0;0m██
[38;2;0;0;0m  ██[38;2;66;115;58m████[38;2;82;132;66m████[38;2;66;115;58m████[38;2;82;140;58m██[38;2;57;107;57m██[38;2;0;0;0m██  
[38;2;0;0;0m    ████[38;2;57;107;57m████[38;2;96;132;66m██[38;2;49;107;57m██[38;2;57;107;57m██[38;2;0;0;0m██    
[38;2;0;0;0m        ████[38;2;189;181;85m████[38;2;0;0;0m██      
[38;2;0;0;0m            ████        [0m
