
[38;2;0;0;0m  [38;2;0;1;0m  [38;2;0;0;0m  [38;2;0;2;0m  [38;2;16;18;16m  [38;2;7;10;7m██[38;2;0;0;0m    [38;2;0;1;0m  [38;2;0;0;0m                                    
[38;2;12;15;12m  [38;2;49;49;49m██[38;2;0;2;0m  [38;2;0;0;0m    [38;2;0;3;0m  [38;2;0;1;0m  [38;2;0;2;0m  [38;2;53;62;68m██[38;2;3;6;3m  [38;2;0;0;0m                                  
[38;2;0;0;0m  [38;2;0;3;0m  [38;2;34;36;34m██[38;2;0;1;0m  [38;2;0;0;0m    [38;2;0;2;0m  [38;2;0;3;0m  [38;2;178;181;186m██[38;2;26;32;34m██[38;2;0;0;0m                          [38;2;0;1;0m    [38;2;0;0;0m    
[38;2;0;0;0m    [38;2;0;1;0m  [38;2;0;3;0m  [38;2;0;0;0m    [38;2;0;1;0m  [38;2;0;4;0m██[38;2;222;222;222m██[38;2;85;95;101m██[38;2;0;5;6m  [38;2;0;0;0m                  [38;2;0;1;0m  [38;2;0;3;0m  [38;2;39;47;51m  [38;2;59;69;77m████[38;2;0;3;0m  [38;2;0;0;0m  
[38;2;0;0;0m        [38;2;0;2;0m  [38;2;0;0;0m    [38;2;0;3;0m  [38;2;151;157;163m██[38;2;211;218;218m██[38;2;41;49;50m██[38;2;0;0;0m              [38;2;0;1;2m  [38;2;21;25;24m██[38;2;57;65;76m██[38;2;122;129;143m██[38;2;122;131;141m██[38;2;123;131;141m██[38;2;92;102;114m██[38;2;78;88;105m██[38;2;20;25;27m██
[38;2;0;0;0m          [38;2;0;2;0m  [38;2;0;0;0m  [38;2;0;3;0m  [38;2;88;98;109m██[38;2;211;212;213m██[38;2;103;106;107m██[38;2;0;0;0m            [38;2;4;7;5m  [38;2;61;66;77m██[38;2;212;213;215m██[38;2;211;213;217m██[38;2;255;255;255m████[38;2;125;131;143m██[38;2;186;189;195m██[38;2;79;91;103m██[38;2;20;26;26m██
[38;2;0;0;0m          [38;2;0;2;0m  [38;2;0;0;0m    [38;2;45;53;51m██[38;2;116;127;133m██[38;2;157;167;170m██[38;2;2;7;3m██[38;2;0;0;0m        [38;2;10;14;14m  [38;2;134;140;151m██[38;2;255;255;255m██████[38;2;211;213;217m██[38;2;154;158;168m██[38;2;255;255;255m██[38;2;224;225;228m██[38;2;73;83;100m██[38;2;15;19;20m  
[38;2;0;0;0m            [38;2;0;3;0m    [38;2;72;74;73m██[38;2;72;72;83m██[38;2;205;205;213m██[38;2;6;7;6m██[38;2;0;0;0m        [38;2;117;120;120m██[38;2;255;255;255m██████[38;2;173;177;184m██[38;2;211;213;217m██[38;2;240;241;242m██[38;2;124;131;142m██[38;2;92;102;114m██[38;2;60;69;82m██[38;2;0;1;0m  
[38;2;0;0;0m        [38;2;16;11;12m  [38;2;36;33;45m██[38;2;124;111;169m██[38;2;133;123;183m██[38;2;94;88;115m██[38;2;141;132;165m██[38;2;86;80;101m██[38;2;3;4;3m██[38;2;0;0;0m      [38;2;70;73;70m██[38;2;255;255;255m██[38;2;211;213;217m██[38;2;160;164;171m██[38;2;81;90;100m██[38;2;162;168;175m██[38;2;198;201;206m██[38;2;125;131;143m██[38;2;222;224;226m██[38;2;65;75;85m██[38;2;0;2;0m  [38;2;0;0;0m  
[38;2;0;0;0m      [38;2;0;2;0m  [38;2;163;115;130m██[38;2;149;129;197m██[38;2;160;145;224m██[38;2;159;145;223m██[38;2;136;124;190m██[38;2;136;122;187m██[38;2;138;122;188m██[38;2;106;94;142m██[38;2;0;1;0m  [38;2;0;0;0m  [38;2;0;2;0m  [38;2;250;250;250m██[38;2;125;131;143m██[38;2;211;213;217m████[38;2;120;126;138m██[38;2;79;91;103m██[38;2;218;219;223m██[38;2;255;255;255m██[38;2;116;123;136m██[38;2;23;28;31m██[38;2;0;0;0m    
[38;2;0;0;0m    [38;2;0;1;0m  [38;2;207;148;136m██[38;2;177;114;131m██[38;2;134;114;171m██[38;2;152;140;213m██[38;2;156;139;216m██[38;2;162;93;111m██[38;2;167;71;79m██[38;2;138;77;105m██[38;2;136;120;183m██[38;2;72;65;97m██[38;2;0;0;0m  [38;2;109;112;112m██[38;2;130;135;147m██[38;2;255;255;255m██████[38;2;202;204;209m██[38;2;206;209;213m██[38;2;255;255;255m██[38;2;136;143;155m██[38;2;47;55;64m  [38;2;0;0;0m      
[38;2;0;0;0m    [38;2;49;21;19m  [38;2;218;101;98m██[38;2;136;69;99m██[38;2;138;123;186m██[38;2;136;123;187m██[38;2;134;68;102m██[38;2;232;159;153m██[38;2;254;179;165m██[38;2;214;125;120m██[38;2;87;79;95m██[38;2;120;108;165m██[38;2;0;0;0m  [38;2;140;142;143m██[38;2;255;255;255m████[38;2;245;245;246m██[38;2;125;131;143m██[38;2;216;218;221m██[38;2;173;177;184m██[38;2;125;131;143m██[38;2;93;102;118m██[38;2;0;3;0m  [38;2;0;0;0m      
[38;2;0;0;0m    [38;2;49;21;19m  [38;2;135;50;59m██[38;2;119;109;159m██[38;2;134;120;183m██[38;2;137;122;187m██[38;2;117;55;75m██[38;2;250;166;155m██[38;2;255;181;167m██[38;2;235;125;120m██[38;2;71;66;66m██[38;2;117;113;158m██[38;2;80;80;80m██[38;2;255;255;255m██[38;2;253;253;253m██[38;2;139;144;155m██[38;2;85;93;108m██[38;2;125;131;143m████[38;2;206;209;213m██[38;2;229;230;232m██[38;2;27;32;35m██[38;2;0;0;0m        
[38;2;0;0;0m    [38;2;0;2;0m  [38;2;75;38;41m██[38;2;82;132;150m██[38;2;84;92;109m██[38;2;103;95;128m██[38;2;73;72;79m██[38;2;225;94;99m██[38;2;230;109;110m██[38;2;222;85;89m██[38;2;71;66;66m██[38;2;90;92;113m██[38;2;207;207;207m██[38;2;187;190;197m██[38;2;128;134;146m██[38;2;211;213;217m██[38;2;214;216;220m██[38;2;255;255;255m██████[38;2;118;125;137m██[38;2;27;32;35m██[38;2;0;0;0m        
[38;2;0;0;0m      [38;2;45;47;45m  [38;2;101;185;209m██[38;2;99;182;207m██[38;2;71;101;127m██[38;2;99;102;132m██[38;2;118;81;89m██[38;2;182;81;82m██[38;2;135;78;82m██[38;2;102;105;138m██[38;2;102;101;110m██[38;2;211;213;217m██[38;2;192;195;201m██[38;2;211;213;217m████████[38;2;255;255;255m██[38;2;227;229;231m██[38;2;75;84;102m██[38;2;19;24;26m  [38;2;0;0;0m        
[38;2;0;0;0m      [38;2;45;47;45m  [38;2;21;40;45m██[38;2;161;175;179m██[38;2;81;90;104m██[38;2;102;105;138m██[38;2;101;99;125m██[38;2;94;96;122m██[38;2;98;101;130m██[38;2;76;77;86m██[38;2;100;98;115m██[38;2;76;84;94m██[38;2;125;131;137m██[38;2;210;212;216m██[38;2;200;204;205m██[38;2;188;193;192m██[38;2;211;213;217m██[38;2;125;131;143m██[38;2;98;105;119m██[38;2;66;75;90m██[38;2;0;1;0m  [38;2;0;0;0m        
[38;2;0;0;0m            [38;2;71;78;83m██[38;2;69;75;81m██[38;2;100;102;131m██[38;2;77;98;105m██[38;2;85;97;112m██[38;2;104;115;148m██[38;2;120;114;161m██[38;2;81;88;102m██[38;2;174;175;176m██[38;2;211;213;214m██[38;2;235;238;233m██[38;2;245;246;244m██[38;2;244;246;243m██[38;2;250;250;250m██[38;2;129;135;147m██[38;2;0;3;0m  [38;2;0;0;0m          
[38;2;0;0;0m            [38;2;42;62;78m██[38;2;71;80;89m██[38;2;100;102;133m██[38;2;77;98;105m██[38;2;108;179;204m██[38;2;83;85;96m██[38;2;119;115;163m██[38;2;103;106;140m██[38;2;133;133;133m██[38;2;109;109;109m██[38;2;176;181;176m██[38;2;245;246;244m██[38;2;160;162;159m██[38;2;102;103;103m██[38;2;19;25;26m██[38;2;0;0;0m            
[38;2;0;0;0m            [38;2;0;1;0m  [38;2;0;3;0m  [38;2;77;77;97m██[38;2;94;157;173m██[38;2;105;179;201m██[38;2;73;79;88m██[38;2;104;107;139m██[38;2;99;99;119m██[38;2;119;120;124m██[38;2;222;222;222m██[38;2;156;156;156m██[38;2;105;105;105m██[38;2;88;94;105m██[38;2;0;3;0m  [38;2;0;0;0m              
[38;2;0;0;0m                [38;2;12;13;14m  [38;2;54;62;71m██[38;2;78;97;116m██[38;2;100;110;140m██[38;2;81;92;111m██[38;2;14;17;16m  [38;2;11;14;13m  [38;2;118;125;138m██[38;2;222;228;222m██[38;2;214;214;215m██[38;2;92;102;117m██[38;2;0;3;0m  [38;2;0;0;0m              
[38;2;0;0;0m                  [38;2;11;3;0m  [38;2;77;105;126m██[38;2;66;66;66m██[38;2;73;94;117m██[38;2;73;125;159m██[38;2;0;1;0m  [38;2;0;3;0m  [38;2;30;39;40m  [38;2;59;68;79m██[38;2;24;29;32m  [38;2;0;0;0m                
[38;2;0;0;0m                  [38;2;0;3;0m  [38;2;73;122;162m██[38;2;66;68;69m██[38;2;46;68;88m██[38;2;71;132;154m██[38;2;38;73;82m  [38;2;0;0;0m    [38;2;0;1;0m  [38;2;0;0;0m                  
[38;2;0;0;0m                  [38;2;0;2;0m  [38;2;63;94;100m██[38;2;2;8;6m  [38;2;0;1;0m  [38;2;98;179;205m██[38;2;51;97;105m██[38;2;0;0;0m                        
[38;2;0;0;0m                    [38;2;0;1;0m  [38;2;0;0;0m    [38;2;18;33;41m██[38;2;12;25;26m  [38;2;0;0;0m                        [0m
