
[38;2;0;0;0m                                  [38;2;49;49;49m██████████[38;2;0;0;0m          
[38;2;0;0;0m                                [38;2;49;49;49m██[38;2;115;115;106m██[38;2;205;205;189m██████[38;2;115;115;106m██[38;2;49;49;49m██[38;2;0;0;0m        
[38;2;0;0;0m                    [38;2;49;49;49m██████████[38;2;0;0;0m  [38;2;49;49;49m██[38;2;205;205;189m██[38;2;82;82;82m██████[38;2;205;205;189m██[38;2;49;49;49m██[38;2;0;0;0m        
[38;2;0;0;0m                  [38;2;49;49;49m██[38;2;115;115;106m██[38;2;205;205;189m██████[38;2;115;115;106m██[38;2;49;49;49m██[38;2;156;156;139m████[38;2;205;205;189m██████[38;2;156;156;139m████[38;2;49;49;49m██[38;2;0;0;0m      
[38;2;0;0;0m                  [38;2;49;49;49m██[38;2;205;205;189m██[38;2;82;82;82m██████[38;2;205;205;189m██[38;2;82;82;82m██[38;2;156;156;139m████[38;2;115;115;106m██████[38;2;156;156;139m████[38;2;49;49;49m██[38;2;0;0;0m      
[38;2;0;0;0m          [38;2;49;49;49m████[38;2;0;0;0m  [38;2;49;49;49m████[38;2;156;156;139m██[38;2;205;205;189m██████[38;2;156;156;139m██[38;2;82;82;82m██[38;2;156;156;139m████[38;2;115;115;106m██████[38;2;156;156;139m████[38;2;246;139;90m██[38;2;49;49;49m██[38;2;0;0;0m    
[38;2;0;0;0m      [38;2;49;49;49m██████[38;2;246;139;90m██[38;2;49;49;49m████[38;2;156;156;139m████[38;2;115;115;106m██████[38;2;156;156;139m████[38;2;82;82;82m██[38;2;115;115;106m██████████[38;2;246;139;90m██████[38;2;49;49;49m██[38;2;0;0;0m  
[38;2;0;0;0m      [38;2;49;49;49m██[38;2;213;106;90m██[38;2;82;82;82m██[38;2;246;139;90m████[38;2;82;82;82m████[38;2;156;156;139m██[38;2;115;115;106m██████[38;2;156;156;139m████[38;2;246;139;90m██[38;2;82;82;82m██[38;2;246;139;90m██[38;2;115;115;106m██[38;2;246;139;90m██████[38;2;74;164;255m██[38;2;246;139;90m██[38;2;49;49;49m██[38;2;0;0;0m  
[38;2;0;0;0m      [38;2;49;49;49m██[38;2;213;106;90m██[38;2;82;82;82m██[38;2;213;106;90m██[38;2;246;139;90m██[38;2;82;82;82m██[38;2;246;139;90m██[38;2;82;82;82m██[38;2;115;115;106m████████[38;2;246;139;90m████████████[38;2;74;164;255m██[38;2;164;156;172m██[38;2;246;139;90m██[38;2;74;164;255m██[38;2;246;139;90m██[38;2;49;49;49m██
[38;2;0;0;0m  [38;2;49;49;49m████[38;2;213;106;90m██[38;2;82;82;82m██[38;2;213;106;90m██[38;2;82;82;82m██[38;2;246;139;90m██[38;2;82;82;82m██[38;2;246;139;90m██[38;2;82;82;82m██[38;2;246;139;90m██[38;2;115;115;106m██[38;2;246;139;90m██████████████[38;2;74;164;255m██[38;2;246;139;90m██[38;2;74;164;255m██[38;2;246;139;90m██[38;2;74;164;255m██[38;2;213;106;90m██[38;2;49;49;49m██
[38;2;49;49;49m██[38;2;213;106;90m██████[38;2;82;82;82m████[38;2;246;139;90m██████████[38;2;82;82;82m██████[38;2;246;139;90m████████[38;2;74;164;255m██[38;2;246;139;90m██[38;2;74;164;255m██[38;2;246;139;90m██[38;2;74;164;255m██[38;2;246;139;90m██[38;2;74;164;255m██[38;2;213;106;90m██[38;2;49;49;49m██
[38;2;0;0;0m  [38;2;49;49;49m████[38;2;82;82;82m██[38;2;246;139;90m██████████████████[38;2;213;106;90m██[38;2;82;82;82m██[38;2;246;139;90m████[38;2;74;164;255m██[38;2;246;139;90m██[38;2;74;164;255m██[38;2;164;156;172m██[38;2;246;139;90m██[38;2;164;156;172m██[38;2;246;139;90m██[38;2;74;164;255m██[38;2;213;106;90m██[38;2;49;49;49m██
[38;2;0;0;0m    [38;2;49;49;49m██[38;2;213;106;90m██[38;2;246;139;90m██████████████[38;2;82;82;82m██[38;2;246;139;90m██████[38;2;82;82;82m██[38;2;246;139;90m██[38;2;74;164;255m██[38;2;246;139;90m██[38;2;74;164;255m██[38;2;164;156;172m██[38;2;246;139;90m██[38;2;164;156;172m██[38;2;74;164;255m██[38;2;213;106;90m██[38;2;49;49;49m██[38;2;0;0;0m  
[38;2;0;0;0m    [38;2;49;49;49m██[38;2;255;255;255m██[38;2;246;139;90m██████[38;2;213;106;90m██[38;2;246;139;90m██[38;2;213;106;90m██[38;2;246;139;90m██[38;2;213;106;90m██[38;2;82;82;82m████████[38;2;246;139;90m██[38;2;74;164;255m██[38;2;246;139;90m██[38;2;74;164;255m██[38;2;164;156;172m██[38;2;246;139;90m██[38;2;74;164;255m██[38;2;213;106;90m████[38;2;49;49;49m██[38;2;0;0;0m  
[38;2;0;0;0m    [38;2;49;49;49m██[38;2;255;255;255m██[38;2;205;205;189m██[38;2;213;106;90m██[38;2;205;205;189m██[38;2;156;156;139m██[38;2;246;139;90m██[38;2;49;49;49m██[38;2;255;255;255m██[38;2;82;82;82m██[38;2;213;106;90m████████[38;2;246;139;90m██[38;2;74;164;255m██[38;2;246;139;90m██[38;2;74;164;255m██[38;2;213;106;90m██[38;2;74;164;255m██[38;2;213;106;90m██████[38;2;115;115;106m██[38;2;49;49;49m██
[38;2;0;0;0m      [38;2;49;49;49m██[38;2;205;205;189m██████[38;2;156;156;139m██[38;2;255;255;255m██████[38;2;82;82;82m██[38;2;213;106;90m████████████[38;2;74;164;255m██[38;2;213;106;90m██████[38;2;82;82;82m██[38;2;213;106;90m██████[38;2;49;49;49m██
[38;2;0;0;0m      [38;2;49;49;49m██[38;2;205;205;189m████████[38;2;156;156;139m██[38;2;255;255;255m██[38;2;156;156;139m████[38;2;82;82;82m██[38;2;213;106;90m████████████████[38;2;82;82;82m██[38;2;213;106;90m████████[38;2;49;49;49m██
[38;2;0;0;0m    [38;2;49;49;49m██[38;2;205;205;189m████████████[38;2;156;156;139m██████[38;2;82;82;82m██[38;2;213;106;90m████████[38;2;82;82;82m██[38;2;213;106;90m██[38;2;49;49;49m████[38;2;213;106;90m████[38;2;82;82;82m██[38;2;213;106;90m██[38;2;49;49;49m██[38;2;0;0;0m  
[38;2;0;0;0m    [38;2;49;49;49m██[38;2;82;82;82m██[38;2;205;205;189m██████[38;2;82;82;82m██[38;2;156;156;139m██████[38;2;82;82;82m██[38;2;213;106;90m████[38;2;246;139;90m████[38;2;213;106;90m██[38;2;82;82;82m██[38;2;49;49;49m██[38;2;0;0;0m    [38;2;49;49;49m████████[38;2;0;0;0m    
[38;2;0;0;0m      [38;2;49;49;49m████[38;2;156;156;139m██[38;2;115;115;106m██[38;2;156;156;139m██████[38;2;49;49;49m██[38;2;82;82;82m██[38;2;213;106;90m██[38;2;246;139;90m██████[38;2;213;106;90m████[38;2;49;49;49m██[38;2;0;0;0m                
[38;2;0;0;0m          [38;2;49;49;49m██████████[38;2;0;0;0m  [38;2;49;49;49m██[38;2;82;82;82m██[38;2;213;106;90m██[38;2;82;82;82m██[38;2;213;106;90m████[38;2;82;82;82m██[38;2;49;49;49m██[38;2;0;0;0m                
[38;2;0;0;0m                        [38;2;49;49;49m████████████[38;2;0;0;0m                  [0m
