
[38;2;0;0;0m                    [38;2;0;4;0m██████[38;2;0;0;0m                  
[38;2;0;0;0m                  [38;2;0;4;0m██[38;2;82;80;70m██[38;2;143;139;127m████[38;2;0;4;0m████[38;2;0;0;0m              
[38;2;0;0;0m                  [38;2;8;8;0m██[38;2;145;145;132m██[38;2;140;139;129m██[38;2;82;79;69m██████[38;2;0;4;0m██[38;2;0;0;0m            
[38;2;0;0;0m                [38;2;0;4;0m██[38;2;77;77;66m████[38;2;82;79;69m████[38;2;140;139;129m██[38;2;82;79;69m██[38;2;0;4;0m██[38;2;0;0;0m            
[38;2;0;0;0m            [38;2;0;4;0m██[38;2;8;8;0m██[38;2;145;145;132m██[38;2;143;137;129m██[38;2;71;69;69m██[38;2;74;74;69m██[38;2;140;140;129m██[38;2;140;139;129m████[38;2;77;74;69m██[38;2;0;4;0m██[38;2;0;0;0m          
[38;2;0;0;0m          [38;2;0;4;0m██[38;2;82;80;70m██[38;2;77;77;66m████[38;2;71;69;69m████[38;2;74;74;69m████[38;2;140;139;129m██[38;2;82;79;69m██[38;2;77;74;69m████[38;2;0;4;0m██[38;2;0;0;0m        
[38;2;0;0;0m          [38;2;8;8;0m██[38;2;145;145;132m██[38;2;82;80;70m████[38;2;82;81;69m████████[38;2;66;66;66m████[38;2;82;81;69m████[38;2;0;4;0m██[38;2;0;0;0m        
[38;2;0;0;0m        [38;2;0;4;0m██[38;2;77;77;66m████[38;2;82;80;70m██[38;2;156;66;76m██[38;2;82;81;69m████████[38;2;82;80;69m████[38;2;82;81;69m████[38;2;82;80;70m██[38;2;0;4;0m██[38;2;0;0;0m      
[38;2;0;0;0m        [38;2;0;4;0m██[38;2;187;90;91m██[38;2;239;45;55m██[38;2;74;74;66m████[38;2;160;66;76m████[38;2;66;66;66m██[38;2;82;80;69m██[38;2;168;67;68m██[38;2;82;78;74m██[38;2;168;67;68m██[38;2;82;78;74m██[38;2;78;76;70m████[38;2;0;4;0m██[38;2;0;0;0m    
[38;2;0;0;0m      [38;2;0;4;0m██[38;2;156;66;76m██[38;2;134;136;126m████[38;2;255;57;63m██[38;2;164;65;64m██[38;2;66;66;66m████[38;2;82;80;69m████[38;2;255;57;63m██[38;2;82;78;74m████[38;2;255;57;63m██[38;2;156;66;76m██[38;2;78;76;70m██[38;2;82;80;70m██[38;2;0;4;0m██[38;2;0;0;0m  
[38;2;0;0;0m    [38;2;0;4;0m██[38;2;140;140;129m████[38;2;145;148;142m██[38;2;90;94;90m██[38;2;255;255;255m████[38;2;168;67;68m██[38;2;82;78;74m██[38;2;160;61;64m██[38;2;255;57;63m██[38;2;66;66;66m██[38;2;82;80;69m██[38;2;85;79;69m████[38;2;66;66;66m██[38;2;82;80;69m██[38;2;82;80;70m██[38;2;0;4;0m██[38;2;0;0;0m  
[38;2;0;0;0m  [38;2;0;4;0m██[38;2;255;255;255m██[38;2;140;140;129m████[38;2;90;94;90m██[38;2;255;255;247m██[38;2;255;255;255m██[38;2;139;139;127m██[38;2;255;57;63m██[38;2;82;78;74m██[38;2;66;66;66m████[38;2;82;80;69m████[38;2;255;57;63m██[38;2;85;79;69m██[38;2;82;80;69m██[38;2;66;66;66m██[38;2;0;4;0m██[38;2;0;0;0m    
[38;2;0;0;0m  [38;2;8;8;0m██[38;2;255;255;255m██[38;2;94;98;98m████[38;2;85;90;85m██[38;2;0;8;0m██[38;2;255;255;255m██[38;2;140;140;129m██[38;2;156;66;76m██[38;2;82;80;70m██[38;2;82;81;69m████[38;2;160;65;72m██[38;2;247;53;71m██[38;2;77;77;74m██[38;2;66;66;66m██[38;2;74;70;66m██[38;2;160;63;76m██[38;2;66;67;66m██[38;2;0;4;0m██[38;2;0;0;0m  
[38;2;0;4;0m██[38;2;131;131;127m████[38;2;140;140;132m██[38;2;94;98;98m██[38;2;255;255;255m██[38;2;0;8;0m██[38;2;140;140;129m██[38;2;82;82;66m██[38;2;82;80;70m██[38;2;156;66;76m██[38;2;82;81;69m████[38;2;74;78;74m██[38;2;160;65;72m██[38;2;66;66;66m██[38;2;99;99;91m██[38;2;74;70;66m████[38;2;99;99;99m████[38;2;0;4;0m██
[38;2;0;4;0m██[38;2;96;97;91m██[38;2;140;140;132m██[38;2;82;82;74m████[38;2;82;78;66m████[38;2;85;72;61m██[38;2;255;103;71m██[38;2;181;74;45m██[38;2;76;77;68m██[38;2;66;66;66m████████[38;2;96;99;96m████[38;2;94;98;94m████[38;2;94;96;94m████[38;2;0;4;0m██
[38;2;0;0;0m  [38;2;8;12;8m██[38;2;52;55;49m██[38;2;82;82;74m██[38;2;255;99;63m██[38;2;192;86;59m██[38;2;247;90;55m██[38;2;170;88;66m██[38;2;255;103;71m██[38;2;76;77;68m████[38;2;137;137;127m██[38;2;102;102;96m██[38;2;94;99;94m████[38;2;96;99;96m████[38;2;94;98;94m██[38;2;82;82;66m██[38;2;94;96;94m██[38;2;0;4;0m██[38;2;0;0;0m  
[38;2;0;0;0m  [38;2;0;4;0m██[38;2;140;140;132m██[38;2;140;140;128m██[38;2;66;66;66m██████████[38;2;140;140;129m████[38;2;140;140;132m████[38;2;94;99;94m████[38;2;99;99;91m██[38;2;77;77;74m██[38;2;94;99;94m██[38;2;66;66;66m██[38;2;0;4;0m██[38;2;0;0;0m    
[38;2;0;0;0m  [38;2;0;4;0m██[38;2;93;95;88m██[38;2;140;140;128m████████████[38;2;140;140;129m████[38;2;140;140;132m██[38;2;94;98;98m██[38;2;66;66;66m██[38;2;94;99;94m██[38;2;66;66;66m██████[38;2;94;99;94m██[38;2;0;4;0m██[38;2;0;0;0m    
[38;2;0;0;0m    [38;2;0;4;0m██[38;2;71;70;66m████[38;2;102;102;96m██[38;2;66;66;66m████[38;2;102;102;96m██[38;2;66;66;66m████████[38;2;94;99;94m██[38;2;66;66;66m██[38;2;96;99;96m████[38;2;66;66;66m████[38;2;0;4;0m██[38;2;0;0;0m    
[38;2;0;0;0m      [38;2;0;4;0m██[38;2;71;70;66m██[38;2;66;66;66m██[38;2;137;137;127m████[38;2;66;66;66m██[38;2;140;140;128m████[38;2;94;99;94m████[38;2;66;66;66m████[38;2;96;99;96m████[38;2;66;66;66m██[38;2;82;80;69m██[38;2;82;80;70m██[38;2;0;4;0m██[38;2;0;0;0m  
[38;2;0;0;0m      [38;2;0;4;0m██[38;2;74;71;69m██[38;2;71;71;66m██[38;2;143;139;132m██[38;2;140;140;132m██[38;2;93;95;88m██[38;2;140;140;132m████[38;2;99;99;99m██[38;2;66;67;66m██[38;2;82;81;69m████[38;2;66;65;66m██[38;2;0;4;0m██[38;2;77;74;69m████[38;2;74;71;69m██[38;2;0;4;0m██[38;2;0;0;0m  
[38;2;0;0;0m      [38;2;0;4;0m██[38;2;74;71;69m██[38;2;71;71;66m██[38;2;0;4;0m████[38;2;93;95;88m██[38;2;140;140;132m██[38;2;94;98;98m██[38;2;0;4;0m██[38;2;66;67;66m██[38;2;82;81;69m████[38;2;0;4;0m██[38;2;0;0;0m  [38;2;0;4;0m██[38;2;77;74;69m██[38;2;74;71;69m██[38;2;0;4;0m██[38;2;0;0;0m  
[38;2;0;0;0m        [38;2;0;4;0m████[38;2;0;0;0m    [38;2;0;4;0m██████[38;2;0;0;0m  [38;2;0;4;0m██[38;2;74;71;69m████[38;2;0;4;0m██[38;2;0;0;0m    [38;2;0;4;0m████[38;2;0;0;0m    
[38;2;0;0;0m                          [38;2;0;4;0m████[38;2;0;0;0m              [0m
