
[38;2;0;0;0m                              [38;2;49;49;49m██[38;2;0;0;0m                                
[38;2;0;0;0m                  [38;2;49;49;49m████[38;2;0;0;0m      [38;2;49;49;49m██[38;2;172;197;189m██[38;2;49;49;49m██[38;2;0;0;0m                              
[38;2;0;0;0m                [38;2;49;49;49m██[38;2;172;197;189m██[38;2;98;205;164m██[38;2;49;49;49m██[38;2;0;0;0m    [38;2;49;49;49m██[38;2;230;230;230m██[38;2;49;49;49m██[38;2;0;0;0m                              
[38;2;0;0;0m              [38;2;49;49;49m██[38;2;172;197;189m██[38;2;98;205;164m██[38;2;238;230;139m██[38;2;49;49;49m██[38;2;0;0;0m    [38;2;49;49;49m██[38;2;230;230;230m██[38;2;49;49;49m██[38;2;0;0;0m                              
[38;2;0;0;0m              [38;2;49;49;49m██[38;2;172;197;189m██[38;2;98;205;164m██[38;2;238;230;139m██[38;2;49;49;49m████[38;2;0;0;0m  [38;2;49;49;49m██[38;2;172;197;189m██[38;2;49;49;49m██[38;2;0;0;0m          [38;2;49;49;49m██[38;2;0;0;0m                  
[38;2;0;0;0m              [38;2;49;49;49m██[38;2;172;197;189m██[38;2;98;205;164m██[38;2;49;49;49m██[38;2;139;172;148m████[38;2;49;49;49m██[38;2;98;123;98m██[38;2;230;230;230m██[38;2;98;123;98m██[38;2;49;49;49m██[38;2;0;0;0m  [38;2;49;49;49m██████[38;2;172;197;189m██[38;2;49;49;49m██[38;2;0;0;0m                
[38;2;0;0;0m            [38;2;49;49;49m██[38;2;172;197;189m██████[38;2;49;49;49m████[38;2;82;82;82m██[38;2;172;197;189m██[38;2;139;172;148m██[38;2;98;123;98m██[38;2;139;172;148m██[38;2;172;197;189m██[38;2;49;49;49m██[38;2;172;197;189m████[38;2;82;82;82m██[38;2;172;197;189m██[38;2;49;49;49m██[38;2;0;0;0m                
[38;2;0;0;0m            [38;2;49;49;49m██[38;2;172;197;189m██████[38;2;49;49;49m██[38;2;0;0;0m  [38;2;49;49;49m██[38;2;98;205;164m██[38;2;172;197;189m██████████[38;2;49;49;49m██[38;2;82;82;82m██[38;2;172;197;189m██████[38;2;49;49;49m██[38;2;0;0;0m              
[38;2;0;0;0m            [38;2;49;49;49m██[38;2;230;230;230m████[38;2;49;49;49m██[38;2;0;0;0m    [38;2;49;49;49m██[38;2;98;123;98m██[38;2;172;197;189m██[38;2;98;205;164m██[38;2;172;197;189m██[38;2;98;123;98m██[38;2;49;49;49m██[38;2;0;0;0m  [38;2;49;49;49m██[38;2;172;197;189m██████[38;2;49;49;49m██[38;2;0;0;0m              
[38;2;0;0;0m          [38;2;49;49;49m██[38;2;172;197;189m██████[38;2;49;49;49m██[38;2;0;0;0m  [38;2;49;49;49m██[38;2;98;205;164m██[38;2;82;82;82m██[38;2;98;123;98m██████[38;2;172;197;189m██[38;2;49;49;49m██[38;2;0;0;0m  [38;2;49;49;49m██[38;2;172;197;189m██████[38;2;49;49;49m██[38;2;0;0;0m              
[38;2;0;0;0m          [38;2;49;49;49m██[38;2;172;197;189m██████[38;2;49;49;49m██[38;2;0;0;0m  [38;2;49;49;49m██[38;2;98;205;164m██[38;2;82;82;82m██[38;2;205;205;205m████[38;2;82;82;82m██[38;2;172;197;189m██[38;2;98;123;98m██[38;2;49;49;49m██[38;2;0;0;0m  [38;2;49;49;49m██[38;2;172;197;189m██████[38;2;49;49;49m██[38;2;0;0;0m            
[38;2;0;0;0m          [38;2;49;49;49m██[38;2;230;230;230m████[38;2;49;49;49m██[38;2;0;0;0m  [38;2;49;49;49m██[38;2;172;197;189m██[38;2;98;205;164m██[38;2;82;82;82m████[38;2;205;205;205m██[38;2;82;82;82m██[38;2;172;197;189m████[38;2;49;49;49m██[38;2;0;0;0m  [38;2;49;49;49m██[38;2;172;197;189m██████[38;2;49;49;49m██[38;2;0;0;0m            
[38;2;0;0;0m        [38;2;49;49;49m██[38;2;172;197;189m██████[38;2;49;49;49m████[38;2;172;197;189m██[38;2;98;205;164m██[38;2;82;82;82m██[38;2;74;123;115m██[38;2;82;82;82m██[38;2;230;230;230m██[38;2;82;82;82m██[38;2;98;205;164m██[38;2;172;197;189m██[38;2;98;123;98m██[38;2;49;49;49m██[38;2;0;0;0m  [38;2;49;49;49m██[38;2;230;230;230m████[38;2;49;49;49m██[38;2;0;0;0m            
[38;2;0;0;0m        [38;2;49;49;49m██[38;2;172;197;189m██████[38;2;82;82;82m██[38;2;172;197;189m████[38;2;98;205;164m██[38;2;82;82;82m██████[38;2;205;205;205m██[38;2;82;82;82m██[38;2;98;205;164m██[38;2;172;197;189m████[38;2;49;49;49m██[38;2;0;0;0m  [38;2;49;49;49m██[38;2;172;197;189m██████[38;2;49;49;49m██[38;2;0;0;0m          
[38;2;0;0;0m        [38;2;49;49;49m██[38;2;230;230;230m████[38;2;82;82;82m██[38;2;172;197;189m████[38;2;98;205;164m██[38;2;82;82;82m██[38;2;74;123;115m██[38;2;98;205;164m██[38;2;82;82;82m██[38;2;230;230;230m████[38;2;82;82;82m██[38;2;98;205;164m██[38;2;172;197;189m██[38;2;98;205;164m██[38;2;49;49;49m████[38;2;172;197;189m██████[38;2;49;49;49m██[38;2;0;0;0m          
[38;2;0;0;0m      [38;2;49;49;49m██[38;2;172;197;189m██████[38;2;82;82;82m██[38;2;172;197;189m██[38;2;98;205;164m██[38;2;82;82;82m██[38;2;74;123;115m██[38;2;98;205;164m██[38;2;82;82;82m██[38;2;230;230;230m██████[38;2;82;82;82m██[38;2;98;205;164m██[38;2;172;197;189m██[38;2;74;123;115m██[38;2;98;205;164m██[38;2;82;82;82m████[38;2;230;230;230m████[38;2;49;49;49m██[38;2;0;0;0m          
[38;2;0;0;0m      [38;2;49;49;49m██[38;2;172;197;189m████[38;2;82;82;82m██[38;2;172;197;189m████[38;2;98;205;164m██[38;2;82;82;82m██[38;2;74;123;115m██[38;2;98;205;164m██[38;2;230;230;230m██████[38;2;98;205;164m██[38;2;82;82;82m██[38;2;98;205;164m██[38;2;172;197;189m████[38;2;74;123;115m██[38;2;172;197;189m██[38;2;82;82;82m██[38;2;172;197;189m██████[38;2;49;49;49m██[38;2;0;0;0m        
[38;2;0;0;0m      [38;2;49;49;49m██[38;2;98;205;164m████[38;2;82;82;82m██[38;2;172;197;189m██[38;2;98;205;164m██[38;2;82;82;82m██[38;2;172;197;189m████[38;2;74;123;115m██[38;2;98;205;164m██[38;2;230;230;230m██[38;2;98;205;164m██[38;2;222;255;172m██[38;2;74;123;115m██[38;2;82;82;82m██[38;2;98;205;164m██[38;2;172;197;189m██[38;2;74;123;115m██[38;2;98;205;164m██[38;2;82;82;82m██[38;2;172;197;189m██████[38;2;49;49;49m██[38;2;0;0;0m        
[38;2;0;0;0m  [38;2;49;49;49m████[38;2;172;197;189m██████[38;2;82;82;82m████[38;2;98;205;164m██[38;2;82;82;82m██[38;2;172;197;189m████[38;2;139;172;148m██[38;2;74;123;115m████████[38;2;172;197;189m██[38;2;82;82;82m██[38;2;98;205;164m██[38;2;172;197;189m████[38;2;74;123;115m██[38;2;172;197;189m██[38;2;82;82;82m██[38;2;230;230;230m████[38;2;49;49;49m██[38;2;0;0;0m        
[38;2;49;49;49m██[38;2;98;205;164m██[38;2;139;172;148m██[38;2;98;205;164m██[38;2;172;197;189m██████[38;2;82;82;82m████[38;2;172;197;189m████[38;2;139;172;148m██[38;2;222;255;172m██[38;2;74;123;115m████[38;2;222;255;172m██[38;2;139;172;148m██[38;2;172;197;189m██[38;2;82;82;82m██[38;2;98;205;164m██[38;2;172;197;189m████[38;2;74;123;115m██[38;2;82;82;82m████[38;2;172;197;189m██████[38;2;49;49;49m██[38;2;0;0;0m      
[38;2;49;49;49m██[38;2;98;205;164m██[38;2;139;172;148m██[38;2;98;205;164m██[38;2;139;172;148m██[38;2;98;205;164m██[38;2;139;172;148m██[38;2;49;49;49m██[38;2;172;197;189m████[38;2;139;172;148m██[38;2;222;255;172m██[38;2;74;123;115m██[38;2;230;230;230m██[38;2;74;123;115m██[38;2;222;255;172m██[38;2;139;172;148m██[38;2;172;197;189m████[38;2;82;82;82m██[38;2;98;205;164m██[38;2;172;197;189m██[38;2;74;123;115m██[38;2;49;49;49m████[38;2;172;197;189m██████[38;2;49;49;49m██[38;2;0;0;0m      
[38;2;0;0;0m  [38;2;49;49;49m██[38;2;98;123;98m██[38;2;98;205;164m██[38;2;139;172;148m██[38;2;98;205;164m██[38;2;139;172;148m██[38;2;49;49;49m██[38;2;172;197;189m████[38;2;139;172;148m██[38;2;222;255;172m██[38;2;74;123;115m██[38;2;230;230;230m██[38;2;172;197;189m██[38;2;74;123;115m██[38;2;222;255;172m██[38;2;139;172;148m██[38;2;172;197;189m██[38;2;82;82;82m██[38;2;98;205;164m██[38;2;172;197;189m██[38;2;49;49;49m██[38;2;0;0;0m    [38;2;49;49;49m██[38;2;98;205;164m████[38;2;49;49;49m██[38;2;0;0;0m      
[38;2;0;0;0m  [38;2;49;49;49m██[38;2;74;123;115m██[38;2;98;123;98m████[38;2;98;205;164m██[38;2;82;82;82m██[38;2;49;49;49m██[38;2;172;197;189m██[38;2;139;172;148m██[38;2;222;255;172m██[38;2;74;123;115m██[38;2;172;197;189m██[38;2;139;172;148m██[38;2;172;197;189m██[38;2;74;123;115m██[38;2;222;255;172m██[38;2;139;172;148m██[38;2;172;197;189m██[38;2;82;82;82m██[38;2;98;205;164m██[38;2;82;82;82m██[38;2;49;49;49m██[38;2;0;0;0m    [38;2;49;49;49m██[38;2;172;197;189m██████[38;2;49;49;49m████[38;2;0;0;0m  
[38;2;0;0;0m  [38;2;49;49;49m██[38;2;74;123;115m██[38;2;82;82;82m██[38;2;74;123;115m██[38;2;82;82;82m██[38;2;74;123;115m██[38;2;49;49;49m██[38;2;82;82;82m██[38;2;139;172;148m██[38;2;222;255;172m██[38;2;74;123;115m██[38;2;230;230;230m██[38;2;172;197;189m██[38;2;230;230;230m██[38;2;172;197;189m██[38;2;74;123;115m██[38;2;222;255;172m██[38;2;139;172;148m██[38;2;172;197;189m██[38;2;82;82;82m██[38;2;172;197;189m██[38;2;49;49;49m██[38;2;0;0;0m  [38;2;49;49;49m██[38;2;172;197;189m██████[38;2;98;205;164m██[38;2;139;172;148m██[38;2;98;205;164m██[38;2;49;49;49m██
[38;2;0;0;0m    [38;2;49;49;49m████[38;2;74;123;115m██[38;2;49;49;49m██[38;2;74;123;115m██[38;2;49;49;49m████[38;2;139;172;148m██[38;2;222;255;172m██[38;2;74;123;115m██[38;2;139;172;148m██[38;2;172;197;189m██[38;2;139;172;148m██[38;2;172;197;189m██[38;2;74;123;115m██[38;2;222;255;172m██[38;2;139;172;148m██[38;2;172;197;189m██████[38;2;49;49;49m████[38;2;98;205;164m██[38;2;139;172;148m██[38;2;98;205;164m██[38;2;139;172;148m██[38;2;98;205;164m██[38;2;139;172;148m██[38;2;98;205;164m██[38;2;49;49;49m██
[38;2;0;0;0m        [38;2;49;49;49m██[38;2;0;0;0m  [38;2;49;49;49m██[38;2;0;0;0m    [38;2;49;49;49m██[38;2;82;82;82m██[38;2;230;230;230m██[38;2;172;197;189m██[38;2;230;230;230m██[38;2;172;197;189m██[38;2;230;230;230m██[38;2;74;123;115m██[38;2;222;255;172m██[38;2;139;172;148m██[38;2;172;197;189m██[38;2;222;255;172m██[38;2;49;49;49m██[38;2;0;0;0m  [38;2;49;49;49m██[38;2;98;205;164m██[38;2;139;172;148m██[38;2;98;205;164m██[38;2;139;172;148m██[38;2;98;205;164m██[38;2;98;123;98m██[38;2;49;49;49m██[38;2;0;0;0m  
[38;2;0;0;0m                  [38;2;49;49;49m██[38;2;74;123;115m██[38;2;82;82;82m████[38;2;139;172;148m██[38;2;172;197;189m████[38;2;139;172;148m██[38;2;74;123;115m██[38;2;222;255;172m██████[38;2;49;49;49m██[38;2;0;0;0m    [38;2;49;49;49m██[38;2;82;82;82m██[38;2;98;205;164m██[38;2;98;123;98m████[38;2;74;123;115m██[38;2;49;49;49m██[38;2;0;0;0m  
[38;2;0;0;0m                    [38;2;49;49;49m████[38;2;82;82;82m████████████[38;2;222;255;172m██[38;2;74;123;115m██[38;2;49;49;49m██[38;2;0;0;0m      [38;2;49;49;49m██[38;2;74;123;115m██[38;2;82;82;82m██[38;2;74;123;115m██[38;2;82;82;82m██[38;2;74;123;115m██[38;2;49;49;49m██[38;2;0;0;0m  
[38;2;0;0;0m                        [38;2;49;49;49m██[38;2;74;123;115m████[38;2;49;49;49m██[38;2;74;123;115m████[38;2;49;49;49m████[38;2;0;0;0m        [38;2;49;49;49m██[38;2;74;123;115m██[38;2;49;49;49m██[38;2;74;123;115m██[38;2;49;49;49m████[38;2;0;0;0m    [0m
