
[38;2;0;0;0m                [38;2;0;4;0m████[38;2;0;0;0m      [38;2;0;4;0m████[38;2;0;0;0m                                    
[38;2;0;0;0m              [38;2;0;4;0m██[38;2;198;198;190m████[38;2;0;4;0m██[38;2;0;0;0m  [38;2;0;4;0m██[38;2;255;255;255m████[38;2;0;4;0m████[38;2;0;0;0m        [38;2;0;4;0m██████[38;2;0;0;0m                  
[38;2;0;0;0m              [38;2;0;4;0m██[38;2;198;198;190m██████[38;2;0;4;0m██[38;2;255;255;255m████████[38;2;214;231;230m██[38;2;0;4;0m██[38;2;0;0;0m  [38;2;0;4;0m████[38;2;255;255;255m██████[38;2;0;0;0m████              
[38;2;0;0;0m            [38;2;0;4;0m██[38;2;140;148;148m██[38;2;93;99;96m██[38;2;198;198;190m██████[38;2;66;66;66m██[38;2;255;255;255m██████[38;2;214;231;230m████[38;2;0;4;0m██[38;2;255;255;255m██████████[38;2;247;255;247m██[38;2;82;85;82m██[38;2;0;4;0m████[38;2;0;0;0m          
[38;2;0;0;0m            [38;2;0;4;0m██[38;2;137;144;148m██[38;2;146;111;114m██[38;2;93;107;101m██[38;2;201;198;190m████[38;2;74;74;66m██[38;2;255;255;255m████[38;2;189;211;224m██[38;2;189;214;221m██[38;2;135;148;147m██[38;2;255;255;255m██████████[38;2;82;78;66m██[38;2;90;86;74m██[38;2;184;183;173m██[38;2;222;225;219m████[38;2;0;4;0m██[38;2;0;0;0m        
[38;2;0;0;0m            [38;2;0;4;0m██[38;2;137;144;148m██[38;2;198;115;126m██[38;2;93;107;101m██[38;2;201;198;190m████[38;2;195;195;192m██[38;2;74;74;66m██[38;2;189;211;224m████[38;2;135;148;147m██[38;2;189;214;221m██[38;2;255;255;255m██████[38;2;82;82;66m██[38;2;82;78;66m██[38;2;197;196;192m██[38;2;231;231;223m████[38;2;222;225;219m████[38;2;198;198;190m██[38;2;0;4;0m██[38;2;0;0;0m      
[38;2;0;0;0m            [38;2;0;4;0m██[38;2;137;144;148m██[38;2;181;107;117m██[38;2;255;127;151m██[38;2;90;99;98m██[38;2;198;198;190m████[38;2;82;79;69m██[38;2;189;214;224m████[38;2;135;148;147m██[38;2;189;214;221m██[38;2;192;199;197m██[38;2;247;255;255m██[38;2;82;79;69m██[38;2;198;198;190m██[38;2;200;195;187m██[38;2;220;225;217m██[38;2;222;222;222m████[38;2;201;198;190m████[38;2;198;198;190m██[38;2;0;4;0m██[38;2;0;0;0m      
[38;2;0;0;0m            [38;2;0;4;0m██[38;2;137;144;148m██[38;2;181;107;117m██[38;2;107;86;83m██[38;2;198;198;190m██[38;2;144;148;144m██[38;2;198;198;190m██[38;2;82;79;69m██[38;2;189;214;224m████[38;2;189;214;221m████[38;2;192;199;197m██[38;2;82;86;82m██[38;2;198;198;190m████[38;2;200;195;187m████[38;2;96;96;96m████[38;2;201;198;190m████[38;2;198;198;190m██[38;2;0;4;0m██[38;2;0;0;0m      
[38;2;0;0;0m            [38;2;0;4;0m██[38;2;140;148;148m██[38;2;142;148;145m██[38;2;90;99;98m██[38;2;197;197;189m██[38;2;140;140;132m██[38;2;82;86;82m██[38;2;140;142;140m██[38;2;195;203;205m██[38;2;255;255;255m██[38;2;203;217;219m██[38;2;239;255;255m██[38;2;198;206;206m██[38;2;82;79;69m██[38;2;201;197;187m████[38;2;206;181;182m██[38;2;107;86;91m██[38;2;198;94;110m██[38;2;136;146;148m██[38;2;136;148;148m██[38;2;198;198;190m████[38;2;0;4;0m██[38;2;0;0;0m      
[38;2;0;0;0m              [38;2;0;4;0m██[38;2;195;198;192m██[38;2;142;148;145m██[38;2;197;197;189m██[38;2;82;82;74m██[38;2;198;198;198m██[38;2;140;142;140m██[38;2;134;151;156m██[38;2;255;255;255m██[38;2;203;217;219m██[38;2;132;140;148m██[38;2;82;79;69m██[38;2;198;206;206m██[38;2;201;197;187m██[38;2;140;148;148m██[38;2;156;133;136m████[38;2;198;94;110m████[38;2;136;148;148m██[38;2;198;198;190m████[38;2;0;4;0m██[38;2;0;0;0m      
[38;2;0;0;0m              [38;2;0;4;0m██[38;2;137;140;140m██[38;2;206;206;206m██[38;2;82;79;69m██[38;2;198;198;190m██[38;2;200;195;187m██[38;2;220;225;217m██[38;2;140;148;148m██[38;2;255;255;255m██[38;2;134;145;150m██[38;2;222;222;222m██[38;2;82;79;69m██[38;2;198;198;190m██[38;2;136;148;148m████[38;2;198;198;190m██[38;2;136;148;148m██[38;2;239;111;135m██[38;2;203;118;134m██[38;2;201;198;190m████[38;2;198;198;190m██[38;2;0;4;0m██[38;2;0;0;0m      
[38;2;0;0;0m                [38;2;0;8;8m██[38;2;137;140;140m██[38;2;82;79;69m██[38;2;198;198;190m██[38;2;200;195;187m██[38;2;220;225;217m██[38;2;217;219;219m██[38;2;140;148;148m██[38;2;222;222;222m████[38;2;198;198;190m████[38;2;136;148;148m██[38;2;198;198;190m████[38;2;136;148;148m██[38;2;132;132;132m██[38;2;203;118;134m██[38;2;201;198;190m████[38;2;0;4;0m██[38;2;0;0;0m        
[38;2;0;0;0m              [38;2;0;4;0m██[38;2;189;214;221m██[38;2;82;82;66m██[38;2;198;198;190m████[38;2;66;66;66m██[38;2;192;192;192m██[38;2;220;225;217m██████[38;2;200;195;187m██[38;2;198;198;190m████[38;2;201;198;190m████[38;2;140;148;148m██[38;2;201;197;187m██[38;2;198;198;190m██[38;2;136;148;148m██[38;2;198;198;190m████[38;2;0;4;0m██[38;2;0;0;0m        
[38;2;0;0;0m              [38;2;0;4;0m██[38;2;189;214;221m██[38;2;82;82;66m██[38;2;198;198;190m██[38;2;66;66;66m██[38;2;255;255;255m██[38;2;192;192;192m██[38;2;200;195;187m████████[38;2;66;66;66m██[38;2;198;198;190m██[38;2;201;198;190m████[38;2;201;197;187m████[38;2;136;148;148m██[38;2;198;198;190m████[38;2;0;4;0m██[38;2;0;0;0m          
[38;2;0;0;0m              [38;2;0;4;0m██[38;2;189;214;221m██[38;2;74;74;66m██[38;2;206;198;190m██[38;2;90;78;74m██[38;2;74;74;66m██[38;2;198;198;190m██[38;2;201;198;190m████[38;2;198;198;190m██[38;2;66;66;66m██[38;2;255;255;255m██[38;2;74;70;66m██[38;2;201;198;190m████[38;2;136;148;148m████[38;2;198;198;190m████[38;2;63;74;74m██[38;2;0;4;0m██[38;2;0;0;0m          
[38;2;0;0;0m          [38;2;0;4;0m████[38;2;189;214;221m██[38;2;74;74;66m██[38;2;189;214;221m██[38;2;90;78;74m██[38;2;129;118;113m██[38;2;74;74;66m██[38;2;198;198;190m██[38;2;201;198;190m████[38;2;198;198;190m██[38;2;66;66;66m██[38;2;74;70;66m████[38;2;201;198;190m████[38;2;198;198;190m████[38;2;66;66;66m████[38;2;189;214;221m██[38;2;0;4;0m██[38;2;0;0;0m          
[38;2;0;0;0m      [38;2;0;4;0m████[38;2;189;214;221m██[38;2;189;214;224m████[38;2;189;206;221m██[38;2;66;61;58m██[38;2;82;79;69m██[38;2;198;206;206m██[38;2;201;197;187m██[38;2;140;148;148m██[38;2;198;198;190m████[38;2;206;189;182m██[38;2;135;126;121m██[38;2;90;78;74m██[38;2;129;118;113m██[38;2;198;198;198m██[38;2;82;86;82m██[38;2;66;66;66m████[38;2;189;214;221m████[38;2;0;4;0m██[38;2;0;0;0m            
[38;2;0;0;0m    [38;2;0;4;0m██[38;2;189;214;221m██████[38;2;189;214;224m████[38;2;66;61;58m██[38;2;107;109;112m██[38;2;198;206;206m██[38;2;82;79;69m██[38;2;201;197;187m████[38;2;93;99;96m████[38;2;99;94;91m████[38;2;206;198;190m████[38;2;140;142;140m████[38;2;66;66;66m██[38;2;189;214;221m████[38;2;0;4;0m██[38;2;0;0;0m              
[38;2;0;0;0m  [38;2;0;4;0m██[38;2;189;214;224m████[38;2;189;214;221m████████[38;2;63;71;74m██[38;2;189;214;221m██████[38;2;90;99;98m████[38;2;255;255;255m████████[38;2;96;96;96m████[38;2;140;156;161m██[38;2;57;57;57m██[38;2;189;214;221m████[38;2;66;66;66m██[38;2;189;214;221m██[38;2;0;4;0m████[38;2;0;0;0m          
[38;2;0;4;0m██[38;2;189;214;221m██[38;2;189;214;224m████[38;2;189;214;221m██[38;2;0;4;0m██████[38;2;0;0;0m██[38;2;189;214;221m████[38;2;135;148;147m██[38;2;145;151;150m██[38;2;255;255;255m██████████████[38;2;98;107;109m██[38;2;181;206;213m██[38;2;66;66;66m████[38;2;189;214;221m████[38;2;222;239;238m████[38;2;0;4;0m████[38;2;0;0;0m      
[38;2;0;4;0m██[38;2;189;214;221m████[38;2;0;4;0m████[38;2;0;0;0m        [38;2;0;4;0m██[38;2;192;195;195m██[38;2;255;255;255m██████████[38;2;135;148;147m████[38;2;255;255;255m████[38;2;189;214;221m██[38;2;96;99;96m██[38;2;66;66;66m██[38;2;189;214;221m██[38;2;189;211;224m██[38;2;255;255;255m██[38;2;189;211;224m██[38;2;255;255;255m██[38;2;189;211;224m██[38;2;255;255;255m██[38;2;0;4;0m██[38;2;0;0;0m    
[38;2;0;4;0m██[38;2;189;214;221m██[38;2;0;4;0m██[38;2;0;0;0m          [38;2;0;4;0m██[38;2;66;65;66m██[38;2;66;74;74m██[38;2;192;195;195m██[38;2;255;255;255m████[38;2;82;82;66m████[38;2;189;214;221m████[38;2;189;211;224m████[38;2;189;214;221m████[38;2;66;66;66m██[38;2;189;214;221m██[38;2;189;211;224m████████[38;2;255;255;255m██████[38;2;0;4;0m██[38;2;0;0;0m  
[38;2;0;0;0m  [38;2;0;4;0m████[38;2;0;0;0m      [38;2;0;4;0m████[38;2;189;214;221m██[38;2;66;66;66m██[38;2;136;148;148m██[38;2;66;66;66m██[38;2;71;71;69m████[38;2;198;198;190m██[38;2;82;79;69m██[38;2;74;74;66m████[38;2;74;70;66m██[38;2;189;214;221m██████[38;2;63;69;74m████[38;2;0;4;0m██[38;2;189;214;221m██[38;2;214;231;230m████[38;2;255;255;255m██████[38;2;189;211;224m██[38;2;0;4;0m██
[38;2;0;0;0m          [38;2;0;4;0m██[38;2;189;214;221m████████[38;2;66;66;66m████[38;2;71;71;69m██[38;2;198;198;190m████[38;2;82;79;69m██[38;2;198;198;190m████[38;2;74;70;66m████[38;2;189;214;221m██[38;2;66;66;66m██[38;2;189;206;221m██[38;2;0;0;0m██  [38;2;0;4;0m████[38;2;214;231;230m██[38;2;255;255;255m████████[38;2;0;4;0m██
[38;2;0;0;0m        [38;2;0;4;0m██[38;2;189;214;221m██[38;2;96;96;96m██[38;2;255;255;255m██[38;2;189;211;224m████[38;2;189;214;221m████[38;2;66;71;74m██[38;2;132;143;148m██[38;2;198;198;190m████[38;2;82;82;66m████[38;2;136;148;148m████[38;2;66;66;66m██[38;2;189;214;221m██[38;2;189;214;224m████[38;2;0;4;0m██[38;2;0;0;0m    [38;2;0;4;0m████[38;2;255;255;255m██████[38;2;0;4;0m██
[38;2;0;0;0m        [38;2;0;4;0m██[38;2;63;74;74m██[38;2;255;255;255m██████[38;2;189;211;224m██[38;2;135;148;147m██[38;2;189;214;221m██[38;2;198;214;222m██[38;2;0;0;0m██[38;2;136;148;148m████[38;2;137;148;148m████[38;2;136;148;148m██[38;2;66;66;66m██[38;2;189;214;221m████[38;2;189;214;224m████[38;2;189;214;221m██[38;2;0;4;0m██[38;2;0;0;0m      [38;2;0;4;0m██[38;2;255;255;255m██[38;2;189;211;224m██[38;2;0;4;0m██
[38;2;0;0;0m          [38;2;0;4;0m██[38;2;255;255;255m██████[38;2;0;4;0m████████[38;2;0;0;0m  [38;2;8;8;8m██[38;2;52;55;55m██[38;2;66;61;66m██[38;2;110;104;107m██[38;2;144;148;144m██[38;2;90;99;98m██[38;2;66;66;66m██[38;2;189;214;221m██[38;2;189;214;224m████[38;2;189;214;221m██[38;2;0;4;0m██[38;2;0;0;0m    [38;2;0;4;0m██[38;2;189;214;221m████[38;2;0;4;0m██[38;2;0;0;0m  
[38;2;0;0;0m          [38;2;0;4;0m██[38;2;189;211;224m██[38;2;255;255;255m██[38;2;0;4;0m██[38;2;0;0;0m        [38;2;0;4;0m██[38;2;96;101;101m██[38;2;140;148;148m██[38;2;66;61;66m██[38;2;198;189;190m██[38;2;198;198;190m████[38;2;66;66;66m██[38;2;189;214;221m██[38;2;189;214;224m████[38;2;0;4;0m██[38;2;0;0;0m        [38;2;0;4;0m████[38;2;0;0;0m    
[38;2;0;0;0m            [38;2;0;4;0m██[38;2;189;214;221m██[38;2;255;255;255m██[38;2;0;4;0m██[38;2;0;0;0m        [38;2;0;4;0m████[38;2;198;198;190m██[38;2;99;101;95m██[38;2;198;198;190m██[38;2;99;101;95m██[38;2;0;4;0m████████[38;2;0;0;0m                  
[38;2;0;0;0m              [38;2;0;4;0m████[38;2;0;0;0m              [38;2;0;4;0m████████[38;2;0;0;0m                          [0m
