
[38;2;0;0;0m              [38;2;0;1;0m  [38;2;19;21;17m██[38;2;106;105;102m██[38;2;97;95;88m██[38;2;83;82;70m██[38;2;14;16;14m  [38;2;0;0;0m                
[38;2;0;0;0m              [38;2;0;3;0m  [38;2;92;92;88m██[38;2;108;111;105m██[38;2;88;86;76m██[38;2;168;54;59m██[38;2;76;76;72m██[38;2;0;3;0m  [38;2;0;0;0m              
[38;2;0;0;0m              [38;2;21;23;21m  [38;2;98;75;63m██[38;2;105;106;97m██[38;2;93;94;83m██[38;2;84;80;68m██[38;2;122;73;62m██[38;2;26;28;22m  [38;2;0;0;0m              
[38;2;0;0;0m            [38;2;29;31;24m  [38;2;79;78;68m██[38;2;87;79;67m██[38;2;82;80;68m██[38;2;224;89;59m██[38;2;75;74;66m██[38;2;83;77;68m██[38;2;69;67;64m██[38;2;0;1;0m  [38;2;0;0;0m    [38;2;0;3;0m  [38;2;0;1;0m  [38;2;0;0;0m    
[38;2;0;0;0m            [38;2;41;30;26m██[38;2;145;75;60m██[38;2;75;74;67m██[38;2;172;88;65m██[38;2;90;70;66m██[38;2;99;61;62m██[38;2;178;100;73m██[38;2;93;57;61m██[38;2;14;15;11m  [38;2;0;0;0m  [38;2;0;2;0m  [38;2;118;117;118m██[38;2;36;39;36m██[38;2;0;0;0m    
[38;2;0;0;0m          [38;2;0;3;0m  [38;2;99;68;64m██[38;2;83;50;64m██[38;2;129;41;56m██[38;2;78;73;68m██[38;2;104;58;63m██[38;2;84;78;68m██[38;2;117;54;59m██[38;2;131;42;57m██[38;2;52;19;23m██[38;2;0;0;0m  [38;2;73;73;73m  [38;2;114;115;114m██[38;2;29;33;29m██[38;2;0;0;0m    
[38;2;0;0;0m          [38;2;50;25;27m  [38;2;133;48;59m██[38;2;185;43;51m██[38;2;145;42;55m██[38;2;190;86;66m██[38;2;216;123;78m██[38;2;99;65;66m██[38;2;153;71;63m██[38;2;193;90;73m██[38;2;124;80;70m██[38;2;47;48;44m██[38;2;118;120;118m██[38;2;85;90;85m██[38;2;0;2;0m  [38;2;0;0;0m    
[38;2;0;0;0m        [38;2;0;1;0m  [38;2;87;64;64m██[38;2;108;47;54m██[38;2;74;59;64m██[38;2;97;64;68m██[38;2;126;47;57m██[38;2;158;44;54m██[38;2;134;40;59m██[38;2;164;51;57m██[38;2;137;41;59m██[38;2;114;57;60m██[38;2;118;118;118m██[38;2;103;106;103m██[38;2;75;77;75m  [38;2;0;1;0m  [38;2;0;0;0m    
[38;2;0;0;0m  [38;2;43;46;43m  [38;2;38;41;38m  [38;2;0;2;0m  [38;2;24;26;24m  [38;2;105;114;111m██[38;2;98;91;91m██[38;2;114;57;60m██[38;2;184;107;92m██[38;2;174;123;82m██[38;2;140;57;63m██[38;2;226;65;58m██[38;2;234;116;72m██[38;2;147;47;55m██[38;2;95;79;82m██[38;2;116;117;116m██[38;2;98;100;98m██[38;2;0;3;0m  [38;2;0;0;0m      
[38;2;0;0;0m  [38;2;66;69;66m  [38;2;95;97;95m██[38;2;75;76;75m██[38;2;116;114;114m██[38;2;118;119;117m██[38;2;107;109;107m██[38;2;118;119;118m██[38;2;99;100;98m██[38;2;145;116;85m██[38;2;164;111;78m██[38;2;179;68;62m██[38;2;188;44;52m██[38;2;165;41;51m██[38;2;99;98;99m██[38;2;112;115;112m██[38;2;33;36;33m██[38;2;0;0;0m        
[38;2;0;0;0m  [38;2;50;52;50m  [38;2;84;84;84m██[38;2;115;115;115m██[38;2;101;103;92m██[38;2;115;117;111m██[38;2;103;105;97m██[38;2;110;112;110m██[38;2;97;100;94m██[38;2;89;89;85m██[38;2;116;84;78m██[38;2;156;78;69m██[38;2;107;58;59m██[38;2;102;104;102m██[38;2;111;113;111m██[38;2;95;98;95m██[38;2;73;75;73m██[38;2;0;2;0m  [38;2;0;0;0m      
[38;2;0;0;0m  [38;2;67;69;67m  [38;2;90;92;90m██[38;2;118;120;118m██[38;2;110;117;110m██[38;2;73;72;70m██[38;2;199;190;194m██[38;2;118;120;118m██[38;2;85;87;81m██[38;2;93;98;94m██[38;2;80;80;76m██[38;2;67;67;67m██[38;2;118;120;118m████[38;2;104;105;99m██[38;2;106;109;103m██[38;2;93;96;92m██[38;2;0;3;0m  [38;2;0;0;0m      
[38;2;0;0;0m  [38;2;67;70;67m  [38;2;115;117;115m██[38;2;96;96;85m██[38;2;60;65;60m██[38;2;164;155;164m██[38;2;142;141;141m██[38;2;93;92;82m██[38;2;85;87;81m██[38;2;93;98;94m██[38;2;77;79;77m██[38;2;86;90;86m██[38;2;110;112;110m██[38;2;114;117;113m██[38;2;91;92;83m██[38;2;90;93;86m██[38;2;79;81;78m██[38;2;57;59;57m  [38;2;0;0;0m      
[38;2;0;1;0m  [38;2;93;95;93m██[38;2;117;119;116m██[38;2;90;91;80m██[38;2;109;107;106m██[38;2;113;113;109m██[38;2;78;82;73m██[38;2;96;98;90m██[38;2;84;86;82m██[38;2;86;89;86m██[38;2;70;70;69m██[38;2;66;66;66m██[38;2;92;94;92m██[38;2;81;80;69m██[38;2;80;81;77m██[38;2;75;76;75m██[38;2;75;76;74m██[38;2;79;82;79m██[38;2;0;1;0m  [38;2;0;0;0m    
[38;2;0;0;0m  [38;2;18;23;18m  [38;2;91;94;91m██[38;2;96;99;96m██[38;2;90;93;90m██[38;2;91;94;88m██[38;2;84;87;84m██[38;2;92;97;92m██[38;2;68;68;68m██[38;2;74;74;72m██[38;2;86;86;81m██[38;2;92;92;85m██[38;2;68;69;68m██[38;2;69;69;68m██[38;2;79;80;77m██[38;2;70;71;70m██[38;2;84;84;79m██[38;2;75;78;73m██[38;2;25;28;24m  [38;2;0;0;0m    
[38;2;0;0;0m  [38;2;0;1;0m  [38;2;48;51;48m██[38;2;84;87;84m██[38;2;72;73;72m██[38;2;82;85;82m██[38;2;83;86;83m██[38;2;72;73;72m██[38;2;93;93;82m██[38;2;103;105;103m██[38;2;95;98;95m██[38;2;86;87;75m██[38;2;89;89;83m██[38;2;84;84;84m██[38;2;104;105;104m██[38;2;116;118;116m██[38;2;85;88;85m██[38;2;77;77;74m██[38;2;30;33;28m██[38;2;0;0;0m    
[38;2;0;0;0m  [38;2;56;56;47m  [38;2;76;77;76m██[38;2;92;95;92m██[38;2;92;97;92m██[38;2;68;69;68m██[38;2;114;115;114m██[38;2;114;116;114m██[38;2;98;99;88m██[38;2;117;119;117m██[38;2;116;117;116m██[38;2;92;92;92m██[38;2;91;91;91m██[38;2;99;102;99m██[38;2;106;108;106m██[38;2;98;101;98m██[38;2;86;87;81m██[38;2;68;68;66m██[38;2;83;84;79m██[38;2;0;2;0m  [38;2;0;0;0m  
[38;2;19;22;17m██[38;2;75;73;67m██[38;2;76;75;72m██[38;2;60;63;60m██[38;2;81;85;81m██[38;2;78;80;78m██[38;2;104;105;104m██[38;2;118;119;118m██[38;2;93;95;87m██[38;2;116;118;116m██[38;2;84;84;81m██[38;2;73;72;67m██[38;2;95;95;95m██[38;2;117;117;117m██[38;2;103;104;100m██[38;2;100;100;95m██[38;2;83;85;81m██[38;2;78;79;76m██[38;2;91;93;87m██[38;2;2;4;0m  [38;2;0;0;0m  
[38;2;0;1;0m  [38;2;64;63;54m██[38;2;57;57;48m██[38;2;0;1;0m  [38;2;25;32;25m██[38;2;90;95;90m██[38;2;82;85;82m██[38;2;67;67;67m██[38;2;78;81;78m██[38;2;68;68;68m██[38;2;73;73;67m██[38;2;66;66;66m██[38;2;81;79;68m██[38;2;67;67;67m██[38;2;82;84;84m██[38;2;89;92;91m██[38;2;66;66;66m██[38;2;93;97;93m██[38;2;77;80;75m██[38;2;75;78;74m  [38;2;0;1;0m  
[38;2;0;0;0m  [38;2;0;1;0m    [38;2;0;3;0m  [38;2;91;95;88m██[38;2;86;88;82m██[38;2;83;84;81m██[38;2;92;92;92m██[38;2;113;114;113m██[38;2;100;101;90m██[38;2;105;106;103m██[38;2;66;66;66m██[38;2;69;69;66m██[38;2;81;81;69m██[38;2;72;72;67m██[38;2;92;93;92m██[38;2;88;89;83m██[38;2;82;85;82m██[38;2;84;85;76m██[38;2;73;77;75m██[38;2;0;1;0m  
[38;2;0;0;0m        [38;2;0;3;0m  [38;2;83;84;83m  [38;2;89;89;88m██[38;2;96;96;88m██[38;2;78;80;78m██[38;2;93;97;93m██[38;2;80;80;70m██[38;2;67;67;67m██[38;2;118;120;118m██[38;2;66;66;66m██[38;2;75;74;68m██[38;2;81;81;71m██[38;2;91;93;91m██[38;2;71;72;71m██[38;2;92;97;94m██[38;2;82;82;74m██[38;2;24;28;24m██
[38;2;0;0;0m          [38;2;33;35;33m  [38;2;83;85;81m██[38;2;82;85;82m██[38;2;74;76;74m██[38;2;40;44;40m██[38;2;40;43;39m██[38;2;28;30;28m██[38;2;87;88;87m██[38;2;78;78;75m██[38;2;97;98;92m██[38;2;73;73;68m██[38;2;14;16;14m  [38;2;39;44;39m██[38;2;73;74;69m██[38;2;77;78;74m██[38;2;10;12;10m  
[38;2;0;0;0m        [38;2;25;27;22m  [38;2;68;68;65m██[38;2;67;67;66m████[38;2;83;88;83m██[38;2;1;5;1m  [38;2;0;0;0m    [38;2;0;2;0m  [38;2;71;72;71m████[38;2;64;65;64m██[38;2;3;5;3m  [38;2;0;0;0m  [38;2;0;2;0m    [38;2;0;0;0m  
[38;2;0;0;0m          [38;2;0;1;0m  [38;2;28;30;24m██[38;2;28;30;23m██[38;2;0;1;0m  [38;2;0;0;0m      [38;2;42;43;42m  [38;2;104;106;104m██[38;2;118;119;118m██[38;2;102;104;102m██[38;2;73;75;73m██[38;2;0;2;0m  [38;2;0;0;0m      
[38;2;0;0;0m                      [38;2;1;4;1m  [38;2;59;58;55m██[38;2;69;68;66m██[38;2;75;78;74m██[38;2;65;71;65m██[38;2;74;79;74m██[38;2;0;2;0m  [38;2;0;0;0m      
[38;2;0;0;0m                        [38;2;0;1;0m  [38;2;22;24;18m██[38;2;8;11;7m  [38;2;17;22;17m██[38;2;6;9;6m  [38;2;0;0;0m        [0m
