
[38;2;0;0;0m                [38;2;29;23;16m  [38;2;0;0;0m                    
[38;2;0;0;0m            [38;2;45;35;27m  [38;2;158;124;94m██[38;2;20;16;11m  [38;2;0;0;0m        [38;2;21;17;12m  [38;2;76;61;45m  [38;2;0;0;0m        
[38;2;0;0;0m        [38;2;25;20;15m  [38;2;191;153;109m██[38;2;155;123;89m██[38;2;4;3;2m  [38;2;0;0;0m      [38;2;45;37;25m██[38;2;138;115;82m██[38;2;147;119;87m  [38;2;0;0;0m          
[38;2;0;0;0m        [38;2;125;99;75m██[38;2;198;159;114m██[38;2;12;9;7m  [38;2;0;0;0m      [38;2;120;97;67m  [38;2;241;196;136m██[38;2;118;103;75m██[38;2;0;0;0m            
[38;2;0;0;0m      [38;2;75;60;43m  [38;2;183;149;109m██[38;2;103;91;74m██[38;2;19;17;17m  [38;2;105;85;62m  [38;2;152;123;85m██[38;2;254;205;150m██[38;2;148;119;85m██[38;2;135;109;76m  [38;2;0;0;0m              
[38;2;0;0;0m    [38;2;61;51;36m  [38;2;88;82;74m██[38;2;77;76;75m██[38;2;69;68;61m██[38;2;231;181;130m██[38;2;244;196;141m██[38;2;253;204;150m██[38;2;129;105;72m██[38;2;2;1;1m  [38;2;0;0;0m                
[38;2;0;0;0m    [38;2;25;25;24m██[38;2;99;93;85m██[38;2;95;90;85m██[38;2;154;132;103m██[38;2;191;157;118m██[38;2;171;131;91m██[38;2;127;109;89m██[38;2;19;40;42m  [38;2;3;0;0m  [38;2;0;0;0m                
[38;2;0;0;0m    [38;2;76;75;74m██[38;2;94;91;88m██[38;2;134;117;97m██[38;2;244;197;145m██[38;2;69;75;74m██[38;2;63;81;80m██[38;2;37;117;122m██[38;2;38;81;86m██[38;2;47;149;155m██[38;2;0;0;0m                
[38;2;0;0;0m  [38;2;44;42;42m  [38;2;88;85;85m██[38;2;67;67;67m██[38;2;129;107;82m██[38;2;145;137;126m██[38;2;189;185;176m██[38;2;161;199;190m██[38;2;44;106;107m██[38;2;37;153;165m██[38;2;7;28;31m  [38;2;0;0;0m                
[38;2;37;46;46m  [38;2;93;105;104m██[38;2;107;124;123m██[38;2;165;206;205m██[38;2;189;189;161m██[38;2;213;241;236m██[38;2;142;152;137m██[38;2;55;92;94m██[38;2;40;156;163m██[38;2;35;133;137m  [38;2;0;0;0m                  
[38;2;0;0;0m  [38;2;40;50;50m  [38;2;165;206;205m████[38;2;143;170;169m██[38;2;124;131;127m██[38;2;102;120;118m██[38;2;45;131;139m██[38;2;42;133;137m██[38;2;0;0;0m            [38;2;17;22;22m  [38;2;113;141;140m██[38;2;0;0;0m    
[38;2;0;0;0m    [38;2;1;0;0m  [38;2;56;66;66m  [38;2;103;108;106m██[38;2;119;152;152m██[38;2;88;131;133m██[38;2;41;151;161m██[38;2;45;94;94m██[38;2;18;15;12m  [38;2;29;24;19m  [38;2;0;0;1m  [38;2;0;0;0m  [38;2;4;4;4m  [38;2;122;148;145m██[38;2;158;196;195m██[38;2;60;72;72m██[38;2;0;0;0m    
[38;2;0;0;0m      [38;2;42;42;42m  [38;2;211;211;211m██[38;2;98;103;102m██[38;2;66;118;121m██[38;2;40;156;163m██[38;2;44;120;128m██[38;2;82;69;56m██[38;2;220;183;135m██[38;2;59;50;42m  [38;2;0;0;0m  [38;2;152;152;128m██[38;2;94;102;94m██[38;2;137;166;164m██[38;2;130;153;152m██[38;2;87;103;102m██[38;2;0;0;0m  
[38;2;0;0;0m    [38;2;56;55;56m  [38;2;221;220;221m██[38;2;233;227;227m██[38;2;255;255;255m██[38;2;175;175;175m██[38;2;39;149;160m██[38;2;43;131;140m██[38;2;129;104;73m██[38;2;165;139;106m██[38;2;58;130;129m██[38;2;200;165;126m██[38;2;63;75;76m██[38;2;38;154;166m██[38;2;78;82;82m██[38;2;126;147;146m██[38;2;0;0;0m    
[38;2;0;0;0m    [38;2;69;68;69m  [38;2;239;238;239m██[38;2;255;255;255m██[38;2;206;206;206m██[38;2;234;243;243m██[38;2;49;93;93m██[38;2;76;134;125m██[38;2;234;188;137m██[38;2;240;195;143m██[38;2;231;188;138m██[38;2;186;152;106m██[38;2;57;74;73m██[38;2;45;128;136m██[38;2;55;82;84m██[38;2;114;131;130m██[38;2;94;116;115m  [38;2;0;0;0m  
[38;2;0;0;0m    [38;2;70;70;70m██[38;2;249;249;249m██[38;2;247;245;245m██[38;2;235;229;229m██[38;2;54;82;84m██[38;2;75;140;144m██[38;2;82;131;119m██[38;2;227;172;119m██[38;2;206;174;130m██[38;2;206;158;112m██[38;2;174;141;104m██[38;2;140;123;98m██[38;2;47;111;113m██[38;2;44;140;148m██[38;2;79;91;90m██[38;2;0;0;0m    
[38;2;0;0;0m    [38;2;5;5;5m  [38;2;152;152;152m██[38;2;207;194;194m██[38;2;206;189;190m██[38;2;141;135;135m██[38;2;39;149;161m██[38;2;82;131;119m██[38;2;140;130;98m██[38;2;51;123;122m██[38;2;66;107;102m██[38;2;35;34;34m██[38;2;49;125;128m██[38;2;40;156;161m██[38;2;31;104;107m██[38;2;1;1;1m  [38;2;0;0;0m    
[38;2;0;0;0m      [38;2;83;76;76m  [38;2;181;167;168m██[38;2;133;125;125m██[38;2;95;111;112m██[38;2;36;89;91m██[38;2;40;156;163m████[38;2;54;108;112m██[38;2;135;161;160m██[38;2;0;0;0m  [38;2;2;6;6m  [38;2;30;97;102m██[38;2;47;83;86m██[38;2;9;9;9m  [38;2;0;0;0m    
[38;2;0;0;0m        [38;2;23;23;23m  [38;2;80;80;80m██[38;2;22;69;70m██[38;2;0;0;0m  [38;2;23;77;79m██[38;2;40;155;160m██[38;2;51;92;93m██[38;2;0;0;0m      [38;2;5;0;0m  [38;2;70;77;76m██[38;2;47;56;55m██[38;2;0;0;0m    
[38;2;0;0;0m        [38;2;22;22;22m  [38;2;108;125;123m██[38;2;66;77;75m██[38;2;0;0;0m  [38;2;16;54;56m██[38;2;34;119;122m██[38;2;47;64;64m██[38;2;0;0;0m      [38;2;2;0;0m  [38;2;108;120;118m██[38;2;143;170;169m██[38;2;0;0;0m    
[38;2;0;0;0m      [38;2;8;7;7m  [38;2;84;94;93m██[38;2;139;171;167m██[38;2;72;89;87m  [38;2;0;0;0m    [38;2;93;91;90m██[38;2;57;60;59m██[38;2;0;0;0m      [38;2;37;35;34m  [38;2;84;80;77m██[38;2;106;122;122m██[38;2;0;0;0m    
[38;2;0;0;0m      [38;2;28;26;26m  [38;2;30;29;28m██[38;2;46;57;56m██[38;2;0;0;0m      [38;2;139;165;164m██[38;2;165;206;205m██[38;2;0;0;0m                
[38;2;0;0;0m                [38;2;53;51;51m██[38;2;72;70;66m██[38;2;156;193;188m██[38;2;0;0;0m                
[38;2;0;0;0m                [38;2;25;24;24m██[38;2;26;29;28m██[38;2;31;37;36m██[38;2;0;0;0m                [0m
