
[38;2;0;0;0m                ████████                  
[38;2;0;0;0m          ██████[38;2;222;247;254m████████[38;2;0;0;0m████              
[38;2;0;0;0m        ██[38;2;222;247;254m██████████████████[38;2;0;0;0m██            
[38;2;0;0;0m████    ██[38;2;222;247;254m████[38;2;181;207;208m██[38;2;222;247;254m████[38;2;181;207;208m██[38;2;222;247;254m██████[38;2;159;171;170m██[38;2;0;4;0m██[38;2;0;0;0m          
[38;2;0;0;0m██[38;2;107;198;99m██[38;2;0;0;0m████[38;2;222;247;254m████[38;2;140;167;161m██[38;2;222;247;254m████████[38;2;140;167;161m██[38;2;222;247;254m████[38;2;239;255;255m██[38;2;0;4;0m██[38;2;0;0;0m          
[38;2;0;4;0m██[38;2;115;214;107m██[38;2;107;178;112m████[38;2;222;247;254m████[38;2;115;132;131m██[38;2;239;255;255m██[38;2;222;247;254m████[38;2;107;132;131m██[38;2;222;247;254m██[38;2;222;247;246m██[38;2;186;209;205m██[38;2;222;247;246m██[38;2;181;207;202m██[38;2;0;0;0m██        
[38;2;0;4;0m██[38;2;77;144;71m██[38;2;107;178;112m██[38;2;255;255;255m██[38;2;115;131;131m████[38;2;239;255;255m██[38;2;115;132;131m██[38;2;115;131;131m████[38;2;145;170;172m██[38;2;222;247;254m██[38;2;186;209;205m██[38;2;115;132;123m██[38;2;181;207;202m██[38;2;140;167;159m██[38;2;0;0;0m██        
[38;2;0;0;0m  ██[38;2;90;156;90m████[38;2;178;200;194m██[38;2;255;255;255m██[38;2;231;127;47m██[38;2;255;255;255m██████[38;2;239;255;255m██[38;2;195;145;120m██[38;2;112;137;134m██[38;2;255;255;255m██[38;2;107;140;118m████[38;2;79;139;74m██[38;2;8;4;8m██[38;2;0;0;0m██████
[38;2;0;0;0m    ████[38;2;140;173;164m██[38;2;255;255;255m██[38;2;231;127;47m██[38;2;255;255;255m██████[38;2;173;90;53m██[38;2;239;255;255m██[38;2;184;196;194m██[38;2;255;255;255m████[38;2;107;140;118m██[38;2;115;206;107m████[38;2;107;198;99m████[38;2;0;0;0m██
[38;2;0;0;0m      ██[38;2;222;247;254m██[38;2;148;165;169m██[38;2;222;247;254m██[38;2;140;165;164m██[38;2;140;168;164m██[38;2;239;255;255m██[38;2;165;140;101m██[38;2;247;255;255m██[38;2;115;131;131m████[38;2;107;198;99m████████[38;2;115;206;107m████[38;2;0;0;0m██
[38;2;0;0;0m        ██[38;2;222;247;254m██[38;2;140;165;164m██[38;2;222;247;254m██[38;2;239;255;255m██[38;2;140;168;164m██[38;2;206;197;178m██[38;2;165;140;101m██[38;2;222;247;254m████[38;2;115;132;131m██[38;2;107;198;99m██[38;2;0;0;0m██[38;2;107;198;99m██[38;2;79;139;74m██[38;2;8;4;8m██[38;2;0;0;0m  
[38;2;0;0;0m        ██[38;2;181;206;197m██[38;2;198;222;214m████[38;2;222;247;254m██[38;2;181;206;197m██[38;2;231;255;255m████[38;2;198;222;214m████[38;2;181;206;197m██[38;2;0;0;0m██  ████    
[38;2;0;0;0m          ████[38;2;198;222;214m██[38;2;181;206;197m████[38;2;8;12;8m██[38;2;157;174;173m██[38;2;198;222;214m██[38;2;0;0;0m████            
[38;2;0;0;0m              ██████  ████                [0m
