
[38;2;0;0;0m        [38;2;32;32;32m██[38;2;0;0;0m                              
[38;2;0;0;0m      [38;2;32;32;32m██[38;2;238;230;164m██[38;2;32;32;32m██[38;2;0;0;0m                            
[38;2;0;0;0m      [38;2;32;32;32m██[38;2;238;230;164m██[38;2;32;32;32m██[38;2;0;0;0m                            
[38;2;0;0;0m      [38;2;32;32;32m██[38;2;238;230;164m████[38;2;32;32;32m██[38;2;0;0;0m                          
[38;2;0;0;0m      [38;2;32;32;32m██[38;2;197;189;123m██[38;2;238;230;164m██[38;2;32;32;32m██[38;2;0;0;0m                          
[38;2;0;0;0m      [38;2;32;32;32m██[38;2;197;189;123m██[38;2;238;230;164m████[38;2;32;32;32m████[38;2;0;0;0m                      
[38;2;0;0;0m        [38;2;32;32;32m██[38;2;197;189;123m██[38;2;238;230;164m████[38;2;82;82;82m██[38;2;32;32;32m██[38;2;0;0;0m                    
[38;2;0;0;0m        [38;2;32;32;32m██[38;2;238;230;164m██[38;2;197;189;123m██[38;2;238;230;164m██[38;2;197;189;123m██[38;2;82;82;82m██[38;2;32;32;32m██[38;2;0;0;0m                  
[38;2;0;0;0m          [38;2;32;32;32m██[38;2;74;148;180m██[38;2;82;82;82m██[38;2;49;49;49m██[38;2;255;255;255m██[38;2;139;106;189m██[38;2;32;32;32m██[38;2;0;0;0m                
[38;2;0;0;0m        [38;2;32;32;32m██[38;2;82;82;82m██████[38;2;255;255;255m████[38;2;139;106;189m████[38;2;32;32;32m██[38;2;0;0;0m              
[38;2;0;0;0m      [38;2;32;32;32m██[38;2;74;189;230m██████[38;2;82;82;82m██████[38;2;139;106;189m██[38;2;106;82;156m██[38;2;82;82;82m██[38;2;32;32;32m████[38;2;0;0;0m          
[38;2;0;0;0m    [38;2;32;32;32m██[38;2;74;189;230m██[38;2;164;230;255m██[38;2;74;189;230m██[38;2;82;82;82m████[38;2;74;189;230m████[38;2;82;82;82m██[38;2;139;106;189m██████[38;2;82;82;82m██[38;2;32;32;32m██[38;2;0;0;0m        
[38;2;0;0;0m    [38;2;32;32;32m██[38;2;74;189;230m██████[38;2;82;82;82m██[38;2;74;189;230m██[38;2;164;230;255m██[38;2;74;189;230m████[38;2;82;82;82m██[38;2;139;106;189m██████[38;2;32;32;32m██[38;2;0;0;0m        
[38;2;0;0;0m    [38;2;32;32;32m██[38;2;74;148;180m██[38;2;74;189;230m████[38;2;82;82;82m██[38;2;74;189;230m████████[38;2;82;82;82m████[38;2;139;106;189m████[38;2;32;32;32m██████[38;2;0;0;0m    
[38;2;0;0;0m  [38;2;32;32;32m██[38;2;197;189;123m██[38;2;82;82;82m██[38;2;74;148;180m████[38;2;82;82;82m██[38;2;74;148;180m██[38;2;74;189;230m████[38;2;74;148;180m██[38;2;82;82;82m██[38;2;197;189;123m██[38;2;82;82;82m██[38;2;106;82;156m██[38;2;82;82;82m██[38;2;197;189;123m██[38;2;82;82;82m██[38;2;32;32;32m██[38;2;0;0;0m  
[38;2;0;0;0m  [38;2;32;32;32m██[38;2;106;82;156m██[38;2;82;82;82m██████████[38;2;74;148;180m████[38;2;82;82;82m██[38;2;197;189;123m██[38;2;82;82;82m██████[38;2;106;82;156m██[38;2;82;82;82m██[38;2;106;82;156m██[38;2;74;148;180m██[38;2;32;32;32m██
[38;2;32;32;32m██[38;2;74;148;180m██[38;2;106;82;156m██[38;2;32;32;32m██[38;2;139;106;189m██[38;2;82;82;82m██[38;2;197;189;123m████[38;2;82;82;82m██[38;2;139;106;189m████[38;2;82;82;82m██[38;2;139;106;189m████[38;2;238;230;164m██[38;2;82;82;82m██[38;2;32;32;32m████[38;2;74;148;180m██[38;2;32;32;32m██
[38;2;32;32;32m██[38;2;74;148;180m██[38;2;32;32;32m██[38;2;0;0;0m  [38;2;32;32;32m████[38;2;82;82;82m██[38;2;197;189;123m████[38;2;82;82;82m████[38;2;74;148;180m██[38;2;32;32;32m██[38;2;82;82;82m██[38;2;139;106;189m████[38;2;32;32;32m██[38;2;0;0;0m  [38;2;32;32;32m██[38;2;0;0;0m  
[38;2;0;0;0m  [38;2;32;32;32m██[38;2;0;0;0m        [38;2;32;32;32m██[38;2;82;82;82m██[38;2;106;82;156m████[38;2;74;148;180m██[38;2;32;32;32m██[38;2;0;0;0m  [38;2;32;32;32m██[38;2;139;106;189m██[38;2;74;189;230m██[38;2;32;32;32m██[38;2;0;0;0m      
[38;2;0;0;0m              [38;2;32;32;32m████████[38;2;0;0;0m      [38;2;32;32;32m██[38;2;74;189;230m██[38;2;32;32;32m██[38;2;0;0;0m      
[38;2;0;0;0m                              [38;2;32;32;32m██[38;2;0;0;0m        [0m
