
[38;2;0;0;0m            [38;2;49;49;49m██████[38;2;0;0;0m                    
[38;2;0;0;0m      [38;2;49;49;49m████[38;2;0;0;0m  [38;2;49;49;49m██[38;2;164;197;255m██[38;2;123;156;255m██[38;2;49;49;49m████████[38;2;0;0;0m            
[38;2;0;0;0m    [38;2;49;49;49m██[38;2;164;197;255m██[38;2;49;49;49m██[38;2;0;0;0m    [38;2;49;49;49m██[38;2;82;98;213m██[38;2;123;156;255m██[38;2;164;197;255m████[38;2;49;49;49m██[38;2;0;0;0m            
[38;2;0;0;0m  [38;2;49;49;49m████[38;2;123;156;255m██[38;2;49;49;49m██████[38;2;164;197;255m██[38;2;82;98;213m██████[38;2;49;49;49m██[38;2;0;0;0m              
[38;2;49;49;49m██[38;2;164;197;255m██[38;2;123;156;255m██[38;2;82;98;213m████[38;2;164;197;255m██████[38;2;255;255;255m████[38;2;164;197;255m████[38;2;49;49;49m██[38;2;0;0;0m  [38;2;49;49;49m████[38;2;0;0;0m      
[38;2;49;49;49m████[38;2;82;98;213m██[38;2;164;197;255m██████[38;2;255;255;255m██████████[38;2;164;197;255m████[38;2;49;49;49m████[38;2;164;197;255m██[38;2;49;49;49m██[38;2;0;0;0m    
[38;2;0;0;0m    [38;2;49;49;49m██[38;2;164;197;255m██[38;2;255;255;255m██████[38;2;123;156;255m██████[38;2;255;255;255m████[38;2;164;197;255m████[38;2;82;98;213m██[38;2;123;156;255m██[38;2;49;49;49m████[38;2;0;0;0m  
[38;2;0;0;0m    [38;2;49;49;49m██[38;2;123;156;255m██[38;2;255;255;255m██[38;2;82;98;213m████[38;2;164;197;255m████[38;2;123;156;255m████[38;2;255;255;255m████[38;2;164;197;255m████[38;2;82;98;213m██[38;2;123;156;255m██[38;2;164;197;255m██[38;2;49;49;49m██
[38;2;0;0;0m      [38;2;49;49;49m██[38;2;82;82;82m██[38;2;90;222;222m████[38;2;123;156;255m██[38;2;255;255;255m██[38;2;164;197;255m██[38;2;123;156;255m████[38;2;255;255;255m████[38;2;164;197;255m██[38;2;82;98;213m████[38;2;49;49;49m████
[38;2;0;0;0m    [38;2;49;49;49m██[38;2;123;156;255m██[38;2;82;82;82m██[38;2;82;131;213m██[38;2;90;222;222m██[38;2;255;255;255m██████[38;2;82;98;213m████[38;2;123;156;255m██[38;2;255;255;255m██[38;2;164;197;255m████[38;2;49;49;49m██[38;2;0;0;0m    
[38;2;49;49;49m██████[38;2;164;197;255m██[38;2;255;255;255m██[38;2;82;98;213m██[38;2;82;82;82m████[38;2;255;255;255m████[38;2;90;222;222m████[38;2;82;98;213m██[38;2;255;255;255m██[38;2;164;197;255m████[38;2;49;49;49m██[38;2;0;0;0m    
[38;2;49;49;49m██[38;2;164;197;255m██[38;2;82;82;82m██[38;2;164;197;255m██[38;2;255;255;255m██[38;2;123;156;255m██[38;2;164;197;255m██[38;2;255;255;255m██[38;2;82;82;82m████[38;2;82;131;213m██[38;2;90;222;222m██[38;2;82;82;82m██[38;2;255;255;255m██[38;2;164;197;255m██[38;2;123;156;255m██[38;2;49;49;49m██[38;2;0;0;0m    
[38;2;0;0;0m  [38;2;49;49;49m██[38;2;123;156;255m██[38;2;82;98;213m██[38;2;164;197;255m██[38;2;255;255;255m██[38;2;123;156;255m██[38;2;255;255;255m██████[38;2;82;98;213m████[38;2;82;82;82m██████[38;2;49;49;49m██[38;2;0;0;0m      
[38;2;0;0;0m    [38;2;49;49;49m██[38;2;123;156;255m██[38;2;49;49;49m██[38;2;164;197;255m██[38;2;123;156;255m██[38;2;90;222;222m██[38;2;82;98;213m████[38;2;164;197;255m██[38;2;123;156;255m██[38;2;255;255;255m████[38;2;164;197;255m██[38;2;123;156;255m██[38;2;49;49;49m██[38;2;0;0;0m    
[38;2;0;0;0m    [38;2;49;49;49m████[38;2;0;0;0m  [38;2;49;49;49m██[38;2;90;222;222m██[38;2;82;98;213m██[38;2;123;156;255m██[38;2;90;222;222m██[38;2;82;98;213m██[38;2;255;255;255m████[38;2;164;197;255m██████[38;2;82;98;213m██[38;2;49;49;49m████
[38;2;0;0;0m            [38;2;49;49;49m██[38;2;164;197;255m██[38;2;255;255;255m██[38;2;123;156;255m██[38;2;90;222;222m██[38;2;82;98;213m██[38;2;164;197;255m████[38;2;82;98;213m████[38;2;123;156;255m██[38;2;164;197;255m██[38;2;49;49;49m██
[38;2;0;0;0m            [38;2;49;49;49m██[38;2;82;82;82m██[38;2;164;197;255m████[38;2;123;156;255m██[38;2;49;49;49m██████[38;2;82;98;213m██[38;2;123;156;255m██[38;2;49;49;49m████[38;2;0;0;0m  
[38;2;0;0;0m          [38;2;49;49;49m██[38;2;164;197;255m██[38;2;123;156;255m██[38;2;82;98;213m████[38;2;49;49;49m██[38;2;0;0;0m      [38;2;49;49;49m██[38;2;123;156;255m██[38;2;49;49;49m██[38;2;0;0;0m    
[38;2;0;0;0m          [38;2;49;49;49m████████[38;2;123;156;255m████[38;2;49;49;49m██[38;2;0;0;0m    [38;2;49;49;49m████[38;2;0;0;0m      
[38;2;0;0;0m                  [38;2;49;49;49m██████[38;2;0;0;0m              [0m
