
[38;2;0;0;0m                  [38;2;49;49;49m██[38;2;0;0;0m                      
[38;2;0;0;0m            [38;2;49;49;49m██[38;2;0;0;0m  [38;2;49;49;49m██[38;2;255;213;255m██[38;2;49;49;49m██[38;2;0;0;0m    [38;2;49;49;49m██[38;2;0;0;0m              
[38;2;0;0;0m          [38;2;49;49;49m██[38;2;255;213;255m██[38;2;49;49;49m██[38;2;180;90;90m██[38;2;246;180;189m████[38;2;49;49;49m████[38;2;255;213;255m██[38;2;49;49;49m████[38;2;0;0;0m          
[38;2;0;0;0m          [38;2;49;49;49m██[38;2;246;180;189m████[38;2;180;90;90m████████[38;2;246;180;189m████[38;2;180;90;90m██[38;2;255;213;255m██[38;2;49;49;49m██[38;2;0;0;0m        
[38;2;0;0;0m          [38;2;49;49;49m██[38;2;230;148;148m██[38;2;180;90;90m██[38;2;255;255;255m████[38;2;246;180;189m██[38;2;180;90;90m██[38;2;230;148;148m██[38;2;180;90;90m██[38;2;246;180;189m██[38;2;255;213;255m██[38;2;49;49;49m██[38;2;0;0;0m        
[38;2;0;0;0m        [38;2;49;49;49m██[38;2;131;131;156m██[38;2;82;82;82m██[38;2;255;255;255m████████[38;2;246;180;189m██[38;2;180;90;90m██[38;2;246;180;189m██[38;2;255;213;255m██[38;2;230;148;148m██[38;2;49;49;49m██[38;2;0;0;0m        
[38;2;0;0;0m        [38;2;49;49;49m██[38;2;131;131;156m██[38;2;82;82;82m██[38;2;230;148;148m██[38;2;255;255;255m████[38;2;230;148;148m██[38;2;246;180;189m██[38;2;180;90;90m██[38;2;230;148;148m██[38;2;180;90;90m██[38;2;49;49;49m██[38;2;0;0;0m          
[38;2;0;0;0m          [38;2;49;49;49m██[38;2;230;148;148m██[38;2;82;82;82m██[38;2;230;148;148m████[38;2;246;180;189m██[38;2;82;82;82m██████[38;2;49;49;49m██[38;2;0;0;0m            
[38;2;0;0;0m        [38;2;49;49;49m██[38;2;82;82;82m██[38;2;197;24;49m██[38;2;156;164;189m██[38;2;82;82;82m██████[38;2;255;255;255m██[38;2;131;131;156m██[38;2;156;164;189m██[38;2;82;82;82m██[38;2;49;49;49m██[38;2;0;0;0m          
[38;2;0;0;0m      [38;2;49;49;49m██[38;2;255;213;255m██[38;2;82;82;82m██[38;2;131;131;156m██[38;2;156;164;189m████[38;2;197;24;49m██[38;2;230;148;148m██[38;2;197;24;49m██[38;2;156;164;189m██[38;2;131;131;156m██[38;2;82;82;82m██[38;2;255;213;255m██[38;2;49;49;49m██[38;2;0;0;0m        
[38;2;0;0;0m    [38;2;49;49;49m██[38;2;255;213;255m██[38;2;230;148;148m██[38;2;246;180;189m██[38;2;82;82;82m██[38;2;156;164;189m██████[38;2;197;24;49m██[38;2;131;131;156m████[38;2;82;82;82m██[38;2;230;148;148m██[38;2;255;213;255m████[38;2;49;49;49m██[38;2;0;0;0m      
[38;2;0;0;0m  [38;2;49;49;49m██[38;2;255;213;255m██[38;2;82;82;82m██████[38;2;213;205;197m██[38;2;82;82;82m████[38;2;131;131;156m████[38;2;82;82;82m██████[38;2;246;180;189m██[38;2;230;148;148m██[38;2;255;213;255m████[38;2;49;49;49m██[38;2;0;0;0m    
[38;2;49;49;49m██[38;2;255;213;255m██[38;2;230;148;148m██[38;2;82;82;82m██[38;2;213;205;197m████[38;2;131;131;156m██[38;2;246;180;189m██[38;2;189;172;57m██[38;2;246;230;98m██[38;2;189;172;57m██[38;2;255;255;255m██[38;2;156;164;189m██[38;2;82;82;82m████[38;2;246;180;189m██[38;2;230;148;148m██[38;2;255;213;255m████[38;2;49;49;49m██[38;2;0;0;0m  
[38;2;49;49;49m██[38;2;230;148;148m██[38;2;246;180;189m████[38;2;82;82;82m██[38;2;131;131;156m██[38;2;230;148;148m██[38;2;246;180;189m████[38;2;189;172;57m██[38;2;213;205;197m██[38;2;131;131;156m██[38;2;255;255;255m████[38;2;82;82;82m████[38;2;246;180;189m██[38;2;230;148;148m██[38;2;255;213;255m████[38;2;49;49;49m██
[38;2;0;0;0m  [38;2;49;49;49m██████[38;2;255;255;255m████[38;2;180;90;90m██[38;2;246;180;189m██[38;2;180;90;90m██[38;2;255;255;255m██[38;2;213;205;197m████[38;2;131;131;156m████[38;2;213;205;197m██[38;2;49;49;49m██[38;2;246;180;189m████[38;2;230;148;148m██[38;2;255;213;255m██[38;2;49;49;49m██
[38;2;0;0;0m        [38;2;49;49;49m██[38;2;82;82;82m██[38;2;255;255;255m██[38;2;180;90;90m██[38;2;255;255;255m██████[38;2;213;205;197m████[38;2;82;82;82m██[38;2;49;49;49m██[38;2;0;0;0m  [38;2;49;49;49m██[38;2;246;180;189m████[38;2;230;148;148m██[38;2;49;49;49m██
[38;2;0;0;0m          [38;2;49;49;49m██[38;2;82;82;82m████[38;2;255;255;255m████[38;2;213;205;197m██[38;2;82;82;82m████[38;2;230;148;148m██[38;2;49;49;49m██[38;2;0;0;0m    [38;2;49;49;49m██████[38;2;0;0;0m  
[38;2;0;0;0m          [38;2;49;49;49m██[38;2;131;131;156m██[38;2;106;106;131m██[38;2;82;82;82m██████[38;2;230;148;148m████[38;2;255;213;255m██[38;2;49;49;49m██[38;2;0;0;0m            
[38;2;0;0;0m            [38;2;49;49;49m██[38;2;106;106;131m██[38;2;156;164;189m████[38;2;131;131;156m██[38;2;180;90;90m██[38;2;230;148;148m██[38;2;49;49;49m██[38;2;0;0;0m              
[38;2;0;0;0m            [38;2;49;49;49m██[38;2;82;82;82m██[38;2;156;164;189m██[38;2;131;131;156m██████[38;2;180;90;90m██[38;2;49;49;49m██[38;2;0;0;0m              
[38;2;0;0;0m              [38;2;49;49;49m████[38;2;131;131;156m████[38;2;49;49;49m████[38;2;0;0;0m                
[38;2;0;0;0m                  [38;2;49;49;49m████[38;2;0;0;0m                    [0m
