
[38;2;0;0;0m            [38;2;50;50;34m██[38;2;0;0;0m                                      
[38;2;0;0;0m          [38;2;151;151;102m  [38;2;185;185;125m██[38;2;0;0;0m                                      
[38;2;0;0;0m    [38;2;61;61;41m██[38;2;84;84;62m██[38;2;22;22;15m  [38;2;207;207;140m██[38;2;22;22;20m  [38;2;67;67;45m  [38;2;224;224;151m██[38;2;39;39;26m  [38;2;0;0;0m                                
[38;2;0;0;0m  [38;2;0;2;10m  [38;2;104;97;54m██[38;2;112;112;90m██[38;2;230;230;155m██[38;2;123;123;98m██[38;2;230;230;155m██[38;2;241;241;163m██[38;2;76;76;71m██[38;2;15;15;15m  [38;2;0;0;0m                                
[38;2;0;0;0m  [38;2;0;1;6m  [38;2;224;203;92m██[38;2;247;244;152m██[38;2;251;232;91m██[38;2;249;240;134m██[38;2;249;238;123m██[38;2;172;172;125m██[38;2;246;246;167m██[38;2;185;185;132m██[38;2;101;101;68m  [38;2;0;0;0m  [38;2;24;12;13m  ██[38;2;0;0;0m                        
[38;2;0;0;0m    [38;2;63;55;9m██[38;2;254;221;38m██[38;2;255;222;39m██[38;2;254;221;38m██[38;2;253;228;70m██[38;2;252;228;71m██[38;2;201;201;141m██[38;2;66;66;66m██[38;2;0;0;0m    [38;2;213;106;117m██[38;2;53;26;29m██[38;2;0;0;0m  ██[38;2;160;80;88m██[38;2;0;0;0m    [38;2;191;110;113m██[38;2;0;0;0m      ██    
[38;2;0;0;0m    [38;2;20;16;2m  [38;2;211;183;25m██[38;2;246;210;34m██[38;2;112;94;22m██[38;2;185;163;42m██[38;2;248;163;85m██[38;2;243;172;110m██[38;2;228;222;125m██[38;2;130;126;74m██[38;2;111;71;73m██[38;2;144;75;83m██[38;2;88;68;71m██[38;2;90;63;64m██[38;2;113;86;87m██[38;2;144;75;83m██[38;2;72;43;47m██[38;2;164;102;102m██[38;2;98;62;63m██[38;2;0;0;0m  [38;2;87;43;48m  [38;2;111;55;61m██[38;2;24;12;13m  [38;2;0;0;0m    
[38;2;5;5;0m  [38;2;17;15;2m██[38;2;81;70;11m██[38;2;255;222;39m██[38;2;142;121;17m██[38;2;187;154;31m██[38;2;243;192;42m██[38;2;220;97;61m██[38;2;197;134;60m██[38;2;122;96;66m██[38;2;118;72;75m██[38;2;223;65;92m██[38;2;195;65;87m██[38;2;207;127;129m████[38;2;176;93;51m██[38;2;177;93;50m██[38;2;207;127;129m██[38;2;237;135;139m██[38;2;123;79;84m██[38;2;106;59;64m██[38;2;102;62;68m██[38;2;80;57;61m██[38;2;35;24;22m██[38;2;0;0;0m    
[38;2;63;55;9m██[38;2;231;201;34m██[38;2;255;222;38m██[38;2;173;151;36m██[38;2;224;185;59m██[38;2;172;120;63m██[38;2;215;137;68m██[38;2;161;150;59m██[38;2;147;108;30m██[38;2;137;105;65m██[38;2;237;159;87m██[38;2;186;129;94m██[38;2;113;65;73m██[38;2;197;148;117m██[38;2;195;131;54m██[38;2;212;174;99m██[38;2;217;158;104m██[38;2;138;96;80m██[38;2;176;65;84m██[38;2;211;76;96m██[38;2;81;99;93m██[38;2;152;57;71m██[38;2;65;50;49m██[38;2;62;83;78m██[38;2;86;28;36m██[38;2;0;5;3m  
[38;2;0;0;0m  [38;2;156;136;23m  [38;2;52;45;9m  [38;2;52;45;24m  [38;2;106;88;61m██[38;2;223;122;73m██[38;2;208;187;58m██[38;2;208;197;99m██[38;2;116;104;58m██[38;2;194;147;50m██[38;2;130;109;65m██[38;2;246;163;100m██[38;2;204;140;82m██[38;2;171;134;44m██[38;2;252;230;177m██[38;2;240;227;146m██[38;2;209;113;39m██[38;2;201;92;90m██[38;2;179;80;95m██[38;2;0;124;98m██[38;2;0;107;85m██[38;2;0;47;36m  [38;2;0;20;14m  [38;2;0;0;0m  [38;2;0;26;19m  [38;2;0;6;4m  
[38;2;0;0;0m        [38;2;191;121;81m██[38;2;223;174;52m██[38;2;153;118;74m██[38;2;183;172;101m██[38;2;139;132;80m██[38;2;242;214;52m██[38;2;242;205;42m██[38;2;207;158;53m██[38;2;231;217;122m██[38;2;243;239;155m██[38;2;238;221;139m██[38;2;212;141;54m██[38;2;195;77;96m██[38;2;16;127;103m██[38;2;92;103;98m██[38;2;43;85;76m██[38;2;0;0;0m            
[38;2;0;0;0m        [38;2;95;85;41m██[38;2;100;94;62m██[38;2;242;240;153m██[38;2;163;143;54m██[38;2;151;140;71m██[38;2;255;224;49m██[38;2;205;158;11m██[38;2;181;153;41m██[38;2;235;225;133m██[38;2;238;220;138m██[38;2;214;102;45m██[38;2;239;66;94m██[38;2;48;118;102m██[38;2;37;136;104m██[38;2;36;99;75m  [38;2;0;0;0m              
[38;2;0;0;0m        [38;2;212;185;38m██[38;2;221;194;42m██[38;2;94;93;78m██[38;2;151;115;19m██[38;2;248;244;151m██[38;2;137;131;83m██[38;2;117;102;50m██[38;2;216;181;36m██[38;2;203;166;45m██[38;2;241;229;148m██[38;2;154;131;32m██[38;2;43;119;102m██[38;2;195;97;105m██[38;2;75;166;132m██[38;2;0;0;0m                
[38;2;0;0;0m    [38;2;17;12;0m  [38;2;208;179;29m██[38;2;203;179;46m████[38;2;85;77;56m██[38;2;137;104;68m██[38;2;169;166;111m██[38;2;224;197;43m██[38;2;224;195;42m██[38;2;173;149;45m██[38;2;219;195;89m██[38;2;246;246;167m██[38;2;238;226;133m██[38;2;100;151;76m██[38;2;18;147;114m██[38;2;18;28;25m██[38;2;0;0;0m                
[38;2;0;0;0m    [38;2;47;34;1m██[38;2;238;201;30m██[38;2;113;104;59m██[38;2;113;105;59m██[38;2;232;211;145m██[38;2;121;95;79m██[38;2;242;211;40m██[38;2;255;222;39m████[38;2;113;105;59m██[38;2;247;247;167m██[38;2;207;174;56m██[38;2;190;156;32m██[38;2;62;131;60m██[38;2;1;130;103m██[38;2;1;31;25m██[38;2;0;0;0m                
[38;2;0;0;0m      [38;2;104;90;15m  [38;2;8;8;8m  [38;2;144;45;60m██[38;2;130;73;73m██[38;2;91;79;72m██[38;2;207;183;45m██[38;2;207;182;45m██[38;2;113;104;59m██[38;2;113;105;59m██[38;2;124;122;38m██[38;2;123;101;86m██[38;2;130;95;99m██[38;2;211;73;96m██[38;2;81;81;79m██[38;2;0;22;18m  [38;2;0;0;0m                
[38;2;0;0;0m          [38;2;0;49;41m██[38;2;146;56;69m██[38;2;195;204;143m██[38;2;65;65;65m██[38;2;207;195;93m██[38;2;65;65;65m████[38;2;59;115;101m██[38;2;239;66;95m██[38;2;179;83;97m██[38;2;0;131;104m██[38;2;0;99;78m██[38;2;0;0;0m                  
[38;2;0;0;0m          [38;2;0;22;19m  [38;2;4;44;38m██[38;2;18;89;76m██[38;2;148;148;111m██[38;2;163;127;95m██[38;2;255;190;108m██[38;2;190;131;95m██[38;2;123;80;86m██[38;2;113;101;100m██[38;2;141;93;98m██[38;2;157;88;98m██[38;2;0;45;35m  [38;2;0;0;0m                  
[38;2;0;0;0m          [38;2;15;6;7m  [38;2;176;94;103m██[38;2;79;69;70m██[38;2;0;90;72m██[38;2;0;22;18m  [38;2;0;0;0m    [38;2;7;0;0m  [38;2;1;93;73m  [38;2;0;122;95m██[38;2;0;117;87m██[38;2;0;6;5m  [38;2;0;0;0m                  
[38;2;0;0;0m          [38;2;66;26;30m  [38;2;66;27;30m██[38;2;77;38;42m██[38;2;0;0;0m          [38;2;86;39;47m  [38;2;39;59;53m██[38;2;41;78;71m██[38;2;0;74;60m██[38;2;0;0;0m                  
[38;2;0;0;0m                        [38;2;52;30;30m██[38;2;198;80;93m██[38;2;251;143;147m██[38;2;206;82;96m██[38;2;84;56;56m██[38;2;0;1;2m  [38;2;0;0;0m                
[38;2;0;0;0m                          [38;2;52;30;30m  [38;2;64;33;35m████[38;2;50;32;31m  [38;2;0;0;0m                  [0m
