
[38;2;61;57;43m██[38;2;62;58;44m██[38;2;0;0;0m                    [38;2;15;14;11m  ██[38;2;0;0;0m                    
[38;2;15;14;10m  [38;2;154;144;109m██[38;2;0;0;0m                    [38;2;155;145;109m██[38;2;15;14;11m  [38;2;0;0;0m                    
[38;2;0;0;0m  [38;2;185;173;131m██[38;2;12;12;12m  [38;2;0;0;0m                [38;2;46;43;32m  [38;2;151;142;110m██[38;2;0;0;0m                      
[38;2;0;0;0m  [38;2;46;43;32m  [38;2;163;154;123m██[38;2;12;12;12m  [38;2;0;0;0m            [38;2;46;43;32m  [38;2;129;123;101m██[38;2;12;12;12m  [38;2;0;0;0m                      
[38;2;0;0;0m    [38;2;46;43;32m  [38;2;168;156;123m██[38;2;147;137;112m██[38;2;13;12;10m  [38;2;108;80;34m██[38;2;213;161;77m██[38;2;96;90;69m██[38;2;190;178;136m██[38;2;139;130;99m  [38;2;0;0;0m                          
[38;2;0;0;0m        [38;2;65;61;51m██[38;2;90;86;76m██[38;2;186;134;63m██[38;2;178;165;127m██[38;2;132;117;88m██[38;2;50;38;19m██[38;2;0;0;0m                            
[38;2;0;0;0m        [38;2;63;59;52m██[38;2;213;161;76m██[38;2;202;154;76m██[38;2;167;158;126m██[38;2;144;116;70m██[38;2;248;184;80m██[38;2;46;34;15m  [38;2;0;0;0m          [38;2;237;180;83m██[38;2;97;77;38m██[38;2;0;0;0m            
[38;2;0;0;0m        [38;2;201;149;64m██[38;2;248;183;80m██[38;2;236;176;79m██[38;2;202;154;76m██[38;2;248;184;80m████[38;2;186;138;60m██[38;2;0;0;0m          [38;2;206;170;94m██[38;2;111;138;125m██[38;2;139;103;44m  [38;2;0;0;0m          
[38;2;0;0;0m      [38;2;46;34;14m  [38;2;248;184;80m██[38;2;248;183;80m██[38;2;248;187;90m██[38;2;143;108;57m██[38;2;182;145;91m██[38;2;241;178;77m██[38;2;248;184;80m██[38;2;62;46;20m██[38;2;0;0;0m      [38;2;186;138;60m██[38;2;174;159;104m██[38;2;68;158;147m██[38;2;166;146;78m██[38;2;15;11;5m  [38;2;0;0;0m        
[38;2;0;0;0m      [38;2;185;137;59m██[38;2;248;184;80m██[38;2;248;183;80m██[38;2;201;153;75m██[38;2;15;15;15m██[38;2;222;212;198m██[38;2;221;163;71m██[38;2;248;184;80m██[38;2;62;46;20m██[38;2;0;0;0m    [38;2;37;25;10m  [38;2;129;131;102m██[38;2;71;150;145m██[38;2;68;158;147m██[38;2;110;172;133m██[38;2;62;46;20m██[38;2;0;0;0m        
[38;2;0;0;0m    [38;2;108;90;55m██[38;2;248;208;128m██[38;2;248;203;119m██[38;2;248;185;83m██[38;2;202;154;76m██[38;2;50;46;40m██[38;2;239;223;201m██[38;2;238;174;75m██[38;2;248;184;80m██[38;2;108;80;35m██[38;2;0;0;0m    [38;2;80;59;29m██[38;2;99;137;124m██[38;2;51;118;110m██[38;2;15;24;25m  [38;2;12;31;28m  [38;2;198;169;88m██[38;2;0;0;0m        
[38;2;0;0;0m    [38;2;248;194;100m██[38;2;248;208;128m██[38;2;248;203;119m██[38;2;248;185;83m██[38;2;236;176;79m██[38;2;224;171;87m██[38;2;248;196;111m██[38;2;221;157;66m██[38;2;248;184;80m████[38;2;36;36;36m  [38;2;112;76;31m  [38;2;102;129;121m██[38;2;32;63;62m██[38;2;0;0;0m      [38;2;46;34;15m  [38;2;0;0;0m        
[38;2;0;0;0m    [38;2;248;184;80m██[38;2;248;183;80m██[38;2;248;184;80m██[38;2;248;183;80m██[38;2;248;184;80m████[38;2;217;161;73m██[38;2;189;134;59m██[38;2;248;184;80m████[38;2;213;161;77m██[38;2;84;107;105m██[38;2;75;120;127m██[38;2;15;24;25m  [38;2;0;0;0m                
[38;2;0;0;0m    [38;2;108;80;34m██[38;2;248;183;80m██[38;2;189;138;61m██[38;2;248;183;80m██[38;2;248;184;80m████[38;2;120;104;78m██[38;2;224;171;88m██[38;2;248;184;80m██████[38;2;213;161;77m██[38;2;51;60;61m██[38;2;0;0;0m                  
[38;2;0;0;0m    [38;2;12;8;3m  [38;2;163;123;60m██[38;2;202;154;76m██[38;2;202;153;76m██[38;2;179;142;79m██[38;2;110;105;92m██[38;2;244;227;173m██[38;2;196;173;137m██[38;2;248;184;80m██████████[38;2;248;188;89m██[38;2;62;52;32m██[38;2;15;13;8m  [38;2;0;0;0m        [38;2;50;34;14m██[38;2;12;8;3m  
[38;2;0;0;0m    [38;2;162;110;45m██[38;2;174;122;57m██[38;2;166;118;58m██[38;2;165;118;58m██[38;2;142;114;73m██[38;2;200;178;140m██[38;2;207;186;145m██[38;2;232;214;163m██[38;2;211;170;107m██[38;2;248;184;80m██[38;2;110;94;68m████[38;2;248;184;80m██[38;2;248;202;116m██[38;2;248;208;128m██[38;2;201;169;104m██[38;2;0;0;0m    [38;2;37;25;10m  [38;2;150;102;42m██[38;2;200;136;56m██[38;2;50;34;14m██
[38;2;0;0;0m    [38;2;73;61;46m██[38;2;149;102;42m██[38;2;112;76;31m  [38;2;0;0;0m  [38;2;138;111;67m██[38;2;232;214;163m████[38;2;208;187;146m██[38;2;236;218;167m██[38;2;224;178;104m██[38;2;248;184;80m██[38;2;189;139;62m██[38;2;110;94;68m██[38;2;248;184;80m██[38;2;248;202;116m████[38;2;193;145;71m██[38;2;166;118;58m██[38;2;200;136;56m████[38;2;150;102;42m██[38;2;0;0;0m  
[38;2;0;0;0m            [38;2;57;53;40m██[38;2;232;214;163m████[38;2;243;227;172m██[38;2;236;218;167m██[38;2;187;164;131m██[38;2;212;170;107m██[38;2;248;184;80m██[38;2;179;139;73m██[38;2;213;161;77m██[38;2;239;175;75m██[38;2;212;148;62m██[38;2;193;181;166m██[38;2;166;118;58m██[38;2;200;136;56m████[38;2;37;25;10m  [38;2;0;0;0m  
[38;2;0;0;0m          [38;2;37;25;10m  [38;2;166;118;57m██[38;2;189;176;138m██[38;2;232;214;163m████[38;2;200;178;140m██[38;2;236;218;166m██[38;2;217;196;149m██[38;2;171;129;69m██[38;2;248;190;92m██[38;2;144;118;74m██[38;2;133;121;101m██[38;2;98;98;98m██[38;2;123;95;60m██[38;2;200;136;56m██[38;2;187;127;52m██[38;2;37;25;10m  [38;2;0;0;0m    
[38;2;0;0;0m          [38;2;149;101;41m██[38;2;191;131;56m██[38;2;112;95;74m██[38;2;232;214;163m████[38;2;236;218;167m██[38;2;200;178;140m██[38;2;192;168;125m██[38;2;222;177;98m██[38;2;248;208;128m██[38;2;248;203;119m██[38;2;236;176;79m██[38;2;98;86;67m██[38;2;200;136;56m██[38;2;87;59;24m██[38;2;37;25;10m  [38;2;0;0;0m      
[38;2;0;0;0m          [38;2;112;76;31m  [38;2;200;136;56m████[38;2;111;95;74m██[38;2;154;136;112m██[38;2;192;170;136m██[38;2;210;192;154m██[38;2;170;124;56m██[38;2;248;197;107m██[38;2;248;208;128m██[38;2;248;203;119m██[38;2;248;184;80m████[38;2;36;36;36m  [38;2;0;0;0m          
[38;2;0;0;0m            [38;2;87;59;24m██[38;2;200;136;56m██[38;2;191;131;56m██[38;2;166;118;58m██[38;2;90;86;76m██[38;2;54;50;40m██[38;2;89;65;29m██[38;2;248;184;80m██[38;2;248;190;92m██[38;2;248;185;83m██[38;2;248;184;80m██[38;2;221;157;66m██[38;2;0;0;0m            
[38;2;0;0;0m            [38;2;8;6;2m  [38;2;82;67;49m██[38;2;187;127;52m██[38;2;150;102;42m██[38;2;0;0;0m      [38;2;139;103;44m  [38;2;210;158;75m██[38;2;235;171;73m██[38;2;239;175;75m██[38;2;53;37;15m██[38;2;0;0;0m            
[38;2;0;0;0m            [38;2;47;45;41m██[38;2;197;147;84m██[38;2;37;25;10m  [38;2;0;0;0m          [38;2;71;54;30m██[38;2;235;171;73m██[38;2;239;175;75m██[38;2;53;37;15m██[38;2;0;0;0m            
[38;2;0;0;0m                            [38;2;50;50;50m██[38;2;209;173;128m██[38;2;205;169;124m██[38;2;46;46;46m  [38;2;0;0;0m            
[38;2;0;0;0m                            [38;2;4;4;4m  [38;2;50;50;50m██[38;2;46;46;46m  [38;2;0;0;0m              [0m
