
[38;2;0;0;0m                                ██                ██                                                    
[38;2;0;0;0m                    ██        ██[38;2;148;82;148m██[38;2;0;0;0m██            ██[38;2;156;132;188m██[38;2;0;0;0m██                                                  
[38;2;0;0;0m                  ██[38;2;206;148;214m██[38;2;0;0;0m██    [38;2;0;8;0m██[38;2;148;87;148m██[38;2;57;74;77m██[38;2;8;0;0m██[38;2;0;0;0m  ██████████[38;2;156;133;192m████[38;2;0;0;0m██                                ████      ████    
[38;2;0;0;0m                ██[38;2;206;148;214m██████[38;2;0;0;0m████[38;2;148;87;148m██[38;2;74;48;74m██[38;2;107;148;155m██[38;2;57;74;77m██[38;2;0;0;0m██[38;2;206;148;214m██████████████[38;2;66;66;66m██[38;2;0;0;0m████      ██                  ██[38;2;255;255;255m██[38;2;0;0;0m██      ██[38;2;255;255;255m██[38;2;0;0;0m██  
[38;2;0;0;0m            ██  ██[38;2;206;148;214m██████[38;2;66;66;66m██[38;2;152;82;152m██[38;2;66;66;66m██[38;2;93;159;163m██[38;2;57;66;57m██[38;2;206;148;206m██[38;2;209;152;214m████[38;2;206;148;214m████[38;2;209;152;214m████[38;2;189;165;221m██[38;2;57;74;73m██[38;2;93;159;163m██[38;2;66;66;66m██[38;2;206;148;214m██[38;2;0;0;0m██  ██[38;2;154;82;154m██[38;2;0;0;0m██              ██[38;2;255;255;255m██[38;2;0;0;0m██          ██[38;2;255;255;255m██[38;2;0;0;0m██
[38;2;0;0;0m          ██[38;2;148;82;148m██[38;2;0;0;0m██[38;2;103;74;107m██[38;2;206;148;214m████[38;2;66;66;66m██[38;2;152;82;152m████[38;2;66;66;66m██[38;2;93;159;163m██[38;2;57;66;57m██[38;2;107;93;107m██[38;2;209;152;214m████[38;2;206;148;214m██[38;2;96;99;93m██[38;2;209;152;214m████[38;2;57;74;73m██[38;2;123;119;147m██[38;2;93;159;163m██[38;2;66;66;66m██[38;2;206;148;214m████[38;2;0;0;0m██[38;2;148;82;148m██[38;2;154;82;154m██[38;2;0;0;0m██              ██[38;2;255;255;255m██[38;2;0;0;0m██  ████████[38;2;255;255;255m████[38;2;0;0;0m██
[38;2;0;0;0m          ██[38;2;154;82;154m████[38;2;107;61;115m██[38;2;214;148;214m██[38;2;206;148;214m██[38;2;66;66;66m██[38;2;152;82;152m██[38;2;66;66;66m██[38;2;255;255;255m██[38;2;66;66;66m██[38;2;206;148;214m██[38;2;96;99;93m██[38;2;209;152;214m████[38;2;96;99;93m██[38;2;206;148;214m██[38;2;107;93;109m██[38;2;206;148;214m██[38;2;66;66;66m██[38;2;93;159;163m██[38;2;120;134;134m██[38;2;57;74;73m██[38;2;206;148;214m████[38;2;66;66;66m██[38;2;152;82;152m██[38;2;151;83;151m████[38;2;0;0;0m██  ████      ██[38;2;255;255;255m████[38;2;0;0;0m██[38;2;132;107;156m██[38;2;96;157;163m████[38;2;140;104;140m██[38;2;255;239;255m██[38;2;255;255;255m██[38;2;0;0;0m██
[38;2;0;0;0m            ██[38;2;154;82;154m██[38;2;143;90;148m██[38;2;107;61;115m██[38;2;206;148;214m██[38;2;66;66;66m██[38;2;152;82;152m██[38;2;66;66;66m██[38;2;255;255;255m██[38;2;66;66;66m██[38;2;206;148;214m████[38;2;209;152;214m████[38;2;96;99;93m██[38;2;206;148;214m████[38;2;57;66;57m██[38;2;93;159;163m████[38;2;247;255;255m██[38;2;57;74;73m██[38;2;206;148;214m██[38;2;66;66;66m██[38;2;152;82;152m████[38;2;151;83;151m████[38;2;66;66;66m██[38;2;0;0;0m██[38;2;206;148;214m████[38;2;0;0;0m██      ██[38;2;255;255;255m██[38;2;132;107;156m████[38;2;96;157;163m██[38;2;151;82;148m██[38;2;140;104;140m██[38;2;82;37;82m██[38;2;0;0;0m██  
[38;2;0;0;0m        ████[38;2;107;61;115m██[38;2;143;90;148m██[38;2;151;83;151m████[38;2;107;65;107m██[38;2;57;41;57m██[38;2;152;82;152m████[38;2;66;66;66m██[38;2;206;148;214m██████████[38;2;209;152;214m████[38;2;206;148;214m██[38;2;66;66;66m██[38;2;255;255;255m██[38;2;0;0;0m██[38;2;255;255;255m██[38;2;66;66;66m██[38;2;214;140;214m██[38;2;66;61;66m██[38;2;151;83;151m████[38;2;143;90;148m██[38;2;107;61;115m██[38;2;209;152;214m████[38;2;206;148;214m██[38;2;0;8;0m██[38;2;0;0;0m          ████[38;2;148;82;148m██[38;2;154;84;151m████[38;2;148;82;148m██[38;2;0;0;0m██    
[38;2;0;0;0m      ██[38;2;206;148;214m████[38;2;214;148;214m██[38;2;107;61;115m██[38;2;151;83;151m████[38;2;156;90;156m██[38;2;8;16;8m██[38;2;152;82;152m██[38;2;66;66;66m████[38;2;206;148;214m██[38;2;66;66;66m████████[38;2;209;152;214m████[38;2;206;148;214m██[38;2;66;66;66m██[38;2;255;255;255m██████[38;2;66;66;66m██[38;2;66;61;66m██[38;2;140;100;140m██[38;2;151;83;151m████[38;2;107;61;115m██[38;2;214;148;214m██[38;2;209;152;214m████[38;2;206;148;214m██[38;2;69;55;71m██[38;2;0;0;0m████          ██[38;2;101;64;112m████[38;2;0;0;0m██      
[38;2;0;0;0m        [38;2;0;4;0m██[38;2;214;140;214m██[38;2;209;152;214m████[38;2;99;66;111m██[38;2;0;0;0m████  ██[38;2;255;255;255m████[38;2;66;66;66m██[38;2;173;165;181m██[38;2;74;61;66m██[38;2;99;66;112m████[38;2;66;57;66m██[38;2;206;140;214m██[38;2;66;66;66m██[38;2;99;64;112m██[38;2;74;66;82m██[38;2;255;255;255m██[38;2;66;66;66m██[38;2;206;148;214m██[38;2;66;66;66m██[38;2;152;82;152m██[38;2;151;83;151m████[38;2;99;66;115m██[38;2;206;148;214m██████[38;2;99;66;115m██[38;2;152;84;152m██[38;2;154;82;154m████[38;2;0;0;0m██      ██[38;2;206;148;214m██[38;2;209;152;214m████[38;2;0;0;0m██      
[38;2;0;0;0m      ██[38;2;143;95;143m██[38;2;71;49;71m██[38;2;209;152;214m████[38;2;0;0;0m██        ██[38;2;255;255;255m████[38;2;74;61;66m██[38;2;107;96;104m██[38;2;99;66;112m████[38;2;113;85;115m██[38;2;66;57;66m██[38;2;99;64;112m████[38;2;74;66;82m████[38;2;206;148;214m████[38;2;66;66;66m██[38;2;152;82;152m██[38;2;151;83;151m████[38;2;99;66;115m██[38;2;206;148;214m████[38;2;99;66;115m██[38;2;152;84;152m████[38;2;154;82;154m██[38;2;0;0;0m██          ██[38;2;209;152;214m████[38;2;0;0;0m██      
[38;2;0;0;0m    ██[38;2;154;82;154m██[38;2;112;93;134m██[38;2;115;61;115m██[38;2;66;51;71m██[38;2;0;4;0m██[38;2;0;0;0m        ██[38;2;255;255;255m████[38;2;0;0;0m██[38;2;181;140;205m██[38;2;60;52;68m██[38;2;66;66;66m████[38;2;66;57;66m██[38;2;113;85;115m██[38;2;96;75;109m████[38;2;66;66;66m██[38;2;255;255;255m██[38;2;66;66;66m████[38;2;74;53;74m██[38;2;134;118;134m██[38;2;151;83;151m████[38;2;152;84;152m██[38;2;99;66;115m██[38;2;206;132;206m██[38;2;107;77;112m██[38;2;152;84;152m████[38;2;107;85;115m██[38;2;57;53;65m██[38;2;0;0;0m████    ██[38;2;99;66;111m████[38;2;0;0;0m██        
[38;2;0;0;0m    ██[38;2;154;82;154m██[38;2;115;61;115m██[38;2;107;156;171m██[38;2;99;74;107m██[38;2;0;4;0m██[38;2;0;0;0m          ████  [38;2;0;8;0m██[38;2;181;140;205m██[38;2;206;148;214m██[38;2;66;66;66m██[38;2;206;140;214m██[38;2;66;57;66m██[38;2;66;49;66m██[38;2;156;127;196m██[38;2;66;66;66m██[38;2;255;255;255m██████[38;2;255;247;255m██[38;2;74;53;74m██[38;2;151;83;151m████[38;2;152;84;152m████[38;2;57;49;65m██[38;2;156;104;159m██[38;2;152;84;152m██[38;2;99;66;115m██[38;2;206;148;214m████████[38;2;0;0;0m████[38;2;99;66;111m██████[38;2;0;0;0m██        
[38;2;0;0;0m  ██[38;2;99;53;107m██[38;2;151;118;156m██[38;2;99;66;115m██[38;2;94;160;166m██[38;2;99;66;111m██[38;2;0;0;0m██                  ████[38;2;156;132;188m██[38;2;165;132;189m████[38;2;159;132;191m██[38;2;66;66;66m██[38;2;66;61;74m██[38;2;255;247;255m██[38;2;255;255;255m██[38;2;66;66;66m██[38;2;69;68;77m██[38;2;206;148;214m██[38;2;66;57;66m████[38;2;66;66;66m████[38;2;107;85;115m██[38;2;57;53;65m██[38;2;107;85;115m██[38;2;206;148;214m██[38;2;209;152;214m████[38;2;206;148;214m██[38;2;99;66;115m██[38;2;159;136;191m████[38;2;96;75;109m████[38;2;99;66;111m██[38;2;0;0;0m██        
[38;2;0;0;0m██[38;2;255;255;255m██[38;2;255;247;255m██[38;2;99;53;107m██[38;2;99;66;115m████[38;2;0;0;0m██                        ██[38;2;8;8;0m██[38;2;60;49;63m██[38;2;66;66;66m██[38;2;159;132;191m██[38;2;160;154;164m██[38;2;66;61;74m██[38;2;255;255;255m████[38;2;69;68;77m████[38;2;206;140;214m██[38;2;113;85;115m██[38;2;148;79;153m██[38;2;107;73;110m██[38;2;206;148;214m████[38;2;57;53;65m██[38;2;206;148;214m██[38;2;209;152;214m████[38;2;99;66;115m████[38;2;159;136;191m████[38;2;156;127;196m██[38;2;66;49;66m██[38;2;0;0;0m██          
[38;2;0;0;0m██[38;2;255;255;255m██[38;2;66;66;66m██[38;2;0;0;0m██[38;2;103;90;107m████[38;2;206;198;198m██[38;2;0;0;0m██                          ██[38;2;82;74;102m████[38;2;71;78;98m████[38;2;66;66;66m████[38;2;68;74;84m████[38;2;206;148;214m██[38;2;99;66;115m██[38;2;151;83;151m████[38;2;99;66;115m██[38;2;206;148;214m██[38;2;214;140;214m██[38;2;66;61;66m██[38;2;66;66;66m██████[38;2;152;82;152m██[38;2;104;71;115m██[38;2;156;107;172m██[38;2;156;132;188m██[38;2;0;0;0m██            
[38;2;0;0;0m██[38;2;255;255;255m██[38;2;0;0;0m██  [38;2;0;0;8m██[38;2;206;181;206m██[38;2;206;198;198m██[38;2;0;0;0m██                            ██[38;2;82;74;102m██[38;2;99;66;115m████[38;2;99;64;112m████[38;2;68;74;84m██[38;2;156;132;188m██[38;2;206;148;214m██[38;2;99;66;115m██[38;2;151;83;151m████[38;2;99;66;115m██[38;2;206;148;214m██[38;2;66;61;66m██[38;2;140;100;140m██[38;2;152;82;152m██████[38;2;66;66;66m██[38;2;156;107;172m██[38;2;0;0;0m████              
[38;2;0;0;0m  ██      ██[38;2;206;198;198m██[38;2;0;0;0m██                            ██[38;2;156;132;188m██[38;2;74;78;98m████████[38;2;162;136;191m████[38;2;74;70;98m██[38;2;148;78;148m██[38;2;152;84;152m████[38;2;74;66;82m████[38;2;255;255;255m██[38;2;66;66;66m██[38;2;151;82;148m██[38;2;96;157;163m████[38;2;151;82;148m██[38;2;0;0;0m██                  
[38;2;0;0;0m            ██                                ██[38;2;162;136;191m██████████[38;2;74;78;98m██[38;2;99;73;115m████[38;2;152;84;152m██[38;2;99;66;115m██[38;2;74;66;82m██[38;2;255;255;255m████[38;2;66;66;66m██[38;2;151;82;148m██[38;2;96;157;163m████[38;2;151;82;148m██[38;2;66;66;66m██[38;2;0;0;0m██                
[38;2;0;0;0m                                            [38;2;8;0;8m██[38;2;165;132;197m██[38;2;57;61;65m██[38;2;90;85;106m██[38;2;71;78;98m██████[38;2;99;66;115m██████[38;2;66;74;82m██[38;2;159;135;191m██[38;2;66;66;66m██[38;2;255;255;255m██[38;2;66;66;66m██[38;2;152;82;152m██[38;2;151;83;151m████[38;2;152;82;152m████[38;2;66;66;66m██[38;2;206;198;198m██[38;2;0;0;0m██              
[38;2;0;0;0m                                          ██[38;2;86;66;102m██[38;2;165;132;197m██[38;2;156;132;188m██[38;2;57;61;65m██[38;2;99;66;115m████[38;2;71;78;98m████████[38;2;159;135;191m██[38;2;66;74;82m██[38;2;66;66;66m██[38;2;255;255;255m██[38;2;66;66;66m████[38;2;151;83;151m████[38;2;152;82;152m██[38;2;66;66;66m██[38;2;206;198;198m████[38;2;0;0;0m██              
[38;2;0;0;0m                                          ██[38;2;159;132;191m██[38;2;99;66;115m██[38;2;156;132;188m████[38;2;66;66;66m████[38;2;165;132;189m████[38;2;159;136;191m████[38;2;159;132;191m██[38;2;66;66;66m██[38;2;165;132;189m██[38;2;60;49;63m██[38;2;159;132;191m██[38;2;99;66;115m██[38;2;66;66;66m██████[38;2;159;132;191m██[38;2;71;66;79m██[38;2;214;198;222m██[38;2;0;0;0m██              
[38;2;0;0;0m                                        ██[38;2;156;132;188m██[38;2;159;132;191m████[38;2;0;0;0m████[38;2;66;66;66m██[38;2;94;99;94m██[38;2;60;49;63m██[38;2;8;8;0m██[38;2;159;136;191m████[38;2;159;132;191m████[38;2;8;8;0m██[38;2;165;132;189m██[38;2;99;66;115m██[38;2;159;132;191m████[38;2;66;66;66m████[38;2;159;132;191m██[38;2;143;132;151m██[38;2;0;0;8m██[38;2;0;0;0m                
[38;2;0;0;0m                                        ██[38;2;99;66;111m██[38;2;206;198;198m██[38;2;0;0;0m██    ██[38;2;94;99;94m██[38;2;0;0;0m██  ████████  ████[38;2;156;132;188m██[38;2;173;154;185m██[38;2;99;61;115m██[38;2;66;66;66m████[38;2;255;255;255m██[38;2;0;0;0m██                
[38;2;0;0;0m                                          ██[38;2;206;198;198m██[38;2;0;0;0m██      ██                  ██[38;2;99;61;115m██[38;2;247;247;255m██[38;2;66;66;66m██[38;2;0;0;0m██[38;2;255;255;255m██[38;2;0;0;0m██                
[38;2;0;0;0m                                            ██                              ██[38;2;255;255;255m██[38;2;0;0;0m██  ██                  
[38;2;0;0;0m                                                                              ██                        [0m
