
[38;2;0;0;0m                  ████████                                  
[38;2;0;0;0m              ████[38;2;107;74;75m████[38;2;0;0;0m██          ██████████                
[38;2;0;0;0m            ██[38;2;140;107;108m██[38;2;107;74;75m██[38;2;0;0;0m████        ████[38;2;140;107;108m██[38;2;107;74;75m████[38;2;0;0;0m██                  
[38;2;0;0;0m          ██[38;2;107;74;75m████[38;2;0;0;0m██        ████[38;2;140;107;108m██[38;2;107;75;75m████[38;2;66;66;66m████[38;2;173;173;173m██[38;2;8;8;8m██[38;2;0;0;0m██              
[38;2;0;0;0m          ██[38;2;140;107;108m██[38;2;107;74;75m██[38;2;0;0;0m██      ██[38;2;107;74;75m██[38;2;140;107;108m██[38;2;70;53;54m██[38;2;107;75;75m██[38;2;66;49;50m██[38;2;192;192;192m██[38;2;255;255;255m████████[38;2;0;0;0m██            
[38;2;0;0;0m        ██[38;2;137;104;105m██[38;2;148;111;108m██[38;2;8;4;8m██[38;2;0;0;0m  ██[38;2;8;0;0m████[38;2;104;77;78m██[38;2;140;107;108m██[38;2;107;75;75m████[38;2;66;57;58m████[38;2;255;255;255m██████████[38;2;140;107;108m██[38;2;0;0;0m████        
[38;2;0;0;0m        ██[38;2;69;52;53m██[38;2;101;75;75m██[38;2;55;40;41m██[38;2;0;0;0m██[38;2;82;99;106m██[38;2;132;132;140m██[38;2;49;44;47m██[38;2;69;46;47m██[38;2;104;77;78m██[38;2;107;75;75m██[38;2;66;49;50m██[38;2;90;94;98m██[38;2;115;132;139m██[38;2;66;66;66m██[38;2;255;255;255m██████[38;2;217;206;206m██[38;2;255;255;255m██[38;2;255;255;247m██[38;2;85;85;82m██[38;2;0;0;0m██      
[38;2;0;0;0m        ██[38;2;137;104;105m██[38;2;107;75;75m████[38;2;66;49;50m██[38;2;121;137;142m██[38;2;66;49;50m██[38;2;107;75;75m████[38;2;66;49;50m██[38;2;93;77;80m██[38;2;74;49;50m██[38;2;123;132;139m████[38;2;93;99;104m██[38;2;63;66;68m██[38;2;255;255;255m██████████[38;2;82;66;66m████[38;2;0;0;0m██    
[38;2;0;0;0m        ██[38;2;69;52;53m██[38;2;66;49;50m██[38;2;107;75;75m██[38;2;66;49;50m██[38;2;93;93;96m██[38;2;66;49;50m██[38;2;107;75;75m██████[38;2;74;49;50m██[38;2;132;132;140m██[38;2;123;132;139m████████[38;2;66;66;66m██[38;2;255;255;255m████[38;2;82;66;66m████████[38;2;0;0;0m██    
[38;2;0;0;0m        ██[38;2;107;74;75m██[38;2;107;75;75m████[38;2;66;49;50m████[38;2;107;75;75m██[38;2;66;49;50m██[38;2;107;75;75m████[38;2;66;57;58m██[38;2;123;131;139m██[38;2;123;132;139m████[38;2;124;132;140m████[38;2;66;66;66m██[38;2;255;255;255m████[38;2;82;66;66m██[38;2;82;67;66m████[38;2;82;66;66m████[38;2;0;0;0m██  
[38;2;0;0;0m        ██[38;2;71;49;50m██[38;2;107;75;75m██[38;2;66;49;50m██[38;2;255;255;255m██[38;2;66;49;50m██[38;2;107;75;75m████[38;2;66;49;50m████[38;2;123;131;139m██[38;2;66;57;58m██[38;2;123;132;139m████[38;2;124;132;140m██[38;2;82;99;106m██[38;2;129;129;129m██[38;2;66;66;66m██[38;2;255;255;255m████[38;2;82;67;66m████[38;2;255;255;255m██[38;2;197;192;192m██[38;2;0;0;0m██  
[38;2;0;0;0m      ██[38;2;82;98;106m██[38;2;66;49;50m████[38;2;255;255;255m██[38;2;66;49;50m████[38;2;107;75;75m██████[38;2;66;49;50m██[38;2;63;66;68m██[38;2;123;132;139m██████████████[38;2;66;66;66m██[38;2;255;255;255m██[38;2;82;66;66m████[38;2;255;255;255m██████[38;2;0;0;0m██
[38;2;0;0;0m      ██[38;2;82;98;106m██[38;2;66;49;50m██[38;2;255;255;255m██████[38;2;66;49;50m████[38;2;107;75;75m████[38;2;66;49;50m██[38;2;93;99;104m██[38;2;123;132;139m██████████████[38;2;66;66;66m██[38;2;255;255;255m████████████[38;2;0;0;0m██
[38;2;0;0;0m    ██[38;2;82;99;106m██[38;2;120;115;118m██[38;2;57;45;49m██[38;2;255;255;255m████[38;2;66;49;50m████[38;2;123;131;139m██[38;2;66;49;50m████[38;2;66;67;66m██[38;2;123;132;139m████████████[38;2;124;132;140m████[38;2;66;66;66m██[38;2;255;255;255m██████████[38;2;214;198;198m██[38;2;0;0;0m██
[38;2;0;0;0m    ██[38;2;82;99;106m██[38;2;57;45;49m██[38;2;247;255;255m██[38;2;255;255;255m████[38;2;66;49;50m██[38;2;123;131;139m██[38;2;66;49;50m████████[38;2;66;66;66m██[38;2;123;132;139m██████████[38;2;124;132;140m██[38;2;82;99;106m██[38;2;66;66;66m██[38;2;255;255;255m████████[38;2;214;198;198m██[38;2;0;0;0m██  
[38;2;0;0;0m    [38;2;8;0;0m██[38;2;85;99;103m██[38;2;66;49;50m██[38;2;255;255;255m████[38;2;66;49;50m██████[38;2;66;61;58m██[38;2;255;255;255m██[38;2;239;206;135m██[38;2;66;57;58m██[38;2;66;66;66m██[38;2;123;132;139m██[38;2;124;132;140m████████[38;2;88;99;104m██[38;2;60;66;68m██[38;2;255;255;255m████[38;2;214;197;198m██[38;2;255;255;255m██[38;2;214;197;198m██[38;2;255;255;255m██[38;2;214;198;198m██[38;2;0;0;0m██
[38;2;0;0;0m  ██[38;2;85;99;103m██[38;2;46;49;52m██[38;2;255;255;255m██████[38;2;66;49;50m████[38;2;239;206;135m██[38;2;66;61;58m████[38;2;239;206;135m██[38;2;66;57;58m██[38;2;123;132;139m████[38;2;124;132;140m██[38;2;82;99;106m██[38;2;124;132;140m██[38;2;82;99;106m██[38;2;115;132;139m██[38;2;88;99;104m██[38;2;74;70;66m██[38;2;195;193;192m██[38;2;255;255;255m██[38;2;214;197;198m██[38;2;255;255;255m██[38;2;214;197;198m██[38;2;214;198;198m██[38;2;0;0;0m██
[38;2;0;0;0m██[38;2;107;74;75m██[38;2;66;49;50m████[38;2;255;255;255m████████[38;2;66;50;50m████[38;2;239;206;135m████[38;2;66;66;66m██[38;2;123;132;139m██[38;2;124;132;140m████[38;2;82;99;106m██[38;2;124;132;140m██[38;2;82;99;106m██[38;2;124;132;140m██[38;2;82;102;106m████[38;2;66;66;66m██[38;2;214;198;198m██[38;2;214;200;198m████[38;2;214;198;198m██[38;2;66;49;50m████[38;2;0;0;0m██
[38;2;0;0;0m  ██[38;2;107;75;75m██[38;2;66;49;50m██[38;2;211;195;198m██[38;2;123;74;83m██[38;2;255;255;255m████[38;2;66;50;50m████[38;2;66;49;50m████[38;2;123;132;139m████[38;2;82;99;106m████████[38;2;124;132;140m██[38;2;82;99;106m██[38;2;82;102;106m████[38;2;66;66;66m██[38;2;214;198;198m██[38;2;214;200;198m████[38;2;66;49;50m████[38;2;0;0;0m██  
[38;2;0;0;0m    ██[38;2;107;74;75m██[38;2;57;66;65m██[38;2;206;198;198m██[38;2;214;198;198m████[38;2;206;198;198m██[38;2;57;66;65m██[38;2;66;49;50m██[38;2;123;115;115m██[38;2;66;49;50m████[38;2;82;99;106m██[38;2;71;66;69m██[38;2;82;102;106m████████[38;2;82;99;106m██[38;2;66;66;66m██[38;2;214;200;198m████[38;2;66;50;50m████[38;2;66;49;50m████[38;2;0;0;0m██  
[38;2;0;0;0m      ██[38;2;107;110;109m██[38;2;57;66;65m██[38;2;66;66;66m████[38;2;57;66;65m██[38;2;107;110;109m██[38;2;104;93;93m██[38;2;66;49;50m██[38;2;107;75;75m████[38;2;66;49;50m██[38;2;82;99;106m██[38;2;82;102;106m████████[38;2;82;99;106m██[38;2;66;66;66m██[38;2;214;200;198m████[38;2;66;50;50m████[38;2;66;49;50m██[38;2;0;0;0m██    
[38;2;0;0;0m        ██[38;2;82;99;106m██████[38;2;82;102;106m████[38;2;82;99;106m████[38;2;74;49;50m██[38;2;85;75;77m██[38;2;66;49;50m██[38;2;82;98;106m██[38;2;82;102;106m████[38;2;107;110;109m██[38;2;57;66;65m██[38;2;66;66;66m██[38;2;214;198;198m██[38;2;214;200;198m████[38;2;214;198;198m██[38;2;71;66;66m██[38;2;0;0;0m██      
[38;2;0;0;0m          ██[38;2;82;99;106m██[38;2;66;66;66m██[38;2;82;102;106m████[38;2;82;99;106m██[38;2;66;66;66m██[38;2;96;101;104m██[38;2;74;49;50m██[38;2;82;98;106m████[38;2;82;102;106m████[38;2;57;66;65m██[38;2;206;198;198m██[38;2;214;198;198m████[38;2;214;200;198m████[38;2;71;66;66m██[38;2;0;0;0m██        
[38;2;0;0;0m        ██[38;2;82;99;106m██[38;2;66;66;66m██[38;2;82;99;106m██[38;2;55;66;71m██[38;2;82;99;106m██[38;2;66;66;66m██[38;2;82;99;106m██[38;2;66;66;66m██[38;2;82;99;106m██████[38;2;107;110;109m██[38;2;57;66;65m██[38;2;214;200;198m████[38;2;115;101;99m██[38;2;222;198;198m████[38;2;79;69;66m██[38;2;71;49;50m██[38;2;0;0;0m██        
[38;2;0;0;0m          ██[38;2;82;99;106m████[38;2;0;0;0m██[38;2;82;99;106m██[38;2;66;66;66m██[38;2;82;99;106m████[38;2;66;66;66m██[38;2;55;66;71m██[38;2;0;0;0m██[38;2;57;66;65m██[38;2;206;198;198m██[38;2;214;200;198m████[38;2;222;198;198m██[38;2;8;4;0m████[38;2;79;69;66m██[38;2;107;74;75m██[38;2;0;0;0m██        
[38;2;0;0;0m          ██[38;2;82;99;106m██[38;2;0;0;0m██  ██[38;2;82;99;106m██[38;2;55;66;71m██[38;2;0;0;0m██[38;2;82;99;106m██[38;2;0;0;0m██  ██[38;2;66;58;58m██[38;2;66;60;61m████[38;2;0;0;0m██    ████          
[38;2;0;0;0m            ██    ██[38;2;82;99;106m██[38;2;0;0;0m██  ██    ██[38;2;66;58;58m██[38;2;66;60;61m██[38;2;0;0;0m██                    
[38;2;0;0;0m                    ██        ██[38;2;66;57;58m████[38;2;69;52;53m██[38;2;0;0;0m██                    
[38;2;0;0;0m                              ██[38;2;140;106;108m██[38;2;66;57;58m██[38;2;137;104;105m██[38;2;0;0;0m██                    
[38;2;0;0;0m                                ██████                      [0m
