
[38;2;0;0;0m                        [38;2;24;18;15m  [38;2;45;35;27m████[38;2;40;31;24m  [38;2;0;0;0m          
[38;2;0;0;0m                      [38;2;134;107;82m██[38;2;151;115;92m██[38;2;168;130;101m████[38;2;164;126;98m██[38;2;134;103;82m██[38;2;0;0;0m        
[38;2;0;0;0m                    [38;2;99;87;79m██[38;2;167;129;102m██[38;2;168;130;101m██████████[38;2;137;104;84m██[38;2;0;0;0m      
[38;2;0;0;0m                    [38;2;116;98;87m██[38;2;164;126;101m██[38;2;201;191;179m██[38;2;168;130;101m████████[38;2;165;127;99m██[38;2;47;36;28m  [38;2;0;0;0m    
[38;2;0;0;0m                  [38;2;18;0;0m  [38;2;122;87;79m██[38;2;171;116;102m██[38;2;118;90;79m██[38;2;168;130;101m████████[38;2;167;130;101m██[38;2;51;40;31m██[38;2;0;0;0m    
[38;2;0;0;0m        [38;2;58;47;36m  [38;2;164;126;100m██[38;2;164;125;100m████[38;2;0;0;0m  [38;2;109;80;81m  [38;2;250;205;210m██[38;2;147;74;68m██[38;2;151;107;91m██[38;2;168;130;101m████████[38;2;162;123;101m██[38;2;43;29;28m██[38;2;0;0;0m    
[38;2;0;0;0m      [38;2;137;105;84m██[38;2;168;130;101m████████[38;2;144;113;93m██[38;2;151;106;114m██[38;2;255;156;175m██[38;2;229;152;164m██[38;2;167;84;85m██[38;2;168;130;101m████[38;2;167;130;101m██[38;2;157;117;99m██[38;2;114;77;74m██[38;2;0;0;0m      
[38;2;0;0;0m    [38;2;54;43;36m██[38;2;168;130;105m██[38;2;168;130;101m██████████[38;2;78;67;69m██[38;2;145;79;76m██[38;2;154;68;69m██[38;2;151;98;91m██[38;2;164;126;102m████[38;2;140;94;92m██[38;2;140;97;92m██[38;2;114;77;74m██[38;2;0;0;0m      
[38;2;0;0;0m    [38;2;41;41;41m██[38;2;160;128;107m██[38;2;178;158;140m██[38;2;174;139;112m██[38;2;168;130;101m██████[38;2;175;118;98m██[38;2;103;80;78m██[38;2;140;96;90m██[38;2;144;96;90m██[38;2;140;95;92m████[38;2;140;96;92m██[38;2;140;97;92m██[38;2;41;28;26m  [38;2;0;0;0m      
[38;2;0;0;0m    [38;2;25;20;20m██[38;2;149;106;90m██[38;2;128;102;89m██[38;2;158;122;95m██[38;2;168;130;101m████[38;2;165;127;100m██[38;2;125;97;85m██[38;2;96;78;76m██[38;2;126;91;87m██[38;2;133;95;89m██[38;2;140;96;92m████[38;2;144;102;93m██[38;2;143;100;93m██[38;2;0;0;0m        
[38;2;0;0;0m    [38;2;198;168;173m██[38;2;227;131;145m██[38;2;144;85;75m██[38;2;162;123;97m██[38;2;168;130;101m████[38;2;90;79;74m██[38;2;136;108;90m██[38;2;137;109;91m██[38;2;138;109;91m██[38;2;111;90;80m██[38;2;90;75;74m██[38;2;151;110;96m██[38;2;148;105;95m██[38;2;151;109;96m██[38;2;0;0;0m        
[38;2;0;0;0m    [38;2;206;126;141m██[38;2;255;156;172m██[38;2;225;148;156m██[38;2;153;78;82m██[38;2;148;109;98m██[38;2;71;68;67m██[38;2;168;130;101m██████████[38;2;159;122;99m██[38;2;107;87;79m██[38;2;160;114;97m██[38;2;92;76;75m██[38;2;72;71;69m██[38;2;10;11;10m  [38;2;0;0;0m    
[38;2;0;0;0m    [38;2;16;8;9m  [38;2;135;99;106m██[38;2;158;83;83m██[38;2;142;96;90m██[38;2;116;86;83m██[38;2;142;111;92m██[38;2;167;129;102m██[38;2;167;129;101m██[38;2;168;130;101m██████[38;2;167;129;101m██[38;2;107;91;80m██[38;2;132;94;88m██[38;2;70;67;67m██[38;2;126;117;118m██[38;2;136;138;143m██[38;2;0;0;0m    
[38;2;0;0;0m    [38;2;94;87;91m██[38;2;82;71;74m██[38;2;140;96;90m██[38;2;140;96;91m██[38;2;110;84;81m██[38;2;160;120;98m██[38;2;177;159;148m██[38;2;167;129;101m██[38;2;183;152;127m██[38;2;159;129;106m██[38;2;168;130;101m████[38;2;123;98;85m██[38;2;68;68;68m██[38;2;112;106;107m██[38;2;90;94;104m██[38;2;136;139;147m██[38;2;161;166;174m██[38;2;30;32;34m██
[38;2;0;0;0m  [38;2;82;82;86m  [38;2;112;112;117m██[38;2;113;111;114m██[38;2;72;68;68m████[38;2;110;83;81m██[38;2;134;102;88m██[38;2;110;93;81m██[38;2;167;129;101m██[38;2;136;106;84m██[38;2;145;129;115m██[38;2;168;130;101m████[38;2;151;109;95m██[38;2;73;72;72m██[38;2;126;119;121m██[38;2;117;111;114m██[38;2;107;108;116m██[38;2;15;15;16m██[38;2;4;4;4m  
[38;2;15;14;14m  [38;2;109;104;104m██[38;2;157;157;162m██[38;2;118;118;126m██[38;2;142;149;158m██[38;2;180;180;189m██[38;2;81;81;82m██[38;2;142;80;78m██[38;2;196;132;134m██[38;2;192;115;116m██[38;2;133;80;78m██[38;2;172;123;101m██[38;2;160;121;100m██[38;2;153;112;97m██[38;2;140;95;92m██[38;2;70;70;71m██[38;2;105;103;110m██[38;2;108;105;111m██[38;2;32;32;34m██[38;2;0;0;0m    
[38;2;0;0;0m  ██[38;2;158;161;167m██[38;2;94;96;106m██[38;2;180;181;189m██[38;2;100;104;108m██[38;2;124;129;136m██[38;2;73;74;74m██[38;2;254;156;175m████[38;2;205;110;121m██[38;2;140;96;89m██[38;2;140;97;92m████[38;2;135;102;99m██[38;2;68;69;70m██[38;2;86;92;102m██[38;2;105;99;99m██[38;2;0;0;0m      
[38;2;0;0;0m    [38;2;17;16;16m  [38;2;57;53;53m██[38;2;74;72;76m██[38;2;120;118;120m██[38;2;176;181;190m██[38;2;129;132;138m██[38;2;106;65;66m██[38;2;146;81;80m██[38;2;143;89;85m██[38;2;140;96;90m██[38;2;140;96;92m██[38;2;99;80;77m██[38;2;99;88;87m██[38;2;115;109;114m██[38;2;147;155;165m██[38;2;106;103;103m██[38;2;38;37;37m██[38;2;0;0;0m    
[38;2;0;0;0m          [38;2;99;94;94m  [38;2;143;141;145m██[38;2;175;180;191m██[38;2;172;177;187m██[38;2;73;73;73m██[38;2;71;70;70m██[38;2;68;68;69m██[38;2;71;72;72m██[38;2;126;118;118m██[38;2;126;117;118m██[38;2;94;97;106m██[38;2;150;154;159m██[38;2;93;93;94m  [38;2;0;1;2m  [38;2;0;0;0m    
[38;2;0;0;0m            [38;2;125;118;118m██[38;2;140;139;141m██[38;2;116;119;124m██[38;2;101;101;109m██[38;2;126;117;118m██[38;2;89;94;105m██[38;2;113;116;121m██[38;2;126;119;121m████[38;2;123;117;119m██[38;2;67;69;71m██[38;2;0;0;0m        
[38;2;0;0;0m              [38;2;96;90;90m  [38;2;38;42;45m  [38;2;65;67;69m  [38;2;124;120;121m██[38;2;125;118;120m██[38;2;111;108;112m██[38;2;96;90;90m  [38;2;61;57;57m  [38;2;97;92;92m██[38;2;19;19;19m  [38;2;0;0;0m        
[38;2;0;0;0m                  [38;2;0;1;2m  [38;2;33;33;33m██[38;2;34;32;32m██[38;2;34;31;32m██[38;2;0;0;0m                [0m
