
[38;2;0;0;0m                    ██████    ██████                
[38;2;0;0;0m                  ██[38;2;107;107;99m██[38;2;222;222;198m████[38;2;0;0;0m████[38;2;107;107;91m██[38;2;198;198;166m██[38;2;0;0;0m██                
[38;2;0;0;0m                  ██[38;2;222;222;198m████████[38;2;214;214;182m████[38;2;0;0;0m██                  
[38;2;0;0;0m                    ██[38;2;206;206;174m██[38;2;222;222;190m██[38;2;140;140;124m████[38;2;0;0;0m██                    
[38;2;0;0;0m                  ██[38;2;206;206;174m████[38;2;195;195;168m████[38;2;0;0;0m██                      
[38;2;0;0;0m                  ██[38;2;106;106;98m████████[38;2;0;0;0m██                      
[38;2;0;0;0m                ██[38;2;107;107;99m██[38;2;189;189;181m████████[38;2;107;107;99m██[38;2;0;0;0m██                    
[38;2;0;0;0m              ██[38;2;195;193;187m██[38;2;134;132;126m██[38;2;107;103;91m████[38;2;106;106;98m████[38;2;140;140;124m████[38;2;0;0;0m██                  
[38;2;0;0;0m              ██[38;2;74;70;66m██[38;2;255;255;247m████[38;2;156;154;143m██[38;2;189;189;181m████[38;2;140;140;124m██[38;2;66;66;66m██[38;2;0;0;0m██                  
[38;2;0;0;0m            ██[38;2;132;132;121m██[38;2;247;255;255m██[38;2;222;99;70m████[38;2;247;255;255m██[38;2;107;111;99m██████[38;2;134;137;126m██[38;2;132;137;119m██[38;2;0;0;8m██[38;2;0;0;0m                
[38;2;0;0;0m            ██[38;2;198;198;182m██[38;2;239;203;193m██[38;2;222;99;70m████[38;2;239;203;193m██[38;2;134;137;126m██[38;2;189;189;181m████[38;2;134;137;126m██[38;2;66;69;63m██[38;2;198;206;174m██[38;2;0;0;0m██              
[38;2;0;0;0m        ████[38;2;140;140;124m██[38;2;104;103;96m██[38;2;145;145;132m██[38;2;222;222;198m████[38;2;145;145;132m██[38;2;189;189;181m████[38;2;140;140;124m██[38;2;107;107;99m██[38;2;66;66;66m██[38;2;198;198;166m██[38;2;206;206;174m██[38;2;0;0;0m██            
[38;2;0;0;0m      ████[38;2;189;189;181m██[38;2;140;140;124m██[38;2;69;65;69m██[38;2;107;107;99m████████[38;2;106;106;98m████[38;2;107;107;99m██[38;2;140;140;124m██[38;2;66;66;66m██[38;2;198;198;166m██[38;2;206;206;174m████[38;2;0;0;0m██          
[38;2;0;0;0m    ████[38;2;192;193;181m██[38;2;129;132;124m██[38;2;66;66;66m████[38;2;189;189;181m████[38;2;129;129;123m██[38;2;189;189;181m██[38;2;189;192;181m████[38;2;140;140;124m████[38;2;107;107;99m██[38;2;66;66;66m██[38;2;222;222;198m██████[38;2;0;0;0m██        
[38;2;0;0;0m████[38;2;222;222;198m██[38;2;148;148;132m██[38;2;66;70;66m████[38;2;66;66;66m██[38;2;189;189;181m████[38;2;140;140;124m██[38;2;68;68;66m██[38;2;189;189;181m██[38;2;189;192;181m████[38;2;69;65;69m██[38;2;104;103;96m██[38;2;66;66;66m████[38;2;222;222;198m██████[38;2;0;0;0m██        
[38;2;0;0;0m██[38;2;222;222;198m██[38;2;66;66;66m██[38;2;144;144;132m██[38;2;222;222;198m██[38;2;74;74;66m██[38;2;66;66;66m████[38;2;140;140;124m██[38;2;66;66;66m████[38;2;140;140;124m██████[38;2;66;66;66m████[38;2;222;222;198m██[38;2;66;66;66m████[38;2;222;222;198m██████[38;2;0;0;0m████    
[38;2;0;0;0m  ██[38;2;66;66;66m██[38;2;222;222;198m██[38;2;0;0;0m████[38;2;140;140;124m██[38;2;66;66;66m██████[38;2;140;140;124m██[38;2;66;66;66m████████[38;2;222;222;198m██[38;2;144;144;132m██[38;2;222;222;198m██[38;2;144;144;132m██[38;2;66;66;66m██[38;2;222;222;198m██[38;2;198;198;166m██[38;2;66;66;55m██[38;2;198;198;166m██[38;2;0;0;0m██  
[38;2;0;0;0m    ████  ██[38;2;104;103;96m████[38;2;140;140;124m██████████[38;2;104;103;96m██[38;2;66;66;66m████[38;2;107;107;99m██[38;2;222;222;198m██[38;2;107;107;99m██[38;2;198;198;166m██[38;2;66;66;55m██[38;2;198;198;166m██████[38;2;0;0;0m██  
[38;2;0;0;0m        ██[38;2;107;107;99m██[38;2;69;65;69m██[38;2;140;140;124m██[38;2;107;107;99m████████[38;2;69;65;69m██[38;2;140;140;124m████[38;2;66;66;66m██[38;2;107;107;99m██████[38;2;198;198;166m██[38;2;0;0;0m████[38;2;198;198;166m██[38;2;0;0;0m██[38;2;198;198;166m██[38;2;0;0;0m██
[38;2;0;0;0m        ██[38;2;107;107;99m████[38;2;66;66;66m██[38;2;55;55;49m██[38;2;148;148;132m██[38;2;137;137;127m██[38;2;69;69;63m██[38;2;107;107;99m████[38;2;104;104;96m██[38;2;66;66;66m██[38;2;198;206;166m██[38;2;66;69;66m██[38;2;66;66;66m██[38;2;0;0;0m██    ██  ████
[38;2;0;0;0m          ██[38;2;107;107;99m████[38;2;101;101;91m██[38;2;8;8;8m██[38;2;0;0;0m████[38;2;140;140;124m████[38;2;143;143;127m██[38;2;66;66;66m██[38;2;66;69;66m██[38;2;132;137;116m██[38;2;0;0;0m██              
[38;2;0;0;0m            ██████    ██[38;2;101;100;91m████[38;2;107;107;99m██████████[38;2;0;0;0m██            
[38;2;0;0;0m                        [38;2;8;4;8m██[38;2;148;148;132m██[38;2;140;140;124m████████[38;2;0;0;0m██              
[38;2;0;0;0m                          ██████████                [0m
