
[38;2;0;0;0m                [38;2;29;16;19m  [38;2;64;36;43m████[38;2;0;0;0m                    
[38;2;0;0;0m              [38;2;179;101;121m  [38;2;217;123;147m██[38;2;159;64;85m██[38;2;157;62;83m██[38;2;150;47;72m██[38;2;66;21;32m  [38;2;0;0;0m                
[38;2;0;0;0m          [38;2;66;37;43m  [38;2;247;139;166m██[38;2;229;118;146m██[38;2;150;47;70m██[38;2;191;61;92m██[38;2;192;61;93m████[38;2;189;61;93m██[38;2;180;58;88m██[38;2;23;7;11m  [38;2;0;0;0m            
[38;2;0;0;0m        [38;2;72;41;49m  [38;2;241;137;160m██[38;2;214;103;129m██[38;2;182;64;94m██[38;2;192;63;93m████████████[38;2;170;55;83m██[38;2;0;0;0m            
[38;2;0;0;0m        [38;2;141;71;85m██[38;2;244;137;163m██[38;2;156;49;73m██[38;2;192;63;93m████[38;2;172;54;81m██[38;2;171;54;81m██[38;2;172;54;81m██[38;2;192;63;93m████[38;2;190;61;93m██[38;2;57;18;28m  [38;2;0;0;0m          
[38;2;0;0;0m        [38;2;213;92;123m██[38;2;203;80;109m██[38;2;187;61;90m██[38;2;192;63;93m██[38;2;141;59;75m██[38;2;141;124;118m██[38;2;140;126;119m██[38;2;138;125;118m██[38;2;139;43;64m██[38;2;192;61;93m██[38;2;192;62;93m██[38;2;168;55;81m██[38;2;0;0;0m          
[38;2;0;0;0m        [38;2;164;76;99m██[38;2;192;61;93m██[38;2;177;61;86m██[38;2;156;60;79m██[38;2;98;77;76m██[38;2;141;138;128m██[38;2;122;121;111m██[38;2;140;139;128m██[38;2;136;133;122m██[38;2;139;75;84m██[38;2;174;62;88m██[38;2;102;33;49m  [38;2;0;0;0m          
[38;2;0;0;0m        [38;2;67;21;33m██[38;2;192;60;93m██[38;2;119;47;59m██[38;2;14;28;15m██[38;2;3;3;2m  [38;2;85;82;72m██[38;2;122;121;111m██[38;2;142;138;128m██[38;2;125;123;113m██[38;2;139;122;115m██[38;2;124;38;57m██[38;2;0;0;0m            
[38;2;0;0;0m          [38;2;94;30;46m  [38;2;63;20;31m██[38;2;0;0;0m    [38;2;91;88;80m  [38;2;104;103;93m██[38;2;127;126;116m██[38;2;117;117;109m██[38;2;0;0;0m                
[38;2;0;0;0m                [38;2;85;87;82m  [38;2;200;198;189m██[38;2;194;193;184m██[38;2;199;198;189m██[38;2;197;195;187m██[38;2;175;175;168m  [38;2;0;0;0m              
[38;2;0;0;0m              [38;2;45;45;40m  [38;2;122;122;114m██[38;2;153;153;142m██[38;2;128;125;114m██[38;2;200;198;190m██[38;2;199;198;190m██[38;2;193;193;185m██[38;2;112;111;107m██[38;2;175;174;167m██[38;2;0;0;0m          
[38;2;0;0;0m              [38;2;95;95;84m██[38;2;200;199;190m██[38;2;106;106;93m██[38;2;199;197;189m██[38;2;197;194;187m██[38;2;66;66;66m██[38;2;71;71;69m██[38;2;148;146;141m██[38;2;200;198;189m██[38;2;70;70;67m██[38;2;0;0;0m        
[38;2;0;0;0m            [38;2;39;39;36m  [38;2;164;159;152m██[38;2;147;149;143m██[38;2;131;131;126m██[38;2;119;102;77m██[38;2;123;98;76m██[38;2;199;181;98m██[38;2;75;75;74m██[38;2;198;198;190m██[38;2;168;168;157m██[38;2;61;59;57m██[38;2;0;0;0m    [38;2;22;22;21m  [38;2;27;27;25m██
[38;2;0;0;0m            [38;2;81;81;78m██[38;2;78;81;77m██[38;2;73;73;71m██[38;2;81;80;69m██[38;2;81;81;67m██[38;2;89;89;74m██[38;2;76;72;66m██[38;2;87;82;66m██[38;2;202;198;172m██[38;2;131;132;120m██[38;2;76;75;67m██[38;2;2;2;2m  [38;2;1;1;1m  [38;2;193;193;185m██[38;2;51;51;49m██
[38;2;0;0;0m        [38;2;39;39;38m  [38;2;111;111;107m██[38;2;106;106;102m██[38;2;138;139;129m██[38;2;116;116;110m██[38;2;143;137;70m██[38;2;145;138;68m██[38;2;219;212;148m██[38;2;171;161;68m██[38;2;144;131;92m██[38;2;149;145;136m██[38;2;136;137;128m██[38;2;98;96;91m██[38;2;79;78;74m██[38;2;132;131;126m██[38;2;129;128;123m██[38;2;22;22;21m  
[38;2;0;0;0m        [38;2;64;64;61m  [38;2;195;195;188m██[38;2;144;144;139m██[38;2;128;128;118m██[38;2;77;77;76m████[38;2;114;92;71m██[38;2;159;116;72m██[38;2;164;119;70m██[38;2;241;215;108m██[38;2;137;132;92m██[38;2;176;177;172m██[38;2;86;85;84m██[38;2;198;194;187m██[38;2;189;185;179m██[38;2;229;220;213m██[38;2;51;51;49m██
[38;2;0;0;0m        [38;2;41;13;20m  [38;2;183;105;122m██[38;2;141;94;104m██[38;2;140;140;136m██[38;2;221;218;210m██[38;2;201;198;190m██[38;2;180;175;152m██[38;2;110;105;81m██[38;2;126;117;78m██[38;2;183;147;84m██[38;2;90;147;215m██[38;2;20;23;27m  [38;2;16;16;16m  [38;2;137;99;107m██[38;2;116;79;89m██[38;2;153;123;128m██[38;2;51;51;49m██
[38;2;0;0;0m      [38;2;20;6;10m  [38;2;197;186;181m██[38;2;192;79;102m██[38;2;120;119;116m██[38;2;231;224;216m██[38;2;218;213;205m██[38;2;198;198;190m██[38;2;136;134;125m██[38;2;132;131;121m██[38;2;140;140;129m██[38;2;75;75;74m██[38;2;64;107;155m██[38;2;0;0;0m    [38;2;54;54;52m██[38;2;171;142;144m██[38;2;54;37;39m  [38;2;0;0;0m  
[38;2;0;0;0m  [38;2;8;0;0m  [38;2;150;104;113m██[38;2;144;89;99m██[38;2;146;63;83m██[38;2;67;27;35m██[38;2;94;93;90m██[38;2;198;197;190m██[38;2;200;197;190m██[38;2;198;197;190m██[38;2;111;109;98m██[38;2;83;80;70m██[38;2;140;140;129m██[38;2;141;141;127m██[38;2;57;57;51m██[38;2;0;0;0m    [38;2;194;109;126m██[38;2;202;162;166m██[38;2;2;0;0m  [38;2;0;0;0m  
[38;2;8;2;4m  [38;2;139;74;88m██[38;2;148;104;111m██[38;2;52;26;26m  [38;2;0;0;0m      [38;2;174;174;167m██[38;2;190;187;179m██[38;2;141;140;130m██[38;2;116;114;104m██[38;2;140;139;129m██[38;2;140;140;129m██[38;2;132;132;118m██[38;2;0;0;0m      [38;2;193;82;107m██[38;2;55;21;28m██[38;2;0;0;0m    
[38;2;15;4;7m██[38;2;57;18;28m██[38;2;0;0;0m          [38;2;39;39;37m  [38;2;140;140;129m██████████[38;2;39;39;37m  [38;2;0;0;0m    [38;2;88;88;84m  [38;2;188;162;163m██[38;2;18;8;9m  [38;2;0;0;0m    
[38;2;0;0;0m                  [38;2;109;109;97m  [38;2;111;111;99m██[38;2;109;109;97m  [38;2;0;0;0m        [38;2;121;39;59m██[38;2;123;39;60m  [38;2;0;0;0m      
[38;2;0;0;0m                                [38;2;121;39;59m██[38;2;0;0;0m        [0m
