
[38;2;0;0;0m                          [38;2;117;190;102m██[38;2;13;22;11m  [38;2;0;0;0m                  
[38;2;0;0;0m                        [38;2;79;129;69m  [38;2;88;143;77m██[38;2;0;0;0m                    
[38;2;0;0;0m      [38;2;32;60;46m  [38;2;45;83;64m██[38;2;20;37;28m██[38;2;9;17;13m  [38;2;0;0;0m        [38;2;6;11;8m  [38;2;72;138;92m██[38;2;0;0;0m        [38;2;44;71;38m████[38;2;19;31;16m  [38;2;0;0;0m        
[38;2;0;0;0m        [38;2;2;5;4m  [38;2;54;102;78m██[38;2;52;97;75m██[38;2;0;0;0m        [38;2;18;32;23m██[38;2;80;144;104m██[38;2;0;0;0m    [38;2;44;72;39m  [38;2;113;183;99m██[38;2;73;119;64m██[38;2;14;24;12m██[38;2;6;10;5m  [38;2;0;0;0m        
[38;2;0;0;0m            [38;2;44;82;63m██[38;2;53;100;77m██[38;2;9;17;13m  [38;2;0;0;0m    [38;2;80;144;104m██[38;2;18;32;23m██[38;2;0;0;0m  [38;2;28;52;37m  [38;2;95;175;109m██[38;2;76;124;67m██[38;2;0;0;0m    [38;2;13;24;19m  [38;2;23;43;33m██████[38;2;6;11;9m  
[38;2;33;54;29m  [38;2;123;199;107m████[38;2;88;172;107m██[38;2;43;77;56m  [38;2;0;0;0m  [38;2;33;34;33m██[38;2;56;104;80m██[38;2;54;101;78m██[38;2;0;0;0m    [38;2;56;105;80m██[38;2;13;24;18m██[38;2;24;43;31m  [38;2;79;143;103m██[38;2;74;114;88m██[38;2;4;4;4m██[38;2;25;47;36m  [38;2;53;99;76m██[38;2;55;102;78m██[38;2;50;93;71m██[38;2;2;4;3m████[38;2;0;1;0m  
[38;2;0;0;0m    [38;2;14;25;18m  [38;2;40;72;52m██[38;2;57;103;74m██[38;2;80;144;104m██[38;2;84;120;86m██[38;2;93;132;86m██[38;2;60;84;72m██[38;2;51;96;74m██[38;2;30;38;34m██[38;2;56;104;80m██[38;2;62;73;67m██[38;2;80;144;104m██[38;2;73;109;86m██[38;2;62;71;67m██[38;2;56;102;79m██[38;2;60;84;72m██[38;2;59;83;71m██[38;2;12;22;17m  [38;2;0;0;0m        
[38;2;0;0;0m            [38;2;70;100;81m██[38;2;68;75;68m██[38;2;125;204;111m██[38;2;63;73;67m██[38;2;61;77;69m██[38;2;57;94;76m██[38;2;76;125;94m██[38;2;71;129;95m██[38;2;62;69;66m██[38;2;60;89;74m██[38;2;66;69;65m██[38;2;127;206;111m██[38;2;125;202;110m██[38;2;53;87;47m  [38;2;0;0;0m        
[38;2;0;0;0m            [38;2;12;22;17m  [38;2;66;120;89m██[38;2;71;102;83m██[38;2;70;130;92m██[38;2;64;90;75m██[38;2;56;100;78m██[38;2;64;113;86m██[38;2;61;75;68m██[38;2;95;134;87m██[38;2;100;156;97m██[38;2;91;127;85m██[38;2;81;111;82m██[38;2;63;63;63m██[38;2;16;16;16m  [38;2;0;0;0m        
[38;2;0;0;0m          [38;2;20;19;14m  [38;2;50;49;44m██[38;2;63;66;64m██[38;2;56;102;79m██[38;2;62;73;67m██[38;2;60;79;70m██[38;2;62;73;67m██[38;2;56;100;78m██[38;2;82;111;81m██[38;2;84;143;100m██[38;2;64;67;65m██[38;2;65;73;68m██[38;2;72;107;85m██[38;2;79;143;103m██[38;2;74;143;95m██[38;2;113;184;99m████[38;2;0;0;0m    
[38;2;0;0;0m        [38;2;52;50;36m  [38;2;182;174;127m██[38;2;184;176;128m██[38;2;137;132;103m██[38;2;62;72;67m██[38;2;56;104;80m████[38;2;59;87;73m██[38;2;71;107;85m██[38;2;63;105;82m██[38;2;72;110;87m██[38;2;76;127;95m██[38;2;80;144;104m██[38;2;27;49;36m██[38;2;27;48;35m  [38;2;0;0;0m          
[38;2;0;0;0m      [38;2;124;111;85m██[38;2;183;176;128m██████[38;2;182;174;127m██[38;2;102;99;84m██[38;2;99;96;85m████[38;2;57;96;76m██[38;2;56;102;79m██[38;2;62;114;86m██[38;2;76;129;96m██[38;2;78;76;72m██[38;2;50;47;37m██[38;2;0;0;0m              
[38;2;0;0;0m      [38;2;44;42;30m██[38;2;184;176;128m██████[38;2;102;99;85m██[38;2;198;186;145m██[38;2;248;232;176m██[38;2;247;232;176m██[38;2;198;186;145m██[38;2;93;100;86m██[38;2;57;94;76m██[38;2;178;170;134m██[38;2;218;204;157m██[38;2;248;232;176m██[38;2;181;169;128m██[38;2;0;0;0m            
[38;2;0;0;0m        [38;2;80;77;56m██[38;2;183;176;128m██[38;2;119;114;95m██[38;2;248;231;176m██[38;2;233;217;168m██[38;2;247;231;176m████████[38;2;121;116;99m██[38;2;220;204;155m██[38;2;202;187;142m██[38;2;161;149;130m██[38;2;247;231;176m██[38;2;244;239;224m██[38;2;29;27;20m  [38;2;0;0;0m        
[38;2;0;0;0m        [38;2;138;127;95m██[38;2;184;176;128m██[38;2;151;142;117m██[38;2;248;232;176m██[38;2;237;229;205m██[38;2;62;57;44m██[38;2;151;135;104m██[38;2;173;157;121m██[38;2;133;127;106m██[38;2;223;209;161m██[38;2;228;223;211m██[38;2;215;213;210m██[38;2;196;190;154m██[38;2;248;232;176m████[38;2;108;101;77m██[38;2;0;0;0m        
[38;2;0;0;0m        [38;2;148;141;103m██[38;2;66;66;65m██[38;2;190;179;140m██[38;2;248;231;176m██[38;2;247;238;204m██[38;2;109;109;109m██[38;2;240;236;227m██[38;2;231;215;167m██[38;2;106;102;89m██[38;2;247;231;176m████[38;2;206;195;144m██[38;2;209;182;145m████[38;2;174;137;118m██[38;2;170;150;116m██[38;2;0;0;0m        
[38;2;0;0;0m        [38;2;9;8;6m  [38;2;63;63;62m██[38;2;148;104;98m██[38;2;248;232;176m████[38;2;248;233;184m██[38;2;245;230;177m██[38;2;248;232;176m██[38;2;187;178;133m██[38;2;136;129;107m██[38;2;248;232;176m██[38;2;248;231;176m██[38;2;235;216;166m██[38;2;235;215;165m██[38;2;191;182;133m██[38;2;92;88;64m██[38;2;0;0;0m        
[38;2;0;0;0m            [38;2;165;161;138m██[38;2;183;101;108m████[38;2;160;86;97m██[38;2;150;109;109m██[38;2;212;200;149m██[38;2;184;176;128m██[38;2;97;94;84m██[38;2;236;221;169m██[38;2;247;231;176m██[38;2;222;209;156m██[38;2;203;192;142m██[38;2;182;174;126m██[38;2;46;44;32m  [38;2;0;0;0m        
[38;2;0;0;0m            [38;2;35;35;34m██[38;2;190;170;128m██[38;2;248;120;136m██[38;2;236;109;128m██[38;2;183;138;116m██[38;2;184;176;128m██[38;2;95;92;80m██[38;2;149;124;113m██[38;2;80;72;71m██[38;2;116;113;92m██[38;2;184;176;128m██[38;2;99;94;69m██[38;2;6;6;4m  [38;2;0;0;0m          
[38;2;0;0;0m              [38;2;36;36;35m██[38;2;119;113;95m██[38;2;123;119;95m████[38;2;112;104;96m██[38;2;139;113;105m██[38;2;151;124;114m██[38;2;149;120;110m██[38;2;19;19;19m  [38;2;0;0;0m                
[38;2;0;0;0m            [38;2;3;2;2m  [38;2;71;68;67m██[38;2;148;120;110m██[38;2;159;141;126m████████[38;2;135;89;88m██[38;2;77;69;69m██[38;2;3;3;2m  [38;2;0;0;0m                
[38;2;0;0;0m            [38;2;76;58;54m██[38;2;143;109;103m██[38;2;98;75;75m██[38;2;149;120;111m████████[38;2;109;101;94m██[38;2;154;139;124m██[38;2;133;119;106m██[38;2;5;5;4m  [38;2;0;0;0m              
[38;2;0;0;0m            [38;2;9;8;7m  [38;2;148;134;120m████[38;2;70;65;65m██[38;2;114;105;95m██[38;2;141;127;113m██[38;2;76;72;69m██[38;2;144;107;102m██[38;2;157;137;123m████[38;2;139;97;94m██[38;2;0;0;0m              
[38;2;0;0;0m            [38;2;152;133;130m██[38;2;126;116;105m████[38;2;129;106;97m██[38;2;0;0;0m      [38;2;85;73;66m██[38;2;151;124;114m████[38;2;61;54;48m██[38;2;0;0;0m              
[38;2;0;0;0m              [38;2;194;192;192m██[38;2;121;98;90m██[38;2;0;0;0m        [38;2;134;120;109m██[38;2;81;77;75m██[38;2;80;75;73m██[38;2;154;139;124m██[38;2;0;0;0m              
[38;2;0;0;0m                          [38;2;97;90;87m██[38;2;153;117;114m██[38;2;172;143;140m██[38;2;53;49;45m██[38;2;0;0;0m              [0m
