
[38;2;0;0;0m                      [38;2;49;49;49m██████[38;2;0;0;0m                          
[38;2;0;0;0m                    [38;2;49;49;49m██[38;2;205;164;74m██[38;2;246;222;90m████[38;2;49;49;49m██[38;2;0;0;0m                        
[38;2;0;0;0m                [38;2;49;49;49m████[38;2;82;82;82m██[38;2;246;222;90m██[38;2;255;255;255m██[38;2;246;222;90m████[38;2;49;49;49m██[38;2;0;0;0m                      
[38;2;0;0;0m              [38;2;49;49;49m██[38;2;246;222;90m██[38;2;82;82;82m██[38;2;205;164;74m██[38;2;255;255;255m██[38;2;246;222;90m██████[38;2;82;82;82m██[38;2;49;49;49m████[38;2;0;0;0m                  
[38;2;0;0;0m              [38;2;49;49;49m██[38;2;180;172;246m██[38;2;82;82;82m██[38;2;246;222;90m████████[38;2;205;164;74m██[38;2;82;82;82m██[38;2;246;222;90m████[38;2;49;49;49m██[38;2;0;0;0m                
[38;2;0;0;0m            [38;2;49;49;49m██[38;2;82;82;82m████[38;2;180;172;246m██████[38;2;246;222;90m██[38;2;205;164;74m██[38;2;82;82;82m██[38;2;246;222;90m██████[38;2;49;49;49m██[38;2;0;0;0m                
[38;2;0;0;0m          [38;2;49;49;49m██[38;2;205;164;74m██[38;2;115;115;205m██[38;2;180;172;246m██████████[38;2;115;115;205m██[38;2;180;172;246m████[38;2;246;222;90m██[38;2;205;164;74m██[38;2;49;49;49m██[38;2;0;0;0m                
[38;2;0;0;0m          [38;2;49;49;49m██[38;2;115;115;205m██[38;2;205;205;255m██[38;2;180;172;246m████████[38;2;148;148;230m██[38;2;180;172;246m██████[38;2;115;115;205m██[38;2;49;49;49m██[38;2;0;0;0m        [38;2;49;49;49m██████[38;2;0;0;0m    
[38;2;0;0;0m        [38;2;49;49;49m██[38;2;205;205;255m████[38;2;180;172;246m████[38;2;115;115;205m██[38;2;180;172;246m██████████[38;2;115;115;205m██[38;2;82;82;82m██[38;2;49;49;49m██████[38;2;0;0;0m  [38;2;49;49;49m██[38;2;246;222;90m██████[38;2;49;49;49m██[38;2;0;0;0m  
[38;2;0;0;0m      [38;2;49;49;49m██[38;2;230;123;164m██[38;2;205;205;255m██[38;2;180;172;246m████[38;2;115;115;205m██[38;2;180;172;246m████[38;2;148;148;230m████[38;2;180;172;246m██[38;2;82;82;82m████[38;2;180;172;246m██[38;2;205;205;255m██[38;2;246;222;90m████[38;2;49;49;49m██[38;2;246;222;90m██████[38;2;205;164;74m████[38;2;49;49;49m██
[38;2;0;0;0m    [38;2;49;49;49m████[38;2;230;123;164m██[38;2;180;172;246m██████[38;2;148;148;230m██[38;2;180;172;246m██[38;2;230;123;164m████[38;2;115;115;205m██[38;2;180;172;246m██████[38;2;205;205;255m██[38;2;246;222;90m██[38;2;255;255;255m██[38;2;82;82;82m████[38;2;246;222;90m████[38;2;205;164;74m██████[38;2;49;49;49m██
[38;2;0;0;0m  [38;2;49;49;49m██[38;2;148;148;230m██[38;2;82;82;82m██[38;2;148;148;230m██[38;2;180;172;246m██[38;2;148;148;230m██[38;2;180;172;246m████[38;2;230;123;164m██[38;2;49;49;49m██[38;2;230;123;164m██[38;2;115;115;205m██[38;2;180;172;246m██████[38;2;148;148;230m██[38;2;205;164;74m██[38;2;246;222;90m██[38;2;82;82;82m████[38;2;148;148;230m████[38;2;205;164;74m██████[38;2;49;49;49m██
[38;2;0;0;0m  [38;2;49;49;49m██[38;2;148;148;230m██[38;2;82;82;82m██[38;2;180;172;246m██████[38;2;82;82;82m████[38;2;115;115;205m██[38;2;148;148;230m██[38;2;180;172;246m████████[38;2;115;115;205m████[38;2;82;82;82m██████[38;2;148;148;230m████[38;2;115;115;205m████[38;2;205;164;74m██[38;2;49;49;49m██[38;2;0;0;0m  
[38;2;49;49;49m██[38;2;148;148;230m████[38;2;115;115;205m██[38;2;82;82;82m██[38;2;49;49;49m██[38;2;82;82;82m████████[38;2;255;255;255m██[38;2;82;82;82m██[38;2;180;172;246m████████[38;2;82;82;82m██[38;2;115;115;205m████[38;2;82;82;82m████[38;2;115;115;205m████[38;2;82;82;82m██[38;2;49;49;49m██[38;2;0;0;0m    
[38;2;49;49;49m██[38;2;115;115;205m██[38;2;148;148;230m████[38;2;49;49;49m██[38;2;0;0;0m  [38;2;49;49;49m██[38;2;148;148;230m██[38;2;82;82;82m██████████[38;2;180;172;246m██[38;2;246;222;90m████[38;2;82;82;82m██[38;2;115;115;205m██[38;2;148;148;230m██████[38;2;82;82;82m████[38;2;180;172;246m██[38;2;49;49;49m██[38;2;0;0;0m    
[38;2;49;49;49m██[38;2;148;148;230m██████[38;2;49;49;49m██[38;2;0;0;0m    [38;2;49;49;49m██[38;2;148;148;230m██[38;2;82;82;82m██[38;2;164;65;82m██████[38;2;82;82;82m██[38;2;246;222;90m██[38;2;205;164;74m██[38;2;82;82;82m██[38;2;115;115;205m██[38;2;82;82;82m██[38;2;148;148;230m██[38;2;180;172;246m████████[38;2;49;49;49m██[38;2;0;0;0m    
[38;2;49;49;49m██[38;2;115;115;205m██[38;2;148;148;230m████[38;2;115;115;205m██[38;2;49;49;49m██[38;2;0;0;0m  [38;2;49;49;49m██[38;2;148;148;230m██[38;2;164;65;82m██████████[38;2;82;82;82m████[38;2;115;115;205m██████[38;2;82;82;82m██[38;2;115;115;205m██[38;2;180;172;246m████[38;2;115;115;205m██[38;2;49;49;49m██[38;2;0;0;0m    
[38;2;0;0;0m  [38;2;49;49;49m██[38;2;148;148;230m██████[38;2;49;49;49m██[38;2;0;0;0m  [38;2;49;49;49m██[38;2;148;148;230m██[38;2;164;65;82m██████████[38;2;82;82;82m██[38;2;115;115;205m██████████[38;2;82;82;82m██[38;2;180;172;246m██████[38;2;49;49;49m██[38;2;0;0;0m    
[38;2;0;0;0m    [38;2;49;49;49m██████[38;2;0;0;0m    [38;2;49;49;49m██[38;2;148;148;230m██[38;2;164;65;82m██[38;2;205;98;131m██[38;2;230;123;164m██████[38;2;82;82;82m██[38;2;115;115;205m██[38;2;82;82;82m██[38;2;148;148;230m██[38;2;115;115;205m████[38;2;82;82;82m██[38;2;180;172;246m████[38;2;115;115;205m██[38;2;49;49;49m██[38;2;0;0;0m    
[38;2;0;0;0m            [38;2;49;49;49m██[38;2;115;115;205m████[38;2;205;98;131m██[38;2;230;123;164m████████[38;2;205;98;131m██[38;2;82;82;82m██[38;2;148;148;230m██████[38;2;82;82;82m██[38;2;180;172;246m████████[38;2;49;49;49m██[38;2;0;0;0m    
[38;2;0;0;0m          [38;2;49;49;49m████[38;2;115;115;205m██[38;2;255;255;255m██[38;2;164;65;82m██[38;2;230;123;164m██[38;2;205;98;131m████[38;2;230;123;164m██[38;2;205;98;131m██[38;2;82;82;82m██[38;2;148;148;230m██████[38;2;82;82;82m██[38;2;180;172;246m████[38;2;115;115;205m██[38;2;49;49;49m██[38;2;0;0;0m      
[38;2;0;0;0m        [38;2;49;49;49m██[38;2;115;115;205m██[38;2;82;82;82m██[38;2;115;115;205m██[38;2;148;148;230m████[38;2;205;98;131m██[38;2;164;65;82m██[38;2;255;255;255m██[38;2;205;98;131m██[38;2;148;148;230m██[38;2;115;115;205m██[38;2;82;82;82m██[38;2;148;148;230m██[38;2;115;115;205m████[38;2;49;49;49m██████[38;2;0;0;0m        
[38;2;0;0;0m      [38;2;49;49;49m██[38;2;255;255;255m██[38;2;115;115;205m████[38;2;82;82;82m██[38;2;49;49;49m██[38;2;115;115;205m██[38;2;148;148;230m████████[38;2;49;49;49m████[38;2;82;82;82m████[38;2;115;115;205m████[38;2;49;49;49m██[38;2;0;0;0m            
[38;2;0;0;0m        [38;2;49;49;49m████████[38;2;0;0;0m  [38;2;49;49;49m██████████[38;2;0;0;0m  [38;2;49;49;49m██[38;2;115;115;205m██[38;2;180;172;246m██████[38;2;115;115;205m██[38;2;49;49;49m██[38;2;0;0;0m          
[38;2;0;0;0m                              [38;2;49;49;49m██[38;2;255;255;255m██[38;2;115;115;205m██[38;2;255;255;255m██[38;2;115;115;205m██[38;2;255;255;255m██[38;2;49;49;49m██[38;2;0;0;0m          
[38;2;0;0;0m                                [38;2;49;49;49m██████████[38;2;0;0;0m            [0m
