
[38;2;0;0;0m                  ████                                                
[38;2;0;0;0m                ██[38;2;137;41;41m████[38;2;0;0;0m██                                              
[38;2;0;0;0m              ██[38;2;137;41;41m██[38;2;135;42;41m████[38;2;137;41;41m██[38;2;0;0;0m██                                            
[38;2;0;0;0m              ██[38;2;137;41;41m██[38;2;135;42;41m████[38;2;137;41;41m██[38;2;0;0;0m██                                            
[38;2;0;0;0m            ██[38;2;135;42;41m████████████[38;2;0;0;0m████                                        
[38;2;0;0;0m      ██    ██[38;2;135;42;41m████████████[38;2;137;41;41m████[38;2;0;0;0m██                    ██████            
[38;2;0;0;0m    ██[38;2;132;173;76m██[38;2;0;0;8m██[38;2;0;0;0m  ██[38;2;135;42;41m████████[38;2;136;41;40m████████[38;2;137;41;41m██[38;2;0;0;0m██              ████[38;2;255;214;151m██████[38;2;0;0;0m██          
[38;2;0;0;0m    ██[38;2;132;173;76m██[38;2;66;86;42m██[38;2;0;0;0m██[38;2;132;41;44m██[38;2;135;42;41m████████[38;2;66;66;66m██████[38;2;136;41;40m██[38;2;137;41;41m██[38;2;0;0;0m██          ████[38;2;255;214;151m██████[38;2;156;123;63m████[38;2;156;123;68m██[38;2;0;0;0m██        
[38;2;0;0;0m      [38;2;0;0;8m██[38;2;132;173;76m██[38;2;66;66;66m██[38;2;136;41;40m██[38;2;132;53;55m██[38;2;66;62;63m██[38;2;66;66;66m████[38;2;198;54;54m████[38;2;189;70;53m██[38;2;66;74;66m██[38;2;132;41;44m██[38;2;0;0;0m██        ██[38;2;255;214;151m██████[38;2;156;123;64m████[38;2;211;173;102m████[38;2;156;126;63m██[38;2;255;222;151m██[38;2;8;4;0m████[38;2;0;0;0m██  
[38;2;0;0;0m    ██[38;2;66;86;42m██[38;2;132;173;76m██[38;2;66;66;66m██[38;2;136;41;40m██[38;2;66;62;63m██[38;2;198;45;46m██[38;2;198;53;54m████[38;2;198;54;54m████[38;2;148;71;57m████[38;2;0;0;0m██        ██[38;2;255;214;151m████[38;2;156;123;63m████[38;2;214;173;102m████[38;2;211;173;102m████[38;2;206;174;107m██[38;2;156;126;63m██[38;2;131;113;71m██[38;2;255;222;143m██[38;2;255;214;151m██[38;2;0;0;0m██
[38;2;0;0;0m  ██[38;2;88;132;40m██[38;2;66;66;58m██[38;2;126;187;59m██[38;2;132;181;68m██[38;2;66;68;55m██[38;2;198;53;54m██[38;2;135;41;41m██[38;2;140;96;76m██[38;2;82;49;58m████[38;2;140;96;76m██[38;2;110;70;59m██[38;2;165;119;61m██[38;2;0;0;0m██      ██[38;2;255;214;151m██[38;2;255;222;143m██[38;2;140;121;81m██[38;2;211;173;102m████████[38;2;214;173;102m████[38;2;211;173;102m████[38;2;214;173;102m██[38;2;156;123;64m██[38;2;156;123;68m██[38;2;0;0;0m██
[38;2;0;0;0m  ██[38;2;88;132;40m██[38;2;96;126;59m██[38;2;66;66;58m██[38;2;132;181;68m██[38;2;99;125;62m██[38;2;135;41;41m██[38;2;198;53;54m██[38;2;82;49;58m██[38;2;255;189;111m████[38;2;82;49;58m██[38;2;165;119;61m██[38;2;82;45;58m██[38;2;90;132;42m██[38;2;0;0;0m██  ██[38;2;255;214;151m████[38;2;140;121;81m██[38;2;82;70;50m██[38;2;211;173;102m████████[38;2;156;123;64m██[38;2;214;173;102m██[38;2;211;173;102m████[38;2;214;173;102m████[38;2;0;0;0m██  
[38;2;0;0;0m  ██[38;2;90;132;42m██[38;2;66;66;66m██[38;2;206;86;70m██[38;2;90;132;42m████[38;2;132;55;57m██[38;2;198;49;54m██[38;2;66;66;66m██[38;2;239;206;111m██[38;2;239;206;116m████[38;2;60;79;49m██[38;2;90;119;66m██[38;2;0;0;0m██    ██[38;2;247;231;135m██[38;2;57;74;57m██[38;2;66;66;58m██[38;2;126;187;59m██[38;2;66;66;66m██[38;2;214;173;102m██[38;2;211;173;102m████[38;2;214;173;102m██[38;2;156;123;64m██[38;2;148;115;68m██[38;2;222;173;102m██[38;2;214;173;102m██[38;2;0;0;0m██    
[38;2;0;0;0m    ██[38;2;206;86;70m████[38;2;134;44;43m████[38;2;198;49;54m██[38;2;66;60;61m██[38;2;239;206;111m████[38;2;255;255;255m██[38;2;239;206;116m██[38;2;60;79;49m██[38;2;0;0;16m██[38;2;0;0;0m    ██[38;2;255;214;151m██[38;2;57;74;57m██[38;2;152;152;96m██[38;2;66;66;58m██[38;2;96;126;59m██[38;2;66;66;66m████[38;2;211;173;102m████[38;2;214;173;102m████[38;2;0;0;0m██████      
[38;2;0;0;0m  ██[38;2;206;107;78m██[38;2;211;104;80m████[38;2;214;103;78m██[38;2;178;69;58m██[38;2;90;57;58m████[38;2;239;206;119m██[38;2;0;0;16m██[38;2;239;206;111m████[38;2;66;66;58m██[38;2;170;176;109m██[38;2;0;0;0m██  ██[38;2;255;214;151m██[38;2;60;74;60m██[38;2;104;107;56m██[38;2;88;132;40m██[38;2;66;66;66m██[38;2;96;126;59m██[38;2;126;187;59m██[38;2;66;66;66m██[38;2;214;173;102m████[38;2;0;0;0m██            
[38;2;0;0;0m  ██[38;2;206;107;78m██[38;2;211;104;80m██[38;2;255;222;231m██[38;2;214;103;78m██[38;2;143;34;39m██[38;2;214;173;102m██[38;2;90;57;58m██[38;2;239;206;119m██[38;2;80;69;50m██[38;2;239;206;111m██[38;2;66;66;66m██[38;2;222;231;134m████[38;2;173;173;85m██[38;2;0;0;0m████[38;2;255;214;151m██[38;2;148;140;52m██[38;2;60;74;60m██[38;2;88;132;40m████[38;2;66;66;58m████[38;2;214;173;102m████████[38;2;0;0;0m██          
[38;2;0;0;0m██[38;2;198;54;54m████[38;2;214;103;78m████[38;2;173;77;58m██[38;2;148;33;36m██[38;2;214;173;102m██[38;2;66;66;66m██[38;2;236;206;113m████[38;2;192;170;96m██[38;2;66;66;66m██[38;2;214;231;142m████[38;2;165;181;85m██[38;2;0;4;16m██[38;2;0;0;0m  ██[38;2;206;181;94m██[38;2;57;74;57m██[38;2;107;110;69m██[38;2;57;74;57m██[38;2;211;173;102m████[38;2;156;123;64m██[38;2;214;173;102m██████[38;2;0;0;0m██          
[38;2;0;0;0m██[38;2;198;54;54m████[38;2;178;69;58m██[38;2;143;34;39m██[38;2;148;33;36m██[38;2;222;165;102m██[38;2;66;66;66m████[38;2;236;206;113m██[38;2;214;173;102m██[38;2;66;66;66m██[38;2;192;170;96m██[38;2;177;173;85m████[38;2;55;63;39m██[38;2;110;122;62m██[38;2;0;0;0m████[38;2;57;74;57m██[38;2;107;110;69m██[38;2;57;74;57m██[38;2;206;181;94m██[38;2;211;173;102m████[38;2;214;173;102m██[38;2;156;123;64m██[38;2;0;0;0m████            
[38;2;0;0;0m██[38;2;173;77;58m██[38;2;148;33;36m██[38;2;99;53;51m██[38;2;214;173;102m██[38;2;206;181;94m██[38;2;57;74;57m██[38;2;88;132;40m██[38;2;66;66;66m██[38;2;214;173;110m██[38;2;71;58;42m██[38;2;0;0;0m████[38;2;173;173;85m████[38;2;90;134;40m████[38;2;88;132;40m████████[38;2;0;0;0m██[38;2;214;173;102m██[38;2;211;173;102m████[38;2;0;0;0m██                  
[38;2;0;0;0m██[38;2;148;33;36m██[38;2;222;165;102m██[38;2;214;173;102m██[38;2;99;53;51m██[38;2;57;74;57m██[38;2;107;110;69m██[38;2;88;132;40m████[38;2;0;0;8m████[38;2;0;0;0m    ████[38;2;173;173;85m██[38;2;90;134;40m██[38;2;88;132;40m██[38;2;66;66;66m██[38;2;0;0;0m████  ██[38;2;211;173;102m████[38;2;0;0;0m██                  
[38;2;0;0;0m  ████[38;2;49;66;36m██[38;2;91;127;56m██[38;2;132;181;73m████[38;2;88;132;40m██[38;2;0;0;0m██            [38;2;0;4;16m██[38;2;198;173;102m██[38;2;178;170;87m██[38;2;90;132;42m██[38;2;0;0;0m██      ████                    
[38;2;0;0;0m      [38;2;8;4;16m██[38;2;132;189;76m██[38;2;66;66;66m██[38;2;132;181;73m██[38;2;88;132;40m██[38;2;0;0;0m██          ██[38;2;198;173;102m██[38;2;66;60;45m██[38;2;178;170;87m████[38;2;90;132;42m██[38;2;0;0;0m████                          
[38;2;0;0;0m        ████████    ████  ██[38;2;214;173;102m██████[38;2;66;66;66m████[38;2;255;206;143m██[38;2;115;41;43m██[38;2;143;117;73m██[38;2;0;4;16m██[38;2;0;0;0m                        
[38;2;0;0;0m                  ██[38;2;214;173;102m████[38;2;0;0;0m██[38;2;214;173;102m██████[38;2;66;66;66m██[38;2;192;170;117m██[38;2;255;222;143m██[38;2;162;96;76m██[38;2;115;41;43m██[38;2;71;60;45m██[38;2;214;173;102m██[38;2;0;0;0m██                      
[38;2;0;0;0m                  [38;2;16;0;0m██[38;2;255;198;143m██[38;2;66;66;66m██[38;2;192;170;117m██[38;2;66;66;66m██[38;2;192;170;96m██[38;2;214;173;102m██[38;2;66;66;66m██[38;2;255;214;151m██[38;2;198;53;54m████[38;2;135;41;41m██[38;2;136;41;40m██[38;2;66;66;66m██[38;2;0;0;0m██                      
[38;2;0;0;0m                  [38;2;16;0;0m██[38;2;135;99;71m██[38;2;255;222;143m██[38;2;66;66;66m██[38;2;192;170;96m██[38;2;66;66;66m████[38;2;214;173;102m██[38;2;255;214;151m██[38;2;198;53;54m██[38;2;135;41;41m████[38;2;136;41;40m████[38;2;0;0;0m██                      
[38;2;0;0;0m                  ██[38;2;198;53;54m██[38;2;255;214;151m████[38;2;66;66;66m████[38;2;255;214;151m████[38;2;198;53;54m██[38;2;135;41;41m██[38;2;178;85;63m██[38;2;134;42;41m██[38;2;137;41;41m██[38;2;0;0;0m██                        
[38;2;0;0;0m                    ██[38;2;198;53;54m████[38;2;214;173;102m████[38;2;165;49;45m████[38;2;135;41;41m████[38;2;178;85;63m██[38;2;134;42;41m██[38;2;137;41;41m██[38;2;0;0;0m██                        
[38;2;0;0;0m                      ██[38;2;198;53;54m██[38;2;137;41;41m████[38;2;135;42;41m████[38;2;178;85;63m██[38;2;134;42;41m██[38;2;181;86;61m████[38;2;0;0;0m██                          
[38;2;0;0;0m                        ████[38;2;137;41;41m██[38;2;135;42;41m████[38;2;178;85;63m████[38;2;0;0;0m████                            
[38;2;0;0;0m                            ██████████                                [0m
