
[38;2;0;0;0m                          [38;2;1;0;0m  [38;2;47;46;32m  [38;2;0;0;0m          
[38;2;0;0;0m                          [38;2;144;138;98m  [38;2;145;139;98m██[38;2;0;0;0m          
[38;2;0;0;0m                        [38;2;15;15;11m  [38;2;207;200;148m██[38;2;217;200;125m██[38;2;111;108;80m██[38;2;0;0;0m        
[38;2;0;0;0m                    [38;2;47;46;34m    [38;2;207;200;148m██[38;2;255;246;182m██████[38;2;0;0;0m        
[38;2;0;0;0m    [38;2;38;20;13m  [38;2;0;0;0m              [38;2;111;108;80m██[38;2;255;247;183m██[38;2;207;201;153m██[38;2;243;235;175m██[38;2;255;247;183m████[38;2;157;138;74m██[38;2;15;15;11m  [38;2;0;0;0m    
[38;2;0;0;0m  [38;2;115;60;39m  [38;2;154;80;52m██[38;2;0;0;0m              [38;2;219;213;161m██[38;2;113;111;95m██[38;2;207;121;81m██[38;2;136;113;91m██[38;2;255;246;182m██[38;2;217;200;125m██[38;2;242;231;163m██[38;2;63;61;45m██[38;2;0;0;0m    
[38;2;12;6;4m  [38;2;169;86;55m████[38;2;12;6;4m  [38;2;0;0;0m  [38;2;47;46;34m  [38;2;0;0;0m    [38;2;15;8;5m  [38;2;173;145;105m██[38;2;141;100;77m██[38;2;219;126;83m██[38;2;207;121;81m██[38;2;207;201;153m██[38;2;255;247;183m██████[38;2;63;61;45m██[38;2;0;0;0m    
[38;2;51;26;17m██[38;2;208;107;68m████[38;2;51;34;26m██[38;2;0;0;0m  [38;2;191;185;137m██[38;2;143;138;102m  [38;2;0;0;0m  [38;2;63;35;21m██[38;2;221;125;81m██[38;2;101;89;78m██[38;2;77;70;67m██[38;2;175;136;101m██[38;2;209;200;152m██[38;2;255;247;183m██████[38;2;161;154;105m██[38;2;52;46;34m  [38;2;47;46;34m  
[38;2;38;20;13m  [38;2;194;100;64m██[38;2;198;105;68m██[38;2;93;62;48m██[38;2;111;108;80m██[38;2;255;247;183m██[38;2;206;199;146m██[38;2;15;14;10m  [38;2;99;56;36m██[38;2;101;79;69m██[38;2;62;73;77m██[38;2;206;123;84m██[38;2;117;103;86m██[38;2;255;242;178m██[38;2;255;247;183m██████[38;2;208;200;139m██[38;2;254;245;164m██[38;2;63;60;41m██
[38;2;0;0;0m  [38;2;154;80;52m██[38;2;127;107;88m██[38;2;207;201;153m██[38;2;255;247;183m████[38;2;253;243;175m██[38;2;107;101;70m██[38;2;207;121;81m██[38;2;58;82;91m██[38;2;51;95;111m██[38;2;203;128;93m██[38;2;113;111;95m██[38;2;255;247;183m██████████[38;2;206;199;144m██[38;2;15;13;6m  
[38;2;0;0;0m    [38;2;255;246;182m██[38;2;255;247;183m██[38;2;246;220;161m██[38;2;233;180;99m██[38;2;194;161;91m██[38;2;207;121;81m██[38;2;62;73;77m██[38;2;88;103;107m██[38;2;116;114;106m██[38;2;130;111;89m██[38;2;255;247;183m██████████[38;2;250;245;167m██[38;2;158;137;62m██[38;2;0;0;0m  
[38;2;0;0;0m  [38;2;4;0;0m  [38;2;255;205;137m██[38;2;255;247;183m██[38;2;252;244;158m██[38;2;217;135;84m██[38;2;234;128;82m██[38;2;243;133;87m██[38;2;206;123;84m██[38;2;136;95;76m██[38;2;137;113;91m██[38;2;243;230;170m██[38;2;255;247;183m████████[38;2;253;242;169m██[38;2;244;222;117m██[38;2;182;164;85m██[38;2;0;0;0m  
[38;2;0;0;0m  [38;2;159;107;65m██[38;2;204;139;81m██[38;2;237;193;100m██[38;2;228;167;100m██[38;2;247;134;80m██[38;2;255;138;87m██[38;2;222;125;85m██[38;2;184;118;85m██[38;2;219;213;161m██[38;2;137;133;109m██[38;2;209;201;151m██[38;2;255;244;177m██[38;2;253;241;167m██[38;2;251;237;155m██[38;2;252;237;156m██[38;2;247;227;123m██[38;2;245;221;111m██[38;2;35;30;15m  [38;2;0;0;0m  
[38;2;0;0;0m  [38;2;15;19;16m  [38;2;252;138;91m██[38;2;243;132;81m██[38;2;209;115;81m██[38;2;114;83;71m██[38;2;148;96;75m██[38;2;189;111;79m██[38;2;113;111;95m██[38;2;255;247;183m██[38;2;226;218;161m██[38;2;192;184;129m██[38;2;148;141;106m██[38;2;248;226;122m██[38;2;251;237;155m██[38;2;252;237;156m██[38;2;230;213;122m██[38;2;238;212;104m██[38;2;220;197;98m██[38;2;46;41;20m  
[38;2;0;0;0m  [38;2;191;104;65m██[38;2;222;128;83m██[38;2;255;137;89m██[38;2;65;67;68m██[38;2;175;171;167m██[38;2;130;95;82m██[38;2;209;107;68m██[38;2;111;105;77m██[38;2;253;240;164m██[38;2;249;241;177m██[38;2;215;208;147m██[38;2;136;109;79m██[38;2;237;204;106m██[38;2;247;222;111m██████[38;2;168;148;75m██[38;2;0;0;0m    
[38;2;0;0;0m  [38;2;47;28;20m  [38;2;218;127;87m██[38;2;255;133;87m██[38;2;198;117;80m██[38;2;175;101;72m██[38;2;186;116;83m██[38;2;124;83;69m██[38;2;213;192;102m██[38;2;248;226;124m██[38;2;249;236;174m██[38;2;113;98;78m██[38;2;243;140;90m██[38;2;135;108;78m██[38;2;247;222;111m████[38;2;200;180;90m██[38;2;15;13;6m  [38;2;0;0;0m    
[38;2;0;0;0m  [38;2;47;48;38m  [38;2;121;91;68m██[38;2;158;92;68m██[38;2;172;97;66m██[38;2;171;96;68m██[38;2;112;103;77m██[38;2;219;182;98m██[38;2;247;222;111m████[38;2;207;196;138m██[38;2;175;144;104m██[38;2;255;137;89m██[38;2;139;91;72m██[38;2;138;124;62m  [38;2;0;0;0m          
[38;2;0;0;0m  [38;2;191;185;137m██[38;2;243;235;175m██[38;2;207;201;153m████[38;2;203;187;113m██[38;2;247;222;111m████████[38;2;237;204;106m██[38;2;136;109;79m██[38;2;246;133;83m██[38;2;209;109;70m██[38;2;0;0;0m            
[38;2;0;0;0m    [38;2;206;199;144m██[38;2;253;240;164m██[38;2;255;247;183m██[38;2;253;242;169m██[38;2;247;222;111m████[38;2;235;212;108m██[38;2;156;138;72m██[38;2;0;0;0m  [38;2;115;60;39m  [38;2;209;106;68m██[38;2;168;86;56m██[38;2;0;0;0m            
[38;2;0;0;0m    [38;2;27;26;19m██[38;2;111;105;77m██[38;2;249;228;135m██[38;2;247;223;117m██[38;2;213;192;102m██[38;2;111;105;77m██[38;2;127;91;57m██[38;2;42;24;17m██[38;2;0;0;0m  [38;2;143;78;48m  [38;2;171;92;61m██[38;2;60;32;22m██[38;2;0;0;0m            
[38;2;0;0;0m    [38;2;38;20;13m  [38;2;154;80;52m██[38;2;46;41;31m  [38;2;37;37;40m  [38;2;131;87;69m██[38;2;210;110;73m██[38;2;139;78;51m██[38;2;0;2;3m  [38;2;0;0;0m                    
[38;2;0;0;0m            [38;2;55;30;19m██[38;2;55;30;20m██[38;2;23;13;9m  [38;2;0;0;0m                      [0m
