
[38;2;0;0;0m                                  [38;2;49;49;49m████[38;2;0;0;0m      
[38;2;0;0;0m                                [38;2;49;49;49m██[38;2;106;106;106m██[38;2;49;49;49m██[38;2;0;0;0m  [38;2;49;49;49m████
[38;2;0;0;0m                              [38;2;49;49;49m██[38;2;255;255;255m██[38;2;106;106;106m██[38;2;49;49;49m████[38;2;106;106;106m██[38;2;49;49;49m██
[38;2;0;0;0m                              [38;2;49;49;49m██[38;2;255;255;255m██[38;2;106;106;106m████████[38;2;49;49;49m██
[38;2;0;0;0m              [38;2;49;49;49m██████████[38;2;0;0;0m    [38;2;49;49;49m██[38;2;255;255;255m██[38;2;106;106;106m██[38;2;164;189;189m██[38;2;255;255;255m████[38;2;106;106;106m██[38;2;49;49;49m██
[38;2;0;0;0m          [38;2;49;49;49m████[38;2;230;123;82m████████[38;2;49;49;49m██[38;2;0;0;0m  [38;2;49;49;49m████[38;2;255;255;255m██[38;2;106;106;106m████████[38;2;49;49;49m██[38;2;0;0;0m  
[38;2;0;0;0m        [38;2;49;49;49m██[38;2;230;123;82m██████████[38;2;49;49;49m██[38;2;0;0;0m    [38;2;49;49;49m██[38;2;106;106;106m██[38;2;82;82;82m██[38;2;164;189;189m██[38;2;255;255;255m████[38;2;106;106;106m██[38;2;49;49;49m██[38;2;0;0;0m  
[38;2;0;0;0m      [38;2;49;49;49m██[38;2;230;123;82m██████████████[38;2;49;49;49m██[38;2;0;0;0m  [38;2;49;49;49m██[38;2;82;82;82m██[38;2;106;106;106m████████[38;2;49;49;49m██[38;2;0;0;0m    
[38;2;0;0;0m      [38;2;49;49;49m██[38;2;230;123;82m██████████████[38;2;205;90;49m██[38;2;49;49;49m██[38;2;205;90;49m██[38;2;230;123;82m██[38;2;205;90;49m██[38;2;106;106;106m████[38;2;82;82;82m██[38;2;49;49;49m████[38;2;0;0;0m  
[38;2;0;0;0m    [38;2;49;49;49m██[38;2;230;123;82m██████████[38;2;205;90;49m██[38;2;255;197;82m██[38;2;230;123;82m████████[38;2;205;90;49m██[38;2;82;82;82m██████[38;2;148;123;57m██[38;2;255;197;82m██[38;2;49;49;49m████
[38;2;0;0;0m    [38;2;49;49;49m██[38;2;230;123;82m████[38;2;172;74;57m██[38;2;230;123;82m██[38;2;49;49;49m██[38;2;255;197;82m████[38;2;230;123;82m██████[38;2;82;82;82m████[38;2;106;106;106m████[38;2;255;197;82m████████[38;2;49;49;49m██
[38;2;0;0;0m  [38;2;49;49;49m██[38;2;106;106;106m██[38;2;82;82;82m████[38;2;205;90;49m██[38;2;255;255;255m██[38;2;82;82;82m██[38;2;255;197;82m██[38;2;230;123;82m██████[38;2;82;82;82m██[38;2;106;106;106m██████████[38;2;255;197;82m████[38;2;49;49;49m██[38;2;0;0;0m  
[38;2;49;49;49m██[38;2;106;106;106m██[38;2;49;49;49m████[38;2;230;123;82m████[38;2;82;82;82m████[38;2;230;123;82m██████[38;2;82;82;82m██[38;2;106;106;106m██████████[38;2;255;197;82m████[38;2;49;49;49m██[38;2;0;0;0m    
[38;2;0;0;0m        [38;2;49;49;49m██[38;2;205;90;49m██[38;2;230;123;82m████[38;2;164;189;189m████[38;2;230;123;82m██[38;2;82;82;82m██[38;2;106;106;106m██████████[38;2;148;123;57m██[38;2;49;49;49m██[38;2;0;0;0m      
[38;2;0;0;0m        [38;2;49;49;49m██[38;2;106;106;106m██[38;2;164;189;189m██[38;2;230;123;82m████[38;2;164;189;189m██████[38;2;82;82;82m██[38;2;106;106;106m██████[38;2;49;49;49m████[38;2;0;0;0m        
[38;2;0;0;0m          [38;2;49;49;49m██[38;2;131;156;148m██[38;2;164;189;189m██[38;2;230;123;82m██[38;2;164;189;189m████████[38;2;82;82;82m██[38;2;49;49;49m████[38;2;0;0;0m            
[38;2;0;0;0m            [38;2;49;49;49m██[38;2;82;82;82m██[38;2;164;189;189m██[38;2;131;156;148m██[38;2;98;123;123m██[38;2;164;189;189m██[38;2;98;123;123m██[38;2;164;189;189m██[38;2;49;49;49m██[38;2;0;0;0m              
[38;2;0;0;0m            [38;2;49;49;49m██████[38;2;82;82;82m██[38;2;164;189;189m██[38;2;82;82;82m██[38;2;106;106;106m██[38;2;49;49;49m████[38;2;0;0;0m              
[38;2;0;0;0m                  [38;2;49;49;49m████[38;2;106;106;106m██[38;2;49;49;49m██[38;2;0;0;0m                  
[38;2;0;0;0m                    [38;2;49;49;49m████[38;2;0;0;0m                    [0m
