
[38;2;0;0;0m          [38;2;49;49;49m████[38;2;0;0;0m                                      
[38;2;0;0;0m        [38;2;49;49;49m██[38;2;189;131;238m████[38;2;49;49;49m██[38;2;0;0;0m    [38;2;49;49;49m██████[38;2;0;0;0m    [38;2;49;49;49m████[38;2;0;0;0m                  
[38;2;0;0;0m    [38;2;49;49;49m████[38;2;255;172;238m██[38;2;189;131;238m██████[38;2;49;49;49m████[38;2;246;98;98m██████[38;2;49;49;49m████[38;2;189;131;238m████[38;2;49;49;49m████[38;2;0;0;0m              
[38;2;0;0;0m  [38;2;49;49;49m██[38;2;189;131;238m██████[38;2;148;65;222m██[38;2;246;98;98m██[38;2;82;82;82m██[38;2;246;98;98m██████[38;2;255;172;238m██[38;2;246;98;98m████[38;2;82;82;82m██[38;2;189;131;238m████[38;2;255;172;238m██[38;2;189;131;238m██[38;2;49;49;49m██[38;2;0;0;0m            
[38;2;0;0;0m  [38;2;49;49;49m██[38;2;189;131;238m██[38;2;255;172;238m██[38;2;82;82;82m██[38;2;246;98;98m██[38;2;82;82;82m██[38;2;65;189;148m██[38;2;82;82;82m██[38;2;255;222;49m██[38;2;246;98;98m██[38;2;255;172;238m████[38;2;82;82;82m██[38;2;246;98;98m██[38;2;148;65;222m██[38;2;189;131;238m██████[38;2;49;49;49m██[38;2;0;0;0m            
[38;2;49;49;49m██[38;2;189;131;238m██[38;2;82;82;82m████[38;2;246;98;98m██[38;2;82;82;82m██[38;2;65;189;148m██[38;2;49;139;106m██[38;2;82;82;82m██████[38;2;246;98;98m██[38;2;82;82;82m██[38;2;65;189;148m██[38;2;82;82;82m██[38;2;246;98;98m██[38;2;148;65;222m████[38;2;189;131;238m██[38;2;255;172;238m██[38;2;49;49;49m██[38;2;0;0;0m          
[38;2;49;49;49m██[38;2;82;82;82m██[38;2;205;57;74m██[38;2;255;172;238m██[38;2;246;98;98m██[38;2;82;82;82m██[38;2;65;189;148m██[38;2;82;82;82m██[38;2;255;255;255m██████[38;2;82;82;82m████[38;2;65;189;148m██[38;2;82;82;82m██[38;2;246;98;98m██████[38;2;148;65;222m██[38;2;189;131;238m████[38;2;49;49;49m██[38;2;0;0;0m        
[38;2;0;0;0m  [38;2;49;49;49m██[38;2;246;98;98m████[38;2;82;82;82m██[38;2;65;189;148m██[38;2;49;139;106m██[38;2;255;255;255m████[38;2;205;205;205m██████[38;2;49;139;106m██[38;2;65;189;148m██[38;2;82;82;82m██[38;2;246;98;98m██████[38;2;148;65;222m██[38;2;189;131;238m████[38;2;49;49;49m██[38;2;0;0;0m        
[38;2;0;0;0m  [38;2;49;49;49m██[38;2;246;98;98m██[38;2;82;82;82m████[38;2;65;189;148m██[38;2;255;255;255m████[38;2;205;205;205m██[38;2;255;255;255m████[38;2;49;139;106m██[38;2;65;189;148m██[38;2;82;82;82m██[38;2;246;98;98m██████[38;2;205;57;74m██[38;2;82;82;82m██[38;2;189;131;238m██[38;2;255;172;238m██[38;2;49;49;49m██[38;2;0;0;0m        
[38;2;49;49;49m██[38;2;205;57;74m██[38;2;82;82;82m██[38;2;205;205;205m██[38;2;255;255;255m██[38;2;49;139;106m██[38;2;255;255;255m██[38;2;205;205;205m██[38;2;255;255;255m██[38;2;49;139;106m████[38;2;65;189;148m██[38;2;164;164;164m██[38;2;82;82;82m██[38;2;205;57;74m██[38;2;255;222;49m██[38;2;246;98;98m██████[38;2;82;82;82m██[38;2;189;131;238m████[38;2;49;49;49m██[38;2;0;0;0m      
[38;2;49;49;49m██[38;2;82;82;82m██[38;2;255;255;255m████[38;2;82;82;82m████[38;2;255;255;255m████[38;2;49;139;106m██[38;2;65;189;148m████[38;2;255;255;255m██[38;2;205;205;205m██[38;2;255;255;255m██[38;2;82;82;82m██[38;2;246;98;98m████████[38;2;82;82;82m██[38;2;49;49;49m██[38;2;189;131;238m██[38;2;49;49;49m██[38;2;0;0;0m      
[38;2;49;49;49m██[38;2;148;65;222m██[38;2;82;82;82m██████[38;2;255;255;255m██████[38;2;82;82;82m██[38;2;49;49;49m██[38;2;255;255;255m██[38;2;164;164;164m██[38;2;82;82;82m██[38;2;255;255;255m████[38;2;82;82;82m██[38;2;205;57;74m██[38;2;148;65;222m██[38;2;82;82;82m██[38;2;49;49;49m██[38;2;0;0;0m  [38;2;49;49;49m██[38;2;0;0;0m        
[38;2;0;0;0m  [38;2;49;49;49m██[38;2;148;65;222m██[38;2;246;98;98m████[38;2;82;82;82m██[38;2;164;164;164m██[38;2;255;255;255m████[38;2;205;205;205m██[38;2;205;57;74m████[38;2;246;98;98m██[38;2;82;82;82m██[38;2;255;255;255m████[38;2;82;82;82m██[38;2;189;131;238m████[38;2;49;49;49m██[38;2;0;0;0m        [38;2;49;49;49m████
[38;2;0;0;0m  [38;2;49;49;49m██[38;2;189;131;238m██[38;2;205;57;74m██[38;2;246;98;98m████[38;2;82;82;82m██████[38;2;205;57;74m██[38;2;246;98;98m██[38;2;255;222;49m██[38;2;246;98;98m██[38;2;82;82;82m██[38;2;255;255;255m████[38;2;82;82;82m██[38;2;255;172;238m██[38;2;189;131;238m████[38;2;49;49;49m██[38;2;0;0;0m    [38;2;49;49;49m██[38;2;65;189;148m██[38;2;49;49;49m██
[38;2;49;49;49m██[38;2;255;172;238m██[38;2;189;131;238m██[38;2;82;82;82m██[38;2;205;57;74m██[38;2;246;98;98m██████████████████[38;2;49;49;49m██[38;2;82;82;82m██[38;2;189;131;238m██████[38;2;148;65;222m██[38;2;49;49;49m██[38;2;0;0;0m    [38;2;49;49;49m██[38;2;65;189;148m██[38;2;49;49;49m██
[38;2;49;49;49m██[38;2;189;131;238m██[38;2;49;49;49m████[38;2;82;82;82m████[38;2;205;205;205m██[38;2;41;90;65m██[38;2;82;82;82m████[38;2;205;57;74m████[38;2;82;82;82m██[38;2;49;49;49m██[38;2;0;0;0m  [38;2;49;49;49m██[38;2;148;65;222m██[38;2;189;131;238m████[38;2;255;172;238m██[38;2;49;49;49m██████[38;2;65;189;148m██[38;2;49;49;49m██[38;2;0;0;0m  
[38;2;0;0;0m  [38;2;49;49;49m██[38;2;0;0;0m  [38;2;49;49;49m██[38;2;205;205;205m████[38;2;41;90;65m████[38;2;82;82;82m██[38;2;65;189;148m██[38;2;82;82;82m██[38;2;205;205;205m██[38;2;49;49;49m██[38;2;0;0;0m      [38;2;49;49;49m██[38;2;189;131;238m██[38;2;148;65;222m██[38;2;41;90;65m██[38;2;65;189;148m████[38;2;49;139;106m██[38;2;49;49;49m██[38;2;0;0;0m    
[38;2;0;0;0m        [38;2;49;49;49m██[38;2;82;82;82m██[38;2;49;139;106m██[38;2;41;90;65m██[38;2;65;189;148m████[38;2;82;82;82m██[38;2;255;255;255m████[38;2;49;49;49m██[38;2;0;0;0m    [38;2;49;49;49m██[38;2;189;131;238m██[38;2;41;90;65m██[38;2;65;189;148m████[38;2;49;139;106m██[38;2;65;189;148m██[38;2;49;49;49m██[38;2;0;0;0m    
[38;2;0;0;0m          [38;2;49;49;49m██[38;2;49;139;106m████[38;2;41;90;65m██[38;2;65;189;148m████[38;2;82;82;82m██[38;2;255;255;255m████[38;2;49;49;49m████[38;2;41;90;65m██[38;2;255;172;238m██[38;2;41;90;65m██[38;2;49;139;106m████[38;2;65;189;148m██[38;2;49;49;49m██[38;2;0;0;0m      
[38;2;0;0;0m          [38;2;49;49;49m██[38;2;49;139;106m██████[38;2;41;90;65m████[38;2;49;139;106m██[38;2;82;82;82m████[38;2;41;90;65m██[38;2;49;139;106m██[38;2;41;90;65m████[38;2;49;139;106m██[38;2;65;189;148m████[38;2;49;49;49m██[38;2;0;0;0m        
[38;2;0;0;0m            [38;2;49;49;49m████[38;2;49;139;106m████[38;2;41;90;65m██[38;2;49;139;106m██[38;2;41;90;65m██[38;2;65;189;148m████[38;2;49;139;106m██[38;2;65;189;148m██████[38;2;49;49;49m████[38;2;0;0;0m          
[38;2;0;0;0m                [38;2;49;49;49m██[38;2;49;139;106m██[38;2;41;90;65m██████[38;2;49;139;106m████[38;2;49;49;49m████████[38;2;0;0;0m              
[38;2;0;0;0m                  [38;2;49;49;49m██[38;2;49;139;106m██[38;2;41;90;65m██[38;2;49;139;106m██[38;2;49;49;49m████[38;2;0;0;0m                      
[38;2;0;0;0m                [38;2;49;49;49m██[38;2;49;139;106m██[38;2;49;49;49m████[38;2;65;189;148m██[38;2;49;49;49m██[38;2;0;0;0m                        
[38;2;0;0;0m                [38;2;49;49;49m████[38;2;0;0;0m  [38;2;49;49;49m██[38;2;65;189;148m████[38;2;49;49;49m██[38;2;0;0;0m                      
[38;2;0;0;0m                        [38;2;49;49;49m██[38;2;65;189;148m██[38;2;49;49;49m██[38;2;0;0;0m                      [0m
