
[38;2;0;0;0m                    ██                            
[38;2;0;0;0m                  ██[38;2;115;214;99m██[38;2;0;0;0m██                          
[38;2;0;0;0m                  [38;2;8;4;8m██[38;2;123;222;107m██[38;2;107;165;99m██[38;2;0;4;0m██[38;2;0;0;0m                        
[38;2;0;0;0m                ██[38;2;123;222;107m██[38;2;85;149;74m██[38;2;107;165;99m██[38;2;71;111;66m██[38;2;0;0;0m██                      
[38;2;0;0;0m              ████[38;2;115;214;99m██[38;2;98;156;98m██[38;2;99;156;99m██[38;2;82;123;74m██[38;2;0;0;0m████                    
[38;2;0;0;0m            ██[38;2;82;148;77m██[38;2;123;222;115m██[38;2;98;156;98m████[38;2;99;156;99m████[38;2;52;77;52m██[38;2;104;154;104m██[38;2;0;0;0m██                  
[38;2;0;0;0m          [38;2;8;0;16m██[38;2;115;214;99m██[38;2;115;217;99m████[38;2;115;214;99m██[38;2;98;156;98m██[38;2;99;156;99m██████[38;2;66;66;66m██[38;2;99;159;99m██[38;2;0;0;0m██                
[38;2;0;0;0m  ████████[38;2;44;71;44m██[38;2;115;214;99m██[38;2;115;217;99m████[38;2;115;214;99m██[38;2;98;156;98m██[38;2;123;123;123m████[38;2;99;156;99m██[38;2;66;66;66m██[38;2;99;159;99m██[38;2;0;0;0m██                
[38;2;0;0;0m██[38;2;231;57;71m████[38;2;187;192;187m██[38;2;66;66;66m██[38;2;115;217;99m████████[38;2;123;198;115m██[38;2;104;151;101m██[38;2;77;31;32m██[38;2;0;12;8m██[38;2;99;156;99m██[38;2;66;66;66m██[38;2;99;156;99m████[38;2;0;0;0m██              
[38;2;0;0;0m  ████[38;2;126;129;126m██[38;2;66;66;66m██[38;2;115;217;99m████████[38;2;104;151;101m██[38;2;66;57;74m██[38;2;231;70;79m██[38;2;0;12;8m██[38;2;99;156;99m██[38;2;66;66;66m██████[38;2;0;0;0m████            
[38;2;0;0;0m      ████[38;2;96;143;88m██[38;2;140;214;124m██[38;2;115;214;99m██[38;2;123;123;123m██[38;2;77;43;45m██[38;2;0;28;24m██[38;2;151;90;95m██[38;2;123;45;51m██[38;2;189;189;189m████[38;2;231;165;167m██[38;2;156;109;112m██[38;2;231;61;79m████[38;2;0;0;0m██      ████
[38;2;0;0;0m          [38;2;8;0;16m██[38;2;96;143;88m██[38;2;123;123;123m████[38;2;77;43;45m██[38;2;231;74;87m██[38;2;206;181;182m████[38;2;189;189;189m██[38;2;123;123;123m██[38;2;82;53;58m████[38;2;77;34;37m██[38;2;0;20;16m██[38;2;0;0;0m      ██[38;2;231;57;71m██[38;2;0;0;0m██
[38;2;0;0;0m            ██[38;2;126;126;126m██[38;2;63;63;63m██[38;2;0;0;0m████[38;2;66;68;66m██[38;2;82;112;82m██[38;2;82;124;74m██[38;2;66;66;66m██[38;2;82;123;74m████[38;2;85;149;74m██[38;2;8;4;8m██[38;2;0;0;0m    ██[38;2;159;99;106m██[38;2;231;57;71m██[38;2;0;0;0m██
[38;2;0;0;0m              ████[38;2;82;123;74m████[38;2;99;156;99m████[38;2;66;66;66m████[38;2;82;123;74m██[38;2;99;156;99m██[38;2;123;222;107m████[38;2;0;0;0m████[38;2;159;99;106m████[38;2;231;57;71m██[38;2;0;0;0m██
[38;2;0;0;0m                  [38;2;8;0;8m██[38;2;107;132;107m██[38;2;99;156;99m██[38;2;66;66;66m████[38;2;124;124;124m██[38;2;66;66;66m██[38;2;111;140;111m██[38;2;66;66;66m██[38;2;231;57;71m██[38;2;66;82;82m██[38;2;121;79;84m██[38;2;123;123;123m████[38;2;0;0;0m██  
[38;2;0;0;0m                ██[38;2;107;132;107m██[38;2;57;66;57m██[38;2;66;66;66m████[38;2;124;124;124m████[38;2;111;140;111m██[38;2;66;66;66m██[38;2;231;57;71m██[38;2;66;66;66m██[38;2;231;74;87m██[38;2;66;82;82m██[38;2;123;123;123m██[38;2;107;108;107m██[38;2;0;0;0m██  
[38;2;0;0;0m              ██[38;2;231;57;71m██[38;2;93;93;93m████[38;2;71;71;71m██[38;2;107;107;107m██[38;2;115;117;115m████[38;2;66;66;66m████[38;2;107;110;107m████[38;2;115;117;115m████[38;2;66;66;66m██[38;2;0;0;0m██    
[38;2;0;0;0m              ████[38;2;231;57;71m██[38;2;93;93;93m██[38;2;107;107;107m██[38;2;0;0;0m██[38;2;0;4;0m██[38;2;58;60;58m██[38;2;124;124;124m████[38;2;107;110;107m████[38;2;58;60;58m██[38;2;0;4;0m██[38;2;0;0;0m██      
[38;2;0;0;0m                ████████    ██[38;2;231;61;79m██[38;2;77;34;37m██[38;2;104;104;104m████[38;2;0;0;0m██          
[38;2;0;0;0m                            ██[38;2;0;20;16m██[38;2;231;61;79m██[38;2;104;104;104m██[38;2;231;57;71m██[38;2;0;0;0m██          
[38;2;0;0;0m                                ████████          [0m
