
[38;2;0;0;0m        [38;2;35;47;45m██[38;2;3;4;3m  [38;2;0;0;0m                      
[38;2;0;0;0m        [38;2;140;189;179m██[38;2;108;145;138m██[38;2;58;79;75m  [38;2;0;0;0m                    
[38;2;0;0;0m        [38;2;140;189;179m████████[38;2;17;23;22m  [38;2;0;0;0m                
[38;2;0;0;0m        [38;2;75;101;96m██[38;2;140;189;179m██████[38;2;122;165;157m██[38;2;0;0;0m                
[38;2;0;0;0m        [38;2;49;69;67m██[38;2;139;188;179m██[38;2;140;189;179m██████[38;2;135;183;174m██[38;2;0;0;0m              
[38;2;0;0;0m        [38;2;114;156;150m██[38;2;139;188;179m██[38;2;116;170;152m██[38;2;86;147;118m██[38;2;113;168;149m██[38;2;138;187;178m██[38;2;46;62;59m  [38;2;0;0;0m            
[38;2;0;0;0m    [38;2;5;10;7m  [38;2;121;166;157m██[38;2;140;189;179m██[38;2;123;176;161m██[38;2;83;161;112m██[38;2;99;181;131m██[38;2;81;158;113m██[38;2;122;183;160m██[38;2;61;83;79m██[38;2;0;0;0m            
[38;2;0;0;0m    [38;2;37;56;49m██[38;2;136;186;176m██[38;2;119;173;156m██[38;2;83;165;116m██[38;2;123;201;154m██[38;2;128;206;160m██[38;2;103;184;137m██[38;2;82;166;116m██[38;2;45;60;52m██[38;2;0;0;0m            
[38;2;0;0;0m    [38;2;99;147;131m██[38;2;139;189;179m██[38;2;103;163;138m██[38;2;86;174;120m██[38;2;123;201;155m██[38;2;125;207;159m██[38;2;104;174;130m██[38;2;85;149;106m██[38;2;87;103;91m██[38;2;63;63;63m██[38;2;24;24;24m  [38;2;0;0;0m        
[38;2;0;0;0m    [38;2;91;151;124m██[38;2;140;189;179m██[38;2;75;150;107m██[38;2;87;176;121m██[38;2;94;176;126m██[38;2;90;116;89m██[38;2;143;157;144m██[38;2;162;167;161m██[38;2;235;235;234m██[38;2;238;238;238m██[38;2;24;24;24m  [38;2;0;0;0m        
[38;2;0;0;0m    [38;2;22;42;31m██[38;2;129;180;167m██[38;2;75;150;107m██[38;2;87;176;121m██[38;2;84;133;95m██[38;2;204;182;188m██[38;2;191;168;170m██[38;2;166;189;189m██[38;2;125;125;125m██[38;2;0;0;0m            
[38;2;0;0;0m    [38;2;5;10;7m  [38;2;81;122;104m██[38;2;99;169;138m██[38;2;88;161;122m██[38;2;109;95;87m██[38;2;145;47;71m██[38;2;196;209;206m██[38;2;220;237;237m██[38;2;200;200;200m██[38;2;0;0;0m            
[38;2;17;35;25m██[38;2;27;54;38m██[38;2;32;38;35m██[38;2;55;92;68m██[38;2;75;112;97m██[38;2;86;151;119m██[38;2;120;112;110m██[38;2;166;158;162m██[38;2;116;121;118m██[38;2;66;83;73m██[38;2;45;52;48m██[38;2;0;0;0m        [38;2;4;8;6m  [38;2;5;11;8m  
[38;2;18;35;25m██[38;2;69;136;95m██[38;2;69;124;92m██[38;2;24;48;35m██[38;2;0;0;0m  [38;2;31;43;41m  [38;2;99;77;74m██[38;2;70;116;89m██[38;2;70;103;81m██[38;2;72;88;73m██[38;2;68;103;82m██[38;2;53;98;73m██[38;2;20;37;28m  [38;2;0;0;0m  [38;2;45;87;61m  [38;2;72;138;97m██[38;2;23;45;32m██
[38;2;14;26;19m  [38;2;67;125;92m██[38;2;48;89;66m██[38;2;0;0;0m    [38;2;129;41;63m  [38;2;179;63;86m██[38;2;90;174;120m██[38;2;111;147;119m██[38;2;79;61;59m  [38;2;0;0;0m  [38;2;4;8;6m  [38;2;64;111;83m██[38;2;79;150;104m██[38;2;87;176;121m██[38;2;71;137;96m██[38;2;0;0;0m  
[38;2;0;0;0m  [38;2;53;104;77m██[38;2;45;55;50m██[38;2;0;0;0m  [38;2;0;1;0m  [38;2;174;174;174m  [38;2;92;96;85m██[38;2;72;142;104m██[38;2;231;239;234m██[38;2;191;185;185m  [38;2;0;0;0m    [38;2;50;91;65m██[38;2;86;174;118m██[38;2;89;173;121m██[38;2;17;34;24m  [38;2;0;0;0m  
[38;2;0;0;0m        [38;2;0;1;0m  [38;2;116;117;116m  [38;2;175;200;190m██[38;2;91;146;121m██[38;2;233;236;236m██[38;2;120;138;139m  [38;2;0;0;0m  [38;2;7;13;9m██[38;2;85;121;91m██[38;2;65;131;89m██[38;2;21;41;29m  [38;2;0;0;0m    
[38;2;0;0;0m          [38;2;112;129;129m  [38;2;132;148;148m██[38;2;42;48;48m██[38;2;137;140;140m██[38;2;185;186;187m  [38;2;0;0;0m  [38;2;1;1;1m  [38;2;21;34;25m██[38;2;0;0;0m        
[38;2;0;0;0m      [38;2;35;40;40m  [38;2;156;179;179m██[38;2;127;145;145m██[38;2;0;0;0m      [38;2;193;193;193m██[38;2;190;196;201m██[38;2;58;58;58m  [38;2;0;0;0m          
[38;2;0;0;0m      [38;2;134;161;160m██[38;2;128;150;149m██[38;2;14;16;16m██[38;2;0;0;0m      [38;2;7;7;7m██[38;2;255;255;255m██[38;2;232;232;233m██[38;2;0;1;2m  [38;2;0;0;0m        
[38;2;0;0;0m                    [38;2;142;142;142m██[38;2;177;178;179m██[38;2;97;97;97m██[38;2;0;0;0m        
[38;2;0;0;0m                    [38;2;35;35;35m  [38;2;44;47;44m██[38;2;24;25;24m  [38;2;0;0;0m        [0m
