
[38;2;0;0;0m          [38;2;49;49;49m████[38;2;0;0;0m                                
[38;2;0;0;0m    [38;2;49;49;49m██████[38;2;65;115;65m██[38;2;49;49;49m██[38;2;0;0;0m                                
[38;2;0;0;0m  [38;2;49;49;49m██[38;2;65;115;65m██████[38;2;82;82;82m██[38;2;49;49;49m██████[38;2;0;0;0m        [38;2;49;49;49m████████[38;2;0;0;0m            
[38;2;49;49;49m██[38;2;65;115;65m████[38;2;82;82;82m██[38;2;189;164;65m██[38;2;82;82;82m████[38;2;82;148;90m████[38;2;49;49;49m████████[38;2;82;148;90m██████[38;2;49;49;49m██[38;2;0;0;0m            
[38;2;49;49;49m██[38;2;65;115;65m██[38;2;82;82;82m██[38;2;189;164;65m██[38;2;82;82;82m██[38;2;255;255;255m██[38;2;82;82;82m██[38;2;82;148;90m██[38;2;65;115;65m██[38;2;246;246;41m██[38;2;82;82;82m██[38;2;82;148;90m████████[38;2;49;49;49m██[38;2;0;0;0m              
[38;2;49;49;49m██[38;2;65;115;65m██[38;2;49;49;49m██[38;2;82;148;90m██[38;2;82;82;82m████[38;2;82;148;90m██[38;2;65;115;65m██[38;2;246;246;41m██[38;2;82;82;82m██[38;2;82;148;90m██████████[38;2;49;49;49m██[38;2;0;0;0m              
[38;2;0;0;0m  [38;2;49;49;49m██[38;2;255;255;255m██[38;2;82;148;90m████████[38;2;189;164;65m██[38;2;246;246;41m██[38;2;65;115;65m██[38;2;82;148;90m████████[38;2;49;49;49m██[38;2;0;0;0m                
[38;2;0;0;0m  [38;2;49;49;49m████[38;2;82;148;90m████████[38;2;49;49;49m██[38;2;65;115;65m██[38;2;82;148;90m██████████[38;2;49;49;49m██[38;2;0;0;0m                
[38;2;0;0;0m  [38;2;49;49;49m██[38;2;189;164;65m██[38;2;65;115;65m██[38;2;82;148;90m██████[38;2;255;255;255m██[38;2;82;148;90m██[38;2;82;82;82m██[38;2;82;148;90m██████[38;2;49;49;49m██[38;2;0;0;0m                  
[38;2;0;0;0m    [38;2;49;49;49m██[38;2;65;197;255m██████[38;2;82;148;90m██[38;2;49;49;49m██[38;2;82;148;90m████[38;2;82;82;82m████[38;2;49;49;49m██[38;2;0;0;0m        [38;2;49;49;49m████[38;2;0;0;0m        
[38;2;0;0;0m    [38;2;49;49;49m██[38;2;82;82;82m██[38;2;65;197;255m██████[38;2;246;246;41m████[38;2;65;115;65m██████[38;2;49;49;49m██[38;2;0;0;0m    [38;2;49;49;49m████[38;2;246;246;41m████[38;2;49;49;49m██[38;2;0;0;0m      
[38;2;0;0;0m      [38;2;49;49;49m████[38;2;65;197;255m██████[38;2;189;164;65m██[38;2;65;115;65m██████[38;2;49;49;49m██[38;2;0;0;0m  [38;2;49;49;49m██[38;2;246;246;41m██[38;2;189;164;65m██████[38;2;246;246;41m██[38;2;49;49;49m██[38;2;0;0;0m    
[38;2;0;0;0m          [38;2;49;49;49m████[38;2;57;148;197m████[38;2;189;164;65m██[38;2;65;115;65m██[38;2;82;148;90m████[38;2;49;49;49m██[38;2;82;148;90m████[38;2;82;82;82m████[38;2;189;164;65m██████[38;2;49;49;49m██[38;2;0;0;0m  
[38;2;0;0;0m              [38;2;49;49;49m██[38;2;57;148;197m██[38;2;189;164;65m██[38;2;246;246;41m██[38;2;82;148;90m██████[38;2;82;82;82m██[38;2;65;197;255m████[38;2;82;148;90m██[38;2;82;82;82m████[38;2;189;164;65m██[38;2;49;49;49m██[38;2;0;0;0m  
[38;2;0;0;0m              [38;2;49;49;49m██[38;2;65;197;255m████[38;2;246;246;41m██[38;2;82;148;90m██[38;2;189;164;65m██[38;2;82;148;90m████████[38;2;246;246;41m██[38;2;189;164;65m██[38;2;65;115;65m██[38;2;49;49;49m██[38;2;0;0;0m    
[38;2;0;0;0m            [38;2;49;49;49m██[38;2;82;82;82m██[38;2;65;197;255m████[38;2;246;246;41m██[38;2;82;148;90m████[38;2;246;246;41m████████[38;2;65;115;65m██████[38;2;189;164;65m██[38;2;49;49;49m██[38;2;0;0;0m  
[38;2;0;0;0m            [38;2;49;49;49m██[38;2;65;197;255m████████[38;2;246;246;41m██[38;2;82;148;90m██████[38;2;65;115;65m████[38;2;189;164;65m██████[38;2;82;82;82m██[38;2;49;49;49m██[38;2;0;0;0m  
[38;2;0;0;0m          [38;2;49;49;49m██[38;2;82;82;82m██[38;2;57;148;197m██[38;2;65;197;255m████[38;2;57;148;197m██[38;2;82;82;82m██[38;2;246;246;41m██████[38;2;189;164;65m████[38;2;82;82;82m██████[38;2;57;148;197m██[38;2;82;82;82m██[38;2;49;49;49m██
[38;2;0;0;0m          [38;2;49;49;49m██[38;2;57;148;197m██[38;2;82;82;82m██[38;2;57;148;197m████████[38;2;82;82;82m██████████[38;2;57;148;197m████[38;2;82;82;82m██[38;2;57;148;197m████[38;2;49;49;49m██
[38;2;0;0;0m            [38;2;49;49;49m████████[38;2;57;148;197m██████████[38;2;49;49;49m████[38;2;57;148;197m████[38;2;49;49;49m██████[38;2;0;0;0m  
[38;2;0;0;0m                    [38;2;49;49;49m████[38;2;57;148;197m████[38;2;49;49;49m██[38;2;0;0;0m    [38;2;49;49;49m████[38;2;0;0;0m        
[38;2;0;0;0m                        [38;2;49;49;49m████[38;2;0;0;0m                  [0m
