
[38;2;0;0;0m              [38;2;49;49;49m████████[38;2;0;0;0m                      
[38;2;0;0;0m            [38;2;49;49;49m██[38;2;213;180;213m██████[38;2;82;82;82m██[38;2;49;49;49m████████[38;2;0;0;0m              
[38;2;0;0;0m          [38;2;49;49;49m██[38;2;213;180;213m██[38;2;49;49;49m██[38;2;213;180;213m██████[38;2;139;98;189m██[38;2;172;131;205m██████[38;2;49;49;49m████████[38;2;0;0;0m      
[38;2;0;0;0m          [38;2;49;49;49m██[38;2;139;115;123m██████[38;2;213;180;213m██████[38;2;139;98;189m████████[38;2;172;131;205m██████[38;2;49;49;49m██[38;2;0;0;0m    
[38;2;0;0;0m            [38;2;49;49;49m██[38;2;82;82;82m████[38;2;139;115;123m██████[38;2;82;82;82m██[38;2;172;131;205m████[38;2;139;98;189m████[38;2;172;131;205m██████[38;2;49;49;49m██[38;2;0;0;0m  
[38;2;0;0;0m        [38;2;49;49;49m████[38;2;139;98;189m██[38;2;172;131;205m████[38;2;82;82;82m████████████[38;2;172;131;205m██[38;2;139;98;189m██[38;2;172;131;205m██████[38;2;49;49;49m██[38;2;0;0;0m  
[38;2;0;0;0m      [38;2;49;49;49m██[38;2;172;131;205m██[38;2;82;82;82m██[38;2;172;131;205m████████[38;2;82;82;82m██████████[38;2;172;131;205m██[38;2;139;98;189m██████[38;2;49;49;49m████[38;2;0;0;0m  
[38;2;0;0;0m    [38;2;49;49;49m██[38;2;230;82;82m██[38;2;82;82;82m██[38;2;172;131;205m██████[38;2;82;82;82m████[38;2;172;131;205m██████[38;2;82;82;82m██████[38;2;49;49;49m██████[38;2;0;0;0m      
[38;2;0;0;0m    [38;2;49;49;49m██[38;2;230;82;82m██[38;2;172;131;205m██[38;2;82;82;82m██████[38;2;172;131;205m██████[38;2;230;82;82m██[38;2;139;98;189m████[38;2;82;82;82m██[38;2;49;49;49m██[38;2;0;0;0m            
[38;2;0;0;0m      [38;2;49;49;49m██[38;2;255;255;255m██[38;2;172;131;205m████████[38;2;255;156;148m██[38;2;230;82;82m██[38;2;255;123;98m██[38;2;139;98;189m██[38;2;82;82;82m██[38;2;49;49;49m██[38;2;0;0;0m              
[38;2;0;0;0m        [38;2;49;49;49m██[38;2;255;255;255m██[38;2;189;189;180m██[38;2;255;255;255m██[38;2;255;123;98m██[38;2;230;82;82m██[38;2;255;123;98m██[38;2;82;82;82m████[38;2;213;180;213m██[38;2;49;49;49m████[38;2;0;0;0m    [38;2;49;49;49m██[38;2;0;0;0m      
[38;2;0;0;0m    [38;2;49;49;49m████[38;2;115;82;164m██[38;2;82;82;82m████████████[38;2;172;131;205m██[38;2;213;180;213m██[38;2;82;82;82m██[38;2;139;98;189m████[38;2;49;49;49m████[38;2;172;131;205m██[38;2;49;49;49m██[38;2;0;0;0m    
[38;2;0;0;0m  [38;2;49;49;49m██[38;2;213;180;213m██[38;2;115;82;164m██████[38;2;49;49;49m██[38;2;139;98;189m██[38;2;115;82;164m██[38;2;172;131;205m██[38;2;115;82;164m██[38;2;172;131;205m████[38;2;213;180;213m██[38;2;49;49;49m████[38;2;115;82;164m██[38;2;82;82;82m██[38;2;172;131;205m██[38;2;49;49;49m██[38;2;0;0;0m    
[38;2;49;49;49m██[38;2;213;180;213m██[38;2;115;82;164m██[38;2;49;49;49m██████[38;2;0;0;0m  [38;2;49;49;49m████[38;2;115;82;164m██[38;2;172;131;205m██[38;2;139;98;189m██[38;2;172;131;205m██[38;2;82;82;82m██[38;2;49;49;49m██[38;2;0;0;0m  [38;2;49;49;49m██[38;2;139;98;189m████[38;2;172;131;205m██[38;2;49;49;49m██[38;2;0;0;0m  
[38;2;49;49;49m██████[38;2;0;0;0m            [38;2;49;49;49m██[38;2;82;82;82m██████[38;2;49;49;49m██[38;2;0;0;0m      [38;2;49;49;49m██[38;2;139;98;189m██[38;2;172;131;205m██[38;2;49;49;49m██[38;2;0;0;0m  
[38;2;0;0;0m              [38;2;49;49;49m████[38;2;139;98;189m██[38;2;82;82;82m██[38;2;139;98;189m████[38;2;82;82;82m██[38;2;49;49;49m████[38;2;0;0;0m  [38;2;49;49;49m██[38;2;139;98;189m██[38;2;115;82;164m████[38;2;49;49;49m██
[38;2;0;0;0m            [38;2;49;49;49m██[38;2;139;98;189m██████[38;2;49;49;49m██[38;2;139;98;189m████[38;2;82;82;82m██[38;2;172;131;205m████[38;2;49;49;49m██[38;2;0;0;0m  [38;2;49;49;49m██[38;2;115;82;164m██[38;2;213;180;213m██[38;2;49;49;49m██
[38;2;0;0;0m          [38;2;49;49;49m██[38;2;139;98;189m████[38;2;115;82;164m██[38;2;49;49;49m██[38;2;0;0;0m  [38;2;49;49;49m██[38;2;115;82;164m████[38;2;82;82;82m██[38;2;172;131;205m████[38;2;49;49;49m██[38;2;0;0;0m  [38;2;49;49;49m██[38;2;213;180;213m██[38;2;49;49;49m██
[38;2;0;0;0m            [38;2;49;49;49m██[38;2;82;82;82m████[38;2;115;82;164m██[38;2;49;49;49m██[38;2;0;0;0m  [38;2;49;49;49m████[38;2;82;82;82m██[38;2;172;131;205m██████[38;2;49;49;49m██[38;2;0;0;0m  [38;2;49;49;49m████
[38;2;0;0;0m            [38;2;49;49;49m██[38;2;213;180;213m██[38;2;139;115;123m██[38;2;115;82;164m██[38;2;49;49;49m██[38;2;0;0;0m      [38;2;49;49;49m████[38;2;172;131;205m██[38;2;82;82;82m██[38;2;49;49;49m██[38;2;0;0;0m      
[38;2;0;0;0m              [38;2;49;49;49m██████[38;2;0;0;0m            [38;2;49;49;49m██[38;2;139;98;189m████[38;2;49;49;49m██[38;2;0;0;0m    
[38;2;0;0;0m                                [38;2;49;49;49m██[38;2;139;98;189m████[38;2;49;49;49m██[38;2;0;0;0m    
[38;2;0;0;0m                              [38;2;49;49;49m██[38;2;139;98;189m██[38;2;213;180;213m████[38;2;139;98;189m██[38;2;49;49;49m██[38;2;0;0;0m  
[38;2;0;0;0m                                [38;2;49;49;49m████████[38;2;0;0;0m    [0m
