
[38;2;0;0;0m    [38;2;10;9;14m██[38;2;5;5;7m  [38;2;0;0;0m                                  
[38;2;0;0;0m    [38;2;40;36;55m██[38;2;108;97;147m██[38;2;0;0;0m                                  
[38;2;0;0;0m      [38;2;109;99;149m██[38;2;99;89;135m██[38;2;33;28;43m██[38;2;0;0;0m          [38;2;39;35;53m██[38;2;0;0;0m              [38;2;8;7;11m  [38;2;10;9;14m██
[38;2;0;0;0m      [38;2;109;99;149m██[38;2;134;121;184m██[38;2;130;117;177m██[38;2;66;59;90m  [38;2;0;0;0m      [38;2;55;49;75m  [38;2;130;117;177m██[38;2;0;0;0m            [38;2;88;84;125m  [38;2;115;104;156m██[38;2;34;31;47m██
[38;2;0;0;0m        [38;2;135;121;185m████[38;2;130;117;177m██[38;2;43;37;56m██[38;2;89;82;123m██[38;2;39;34;51m██[38;2;140;129;193m██[38;2;131;118;178m██[38;2;42;36;56m██[38;2;122;110;167m██[38;2;0;0;0m  [38;2;5;5;7m  [38;2;51;48;71m██[38;2;150;137;209m██[38;2;138;125;190m██[38;2;104;94;142m██[38;2;0;0;0m  
[38;2;0;0;0m        [38;2;135;121;185m████[38;2;140;129;194m██[38;2;149;140;209m██[38;2;154;146;217m██[38;2;149;140;209m██[38;2;156;147;220m██[38;2;133;120;181m██[38;2;132;116;179m██[38;2;122;110;167m██[38;2;0;0;0m  [38;2;137;130;194m██[38;2;154;146;218m██[38;2;152;144;214m██[38;2;133;120;182m██[38;2;13;12;18m  [38;2;0;0;0m  
[38;2;0;0;0m        [38;2;52;47;72m██[38;2;157;146;216m██[38;2;159;147;218m██████████[38;2;158;147;217m██[38;2;135;121;185m██[38;2;118;105;157m██[38;2;151;141;208m██[38;2;158;147;218m██[38;2;150;141;210m██[38;2;135;121;185m██[38;2;86;75;115m██[38;2;0;0;0m    
[38;2;0;0;0m        [38;2;55;52;78m██[38;2;158;147;218m██[38;2;159;147;218m████████[38;2;157;147;218m██[38;2;136;123;185m██[38;2;143;132;197m██[38;2;134;122;184m██[38;2;148;138;206m██[38;2;153;145;216m██[38;2;135;122;185m██[38;2;132;116;178m██[38;2;29;26;40m██[38;2;0;0;0m    
[38;2;0;0;0m    [38;2;1;1;0m  [38;2;51;46;65m  [38;2;157;147;219m██[38;2;158;147;218m██[38;2;159;147;218m████████[38;2;151;140;208m██[38;2;146;136;203m██[38;2;145;134;201m██[38;2;135;121;185m██[38;2;134;121;183m████[38;2;135;121;185m██[38;2;112;98;148m██[38;2;14;13;18m  [38;2;0;0;0m    
[38;2;0;0;0m    [38;2;15;14;17m  [38;2;89;83;111m██[38;2;159;147;218m████████████[38;2;146;135;200m██[38;2;134;121;182m████[38;2;135;121;185m████████[38;2;107;93;139m██[38;2;103;88;134m██[38;2;0;0;0m    
[38;2;0;0;0m  [38;2;43;39;51m  [38;2;89;79;105m██[38;2;222;145;171m██[38;2;102;96;141m██[38;2;157;147;216m██[38;2;159;147;218m████[38;2;145;135;201m██[38;2;134;119;182m██[38;2;112;105;136m██[38;2;164;114;140m██[38;2;135;121;185m██████[38;2;134;121;184m██[38;2;116;99;154m██[38;2;98;82;127m██[38;2;17;14;22m  [38;2;0;0;0m    
[38;2;0;0;0m  [38;2;84;72;109m██[38;2;87;83;102m██[38;2;234;170;196m██[38;2;56;53;68m██[38;2;156;143;209m██[38;2;155;147;219m██[38;2;135;122;184m██[38;2;131;122;179m██[38;2;86;93;102m██[38;2;238;136;164m██[38;2;252;179;198m██[38;2;135;121;185m████████[38;2;91;85;108m██[38;2;106;91;138m██[38;2;33;28;43m██[38;2;0;0;0m    
[38;2;28;23;36m██[38;2;109;95;138m██[38;2;77;74;90m██[38;2;133;117;178m██[38;2;157;120;166m██[38;2;131;118;177m██[38;2;134;120;182m██[38;2;112;107;145m██[38;2;86;64;89m██[38;2;248;157;175m██[38;2;255;171;189m██[38;2;175;126;176m██[38;2;134;120;183m██[38;2;113;106;146m██[38;2;134;121;185m██[38;2;135;121;185m████[38;2;100;91;123m██[38;2;100;86;127m██[38;2;40;33;52m  [38;2;0;0;0m  
[38;2;0;0;0m  [38;2;6;6;0m  [38;2;73;67;86m██[38;2;93;91;111m██[38;2;132;120;181m██[38;2;134;121;184m██[38;2;134;120;183m██[38;2;134;119;182m██[38;2;179;116;159m██[38;2;248;177;198m██[38;2;192;150;190m██[38;2;132;119;179m██[38;2;109;104;139m██[38;2;107;102;139m██[38;2;133;120;186m██[38;2;135;121;185m████[38;2;125;112;166m██[38;2;21;21;22m██[38;2;0;0;0m    
[38;2;0;0;0m    [38;2;21;17;27m  [38;2;95;81;125m██[38;2;164;168;180m██[38;2;113;110;141m██[38;2;109;104;139m████████[38;2;108;107;136m██[38;2;179;177;193m██[38;2;140;132;160m██[38;2;135;121;185m██[38;2;112;102;144m██[38;2;136;121;185m██[38;2;135;121;185m████[38;2;41;37;57m██[38;2;0;0;0m    
[38;2;0;0;0m      [38;2;100;90;136m  [38;2;131;119;162m██[38;2;245;244;248m██[38;2;213;208;222m██[38;2;255;255;255m██[38;2;216;212;225m██[38;2;255;255;255m██[38;2;220;216;227m██[38;2;238;237;242m██[38;2;122;106;164m██[38;2;135;121;185m██[38;2;97;91;120m██[38;2;131;116;175m██[38;2;135;121;185m██[38;2;127;111;172m██[38;2;117;103;157m██[38;2;0;0;0m    
[38;2;0;0;0m        [38;2;79;73;100m██[38;2;159;149;181m██[38;2;185;177;200m██[38;2;255;255;255m██[38;2;215;210;224m██[38;2;250;250;255m██[38;2;148;138;173m██[38;2;123;107;165m██[38;2;134;120;183m██[38;2;135;121;185m██[38;2;135;120;183m██[38;2;105;96;133m██[38;2;92;87;112m██[38;2;115;102;152m██[38;2;17;16;22m  [38;2;0;0;0m    
[38;2;0;0;0m        [38;2;32;30;42m██[38;2;123;110;165m██[38;2;124;108;167m██[38;2;110;93;144m██[38;2;110;94;145m██[38;2;103;90;145m██[38;2;140;128;180m██[38;2;134;118;182m██[38;2;135;121;185m██[38;2;134;121;184m██[38;2;132;117;179m██[38;2;107;90;139m██[38;2;106;92;139m██[38;2;61;58;73m██[38;2;39;35;51m██[38;2;0;0;0m    
[38;2;0;0;0m        [38;2;13;11;17m  [38;2;93;88;114m██[38;2;106;101;133m██[38;2;131;117;178m██[38;2;135;121;185m██████████[38;2;132;116;179m██[38;2;110;95;145m██[38;2;107;93;139m██[38;2;106;93;139m██[38;2;72;70;78m██[38;2;106;90;139m██[38;2;54;46;71m  [38;2;0;0;0m  
[38;2;0;0;0m          [38;2;77;65;101m  [38;2;107;89;139m██[38;2;92;92;112m██[38;2;29;29;29m  [38;2;106;95;145m  [38;2;109;98;148m██[38;2;108;98;148m██[38;2;107;92;139m████████[38;2;80;75;92m██[38;2;88;74;114m██[38;2;27;23;35m  [38;2;0;0;0m    
[38;2;0;0;0m            [38;2;32;27;42m████[38;2;0;0;0m      [38;2;2;2;3m██[38;2;102;88;134m██[38;2;107;93;139m████[38;2;107;92;139m██[38;2;51;45;62m██[38;2;0;0;0m        
[38;2;0;0;0m                        [38;2;66;55;86m██[38;2;85;74;111m██[38;2;112;98;147m██[38;2;73;64;95m  [38;2;0;0;0m          
[38;2;0;0;0m                          [38;2;2;2;3m  [38;2;34;31;46m██[38;2;0;0;0m            [0m
