
[38;2;0;0;0m        [38;2;49;49;49m████[38;2;0;0;0m                                
[38;2;0;0;0m      [38;2;49;49;49m██[38;2;255;255;255m████[38;2;49;49;49m████[38;2;0;0;0m                            
[38;2;0;0;0m  [38;2;49;49;49m██████[38;2;255;255;255m██[38;2;82;82;82m██[38;2;255;255;255m████[38;2;49;49;49m██[38;2;0;0;0m                          
[38;2;0;0;0m  [38;2;49;49;49m██[38;2;255;189;49m██[38;2;82;82;82m██[38;2;189;197;197m██[38;2;82;82;82m██[38;2;255;255;255m████[38;2;49;49;49m██[38;2;0;0;0m                  [38;2;49;49;49m██████[38;2;0;0;0m  
[38;2;0;0;0m  [38;2;49;49;49m██[38;2;255;82;82m██[38;2;255;189;49m██[38;2;148;148;148m██[38;2;82;82;82m██[38;2;189;197;197m██[38;2;82;82;82m██[38;2;213;139;65m██[38;2;49;49;49m██████[38;2;0;0;0m          [38;2;49;49;49m██[38;2;164;82;41m██[38;2;106;65;41m██[38;2;255;189;49m██[38;2;49;49;49m██
[38;2;0;0;0m    [38;2;49;49;49m██[38;2;213;139;65m██[38;2;255;255;255m██[38;2;189;197;197m██[38;2;82;82;82m██[38;2;255;189;49m████████[38;2;49;49;49m██[38;2;0;0;0m          [38;2;49;49;49m██[38;2;106;65;41m██[38;2;189;197;197m████[38;2;49;49;49m██
[38;2;0;0;0m    [38;2;49;49;49m██[38;2;255;255;255m██████[38;2;189;197;197m██[38;2;255;189;49m████[38;2;255;82;82m████[38;2;49;49;49m██[38;2;0;0;0m          [38;2;49;49;49m██[38;2;82;82;82m██[38;2;49;49;49m████[38;2;0;0;0m  
[38;2;0;0;0m  [38;2;49;49;49m██[38;2;189;197;197m██[38;2;255;255;255m████[38;2;189;197;197m██[38;2;82;82;82m██[38;2;213;139;65m██[38;2;255;189;49m██[38;2;255;82;82m██[38;2;49;49;49m██[38;2;0;0;0m      [38;2;49;49;49m██[38;2;0;0;0m  [38;2;49;49;49m██[38;2;106;65;41m██[38;2;49;49;49m██[38;2;0;0;0m      
[38;2;0;0;0m  [38;2;49;49;49m██[38;2;255;255;255m██████[38;2;148;148;148m██[38;2;255;255;255m██[38;2;82;82;82m██[38;2;255;189;49m██[38;2;213;139;65m██[38;2;49;49;49m██[38;2;0;0;0m  [38;2;49;49;49m████[38;2;255;131;156m██[38;2;49;49;49m██[38;2;106;65;41m██[38;2;49;49;49m██[38;2;0;0;0m        
[38;2;49;49;49m██[38;2;255;180;197m██[38;2;255;131;156m██[38;2;255;255;255m██[38;2;255;189;49m██[38;2;49;49;49m██[38;2;255;255;255m██[38;2;82;82;82m██[38;2;213;139;65m████[38;2;82;82;82m██[38;2;49;49;49m██[38;2;255;131;156m██[38;2;49;49;49m██[38;2;255;131;156m████[38;2;82;82;82m██[38;2;49;49;49m██[38;2;0;0;0m        
[38;2;49;49;49m██[38;2;255;131;156m████[38;2;255;82;82m██[38;2;255;189;49m██████[38;2;213;139;65m██[38;2;82;82;82m██[38;2;213;139;65m██[38;2;49;49;49m████[38;2;255;131;156m████[38;2;164;82;41m██████[38;2;213;139;65m██[38;2;49;49;49m██[38;2;0;0;0m      
[38;2;0;0;0m  [38;2;49;49;49m██[38;2;255;82;82m████[38;2;255;189;49m██[38;2;213;139;65m██[38;2;82;82;82m████[38;2;213;139;65m████[38;2;82;82;82m██[38;2;255;131;156m██[38;2;164;82;41m██████[38;2;255;189;49m████[38;2;164;82;41m██[38;2;49;49;49m██[38;2;0;0;0m      
[38;2;0;0;0m    [38;2;49;49;49m████████[38;2;156;98;49m██[38;2;213;139;65m██[38;2;106;65;41m████[38;2;213;139;65m██[38;2;106;65;41m████[38;2;255;189;49m██[38;2;164;82;41m██[38;2;255;189;49m████[38;2;164;82;41m██[38;2;49;49;49m██[38;2;0;0;0m      
[38;2;0;0;0m          [38;2;49;49;49m██[38;2;213;139;65m████[38;2;106;65;41m████[38;2;255;189;49m██[38;2;106;65;41m████[38;2;255;189;49m████[38;2;164;82;41m████[38;2;106;65;41m██[38;2;49;49;49m██[38;2;0;0;0m      
[38;2;0;0;0m          [38;2;49;49;49m██[38;2;213;139;65m████[38;2;255;189;49m████████████[38;2;213;139;65m██[38;2;106;65;41m██████[38;2;49;49;49m██[38;2;0;0;0m      
[38;2;0;0;0m          [38;2;49;49;49m██[38;2;255;189;49m██[38;2;213;139;65m██[38;2;255;189;49m██████████[38;2;213;139;65m██[38;2;49;49;49m████[38;2;106;65;41m██████[38;2;49;49;49m██[38;2;0;0;0m    
[38;2;0;0;0m            [38;2;49;49;49m██[38;2;255;189;49m██[38;2;213;139;65m████[38;2;255;189;49m██████[38;2;106;65;41m██[38;2;49;49;49m██[38;2;0;0;0m  [38;2;49;49;49m██[38;2;106;65;41m████[38;2;49;49;49m██[38;2;0;0;0m    
[38;2;0;0;0m            [38;2;49;49;49m██[38;2;255;189;49m██[38;2;106;65;41m██[38;2;213;139;65m██[38;2;106;65;41m██[38;2;255;189;49m██[38;2;213;139;65m██[38;2;49;49;49m██[38;2;0;0;0m      [38;2;49;49;49m██[38;2;106;65;41m██[38;2;49;49;49m██[38;2;0;0;0m    
[38;2;0;0;0m            [38;2;49;49;49m██[38;2;213;139;65m██[38;2;156;98;49m██[38;2;49;49;49m████[38;2;213;139;65m████[38;2;49;49;49m██[38;2;0;0;0m      [38;2;49;49;49m██[38;2;106;65;41m██[38;2;49;49;49m██[38;2;0;0;0m    
[38;2;0;0;0m            [38;2;49;49;49m██[38;2;106;65;41m██[38;2;49;49;49m██[38;2;0;0;0m    [38;2;49;49;49m██[38;2;213;139;65m██[38;2;49;49;49m██[38;2;0;0;0m      [38;2;49;49;49m████[38;2;0;0;0m      
[38;2;0;0;0m            [38;2;49;49;49m████[38;2;0;0;0m      [38;2;49;49;49m██[38;2;213;139;65m██[38;2;49;49;49m██[38;2;0;0;0m                
[38;2;0;0;0m                      [38;2;49;49;49m██[38;2;106;65;41m██[38;2;49;49;49m██[38;2;0;0;0m                
[38;2;0;0;0m                      [38;2;49;49;49m████[38;2;0;0;0m                  [0m
