
[38;2;0;0;0m    ████                                                    
[38;2;0;0;0m  ██[38;2;123;132;139m██[38;2;82;88;93m██[38;2;0;0;0m██                                                  
[38;2;0;0;0m  ██[38;2;86;88;90m██[38;2;123;132;139m██[38;2;107;117;123m██[38;2;8;4;8m██[38;2;0;0;0m██                                              
[38;2;0;0;0m  ██[38;2;86;88;90m████[38;2;156;173;180m████[38;2;86;86;90m██[38;2;0;0;0m██                                            
[38;2;0;0;0m    ██[38;2;86;86;90m████[38;2;156;173;180m████[38;2;86;86;90m██[38;2;0;0;0m██  ████████                                
[38;2;0;0;0m    ██[38;2;86;86;90m██████████[38;2;66;66;66m██[38;2;0;0;0m██[38;2;173;181;189m████████[38;2;0;0;0m████████              ████████  
[38;2;0;0;0m    ██[38;2;86;86;90m██[38;2;74;74;74m████████[38;2;255;255;255m██████[38;2;74;74;74m██[38;2;66;66;66m██[38;2;86;88;90m██[38;2;74;74;74m████[38;2;176;181;192m████[38;2;0;0;0m████    ██████[38;2;121;132;137m██[38;2;123;132;139m██[38;2;86;88;90m██[38;2;86;86;90m██[38;2;0;0;0m██
[38;2;0;0;0m      ██[38;2;255;255;255m██[38;2;74;74;74m████[38;2;255;255;255m██████[38;2;74;74;74m████[38;2;86;88;90m██[38;2;66;66;66m██[38;2;74;74;74m██[38;2;255;255;255m██[38;2;176;181;192m████[38;2;181;181;189m██[38;2;60;60;63m██[38;2;0;0;0m████[38;2;82;88;93m██[38;2;123;132;139m██[38;2;121;132;137m████[38;2;86;88;90m████[38;2;0;0;0m██  
[38;2;0;0;0m    ██[38;2;173;181;189m██[38;2;255;255;255m██[38;2;123;132;134m██[38;2;255;255;255m██████[38;2;66;66;66m██[38;2;86;88;90m████[38;2;66;66;66m██[38;2;255;255;255m██████████[38;2;66;66;66m██[38;2;86;88;90m██[38;2;86;86;90m██[38;2;156;173;180m████[38;2;123;130;136m██[38;2;87;89;90m████[38;2;90;90;90m██[38;2;0;0;0m██    
[38;2;0;0;0m    ██[38;2;173;181;189m██[38;2;255;255;255m████████████[38;2;66;66;66m████[38;2;255;255;255m██████████[38;2;66;66;66m██[38;2;86;88;90m████[38;2;156;173;180m████[38;2;123;130;136m██[38;2;90;88;93m██[38;2;87;89;90m████[38;2;60;60;60m██[38;2;0;0;0m██    
[38;2;0;0;0m    ██[38;2;255;255;255m██████████████████████████[38;2;173;173;189m██[38;2;66;61;66m██[38;2;86;88;90m████[38;2;87;89;90m████████[38;2;86;88;90m██[38;2;66;66;66m██[38;2;0;0;0m██      
[38;2;0;0;0m  ██[38;2;255;255;255m██████████[38;2;123;132;134m██[38;2;66;66;66m██[38;2;255;255;255m██████████████[38;2;66;61;66m██[38;2;102;98;107m██[38;2;86;88;90m██[38;2;66;66;66m██[38;2;87;89;90m████████[38;2;66;66;66m████[38;2;0;0;0m██      
[38;2;0;0;0m██[38;2;173;181;189m██[38;2;255;255;255m████████[38;2;123;132;139m██[38;2;66;66;66m██████[38;2;255;255;255m██████████████[38;2;66;61;66m██[38;2;66;66;66m██[38;2;176;181;192m██[38;2;66;61;66m██[38;2;102;98;107m██[38;2;86;88;90m██[38;2;66;66;66m████[38;2;0;0;0m██        
[38;2;0;0;0m██[38;2;173;181;189m██[38;2;66;66;66m██[38;2;255;255;255m████[38;2;123;132;134m██[38;2;66;66;66m██[38;2;85;88;90m██[38;2;86;88;90m██[38;2;66;66;66m██[38;2;255;255;255m██████████[38;2;175;179;191m██[38;2;192;190;192m██[38;2;255;255;255m██[38;2;176;181;192m████[38;2;173;173;189m██[38;2;66;61;66m██[38;2;66;66;66m██████[38;2;0;0;0m██        
[38;2;0;0;0m  ██[38;2;66;66;66m████[38;2;255;255;255m██[38;2;66;66;66m██[38;2;86;88;90m████[38;2;87;89;90m████[38;2;66;66;66m██[38;2;255;255;255m████████████████[38;2;175;179;191m██[38;2;66;66;66m████████[38;2;57;61;65m██[38;2;184;185;192m██[38;2;0;0;0m██      
[38;2;0;0;0m  ██[38;2;66;66;66m████[38;2;255;255;255m████[38;2;66;66;66m██[38;2;86;88;90m██[38;2;87;89;90m████[38;2;66;66;66m██[38;2;255;255;255m████████[38;2;66;66;66m██[38;2;66;61;66m██[38;2;192;190;192m██[38;2;175;179;191m████[38;2;176;181;192m██[38;2;66;66;66m██████[38;2;247;247;255m██[38;2;184;185;192m██[38;2;0;0;0m██      
[38;2;0;0;0m██[38;2;170;170;170m██[38;2;66;66;66m██[38;2;82;156;202m██[38;2;66;66;66m██[38;2;255;255;255m██[38;2;74;74;74m████[38;2;102;98;107m██[38;2;66;61;66m██[38;2;255;255;255m████[38;2;214;247;254m██[38;2;71;82;85m██[38;2;57;61;65m██[38;2;90;158;189m██[38;2;86;88;90m██[38;2;66;66;66m██[38;2;177;181;193m████[38;2;176;181;192m████[38;2;255;255;255m████[38;2;173;181;189m████[38;2;0;0;0m██      
[38;2;0;0;0m██[38;2;255;255;255m██[38;2;66;66;66m██[38;2;82;156;202m██[38;2;66;66;66m██[38;2;255;255;255m████[38;2;74;74;74m██[38;2;66;61;66m██[38;2;173;173;189m██[38;2;255;255;255m██[38;2;66;66;66m██[38;2;0;0;0m██[38;2;143;165;169m██[38;2;90;158;189m██[38;2;107;206;251m██[38;2;86;88;90m██[38;2;66;66;66m██[38;2;123;132;139m██[38;2;177;181;193m██[38;2;176;181;192m████[38;2;175;179;191m████[38;2;173;181;189m██[38;2;0;0;0m██        
[38;2;0;0;0m██[38;2;173;181;189m██[38;2;255;255;255m██[38;2;66;61;66m██[38;2;126;144;164m██[38;2;165;181;205m██[38;2;255;255;255m██████[38;2;192;190;192m██[38;2;57;66;65m██[38;2;96;165;189m██[38;2;0;0;0m██[38;2;123;214;251m██████[38;2;87;89;90m████[38;2;66;66;66m██[38;2;176;181;192m██████████[38;2;0;0;0m██          
[38;2;0;0;0m  ██[38;2;192;190;192m██[38;2;255;255;255m██[38;2;49;70;81m██[38;2;165;181;205m██[38;2;175;179;191m██[38;2;255;255;255m████[38;2;66;61;66m██[38;2;115;214;251m████[38;2;123;214;251m████████[38;2;87;89;90m████[38;2;66;66;66m██[38;2;176;181;192m██████[38;2;66;66;66m████[38;2;0;0;0m██          
[38;2;0;0;0m  ██[38;2;173;181;189m████[38;2;176;181;192m██████████[38;2;66;66;66m██[38;2;82;82;82m██[38;2;123;214;251m████████[38;2;85;87;90m██[38;2;85;88;90m████[38;2;255;255;255m██[38;2;175;179;191m██[38;2;176;183;192m██[38;2;66;70;66m██[38;2;102;98;107m██[38;2;66;61;66m██[38;2;0;0;0m██          
[38;2;0;0;0m    ██[38;2;173;181;189m██[38;2;176;181;192m██[38;2;66;66;66m████[38;2;176;181;192m██████[38;2;82;82;82m████[38;2;85;87;90m████████[38;2;255;255;255m████[38;2;175;179;191m████[38;2;176;183;192m██[38;2;121;126;129m██[38;2;66;61;66m██[38;2;173;173;189m██[38;2;0;0;0m██          
[38;2;0;0;0m    ██[38;2;173;181;189m██[38;2;85;85;85m██[38;2;255;255;255m██[38;2;184;185;192m██[38;2;57;61;65m██[38;2;66;66;66m██[38;2;176;181;192m██[38;2;177;181;193m██[38;2;123;132;139m██[38;2;255;255;255m████████[38;2;176;181;192m████████████[38;2;173;181;189m██[38;2;0;0;0m██            
[38;2;0;0;0m      ████[38;2;255;255;255m██[38;2;184;185;192m██[38;2;247;247;255m██[38;2;176;181;192m██[38;2;66;66;66m██[38;2;177;181;193m████[38;2;175;179;191m████████[38;2;176;181;192m████████[38;2;66;66;66m████[38;2;0;0;0m██              
[38;2;0;0;0m        ██[38;2;86;86;90m██[38;2;172;172;176m██[38;2;255;255;255m██[38;2;175;179;191m██[38;2;255;255;255m██[38;2;66;61;66m██[38;2;173;173;189m██[38;2;176;181;192m████████[38;2;66;66;66m████[38;2;173;181;189m██████[38;2;0;0;0m██                
[38;2;0;0;0m          ██[38;2;90;90;98m██[38;2;255;255;255m██[38;2;175;179;191m██[38;2;255;255;255m██[38;2;102;98;107m██[38;2;66;61;66m██[38;2;176;181;192m██████[38;2;66;66;66m██[38;2;86;88;90m████[38;2;58;63;63m██[38;2;0;4;0m██[38;2;0;0;0m██                  
[38;2;0;0;0m            ████[38;2;86;86;90m████[38;2;86;90;94m██[38;2;173;181;189m████[38;2;0;0;0m██[38;2;173;181;189m████[38;2;0;0;0m██████                      
[38;2;0;0;0m                ██████████  ████                            [0m
