
[38;2;0;0;0m      [38;2;49;49;49m████[38;2;0;0;0m        [38;2;49;49;49m████[38;2;0;0;0m                                        
[38;2;0;0;0m    [38;2;49;49;49m██[38;2;148;156;238m████[38;2;49;49;49m██[38;2;0;0;0m      [38;2;49;49;49m██[38;2;148;156;238m██[38;2;49;49;49m████[38;2;0;0;0m                                    
[38;2;0;0;0m  [38;2;49;49;49m██[38;2;148;156;238m████[38;2;82;82;82m██[38;2;148;156;238m██[38;2;49;49;49m██[38;2;0;0;0m    [38;2;49;49;49m██[38;2;189;74;82m██[38;2;148;156;238m████[38;2;49;49;49m████[38;2;0;0;0m                                
[38;2;0;0;0m  [38;2;49;49;49m██[38;2;148;156;238m████[38;2;82;82;82m██[38;2;148;156;238m████[38;2;49;49;49m██[38;2;0;0;0m  [38;2;49;49;49m██[38;2;189;74;82m██[38;2;115;115;205m██[38;2;148;156;238m████[38;2;115;115;205m██[38;2;49;49;49m██████[38;2;0;0;0m    [38;2;49;49;49m████████████[38;2;0;0;0m          
[38;2;49;49;49m██[38;2;148;156;238m██████[38;2;82;82;82m██[38;2;148;156;238m████[38;2;49;49;49m██[38;2;0;0;0m    [38;2;49;49;49m██[38;2;189;74;82m██[38;2;148;156;238m██████████[38;2;115;115;205m██[38;2;49;49;49m████[38;2;148;156;238m██████[38;2;115;115;205m████[38;2;82;82;82m██[38;2;49;49;49m██[38;2;0;0;0m        
[38;2;49;49;49m██[38;2;148;156;238m████████[38;2;82;82;82m██[38;2;148;156;238m████[38;2;49;49;49m██[38;2;0;0;0m  [38;2;49;49;49m██[38;2;189;74;82m██[38;2;115;115;205m██[38;2;148;156;238m████████████████[38;2;115;115;205m████[38;2;246;98;82m████[38;2;115;115;205m██[38;2;49;49;49m██[38;2;0;0;0m        
[38;2;49;49;49m██[38;2;148;156;238m██████[38;2;82;82;82m██[38;2;148;156;238m████[38;2;115;115;205m██[38;2;49;49;49m██[38;2;0;0;0m  [38;2;49;49;49m██[38;2;246;98;82m██[38;2;246;246;41m██[38;2;148;156;238m████████████[38;2;115;115;205m████[38;2;246;98;82m████[38;2;189;74;82m██[38;2;115;115;205m██[38;2;49;49;49m██[38;2;0;0;0m          
[38;2;49;49;49m██[38;2;115;115;205m██[38;2;148;156;238m██████[38;2;82;82;82m██[38;2;115;115;205m████[38;2;49;49;49m██[38;2;0;0;0m  [38;2;49;49;49m██[38;2;115;115;205m██[38;2;246;246;41m██[38;2;115;115;205m██[38;2;148;156;238m██[38;2;115;115;205m██[38;2;148;156;238m██[38;2;115;115;205m████[38;2;246;98;82m████[38;2;189;74;82m██[38;2;246;98;82m██[38;2;115;115;205m██[38;2;49;49;49m██[38;2;0;0;0m    [38;2;49;49;49m████[38;2;0;0;0m    
[38;2;0;0;0m  [38;2;49;49;49m██[38;2;115;115;205m██[38;2;148;156;238m██[38;2;82;82;82m██[38;2;115;115;205m██████[38;2;49;49;49m██[38;2;0;0;0m  [38;2;49;49;49m██[38;2;82;82;82m██[38;2;115;115;205m████[38;2;148;156;238m████[38;2;115;115;205m██[38;2;180;131;90m██[38;2;246;246;41m██[38;2;115;115;205m██[38;2;246;98;82m██[38;2;189;74;82m██[38;2;115;115;205m██[38;2;49;49;49m██[38;2;0;0;0m  [38;2;49;49;49m██████[38;2;148;156;238m██[38;2;49;49;49m██[38;2;0;0;0m  
[38;2;0;0;0m  [38;2;49;49;49m██[38;2;115;115;205m██████[38;2;82;82;82m██[38;2;115;115;205m██[38;2;49;49;49m██[38;2;0;0;0m  [38;2;49;49;49m██[38;2;148;156;238m██[38;2;82;82;82m██[38;2;246;98;82m██[38;2;115;115;205m██████[38;2;246;246;41m██[38;2;180;131;90m██[38;2;197;172;41m██[38;2;115;115;205m██[38;2;246;98;82m██[38;2;115;115;205m██[38;2;49;49;49m██[38;2;0;0;0m  [38;2;49;49;49m██[38;2;148;156;238m████[38;2;82;82;82m██[38;2;148;156;238m██[38;2;115;115;205m██[38;2;49;49;49m██
[38;2;0;0;0m    [38;2;49;49;49m██[38;2;115;115;205m██████[38;2;82;82;82m██[38;2;115;115;205m██[38;2;49;49;49m██[38;2;82;82;82m██[38;2;148;156;238m██[38;2;82;82;82m██[38;2;115;115;205m██[38;2;255;255;255m██[38;2;246;98;82m██[38;2;115;115;205m██████████[38;2;82;82;82m██[38;2;49;49;49m██[38;2;0;0;0m  [38;2;49;49;49m██[38;2;148;156;238m██████[38;2;82;82;82m██[38;2;148;156;238m████[38;2;49;49;49m██
[38;2;0;0;0m      [38;2;49;49;49m██████[38;2;115;115;205m████[38;2;82;82;82m████[38;2;115;115;205m██[38;2;148;156;238m██[38;2;82;82;82m████[38;2;115;115;205m██[38;2;255;255;255m██[38;2;246;98;82m██[38;2;255;255;255m██[38;2;82;82;82m████[38;2;115;115;205m██[38;2;148;156;238m██[38;2;49;49;49m██[38;2;82;82;82m██[38;2;148;156;238m██████[38;2;82;82;82m██[38;2;148;156;238m████[38;2;49;49;49m██
[38;2;0;0;0m            [38;2;49;49;49m██[38;2;82;82;82m██[38;2;246;98;82m████[38;2;82;82;82m██[38;2;148;156;238m████[38;2;115;115;205m██[38;2;82;82;82m████████[38;2;115;115;205m██[38;2;148;156;238m██████[38;2;82;82;82m██[38;2;148;156;238m████[38;2;82;82;82m██████[38;2;148;156;238m████[38;2;49;49;49m██
[38;2;0;0;0m          [38;2;49;49;49m██[38;2;82;82;82m████████[38;2;115;115;205m██[38;2;148;156;238m██[38;2;115;115;205m██[38;2;148;156;238m████████[38;2;115;115;205m██[38;2;148;156;238m██████[38;2;82;82;82m████[38;2;115;115;205m██[38;2;148;156;238m██[38;2;82;82;82m██[38;2;148;156;238m████████[38;2;49;49;49m██
[38;2;0;0;0m            [38;2;49;49;49m██[38;2;82;82;82m██████[38;2;148;156;238m██[38;2;115;115;205m██[38;2;82;82;82m████[38;2;148;156;238m██████[38;2;115;115;205m██[38;2;148;156;238m████[38;2;82;82;82m██[38;2;189;74;82m██[38;2;82;82;82m██[38;2;115;115;205m██████[38;2;82;82;82m██[38;2;148;156;238m████[38;2;115;115;205m██[38;2;49;49;49m██
[38;2;0;0;0m              [38;2;49;49;49m██[38;2;82;82;82m██████████[38;2;115;115;205m██[38;2;82;82;82m████████[38;2;115;115;205m██[38;2;148;156;238m██[38;2;82;82;82m██[38;2;246;98;82m██[38;2;82;82;82m██[38;2;115;115;205m██[38;2;82;82;82m████[38;2;115;115;205m██████[38;2;49;49;49m██[38;2;0;0;0m  
[38;2;0;0;0m              [38;2;49;49;49m██[38;2;82;82;82m██████████[38;2;115;115;205m██[38;2;148;156;238m██[38;2;189;74;82m████[38;2;148;156;238m██[38;2;82;82;82m██[38;2;148;156;238m██[38;2;82;82;82m████[38;2;115;115;205m██[38;2;82;82;82m██[38;2;115;115;205m██████████[38;2;49;49;49m██[38;2;0;0;0m  
[38;2;0;0;0m            [38;2;49;49;49m████[38;2;82;82;82m██[38;2;148;156;238m████[38;2;82;82;82m██[38;2;148;156;238m██[38;2;82;82;82m██[38;2;115;115;205m██[38;2;148;156;238m████[38;2;82;82;82m████████████[38;2;115;115;205m██[38;2;82;82;82m██[38;2;115;115;205m████[38;2;49;49;49m████[38;2;0;0;0m    
[38;2;0;0;0m          [38;2;49;49;49m██[38;2;148;156;238m████[38;2;115;115;205m██[38;2;148;156;238m██████[38;2;82;82;82m██[38;2;148;156;238m██[38;2;82;82;82m██[38;2;115;115;205m██[38;2;82;82;82m██[38;2;148;156;238m██[38;2;115;115;205m██[38;2;148;156;238m██[38;2;82;82;82m██████████[38;2;49;49;49m████[38;2;0;0;0m        
[38;2;0;0;0m            [38;2;49;49;49m████[38;2;82;82;82m██[38;2;115;115;205m██[38;2;148;156;238m██[38;2;115;115;205m██[38;2;82;82;82m██[38;2;115;115;205m██[38;2;82;82;82m██[38;2;49;49;49m████[38;2;82;82;82m██[38;2;115;115;205m████[38;2;49;49;49m██████[38;2;82;82;82m██[38;2;49;49;49m██[38;2;0;0;0m            
[38;2;0;0;0m              [38;2;49;49;49m██[38;2;148;156;238m████[38;2;115;115;205m████[38;2;49;49;49m██████[38;2;0;0;0m    [38;2;49;49;49m██[38;2;115;115;205m████[38;2;49;49;49m██[38;2;0;0;0m    [38;2;49;49;49m████[38;2;0;0;0m            
[38;2;0;0;0m                [38;2;49;49;49m████████[38;2;0;0;0m            [38;2;49;49;49m████[38;2;0;0;0m                      [0m
