
[38;2;0;0;0m            [38;2;5;7;10m  [38;2;1;2;3m  [38;2;0;0;0m                                      
[38;2;0;0;0m            [38;2;20;29;41m██[38;2;6;8;12m██[38;2;0;0;0m                                      
[38;2;0;0;0m            [38;2;15;22;31m  [38;2;54;77;108m██[38;2;0;0;0m              [38;2;20;38;50m████[38;2;0;0;0m                    
[38;2;0;0;0m              [38;2;49;71;99m██[38;2;0;0;0m            [38;2;31;59;77m  [38;2;80;152;200m████[38;2;60;114;150m████[38;2;53;101;133m  [38;2;0;0;0m              
[38;2;0;0;0m      [38;2;16;26;27m  [38;2;0;0;0m    [38;2;5;7;10m  [38;2;51;73;102m██[38;2;80;52;85m██[38;2;0;0;0m          [38;2;41;78;103m██[38;2;73;131;175m██[38;2;79;87;123m██[38;2;76;82;120m████[38;2;73;133;177m████[38;2;65;118;156m██[38;2;20;32;34m██[38;2;16;26;27m  [38;2;0;0;0m      
[38;2;0;0;0m    [38;2;30;19;32m  [38;2;84;116;130m██[38;2;28;40;56m  [38;2;0;0;0m  [38;2;22;25;28m██[38;2;56;78;108m██[38;2;80;52;85m██[38;2;0;0;0m          [38;2;70;133;175m██[38;2;60;81;114m██[38;2;141;106;149m██[38;2;172;124;180m██[38;2;150;102;158m██[38;2;116;86;136m████[38;2;107;86;133m██[38;2;61;91;117m██[38;2;61;92;115m██[38;2;60;96;102m██[38;2;0;0;0m    
[38;2;0;0;0m    [38;2;37;66;80m██[38;2;80;148;191m██[38;2;77;145;192m██[38;2;22;36;50m██[38;2;78;116;157m██[38;2;72;92;109m██[38;2;60;39;63m  [38;2;0;0;0m        ██[38;2;76;142;188m██[38;2;91;95;134m██[38;2;184;136;192m██[38;2;109;84;117m██[38;2;184;136;192m██[38;2;179;131;187m██[38;2;148;100;156m██[38;2;136;88;144m██[38;2;113;73;119m██[38;2;83;53;87m  [38;2;0;0;0m  [38;2;59;95;101m██[38;2;15;24;26m  
[38;2;0;0;0m  [38;2;46;74;79m  [38;2;80;152;200m████[38;2;78;146;192m██[38;2;74;134;178m██[38;2;118;146;197m██[38;2;91;150;199m██[38;2;35;67;88m  [38;2;0;0;0m        [38;2;60;114;150m██[38;2;67;114;154m██[38;2;184;136;192m████[38;2;161;119;169m██[38;2;159;118;167m██[38;2;184;136;192m████[38;2;33;21;35m██[38;2;11;7;11m  [38;2;0;0;0m        
[38;2;5;9;12m  [38;2;197;201;204m██[38;2;80;147;188m██[38;2;80;152;200m██[38;2;73;135;172m██[38;2;112;151;161m██[38;2;185;212;230m██[38;2;80;152;200m██[38;2;80;142;173m██[38;2;24;39;41m██[38;2;0;0;0m    [38;2;48;92;122m██[38;2;73;133;177m██[38;2;137;115;163m██[38;2;184;136;192m████[38;2;178;131;186m██[38;2;151;113;159m██[38;2;184;136;192m██[38;2;68;50;71m██[38;2;0;0;0m            
[38;2;17;22;25m██[38;2;109;155;186m██[38;2;80;147;188m██[38;2;80;137;160m██[38;2;137;145;146m██[38;2;211;211;211m██[38;2;106;155;177m██[38;2;80;152;200m██[38;2;80;131;145m██[38;2;80;128;136m██[38;2;26;26;26m  [38;2;57;109;144m  [38;2;71;125;168m██[38;2;152;122;172m██[38;2;184;136;192m██████[38;2;182;134;190m██[38;2;140;105;148m██[38;2;168;124;175m██[38;2;17;12;17m  [38;2;0;0;0m            
[38;2;0;0;0m  [38;2;37;37;37m  [38;2;99;115;126m██[38;2;75;129;165m██[38;2;91;145;181m██[38;2;122;176;212m██[38;2;77;138;178m██[38;2;80;146;185m██[38;2;75;110;120m██[38;2;68;86;98m██[38;2;77;143;190m██[38;2;73;133;177m██[38;2;104;84;131m██[38;2;171;123;179m██[38;2;184;136;192m████████[38;2;136;102;144m██[38;2;122;90;127m  [38;2;0;0;0m              
[38;2;0;0;0m    [38;2;62;62;62m██[38;2;64;64;64m██[38;2;125;125;125m██[38;2;130;130;130m██[38;2;65;72;76m██[38;2;78;123;131m██[38;2;80;130;142m██[38;2;63;100;135m██[38;2;86;92;134m██[38;2;116;85;136m██[38;2;136;88;144m████[38;2;46;34;48m██████[38;2;184;136;192m██[38;2;136;102;144m██[38;2;0;0;0m                
[38;2;0;0;0m      [38;2;48;78;83m  [38;2;66;74;75m██[38;2;64;64;64m██████[38;2;77;118;125m██[38;2;96;94;119m██[38;2;131;86;139m██[38;2;136;88;144m██[38;2;52;34;56m  [38;2;0;0;0m                            
[38;2;0;0;0m        [38;2;74;106;111m██[38;2;64;64;64m██████[38;2;70;90;93m██[38;2;80;128;136m██[38;2;118;83;126m██[38;2;37;24;39m██[38;2;0;0;0m                              
[38;2;0;0;0m        [38;2;94;94;94m██[38;2;64;64;64m████████[38;2;78;123;130m██[38;2;74;106;111m██[38;2;2;2;3m██[38;2;0;0;0m                              
[38;2;0;0;0m        [38;2;154;154;158m██[38;2;64;64;64m██[38;2;115;115;115m██[38;2;79;79;79m██[38;2;64;64;64m██[38;2;78;123;130m██[38;2;80;128;136m██[38;2;2;4;5m██[38;2;0;0;0m                              
[38;2;0;0;0m        [38;2;22;28;32m██[38;2;64;67;69m██[38;2;97;97;99m██[38;2;200;216;227m██[38;2;72;110;133m██[38;2;80;129;139m██[38;2;78;120;127m██[38;2;68;81;83m██[38;2;48;78;83m██[38;2;80;128;136m██[38;2;0;0;0m                          
[38;2;0;0;0m        [38;2;6;12;16m  [38;2;67;116;148m██[38;2;76;130;166m██[38;2;79;149;196m██[38;2;75;111;123m██[38;2;23;35;37m██[38;2;44;67;71m██[38;2;79;127;135m██[38;2;73;103;107m██[38;2;80;128;136m██[38;2;0;0;0m                          
[38;2;0;0;0m              [38;2;55;60;67m██[38;2;36;40;45m██[38;2;0;0;0m    [38;2;46;46;46m  [38;2;80;128;136m██[38;2;0;0;0m██                          
[38;2;0;0;0m              [38;2;12;17;24m  [38;2;8;11;16m  [38;2;0;0;0m    [38;2;57;109;144m  [38;2;51;91;111m██[38;2;0;0;0m                            
[38;2;0;0;0m                      [38;2;77;146;192m██[38;2;41;78;103m██[38;2;0;0;0m                            
[38;2;0;0;0m                      [38;2;19;36;48m  [38;2;10;19;25m  [38;2;0;0;0m                            [0m
