
[38;2;0;0;0m                              [38;2;44;42;36m████[38;2;39;37;32m  [38;2;0;0;0m              
[38;2;0;0;0m                        [38;2;66;63;54m  [38;2;130;124;107m██[38;2;79;75;71m██[38;2;137;123;100m██[38;2;91;89;83m██[38;2;135;121;98m██[38;2;96;84;66m██[38;2;0;0;0m            
[38;2;0;0;0m                    [38;2;20;19;16m  [38;2;173;165;141m██[38;2;163;157;138m██[38;2;92;94;99m██[38;2;101;94;83m██[38;2;97;94;87m██[38;2;176;168;144m██[38;2;92;90;84m██[38;2;104;96;82m██[38;2;78;76;73m██[38;2;171;163;139m██[38;2;36;34;29m  [38;2;0;0;0m      
[38;2;0;0;0m                  [38;2;45;45;45m  [38;2;152;145;124m██[38;2;176;168;144m██[38;2;109;106;102m██[38;2;81;77;71m██[38;2;163;156;134m██[38;2;176;168;144m██████[38;2;158;151;131m██[38;2;122;117;85m██[38;2;119;109;91m██[38;2;138;125;103m██[38;2;39;37;32m  [38;2;0;0;0m    
[38;2;0;0;0m                [38;2;45;43;39m██[38;2;146;142;129m██[38;2;124;123;118m██[38;2;76;82;94m██[38;2;87;81;72m██[38;2;127;111;88m██[38;2;124;123;118m██[38;2;176;168;144m████[38;2;175;167;142m██[38;2;162;154;117m██[38;2;168;160;128m██[38;2;95;93;78m██[38;2;111;99;81m██[38;2;123;108;86m██[38;2;0;0;0m    
[38;2;0;0;0m              [38;2;86;75;59m  [38;2;101;91;77m██[38;2;112;103;90m██[38;2;99;92;81m██[38;2;76;81;93m██[38;2;94;91;88m██[38;2;80;76;70m██[38;2;121;108;90m██[38;2;108;111;115m██[38;2;176;168;144m██[38;2;175;167;142m██[38;2;162;154;117m██[38;2;165;156;127m██[38;2;89;85;76m██[38;2;112;100;82m██[38;2;89;83;73m██[38;2;0;0;0m    
[38;2;0;0;0m            [38;2;12;10;8m  [38;2;118;103;81m██[38;2;111;99;81m██[38;2;70;71;74m██[38;2;97;98;97m██[38;2;174;166;143m██[38;2;140;138;129m██[38;2;115;105;91m██[38;2;97;88;76m██[38;2;125;110;88m██[38;2;126;125;119m██[38;2;145;142;130m██[38;2;92;94;99m██[38;2;119;105;84m██[38;2;106;95;79m██[38;2;113;106;95m██[38;2;150;145;126m██[38;2;81;84;88m██[38;2;0;0;0m  
[38;2;40;40;40m  [38;2;156;156;156m██[38;2;0;0;0m        [38;2;48;42;33m██[38;2;84;79;71m██[38;2;91;84;74m██[38;2;146;142;129m██[38;2;176;168;144m██████[38;2;150;146;133m██[38;2;102;97;90m██[38;2;82;78;71m██[38;2;121;108;90m██[38;2;112;103;89m██[38;2;79;75;69m██[38;2;84;79;71m██[38;2;122;107;85m██[38;2;94;99;104m██[38;2;166;158;124m██[38;2;123;116;84m██[38;2;0;0;0m  
[38;2;0;0;0m  [38;2;79;51;51m  [38;2;140;102;89m██[38;2;106;102;97m██[38;2;34;34;34m  [38;2;0;0;0m  [38;2;16;15;13m  [38;2;98;101;106m██[38;2;100;93;82m██[38;2;143;138;120m██[38;2;176;168;144m██████[38;2;150;146;133m██[38;2;111;103;93m██[38;2;64;64;64m██[38;2;80;76;70m██[38;2;84;79;71m██[38;2;120;108;90m██[38;2;112;103;90m██[38;2;107;100;89m██[38;2;105;96;84m██[38;2;133;129;103m██[38;2;167;159;126m██[38;2;41;38;28m██
[38;2;0;0;0m  [38;2;79;51;51m  [38;2;152;123;93m██[38;2;106;102;97m██[38;2;129;114;98m██[38;2;6;6;6m  [38;2;66;63;54m██[38;2;176;168;144m██[38;2;100;98;97m██[38;2;67;66;65m██[38;2;91;89;83m████[38;2;176;168;144m██[38;2;80;88;103m██[38;2;102;92;78m██[38;2;112;100;82m██[38;2;128;112;88m██[38;2;91;93;100m██[38;2;129;127;121m██[38;2;155;150;135m██[38;2;104;103;97m██[38;2;202;202;202m██[38;2;124;123;119m██[38;2;142;135;110m██[38;2;11;10;9m  
[38;2;40;40;40m  [38;2;155;155;155m██[38;2;107;74;67m██[38;2;152;122;91m██[38;2;117;97;81m██[38;2;143;111;90m██[38;2;110;103;91m██[38;2;173;165;142m██[38;2;126;120;108m██[38;2;98;90;86m██[38;2;200;168;152m████[38;2;98;90;86m██[38;2;98;90;85m██[38;2;94;87;75m██[38;2;128;112;88m██[38;2;100;98;97m██[38;2;176;168;144m████[38;2;172;164;141m██[38;2;147;141;123m██[38;2;110;98;90m██[38;2;191;159;139m██[38;2;76;70;67m██[38;2;0;0;0m  
[38;2;0;0;0m      [38;2;32;26;19m  [38;2;22;18;18m██[38;2;137;104;83m██[38;2;132;91;86m██[38;2;94;89;83m██[38;2;180;152;139m██[38;2;200;168;152m████████[38;2;198;166;150m██[38;2;97;78;75m██[38;2;125;110;88m██[38;2;126;125;119m██[38;2;176;168;144m████[38;2;107;105;100m██[38;2;158;142;126m██[38;2;200;168;152m████[38;2;85;84;90m██[38;2;0;0;0m  
[38;2;0;0;0m              [38;2;88;81;77m██[38;2;200;168;152m████████[38;2;154;133;112m██[38;2;107;82;58m██[38;2;160;128;96m██[38;2;65;65;66m██[38;2;126;125;119m██[38;2;176;168;144m██[38;2;172;164;136m██[38;2;163;156;133m██[38;2;138;122;110m██[38;2;200;168;152m██[38;2;136;125;126m██[38;2;195;190;186m██[38;2;41;33;24m██
[38;2;0;0;0m              [38;2;180;151;136m██[38;2;200;168;152m██████[38;2;123;103;75m██[38;2;228;170;154m██[38;2;136;88;88m██[38;2;160;128;96m██[38;2;132;109;86m██[38;2;80;82;89m██[38;2;174;166;140m██[38;2;165;157;122m██[38;2;159;151;111m██[38;2;143;136;102m██[38;2;100;93;91m██[38;2;110;107;116m██[38;2;140;113;96m██[38;2;36;25;23m██
[38;2;0;0;0m                [38;2;200;168;152m████[38;2;146;122;96m██[38;2;62;25;16m██[38;2;237;176;160m██[38;2;159;127;95m██[38;2;152;122;90m██[38;2;132;109;86m██[38;2;95;86;72m██[38;2;83;88;97m██[38;2;136;130;101m██[38;2;80;76;70m████[38;2;140;114;89m██[38;2;160;128;96m██[38;2;132;108;84m██[38;2;31;24;18m  
[38;2;0;0;0m                [38;2;200;168;152m████[38;2;126;103;71m██[38;2;181;119;87m██[38;2;123;107;79m██[38;2;112;92;60m██[38;2;113;96;77m██[38;2;87;75;52m██[38;2;81;72;55m██[38;2;112;100;81m████[38;2;100;86;59m██[38;2;80;76;70m██[38;2;151;130;119m██[38;2;54;46;38m██[38;2;12;12;12m  [38;2;0;0;0m  
[38;2;0;0;0m                [38;2;108;72;72m██[38;2;125;85;78m██[38;2;144;116;84m██[38;2;134;90;70m██[38;2;237;121;131m██[38;2;134;110;87m██[38;2;60;54;41m██[38;2;51;50;48m██[38;2;113;97;69m██[38;2;96;80;48m██[38;2;91;77;50m██[38;2;112;100;95m██[38;2;200;168;152m████[38;2;94;79;72m██[38;2;0;0;0m    
[38;2;0;0;0m                [38;2;108;72;72m██[38;2;74;68;61m██[38;2;210;109;114m██[38;2;247;213;217m██[38;2;51;31;29m██[38;2;15;15;15m  [38;2;0;0;0m  [38;2;1;1;1m  [38;2;27;23;16m██[38;2;28;24;16m██[38;2;111;95;77m██[38;2;174;142;115m██[38;2;200;168;152m██████[38;2;0;0;0m    
[38;2;0;0;0m              [38;2;140;140;140m  [38;2;92;77;77m██[38;2;120;84;84m██[38;2;76;76;76m██[38;2;0;0;0m              [38;2;74;59;44m  [38;2;157;123;95m██[38;2;169;131;120m██[38;2;188;156;137m██[38;2;139;111;91m██[38;2;0;0;0m    
[38;2;0;0;0m                [38;2;21;21;21m  [38;2;18;18;18m██[38;2;28;28;28m  [38;2;0;0;0m                [38;2;160;128;96m██[38;2;156;121;94m██[38;2;158;126;95m██[38;2;46;35;28m██[38;2;0;0;0m    
[38;2;0;0;0m                                    [38;2;115;115;115m  [38;2;110;74;74m██[38;2;134;106;91m██[38;2;152;116;116m██[38;2;160;150;150m██[38;2;0;0;0m    
[38;2;0;0;0m                                      [38;2;8;8;8m  [38;2;21;21;21m  [38;2;50;50;50m  [38;2;0;0;0m      [0m
