
[38;2;0;0;0m                      [38;2;9;9;9m  [38;2;22;22;22m██[38;2;0;0;0m                      
[38;2;0;0;0m            [38;2;53;37;53m  [38;2;8;8;8m  [38;2;51;51;51m██[38;2;0;0;0m    [38;2;22;24;23m██[38;2;163;179;168m██[38;2;114;127;118m  [38;2;0;0;0m                    
[38;2;0;0;0m            [38;2;99;68;99m██[38;2;147;146;146m██[38;2;172;174;173m██[38;2;14;14;14m  [38;2;35;44;40m  [38;2;214;234;224m██[38;2;108;113;112m██[38;2;114;121;118m██[38;2;79;88;83m██[38;2;26;27;27m██[38;2;139;139;139m██[38;2;120;120;120m██[38;2;16;16;16m██[38;2;132;146;136m██[38;2;38;38;38m  [38;2;0;0;0m      
[38;2;0;0;0m          [38;2;108;75;108m  [38;2;17;12;17m  [38;2;31;27;24m██[38;2;124;125;124m██[38;2;167;181;174m██[38;2;112;142;130m██[38;2;111;110;122m██[38;2;95;93;105m██[38;2;199;210;212m██[38;2;222;247;233m██[38;2;146;155;151m██[38;2;114;91;88m██[38;2;78;79;78m██[38;2;142;146;142m██[38;2;153;167;158m██[38;2;154;154;154m██[38;2;0;0;0m      
[38;2;0;0;0m          [38;2;150;96;150m██[38;2;55;55;55m██[38;2;3;3;3m  [38;2;118;125;115m██[38;2;155;165;151m██[38;2;159;190;175m██[38;2;99;90;111m██[38;2;112;112;119m██[38;2;222;246;230m██[38;2;222;247;233m██[38;2;170;185;175m██[38;2;114;90;88m██[38;2;110;99;97m██[38;2;142;150;146m██[38;2;153;167;158m██[38;2;154;154;154m██[38;2;0;0;0m      
[38;2;0;0;0m          [38;2;150;96;150m██[38;2;124;123;121m██[38;2;77;73;66m██[38;2;159;199;182m██[38;2;134;178;159m██[38;2;117;119;123m██[38;2;119;109;127m██[38;2;139;142;134m██[38;2;222;246;230m██[38;2;222;247;230m██[38;2;177;187;181m██[38;2;72;73;72m██[38;2;201;222;208m██[38;2;68;68;68m██[38;2;183;197;186m██[38;2;187;204;193m██[38;2;0;0;0m      
[38;2;0;0;0m          [38;2;150;96;150m██[38;2;93;93;87m██[38;2;156;164;154m██[38;2;133;166;149m██[38;2;183;200;188m██[38;2;113;98;115m██[38;2;107;103;109m██[38;2;223;245;231m██[38;2;172;183;169m██[38;2;175;182;175m██[38;2;170;176;172m██[38;2;96;98;97m██[38;2;203;225;210m██[38;2;106;110;108m██[38;2;199;215;203m██[38;2;0;0;0m        
[38;2;0;0;0m        [38;2;50;32;50m  [38;2;153;98;153m██[38;2;151;164;151m██[38;2;119;168;146m██[38;2;181;215;197m██[38;2;82;81;77m██[38;2;125;88;125m██[38;2;101;107;103m██[38;2;222;247;230m██[38;2;177;184;178m██[38;2;103;103;103m██[38;2;122;126;122m██[38;2;206;226;212m██[38;2;147;160;151m██[38;2;183;196;189m██[38;2;128;135;129m██[38;2;0;0;0m    [38;2;135;150;140m██[38;2;0;0;0m  
[38;2;0;0;0m    [38;2;61;61;61m██[38;2;205;218;211m██[38;2;122;120;120m██[38;2;77;75;66m██[38;2;159;166;152m██[38;2;134;163;150m██[38;2;126;128;133m██[38;2;155;124;175m██[38;2;127;104;137m██[38;2;117;102;117m██[38;2;152;155;155m██[38;2;137;141;139m██[38;2;99;104;101m██[38;2;160;175;165m██[38;2;175;187;181m██[38;2;129;133;131m██[38;2;167;173;170m██[38;2;109;112;109m██[38;2;55;61;57m██[38;2;161;172;166m██[38;2;100;105;103m  [38;2;0;0;0m  
[38;2;0;0;0m    [38;2;142;146;142m██[38;2;114;110;107m██[38;2;103;81;103m██[38;2;76;74;67m██[38;2;222;247;230m██[38;2;100;108;104m██[38;2;118;91;123m██[38;2;84;79;86m██[38;2;93;93;84m██[38;2;72;70;72m██[38;2;152;158;156m██[38;2;174;186;179m██[38;2;216;240;224m██[38;2;121;125;122m██[38;2;144;154;147m██[38;2;91;92;93m██[38;2;93;94;93m██[38;2;144;148;144m██[38;2;176;188;178m██[38;2;62;66;64m██[38;2;1;0;1m  [38;2;0;0;0m  
[38;2;0;0;0m    [38;2;121;124;117m██[38;2;126;99;90m██[38;2;105;88;81m██[38;2;151;103;147m██[38;2;99;86;87m██[38;2;166;122;177m██[38;2;107;87;111m██[38;2;86;75;87m██[38;2;88;82;96m██[38;2;157;119;165m██[38;2;90;77;85m██[38;2;182;197;188m██[38;2;97;92;90m██[38;2;114;114;114m██[38;2;180;198;186m██[38;2;203;224;210m██[38;2;105;111;107m████[38;2;98;104;101m██[38;2;21;22;22m  [38;2;0;0;0m    
[38;2;0;0;0m  [38;2;62;62;55m  [38;2;97;94;85m██[38;2;40;32;30m██[38;2;122;93;98m██[38;2;88;76;84m██[38;2;118;86;118m██[38;2;147;97;147m██[38;2;90;68;90m██[38;2;37;28;38m██[38;2;38;32;46m██[38;2;93;78;88m██[38;2;127;96;97m██[38;2;115;90;88m██[38;2;129;97;94m██[38;2;95;80;79m██[38;2;139;146;142m██[38;2;142;153;146m██[38;2;219;245;228m██[38;2;177;212;193m██[38;2;222;247;232m██[38;2;162;171;166m██[38;2;0;0;0m    
[38;2;27;27;24m██[38;2;82;82;72m██[38;2;0;0;0m    [38;2;64;59;52m██[38;2;58;52;46m██[38;2;53;37;53m  [38;2;58;44;58m██[38;2;43;32;43m  [38;2;0;0;0m    [38;2;11;11;11m  [38;2;131;116;110m██[38;2;150;128;122m██[38;2;132;103;101m██[38;2;110;109;100m██[38;2;68;68;68m██[38;2;137;153;146m██[38;2;122;159;146m██[38;2;168;191;180m██[38;2;190;207;198m██[38;2;154;171;162m██[38;2;138;144;140m██[38;2;0;0;0m  
[38;2;6;6;6m  [38;2;4;4;4m  [38;2;0;0;0m  [38;2;69;69;61m  [38;2;70;69;61m██[38;2;0;0;0m        [38;2;153;169;158m██[38;2;63;63;57m██[38;2;24;20;18m  [38;2;144;127;118m██[38;2;139;125;114m██[38;2;95;88;75m██[38;2;199;218;204m██[38;2;75;73;76m██[38;2;154;183;169m██[38;2;124;166;150m██[38;2;207;232;222m██[38;2;150;154;149m██[38;2;97;135;117m██[38;2;120;123;114m██[38;2;35;35;35m  
[38;2;0;0;0m      [38;2;92;92;81m██[38;2;0;0;0m        [38;2;25;26;25m  [38;2;183;200;189m██[38;2;124;128;121m██[38;2;125;112;100m██[38;2;118;121;109m██[38;2;149;159;146m██[38;2;188;206;193m██[38;2;136;148;140m██[38;2;212;235;219m██[38;2;225;244;230m██[38;2;174;202;188m██[38;2;143;150;141m██[38;2;157;166;160m██[38;2;123;128;119m██[38;2;121;124;114m██[38;2;35;35;35m  
[38;2;0;0;0m      [38;2;23;23;20m  [38;2;0;0;0m      [38;2;48;50;48m██[38;2;154;160;154m██[38;2;79;80;79m██[38;2;193;209;200m██[38;2;195;215;198m██[38;2;176;193;180m██[38;2;104;106;100m██[38;2;105;105;100m██[38;2;92;86;84m██[38;2;106;111;107m██[38;2;104;111;106m██[38;2;221;245;229m██[38;2;162;173;164m██[38;2;97;114;98m██[38;2;136;146;136m██[38;2;40;39;35m  [38;2;0;0;0m  
[38;2;0;0;0m            [38;2;16;12;12m  [38;2;145;150;145m██[38;2;107;106;107m██[38;2;169;179;170m██[38;2;187;202;193m██[38;2;171;181;172m██[38;2;82;82;81m██[38;2;112;97;94m██[38;2;204;227;212m██[38;2;112;114;112m██[38;2;132;119;113m██[38;2;156;136;128m██[38;2;89;84;82m██[38;2;158;163;158m██[38;2;149;154;148m██[38;2;125;127;123m██[38;2;0;0;0m    
[38;2;0;0;0m            [38;2;84;80;79m██[38;2;107;101;98m██[38;2;46;43;43m██[38;2;119;125;119m██[38;2;175;190;179m██[38;2;143;148;141m██[38;2;103;92;88m██[38;2;110;107;103m██[38;2;216;239;223m██[38;2;100;102;96m██[38;2;93;92;92m██[38;2;120;108;103m██[38;2;155;135;127m██[38;2;110;104;100m██[38;2;96;97;86m██[38;2;15;15;15m  [38;2;0;0;0m    
[38;2;0;0;0m              [38;2;127;121;116m  [38;2;2;0;0m  [38;2;7;6;6m  [38;2;129;141;132m██[38;2;80;80;76m  [38;2;0;0;0m  [38;2;39;41;39m  [38;2;141;146;141m██[38;2;81;82;76m██[38;2;92;93;91m██[38;2;112;112;110m██[38;2;75;75;72m██[38;2;80;81;80m██[38;2;0;0;0m        
[38;2;0;0;0m                            [38;2;14;14;14m  [38;2;66;69;61m██[38;2;160;166;160m██[38;2;83;83;77m██[38;2;76;76;73m██[38;2;158;163;158m██[38;2;116;116;116m  [38;2;0;0;0m      
[38;2;0;0;0m                                  [38;2;90;90;80m██[38;2;1;1;1m  [38;2;49;49;49m██[38;2;116;116;116m  [38;2;0;0;0m      
[38;2;0;0;0m                                  [38;2;13;13;11m  [38;2;0;0;0m            [0m
