
[38;2;0;0;0m                        [38;2;49;49;49m████[38;2;0;0;0m                        
[38;2;0;0;0m                    [38;2;49;49;49m████[38;2;139;131;255m██[38;2;49;49;49m██[38;2;0;0;0m                        
[38;2;0;0;0m                [38;2;49;49;49m████[38;2;139;131;255m████[38;2;49;49;49m██[38;2;0;0;0m                          
[38;2;0;0;0m              [38;2;49;49;49m██[38;2;255;156;189m██[38;2;139;131;255m████[38;2;49;49;49m██[38;2;0;0;0m                            
[38;2;0;0;0m            [38;2;49;49;49m██[38;2;255;156;189m██████[38;2;49;49;49m██[38;2;0;0;0m                              
[38;2;0;0;0m          [38;2;49;49;49m██[38;2;255;156;189m████[38;2;49;49;49m████[38;2;0;0;0m                                
[38;2;0;0;0m          [38;2;49;49;49m██[38;2;255;156;189m██[38;2;49;49;49m██[38;2;0;0;0m  [38;2;49;49;49m██████[38;2;0;0;0m                    [38;2;49;49;49m██████[38;2;0;0;0m  
[38;2;0;0;0m        [38;2;49;49;49m██[38;2;255;156;189m██[38;2;213;115;156m██[38;2;49;49;49m████[38;2;255;156;189m██████[38;2;49;49;49m████[38;2;0;0;0m              [38;2;49;49;49m██[38;2;82;82;82m██[38;2;139;131;255m██[38;2;82;82;82m██[38;2;49;49;49m██
[38;2;0;0;0m        [38;2;49;49;49m██[38;2;255;156;189m██████████████████[38;2;49;49;49m██[38;2;0;0;0m            [38;2;49;49;49m██[38;2;115;98;205m██[38;2;139;131;255m██[38;2;115;98;205m██[38;2;49;49;49m██
[38;2;0;0;0m      [38;2;49;49;49m██[38;2;255;156;189m██████[38;2;82;82;82m██[38;2;255;156;189m██████████████[38;2;49;49;49m██[38;2;0;0;0m          [38;2;49;49;49m██[38;2;139;131;255m██████[38;2;49;49;49m██
[38;2;0;0;0m      [38;2;49;49;49m██[38;2;255;156;189m██████[38;2;255;255;255m██[38;2;213;115;156m██[38;2;82;82;82m██[38;2;255;156;189m██████████[38;2;49;49;49m██[38;2;0;0;0m          [38;2;49;49;49m██[38;2;115;98;205m██[38;2;139;131;255m██[38;2;115;98;205m██[38;2;49;49;49m██
[38;2;0;0;0m  [38;2;49;49;49m████[38;2;255;156;189m██████[38;2;255;255;255m██[38;2;0;0;0m██[38;2;255;255;255m██[38;2;255;156;189m██████████████[38;2;49;49;49m██[38;2;0;0;0m      [38;2;49;49;49m██[38;2;213;115;156m██[38;2;82;82;82m██[38;2;139;131;255m██[38;2;82;82;82m██[38;2;49;49;49m██
[38;2;49;49;49m██[38;2;255;156;189m██████████[38;2;255;255;255m██[38;2;49;49;49m██[38;2;255;255;255m██[38;2;255;156;189m██████████████[38;2;49;49;49m██[38;2;0;0;0m    [38;2;49;49;49m██[38;2;213;115;156m██[38;2;49;49;49m████████[38;2;0;0;0m  
[38;2;0;0;0m  [38;2;49;49;49m██████[38;2;255;156;189m██████[38;2;255;255;255m██[38;2;255;156;189m████[38;2;213;115;156m████[38;2;255;156;189m██████████[38;2;49;49;49m██[38;2;0;0;0m  [38;2;49;49;49m██[38;2;205;205;205m██[38;2;49;49;49m██[38;2;0;0;0m        
[38;2;0;0;0m        [38;2;49;49;49m██[38;2;82;82;82m██[38;2;213;115;156m██[38;2;255;156;189m████[38;2;82;82;82m████[38;2;115;98;205m██[38;2;213;115;156m██[38;2;82;82;82m████[38;2;255;156;189m██████[38;2;49;49;49m██[38;2;213;115;156m████[38;2;49;49;49m██[38;2;0;0;0m        
[38;2;0;0;0m          [38;2;49;49;49m██████[38;2;213;115;156m████[38;2;82;82;82m██[38;2;115;98;205m██[38;2;82;82;82m██[38;2;139;131;255m████[38;2;82;82;82m██[38;2;255;156;189m████[38;2;213;115;156m██[38;2;205;205;205m██[38;2;49;49;49m██[38;2;0;0;0m          
[38;2;0;0;0m                [38;2;49;49;49m██[38;2;213;115;156m██[38;2;49;49;49m██████[38;2;139;131;255m████[38;2;82;82;82m██[38;2;255;156;189m██████[38;2;213;115;156m██[38;2;49;49;49m██[38;2;0;0;0m          
[38;2;0;0;0m                  [38;2;49;49;49m██[38;2;0;0;0m      [38;2;49;49;49m██[38;2;82;82;82m██[38;2;213;115;156m██[38;2;255;156;189m██████[38;2;49;49;49m██[38;2;0;0;0m            
[38;2;0;0;0m                            [38;2;49;49;49m██[38;2;213;115;156m████[38;2;255;156;189m████[38;2;49;49;49m██[38;2;0;0;0m            
[38;2;0;0;0m                              [38;2;49;49;49m██[38;2;213;115;156m████[38;2;49;49;49m██[38;2;0;0;0m              
[38;2;0;0;0m                                [38;2;49;49;49m████[38;2;0;0;0m                [0m
