
[38;2;0;0;0m              ████          
[38;2;0;0;0m            ██[38;2;123;126;123m████[38;2;0;0;0m██        
[38;2;0;0;0m      ████  ██[38;2;123;126;123m████[38;2;0;0;0m██        
[38;2;0;0;0m  ████[38;2;255;255;255m████[38;2;0;0;0m████[38;2;66;66;66m██[38;2;0;0;0m██          
[38;2;0;0;0m██[38;2;255;255;255m████[38;2;189;189;189m██[38;2;123;123;123m██[38;2;66;66;66m████████[38;2;0;0;0m██        
[38;2;0;0;0m██[38;2;255;255;255m██[38;2;192;192;192m██[38;2;198;165;206m████[38;2;66;66;66m████[38;2;132;115;132m██[38;2;66;66;66m██[38;2;66;63;69m██[38;2;0;8;0m██[38;2;0;0;0m████  
[38;2;0;0;0m██[38;2;255;255;255m██[38;2;66;66;66m██[38;2;255;255;255m██[38;2;198;165;206m██[38;2;132;115;132m██[38;2;198;165;198m████[38;2;66;66;66m██[38;2;198;173;206m██[38;2;66;63;69m██[38;2;255;255;255m████[38;2;0;0;0m██
[38;2;0;0;0m  ██[38;2;255;255;255m██[38;2;134;159;201m██[38;2;181;181;221m██[38;2;198;165;206m████[38;2;192;178;195m████[38;2;255;255;255m████████[38;2;0;0;0m██
[38;2;0;0;0m  ██[38;2;255;255;255m██[38;2;41;115;161m██[38;2;181;181;221m██[38;2;198;165;206m████[38;2;255;239;255m██[38;2;66;57;74m██[38;2;255;255;255m████[38;2;189;189;197m██[38;2;255;255;255m██[38;2;0;0;0m██
[38;2;0;0;0m  ██[38;2;165;115;189m██[38;2;222;168;186m██[38;2;198;82;118m██[38;2;217;115;142m██[38;2;206;165;206m██[38;2;140;181;208m██[38;2;247;255;255m██[38;2;82;57;90m██[38;2;255;247;255m██[38;2;0;0;0m████  
[38;2;0;0;0m    ██[38;2;247;255;255m██[38;2;198;82;118m██[38;2;222;90;110m██[38;2;206;165;206m██[38;2;33;107;161m██[38;2;247;255;255m██[38;2;197;184;200m██[38;2;140;120;145m██[38;2;0;0;0m██    
[38;2;0;0;0m  ██[38;2;255;255;255m████[38;2;193;177;201m██[38;2;255;255;255m████[38;2;198;165;206m████[38;2;165;115;189m██[38;2;0;0;0m██      
[38;2;0;0;0m  ██[38;2;255;255;255m██[38;2;193;177;201m██[38;2;255;255;255m██████[38;2;66;58;69m██[38;2;0;4;0m██[38;2;0;0;0m██        
[38;2;0;0;0m    ██[38;2;63;63;66m██[38;2;126;126;131m██[38;2;255;255;255m████[38;2;66;66;66m████[38;2;123;123;123m██[38;2;0;0;0m██      
[38;2;0;0;0m      ██[38;2;189;189;197m██[38;2;189;189;189m██[38;2;123;123;123m██[38;2;124;124;124m██[38;2;66;66;66m██[38;2;0;0;0m██        
[38;2;0;0;0m      ██[38;2;123;123;123m██[38;2;0;0;0m██[38;2;189;189;197m██[38;2;189;189;189m██[38;2;126;126;126m██[38;2;0;0;0m██        
[38;2;0;0;0m        ██  ██[38;2;126;126;126m██[38;2;0;0;0m██          
[38;2;0;0;0m              ██            [0m
