
[38;2;0;0;0m                    [38;2;49;49;49m██████[38;2;0;0;0m                
[38;2;0;0;0m                  [38;2;49;49;49m██[38;2;106;82;57m██████[38;2;49;49;49m██[38;2;0;0;0m              
[38;2;0;0;0m                [38;2;49;49;49m██[38;2;106;82;57m████[38;2;238;139;98m██[38;2;49;49;49m████[38;2;0;0;0m              
[38;2;0;0;0m                [38;2;49;49;49m██[38;2;106;82;57m██[38;2;238;139;98m██[38;2;49;49;49m██[38;2;0;0;0m                  
[38;2;0;0;0m              [38;2;49;49;49m██[38;2;238;139;98m██[38;2;82;82;82m██[38;2;205;115;90m██[38;2;238;139;98m██[38;2;49;49;49m██[38;2;0;0;0m                
[38;2;0;0;0m        [38;2;49;49;49m██████[38;2;238;139;98m████████████[38;2;49;49;49m██[38;2;0;0;0m              
[38;2;0;0;0m    [38;2;49;49;49m████[38;2;238;139;98m██[38;2;205;115;90m██[38;2;82;82;82m██[38;2;238;139;98m████████[38;2;172;90;82m██[38;2;238;139;98m██[38;2;49;49;49m██[38;2;0;0;0m              
[38;2;0;0;0m  [38;2;49;49;49m██[38;2;238;139;98m████[38;2;49;49;49m██████[38;2;205;115;90m██[38;2;238;139;98m████[38;2;172;90;82m██[38;2;164;115;57m██[38;2;238;139;98m████[38;2;49;49;49m██[38;2;0;0;0m            
[38;2;49;49;49m██[38;2;238;139;98m████[38;2;49;49;49m██[38;2;0;0;0m    [38;2;49;49;49m██[38;2;172;90;82m██[38;2;238;139;98m██[38;2;172;90;82m██[38;2;255;164;8m██[38;2;164;115;57m██[38;2;82;82;82m██[38;2;238;139;98m██[38;2;205;115;90m██[38;2;49;49;49m████[38;2;0;0;0m        
[38;2;49;49;49m██[38;2;238;139;98m████[38;2;49;49;49m██[38;2;0;0;0m      [38;2;49;49;49m██[38;2;164;115;57m██[38;2;197;148;82m██[38;2;255;189;98m██[38;2;197;148;82m██[38;2;49;49;49m████[38;2;238;139;98m████[38;2;172;90;82m██[38;2;49;49;49m████[38;2;0;0;0m    
[38;2;49;49;49m██[38;2;172;90;82m██[38;2;238;139;98m████[38;2;49;49;49m██[38;2;0;0;0m    [38;2;49;49;49m██[38;2;246;156;205m██[38;2;197;148;82m██████[38;2;49;49;49m██[38;2;0;0;0m  [38;2;49;49;49m████[38;2;238;139;98m██████[38;2;49;49;49m██[38;2;0;0;0m  
[38;2;0;0;0m  [38;2;49;49;49m██[38;2;238;139;98m██[38;2;49;49;49m██[38;2;0;0;0m      [38;2;49;49;49m██[38;2;164;115;57m██[38;2;197;148;82m██████[38;2;49;49;49m██[38;2;0;0;0m      [38;2;49;49;49m██[38;2;172;90;82m██[38;2;238;139;98m████[38;2;49;49;49m██
[38;2;0;0;0m    [38;2;49;49;49m████[38;2;0;0;0m    [38;2;49;49;49m██[38;2;164;115;57m██[38;2;197;148;82m████████[38;2;164;115;57m██[38;2;49;49;49m██[38;2;0;0;0m      [38;2;49;49;49m██[38;2;238;139;98m████[38;2;49;49;49m██
[38;2;0;0;0m            [38;2;49;49;49m██[38;2;197;148;82m██████[38;2;164;115;57m██[38;2;82;65;49m████[38;2;49;49;49m██[38;2;0;0;0m    [38;2;49;49;49m██[38;2;238;139;98m██████[38;2;49;49;49m██
[38;2;0;0;0m          [38;2;49;49;49m██[38;2;172;90;82m██[38;2;106;82;57m██[38;2;197;148;82m██[38;2;106;82;57m████[38;2;82;65;49m████[38;2;106;82;57m██[38;2;49;49;49m██[38;2;0;0;0m    [38;2;49;49;49m██[38;2;238;139;98m██[38;2;49;49;49m██[38;2;0;0;0m  
[38;2;0;0;0m        [38;2;49;49;49m██[38;2;106;82;57m██[38;2;255;189;98m██[38;2;106;82;57m██[38;2;82;65;49m██[38;2;106;82;57m████[38;2;255;164;8m██[38;2;82;65;49m██[38;2;106;82;57m██[38;2;49;49;49m██[38;2;0;0;0m    [38;2;49;49;49m████[38;2;0;0;0m    
[38;2;0;0;0m        [38;2;49;49;49m██[38;2;106;82;57m██████[38;2;82;65;49m██[38;2;106;82;57m██[38;2;238;139;98m██[38;2;255;189;98m██[38;2;106;82;57m██[38;2;82;65;49m██[38;2;106;82;57m██[38;2;49;49;49m██[38;2;0;0;0m          
[38;2;0;0;0m        [38;2;49;49;49m██[38;2;82;65;49m██[38;2;255;164;8m██[38;2;106;82;57m██[38;2;255;164;8m██[38;2;106;82;57m████████[38;2;82;65;49m██[38;2;106;82;57m██[38;2;49;49;49m██[38;2;0;0;0m          
[38;2;0;0;0m        [38;2;49;49;49m██[38;2;82;65;49m██[38;2;205;115;90m██[38;2;255;189;98m████[38;2;106;82;57m████[38;2;255;164;8m██[38;2;106;82;57m██[38;2;82;65;49m██[38;2;106;82;57m██[38;2;49;49;49m██[38;2;0;0;0m          
[38;2;0;0;0m          [38;2;49;49;49m██[38;2;106;82;57m██[38;2;82;65;49m██[38;2;255;189;98m████[38;2;255;164;8m██[38;2;172;90;82m██[38;2;82;65;49m██[38;2;106;82;57m██[38;2;82;65;49m██[38;2;49;49;49m██[38;2;0;0;0m          
[38;2;0;0;0m          [38;2;49;49;49m██[38;2;82;65;49m██[38;2;106;82;57m██[38;2;49;49;49m██[38;2;82;65;49m██[38;2;106;82;57m██[38;2;82;65;49m████[38;2;106;82;57m██[38;2;49;49;49m██[38;2;0;0;0m            
[38;2;0;0;0m            [38;2;49;49;49m████[38;2;0;0;0m  [38;2;49;49;49m████[38;2;82;65;49m██[38;2;106;82;57m██[38;2;49;49;49m██[38;2;0;0;0m              
[38;2;0;0;0m                      [38;2;49;49;49m████[38;2;0;0;0m                [0m
