
[38;2;0;0;0m    [38;2;49;49;49m██████[38;2;0;0;0m                                  
[38;2;0;0;0m  [38;2;49;49;49m██[38;2;238;189;222m████[38;2;213;156;205m██[38;2;49;49;49m████[38;2;0;0;0m                              
[38;2;0;0;0m  [38;2;49;49;49m██[38;2;238;189;222m██████[38;2;213;156;205m████[38;2;49;49;49m██[38;2;0;0;0m                            
[38;2;49;49;49m██[38;2;213;156;205m██████[38;2;238;189;222m████[38;2;213;156;205m████[38;2;49;49;49m████████[38;2;0;0;0m                    
[38;2;49;49;49m██[38;2;213;156;205m██████████[38;2;82;82;82m██[38;2;131;98;164m██[38;2;238;189;222m████[38;2;213;156;205m████[38;2;49;49;49m████[38;2;0;0;0m  [38;2;49;49;49m██████████[38;2;0;0;0m    
[38;2;0;0;0m  [38;2;49;49;49m██[38;2;213;156;205m██[38;2;49;49;49m██[38;2;131;98;164m██[38;2;82;82;82m██[38;2;255;255;255m██[38;2;213;156;205m██████[38;2;172;123;189m██[38;2;213;156;205m██████[38;2;49;49;49m██[38;2;172;123;189m██[38;2;213;156;205m██[38;2;238;189;222m████[38;2;213;156;205m██[38;2;49;49;49m██[38;2;0;0;0m  
[38;2;0;0;0m    [38;2;49;49;49m██[38;2;213;156;205m██[38;2;82;82;82m██[38;2;213;156;205m██[38;2;49;49;49m██[38;2;213;156;205m████[38;2;172;123;189m██[38;2;255;255;255m██[38;2;213;156;205m████████[38;2;238;189;222m██████[38;2;213;156;205m██[38;2;82;82;82m████[38;2;49;49;49m██
[38;2;0;0;0m    [38;2;49;49;49m██[38;2;213;156;205m██[38;2;82;82;82m██[38;2;213;156;205m██[38;2;82;82;82m████[38;2;213;156;205m██[38;2;49;49;49m██[38;2;255;255;255m██[38;2;213;156;205m██[38;2;82;82;82m██[38;2;213;156;205m██████████[38;2;82;82;82m██████[38;2;49;49;49m██
[38;2;0;0;0m    [38;2;49;49;49m██[38;2;213;156;205m██[38;2;172;123;189m██[38;2;255;255;255m██[38;2;131;98;164m██[38;2;82;82;82m██[38;2;213;156;205m██████[38;2;82;82;82m██[38;2;213;156;205m██[38;2;82;82;82m██[38;2;213;156;205m██[38;2;82;82;82m██[38;2;131;98;164m██[38;2;213;156;205m██[38;2;82;82;82m████[38;2;49;49;49m██[38;2;0;0;0m  
[38;2;0;0;0m    [38;2;49;49;49m██[38;2;213;156;205m████[38;2;172;123;189m██[38;2;213;156;205m██[38;2;172;123;189m██[38;2;82;82;82m██[38;2;255;255;255m██[38;2;82;82;82m████[38;2;213;156;205m██[38;2;82;82;82m██[38;2;213;156;205m██[38;2;172;123;189m██[38;2;82;82;82m██[38;2;49;49;49m██████[38;2;0;0;0m    
[38;2;0;0;0m      [38;2;49;49;49m██[38;2;213;156;205m████████[38;2;172;123;189m██[38;2;131;98;164m██[38;2;213;156;205m██████[38;2;82;82;82m██[38;2;172;123;189m██[38;2;131;98;164m██[38;2;49;49;49m██[38;2;0;0;0m          
[38;2;0;0;0m      [38;2;49;49;49m████[38;2;172;123;189m██[38;2;213;156;205m██████████[38;2;172;123;189m██████[38;2;82;82;82m██[38;2;49;49;49m██[38;2;0;0;0m            
[38;2;0;0;0m    [38;2;49;49;49m██[38;2;238;189;222m████[38;2;49;49;49m██[38;2;82;82;82m██[38;2;172;123;189m██████[38;2;131;98;164m██[38;2;82;82;82m████████[38;2;49;49;49m██[38;2;0;0;0m            
[38;2;0;0;0m    [38;2;49;49;49m██[38;2;213;156;205m██████[38;2;82;82;82m████████[38;2;189;189;189m██[38;2;82;82;82m████████[38;2;172;123;189m██[38;2;49;49;49m██[38;2;0;0;0m          
[38;2;0;0;0m      [38;2;49;49;49m██[38;2;172;123;189m██[38;2;131;98;164m██[38;2;82;82;82m██████████[38;2;238;189;222m████[38;2;82;82;82m██[38;2;172;123;189m████[38;2;49;49;49m██[38;2;0;0;0m          
[38;2;0;0;0m        [38;2;49;49;49m██[38;2;82;82;82m██[38;2;213;156;205m██[38;2;82;82;82m████[38;2;172;123;189m██[38;2;82;82;82m██[38;2;213;156;205m██████[38;2;82;82;82m██[38;2;172;123;189m████[38;2;49;49;49m██████[38;2;0;0;0m    
[38;2;0;0;0m        [38;2;49;49;49m██[38;2;172;123;189m██[38;2;213;156;205m██████[38;2;172;123;189m████[38;2;82;82;82m██[38;2;213;156;205m██[38;2;82;82;82m██████[38;2;172;123;189m██[38;2;82;82;82m██[38;2;172;123;189m██[38;2;49;49;49m██[38;2;0;0;0m    
[38;2;0;0;0m        [38;2;49;49;49m██[38;2;82;82;82m██[38;2;213;156;205m██████████[38;2;172;123;189m██[38;2;82;82;82m██████[38;2;213;156;205m██[38;2;172;123;189m██[38;2;131;98;164m██[38;2;49;49;49m██[38;2;0;0;0m      
[38;2;0;0;0m      [38;2;49;49;49m██[38;2;213;156;205m██[38;2;172;123;189m██[38;2;82;82;82m██[38;2;213;156;205m██████[38;2;172;123;189m██[38;2;82;82;82m██[38;2;213;156;205m████████[38;2;172;123;189m██[38;2;131;98;164m██[38;2;49;49;49m██[38;2;0;0;0m      
[38;2;0;0;0m        [38;2;49;49;49m██████████[38;2;172;123;189m████[38;2;82;82;82m██[38;2;213;156;205m██████[38;2;172;123;189m██[38;2;131;98;164m██[38;2;49;49;49m██[38;2;0;0;0m        
[38;2;0;0;0m                  [38;2;49;49;49m██████[38;2;82;82;82m██[38;2;131;98;164m██████[38;2;82;82;82m██[38;2;49;49;49m██[38;2;0;0;0m        
[38;2;0;0;0m                        [38;2;49;49;49m██[38;2;213;156;205m██[38;2;172;123;189m██[38;2;213;156;205m██[38;2;49;49;49m██[38;2;0;0;0m          
[38;2;0;0;0m                          [38;2;49;49;49m██████[38;2;0;0;0m            [0m
