
[38;2;0;0;0m        [38;2;3;15;10m  [38;2;0;0;0m                              
[38;2;0;0;0m        [38;2;17;62;42m██[38;2;0;0;0m                  [38;2;54;138;89m  [38;2;0;0;0m          
[38;2;0;0;0m        [38;2;53;122;88m██[38;2;5;28;19m  [38;2;0;0;0m  [38;2;3;3;4m  [38;2;27;26;38m████[38;2;6;5;8m  [38;2;0;0;0m      [38;2;72;184;118m██[38;2;8;22;14m  [38;2;0;0;0m        
[38;2;0;0;0m        [38;2;109;92;84m██[38;2;65;97;80m██[38;2;82;78;114m██[38;2;85;81;119m██[38;2;110;104;152m████[38;2;88;83;123m██[38;2;82;78;114m██[38;2;10;9;14m  [38;2;23;60;38m  [38;2;73;187;121m██[38;2;35;89;57m██[38;2;0;0;0m        
[38;2;0;0;0m      [38;2;7;0;0m  [38;2;64;95;84m██[38;2;110;104;152m████████████[38;2;106;98;150m██[38;2;85;115;115m██[38;2;76;131;106m██[38;2;186;60;78m██[38;2;35;89;57m██[38;2;0;0;0m        
[38;2;0;0;0m      [38;2;47;45;45m  [38;2;83;85;106m██[38;2;110;102;152m██[38;2;110;104;152m████[38;2;112;111;141m██[38;2;84;79;102m██[38;2;110;104;152m██[38;2;95;90;129m██[38;2;76;148;111m██[38;2;127;148;119m██[38;2;191;56;78m██[38;2;35;89;57m██[38;2;0;0;0m    [38;2;82;77;115m██[38;2;22;21;31m  
[38;2;0;0;0m      [38;2;53;133;86m  [38;2;75;87;101m██[38;2;101;101;139m██[38;2;105;99;143m██[38;2;110;104;152m██[38;2;80;75;94m██[38;2;127;136;145m██[38;2;95;93;121m██[38;2;99;94;131m██[38;2;74;149;109m██[38;2;227;64;91m██[38;2;163;87;90m██[38;2;35;80;57m██[38;2;0;0;0m  [38;2;68;64;95m██[38;2;68;64;94m  [38;2;0;0;0m  
[38;2;0;0;0m        [38;2;76;170;122m██[38;2;75;71;87m██[38;2;105;99;143m██[38;2;105;100;144m██[38;2;107;114;118m██[38;2;127;140;140m██[38;2;70;71;71m██[38;2;98;91;146m██[38;2;71;70;76m██[38;2;156;102;95m██[38;2;74;188;126m██[38;2;51;80;85m██[38;2;6;5;8m  [38;2;98;93;139m██[38;2;0;0;0m    
[38;2;0;0;0m      [38;2;24;24;26m  [38;2;78;104;94m██[38;2;74;186;126m██[38;2;80;105;102m██[38;2;72;74;74m██[38;2;125;115;118m██[38;2;90;85;86m██[38;2;159;163;162m██[38;2;80;78;94m██[38;2;71;70;76m██[38;2;80;172;126m██[38;2;76;81;87m██[38;2;110;104;152m████[38;2;108;100;153m██[38;2;70;66;90m██[38;2;7;7;10m  
[38;2;0;0;0m      [38;2;73;70;103m██[38;2;55;72;71m██[38;2;170;92;91m██[38;2;77;171;122m██[38;2;70;154;104m██[38;2;76;142;109m██[38;2;75;143;109m██[38;2;76;160;112m██[38;2;80;78;94m██[38;2;100;95;133m██[38;2;82;95;102m██[38;2;103;111;144m██[38;2;88;82;135m██[38;2;95;89;142m██[38;2;98;92;148m██[38;2;99;93;135m██[38;2;29;28;42m██
[38;2;0;0;0m      [38;2;5;8;5m  [38;2;82;85;100m██[38;2;172;65;82m██[38;2;121;126;103m██[38;2;72;165;109m██[38;2;99;130;112m██[38;2;104;123;112m██[38;2;68;173;112m██[38;2;80;78;94m██[38;2;110;104;153m██[38;2;84;82;102m██[38;2;101;94;144m██[38;2;103;98;151m██[38;2;83;75;130m██[38;2;101;93;146m██[38;2;68;63;94m  [38;2;0;0;0m  
[38;2;0;0;0m        [38;2;68;77;88m██[38;2;60;81;72m██[38;2;142;161;151m██[38;2;75;105;90m██[38;2;143;145;144m██[38;2;207;224;216m██[38;2;55;91;74m██[38;2;102;97;138m██[38;2;110;104;153m██[38;2;72;70;93m██[38;2;85;80;133m██[38;2;90;84;138m██[38;2;109;101;152m██[38;2;104;94;148m██[38;2;64;57;90m  [38;2;0;0;0m  
[38;2;0;0;0m    [38;2;8;7;13m  [38;2;84;77;134m██[38;2;86;84;106m██[38;2;108;103;149m██[38;2;69;68;76m██[38;2;74;160;110m████[38;2;65;65;65m████[38;2;110;104;152m██[38;2;71;70;76m██[38;2;73;68;113m██[38;2;72;68;105m██[38;2;81;78;101m██[38;2;94;88;144m██[38;2;99;93;149m██[38;2;57;54;90m  [38;2;0;0;0m  
[38;2;22;21;31m  [38;2;82;78;114m██[38;2;78;75;103m██[38;2;88;78;135m██[38;2;80;75;104m██[38;2;106;99;157m██[38;2;74;71;110m██[38;2;84;79;123m██[38;2;90;85;120m██[38;2;93;68;78m██[38;2;93;68;88m██[38;2;86;83;111m██[38;2;88;84;120m██[38;2;81;78;101m██[38;2;99;94;132m██[38;2;87;83;109m██[38;2;110;103;153m██[38;2;107;100;152m██[38;2;54;50;87m  [38;2;0;0;0m  
[38;2;22;21;31m  [38;2;72;70;86m██[38;2;102;97;139m██[38;2;73;101;112m██[38;2;68;93;101m██[38;2;49;49;50m██[38;2;32;31;44m  [38;2;85;79;116m██[38;2;96;90;141m██[38;2;61;79;77m██[38;2;61;79;86m██[38;2;81;78;105m██[38;2;66;66;68m██[38;2;106;99;153m██[38;2;80;77;130m██[38;2;107;101;151m██[38;2;68;68;72m██[38;2;99;102;144m██[38;2;65;74;109m██[38;2;0;0;0m  
[38;2;16;16;25m  [38;2;61;59;91m██[38;2;77;74;96m██[38;2;107;101;148m██[38;2;45;44;51m██[38;2;0;0;0m    [38;2;71;68;107m██[38;2;74;69;104m██[38;2;46;118;100m██[38;2;47;121;99m██[38;2;67;67;72m██[38;2;95;91;125m██[38;2;92;87;121m██[38;2;106;98;153m██[38;2;85;78;115m██[38;2;66;66;67m██[38;2;61;98;99m██[38;2;11;23;22m  [38;2;0;0;0m  
[38;2;15;13;24m  [38;2;9;8;15m  [38;2;30;28;43m  [38;2;80;77;116m██[38;2;0;0;0m    [38;2;70;63;100m██[38;2;75;73;89m██[38;2;84;78;122m██[38;2;69;82;118m██[38;2;60;77;84m██[38;2;89;83;141m██[38;2;79;76;94m██[38;2;78;77;95m██[38;2;76;75;95m██[38;2;76;73;116m██[38;2;45;45;45m  [38;2;0;0;0m      
[38;2;0;0;0m          [38;2;2;2;3m██[38;2;95;89;147m██[38;2;93;85;146m██[38;2;69;65;105m██[38;2;86;81;134m██[38;2;28;27;40m██[38;2;95;88;132m██[38;2;105;99;145m██[38;2;89;86;112m██[38;2;76;75;88m██[38;2;83;77;123m██[38;2;0;0;0m        
[38;2;0;0;0m            [38;2;40;37;63m  [38;2;80;78;116m██[38;2;65;71;94m██[38;2;4;4;0m  [38;2;0;0;0m  [38;2;31;27;37m  [38;2;53;53;57m██[38;2;96;93;146m██[38;2;81;80;122m██[38;2;65;64;84m██[38;2;0;0;0m        
[38;2;0;0;0m            [38;2;14;56;38m  [38;2;43;120;83m██[38;2;28;111;73m██[38;2;0;0;0m        [38;2;38;46;55m██[38;2;63;85;90m██[38;2;50;82;68m██[38;2;0;0;0m        
[38;2;0;0;0m          [38;2;0;2;1m  [38;2;10;42;28m  [38;2;47;135;93m██[38;2;10;30;21m  [38;2;0;0;0m      [38;2;23;39;26m  [38;2;67;153;104m██[38;2;61;161;109m██[38;2;33;114;79m██[38;2;0;0;0m        
[38;2;0;0;0m                        [38;2;17;39;26m  [38;2;13;33;21m██[38;2;12;18;16m██[38;2;4;15;10m  [38;2;0;0;0m        [0m
