
[38;2;0;0;0m    ████                                              
[38;2;0;0;0m  ██[38;2;247;110;103m████[38;2;0;0;0m██████                                        
[38;2;0;0;0m██[38;2;247;107;103m██[38;2;247;110;103m████[38;2;247;107;103m██████[38;2;0;0;0m██████                                  
[38;2;0;0;0m  ██[38;2;140;58;60m██[38;2;197;82;77m██[38;2;247;107;103m████████[38;2;247;110;103m████[38;2;0;0;0m██████                            
[38;2;0;0;0m██[38;2;140;57;60m██[38;2;140;58;60m████[38;2;140;57;60m████[38;2;197;82;77m██[38;2;247;107;103m██[38;2;247;110;103m████[38;2;247;107;103m██████[38;2;0;0;0m██████                      
[38;2;0;0;0m  ██████[38;2;140;57;60m████████[38;2;140;58;60m██[38;2;197;82;77m██[38;2;247;107;103m████████[38;2;247;110;103m████[38;2;0;0;0m██████                
[38;2;0;0;0m      ██[38;2;66;66;66m██████[38;2;140;57;60m██[38;2;140;58;60m████[38;2;140;57;60m████[38;2;197;82;77m██[38;2;247;107;103m██[38;2;247;110;103m████[38;2;247;107;103m██████[38;2;0;0;0m██████          
[38;2;0;0;0m      ██[38;2;189;165;133m██[38;2;66;66;66m██[38;2;231;206;183m██[38;2;74;66;66m██[38;2;66;66;66m████[38;2;140;57;60m████████[38;2;140;58;60m██[38;2;197;82;77m██[38;2;247;107;103m████████[38;2;247;110;103m████[38;2;0;0;0m██████    
[38;2;0;0;0m    ██[38;2;189;82;149m██[38;2;189;165;133m██[38;2;66;66;66m██[38;2;179;159;144m██[38;2;231;206;183m██[38;2;222;206;182m████[38;2;66;66;66m██████[38;2;140;57;60m██[38;2;140;58;60m████[38;2;140;57;60m████[38;2;197;82;77m██[38;2;247;107;103m██[38;2;247;110;103m████[38;2;247;107;103m██████[38;2;0;0;0m██  
[38;2;0;0;0m    ██[38;2;189;165;133m██████[38;2;74;66;66m██[38;2;231;206;183m██[38;2;222;206;182m██████████[38;2;66;66;66m██████[38;2;140;57;60m████████[38;2;140;58;60m██[38;2;197;82;77m██[38;2;247;107;103m████[38;2;140;57;60m████[38;2;0;0;0m██
[38;2;0;0;0m    ██[38;2;189;165;133m████[38;2;66;66;66m██[38;2;179;159;144m██[38;2;231;206;183m██[38;2;222;206;182m████████████████[38;2;66;66;66m██████[38;2;140;57;60m██[38;2;140;58;60m████[38;2;140;57;60m████[38;2;66;66;66m████[38;2;0;0;0m██
[38;2;0;0;0m      ██[38;2;189;115;141m██[38;2;74;57;66m██[38;2;189;165;133m██[38;2;148;132;111m██[38;2;222;206;182m████[38;2;140;123;113m██[38;2;222;206;174m██[38;2;131;127;123m████[38;2;222;206;182m██████[38;2;66;66;66m██[38;2;222;206;182m██[38;2;66;66;66m████[38;2;0;0;0m██[38;2;66;66;66m████[38;2;140;57;60m██[38;2;0;0;0m██  
[38;2;0;0;0m      ██[38;2;151;96;116m██[38;2;189;115;141m██[38;2;66;66;66m██[38;2;189;165;133m██[38;2;140;57;60m████[38;2;181;165;144m██[38;2;140;123;113m██[38;2;8;0;0m██[38;2;255;255;247m██[38;2;222;206;182m████[38;2;66;66;66m██[38;2;222;206;182m██████[38;2;0;0;0m██  ██████    
[38;2;0;0;0m      ██[38;2;189;82;149m████[38;2;74;61;58m██[38;2;115;67;86m██[38;2;247;107;103m██[38;2;198;82;78m██[38;2;107;61;59m██[38;2;255;255;247m██████[38;2;66;66;66m████[38;2;222;206;182m██████[38;2;222;115;198m██[38;2;0;0;0m██            
[38;2;0;0;0m        ██[38;2;189;82;149m██[38;2;198;78;142m██[38;2;74;61;58m██[38;2;198;82;78m████[38;2;107;61;59m██[38;2;181;158;153m██[38;2;164;162;152m██[38;2;74;70;58m██[38;2;66;66;66m██[38;2;222;115;198m██[38;2;222;206;182m████[38;2;222;115;198m████[38;2;0;0;0m██            
[38;2;0;0;0m          ████[38;2;222;115;198m██[38;2;66;66;66m████[38;2;140;119;124m████[38;2;144;100;128m██[38;2;66;74;66m██[38;2;222;118;198m████[38;2;198;82;158m██[38;2;231;206;191m██[38;2;239;181;191m██[38;2;8;0;0m██[38;2;0;0;0m              
[38;2;0;0;0m              ██[38;2;222;165;190m████[38;2;231;181;199m██[38;2;201;160;174m██[38;2;222;127;190m██[38;2;66;74;66m██[38;2;222;118;198m████[38;2;209;123;169m██[38;2;198;82;158m██[38;2;162;121;127m██[38;2;8;0;0m██[38;2;0;0;0m              
[38;2;0;0;0m            ██[38;2;189;111;141m██[38;2;140;123;113m██[38;2;222;206;174m██[38;2;222;115;198m████[38;2;222;206;182m████[38;2;66;74;66m██[38;2;222;127;190m██[38;2;222;115;198m████[38;2;0;0;0m██                
[38;2;0;0;0m          ██[38;2;189;111;141m████[38;2;181;165;144m██[38;2;140;123;113m██[38;2;222;206;182m██████[38;2;140;123;116m██[38;2;144;100;128m██[38;2;66;74;66m██[38;2;0;0;0m████                  
[38;2;0;0;0m          ██[38;2;189;165;133m██████[38;2;140;123;116m██[38;2;189;165;133m████[38;2;145;107;111m██[38;2;222;99;198m██[38;2;189;140;141m██[38;2;0;0;0m██                      
[38;2;0;0;0m            ██[38;2;189;165;133m██████████[38;2;184;103;154m████[38;2;189;140;141m████[38;2;0;0;0m██                    
[38;2;0;0;0m              ████████[38;2;222;206;182m██[38;2;231;214;183m██[38;2;157;144;122m██[38;2;143;124;111m████[38;2;0;0;0m██                    
[38;2;0;0;0m                      ██[38;2;8;4;0m██[38;2;157;144;122m██[38;2;181;156;133m██[38;2;66;61;66m██[38;2;0;0;0m██                    
[38;2;0;0;0m                          ██████                      [0m
