
[38;2;0;0;0m              [38;2;32;32;32m████[38;2;0;0;0m                                                        
[38;2;0;0;0m            [38;2;32;32;32m██[38;2;90;106;131m██[38;2;255;222;90m██[38;2;32;32;32m██[38;2;0;0;0m                                                      
[38;2;0;0;0m          [38;2;32;32;32m██[38;2;255;222;90m██[38;2;90;106;131m████[38;2;82;82;82m██[38;2;32;32;32m██[38;2;0;0;0m      [38;2;32;32;32m████[38;2;0;0;0m                                          
[38;2;0;0;0m            [38;2;32;32;32m████[38;2;90;106;131m████[38;2;32;32;32m██[38;2;0;0;0m    [38;2;32;32;32m██[38;2;90;106;131m██[38;2;255;222;90m██[38;2;32;32;32m██[38;2;0;0;0m                [38;2;32;32;32m████[38;2;0;0;0m                    
[38;2;0;0;0m                [38;2;32;32;32m██[38;2;90;106;131m████[38;2;32;32;32m████[38;2;90;106;131m████[38;2;32;32;32m██[38;2;0;0;0m    [38;2;32;32;32m████[38;2;0;0;0m        [38;2;32;32;32m██[38;2;255;222;90m██[38;2;90;106;131m██[38;2;32;32;32m██[38;2;0;0;0m          [38;2;32;32;32m██████[38;2;0;0;0m  
[38;2;0;0;0m  [38;2;32;32;32m██████[38;2;0;0;0m        [38;2;32;32;32m██[38;2;82;82;82m██[38;2;90;106;131m████[38;2;82;82;82m██[38;2;90;106;131m████[38;2;82;82;82m██[38;2;32;32;32m████[38;2;90;106;131m██[38;2;255;222;90m██[38;2;32;32;32m██[38;2;0;0;0m        [38;2;32;32;32m██[38;2;90;106;131m████[38;2;32;32;32m██[38;2;0;0;0m      [38;2;32;32;32m██[38;2;82;82;82m██[38;2;90;106;131m██[38;2;82;82;82m██[38;2;32;32;32m██
[38;2;32;32;32m██[38;2;90;106;131m██████[38;2;32;32;32m██[38;2;0;0;0m      [38;2;32;32;32m██[38;2;255;222;90m██[38;2;82;82;82m██[38;2;90;106;131m██[38;2;82;82;82m██[38;2;90;106;131m██[38;2;82;82;82m██[38;2;98;213;246m██[38;2;90;106;131m████[38;2;82;82;82m██[38;2;90;106;131m████[38;2;32;32;32m██████[38;2;0;0;0m  [38;2;32;32;32m██[38;2;255;222;90m██[38;2;90;106;131m██[38;2;32;32;32m██[38;2;0;0;0m      [38;2;32;32;32m██[38;2;90;106;131m██████[38;2;32;32;32m██
[38;2;32;32;32m██[38;2;82;82;82m██[38;2;90;106;131m████[38;2;32;32;32m██[38;2;0;0;0m      [38;2;32;32;32m██[38;2;255;222;90m██[38;2;90;106;131m██[38;2;82;82;82m████[38;2;90;106;131m██[38;2;82;82;82m██[38;2;90;106;131m████[38;2;98;213;246m██[38;2;82;82;82m██[38;2;90;106;131m████[38;2;82;82;82m██[38;2;90;106;131m████[38;2;32;32;32m██[38;2;82;82;82m██[38;2;90;106;131m██[38;2;32;32;32m██[38;2;0;0;0m        [38;2;32;32;32m██[38;2;82;82;82m██[38;2;90;106;131m██[38;2;82;82;82m██[38;2;32;32;32m██
[38;2;0;0;0m  [38;2;32;32;32m██[38;2;82;82;82m██[38;2;90;106;131m████[38;2;32;32;32m██[38;2;0;0;0m      [38;2;32;32;32m██[38;2;255;222;90m██[38;2;90;106;131m████[38;2;82;82;82m████[38;2;90;106;131m██████[38;2;82;82;82m██[38;2;90;106;131m████[38;2;82;82;82m██[38;2;90;106;131m████[38;2;82;82;82m████[38;2;90;106;131m██[38;2;32;32;32m██[38;2;0;0;0m          [38;2;32;32;32m██[38;2;82;82;82m██[38;2;32;32;32m██[38;2;0;0;0m  
[38;2;32;32;32m██[38;2;82;82;82m████[38;2;90;106;131m████[38;2;32;32;32m██[38;2;0;0;0m    [38;2;32;32;32m██[38;2;82;82;82m██[38;2;255;222;90m██[38;2;82;82;82m██[38;2;90;106;131m██████[38;2;82;82;82m██████[38;2;90;106;131m██[38;2;82;82;82m████[38;2;90;106;131m████[38;2;82;82;82m██[38;2;90;106;131m██████[38;2;32;32;32m██[38;2;0;0;0m          [38;2;32;32;32m██[38;2;90;106;131m██[38;2;32;32;32m██[38;2;0;0;0m  
[38;2;32;32;32m██[38;2;90;106;131m████████[38;2;32;32;32m██[38;2;0;0;0m    [38;2;32;32;32m██[38;2;90;106;131m██[38;2;98;213;246m██[38;2;255;222;90m██[38;2;90;106;131m████████████[38;2;255;222;90m██████[38;2;82;82;82m██[38;2;90;106;131m██[38;2;82;82;82m██[38;2;90;106;131m████[38;2;82;82;82m██[38;2;32;32;32m██[38;2;0;0;0m        [38;2;32;32;32m██[38;2;82;82;82m████[38;2;32;32;32m██[38;2;0;0;0m  
[38;2;0;0;0m  [38;2;32;32;32m████[38;2;82;82;82m██[38;2;90;106;131m██[38;2;32;32;32m██[38;2;0;0;0m  [38;2;32;32;32m██[38;2;90;106;131m██[38;2;255;222;90m██[38;2;82;82;82m██[38;2;98;213;246m██[38;2;90;106;131m██[38;2;255;222;90m██[38;2;90;106;131m██[38;2;255;222;90m██████[38;2;98;213;246m██[38;2;82;82;82m████[38;2;90;106;131m██████[38;2;82;82;82m████[38;2;90;106;131m████[38;2;32;32;32m██[38;2;0;0;0m  [38;2;32;32;32m████[38;2;90;106;131m████[38;2;32;32;32m██[38;2;0;0;0m    
[38;2;0;0;0m      [38;2;32;32;32m██[38;2;90;106;131m██[38;2;82;82;82m██[38;2;32;32;32m██[38;2;90;106;131m██[38;2;197;172;90m██[38;2;255;222;90m████[38;2;82;82;82m██[38;2;90;106;131m██████[38;2;98;213;246m██████[38;2;90;106;131m██████████████████████[38;2;32;32;32m██[38;2;90;106;131m████[38;2;82;82;82m██[38;2;90;106;131m██[38;2;32;32;32m██[38;2;0;0;0m    
[38;2;0;0;0m      [38;2;32;32;32m██[38;2;90;106;131m████[38;2;82;82;82m████[38;2;255;222;90m██[38;2;74;115;139m██[38;2;255;222;90m████[38;2;82;82;82m████████████████[38;2;90;106;131m████[38;2;82;82;82m██████[38;2;90;106;131m██[38;2;82;82;82m██[38;2;90;106;131m████[38;2;82;82;82m██[38;2;90;106;131m██████[38;2;32;32;32m██[38;2;0;0;0m      
[38;2;0;0;0m        [38;2;32;32;32m██[38;2;90;106;131m████[38;2;82;82;82m████[38;2;74;115;139m██[38;2;255;222;90m██[38;2;74;115;139m██[38;2;255;222;90m██████████████[38;2;197;172;90m██[38;2;82;82;82m████[38;2;90;106;131m████[38;2;82;82;82m████[38;2;255;222;90m██[38;2;82;82;82m██[38;2;90;106;131m████[38;2;82;82;82m██[38;2;90;106;131m██[38;2;32;32;32m██[38;2;0;0;0m        
[38;2;0;0;0m          [38;2;32;32;32m██[38;2;90;106;131m████[38;2;82;82;82m████[38;2;74;115;139m████[38;2;255;222;90m██[38;2;74;115;139m██[38;2;255;222;90m██[38;2;82;82;82m██[38;2;255;222;90m██[38;2;82;82;82m██[38;2;255;222;90m████[38;2;82;82;82m██[38;2;90;106;131m████████[38;2;82;82;82m██[38;2;90;106;131m██[38;2;255;222;90m██[38;2;82;82;82m██[38;2;90;106;131m██[38;2;82;82;82m██[38;2;32;32;32m██[38;2;0;0;0m          
[38;2;0;0;0m          [38;2;32;32;32m██[38;2;82;82;82m██[38;2;90;106;131m██████[38;2;82;82;82m██[38;2;74;156;189m██[38;2;74;115;139m██[38;2;74;156;189m██[38;2;82;82;82m██[38;2;74;115;139m██[38;2;82;82;82m██[38;2;74;115;139m██[38;2;82;82;82m██[38;2;255;222;90m██[38;2;82;82;82m██[38;2;90;106;131m████████[38;2;82;82;82m████[38;2;255;222;90m██[38;2;82;82;82m██[38;2;90;106;131m██[38;2;32;32;32m██[38;2;0;0;0m            
[38;2;0;0;0m        [38;2;32;32;32m██[38;2;90;106;131m██[38;2;82;82;82m██████[38;2;90;106;131m██[38;2;82;82;82m██[38;2;74;156;189m████[38;2;82;82;82m██[38;2;74;115;139m████████[38;2;82;82;82m██[38;2;255;222;90m████[38;2;82;82;82m████[38;2;90;106;131m████[38;2;82;82;82m██[38;2;90;106;131m██[38;2;82;82;82m██[38;2;90;106;131m██[38;2;82;82;82m██[38;2;32;32;32m██[38;2;0;0;0m            
[38;2;0;0;0m        [38;2;32;32;32m██[38;2;197;172;90m██[38;2;82;82;82m██[38;2;255;222;90m██[38;2;82;82;82m████[38;2;74;156;189m████[38;2;82;82;82m██[38;2;74;115;139m████████████[38;2;82;82;82m████[38;2;90;106;131m██████[38;2;82;82;82m████[38;2;90;106;131m██████[38;2;32;32;32m██[38;2;0;0;0m              
[38;2;0;0;0m        [38;2;32;32;32m██[38;2;90;106;131m██[38;2;197;172;90m██[38;2;82;82;82m██[38;2;255;222;90m██[38;2;82;82;82m████[38;2;74;115;139m██[38;2;82;82;82m██[38;2;74;115;139m██████████[38;2;82;82;82m██[38;2;90;106;131m████████[38;2;82;82;82m████[38;2;90;106;131m████████[38;2;32;32;32m██[38;2;0;0;0m              
[38;2;0;0;0m          [38;2;32;32;32m██[38;2;90;106;131m████[38;2;82;82;82m██[38;2;255;222;90m████[38;2;82;82;82m██[38;2;255;222;90m██[38;2;82;82;82m██[38;2;74;115;139m██[38;2;82;82;82m██[38;2;74;115;139m████[38;2;82;82;82m██[38;2;90;106;131m████[38;2;82;82;82m██████[38;2;90;106;131m████████[38;2;82;82;82m██[38;2;32;32;32m██[38;2;0;0;0m              
[38;2;0;0;0m            [38;2;32;32;32m████████[38;2;197;172;90m██[38;2;255;222;90m██████[38;2;82;82;82m██[38;2;255;222;90m██[38;2;82;82;82m████[38;2;255;222;90m██[38;2;82;82;82m████[38;2;255;222;90m██[38;2;197;172;90m██[38;2;82;82;82m██[38;2;90;106;131m██████[38;2;82;82;82m██[38;2;32;32;32m██[38;2;0;0;0m                
[38;2;0;0;0m                    [38;2;32;32;32m████[38;2;197;172;90m██[38;2;255;222;90m████████████████[38;2;197;172;90m██[38;2;82;82;82m██[38;2;90;106;131m████[38;2;82;82;82m████[38;2;90;106;131m██[38;2;32;32;32m██[38;2;0;0;0m                
[38;2;0;0;0m                        [38;2;32;32;32m██████[38;2;197;172;90m██[38;2;255;222;90m██████[38;2;197;172;90m██[38;2;82;82;82m██████████[38;2;90;106;131m██████[38;2;32;32;32m██[38;2;0;0;0m                
[38;2;0;0;0m                              [38;2;32;32;32m██████████████[38;2;197;172;90m██[38;2;90;106;131m██████████[38;2;32;32;32m██[38;2;0;0;0m                
[38;2;0;0;0m                                            [38;2;32;32;32m██[38;2;197;172;90m██████[38;2;90;106;131m██[38;2;32;32;32m██[38;2;0;0;0m                  
[38;2;0;0;0m                                            [38;2;32;32;32m██[38;2;82;82;82m██[38;2;90;106;131m████[38;2;82;82;82m██[38;2;32;32;32m██[38;2;0;0;0m                  
[38;2;0;0;0m                                              [38;2;32;32;32m████████[38;2;0;0;0m                    [0m
