
[38;2;0;0;0m                [38;2;49;49;49m██████[38;2;0;0;0m      
[38;2;0;0;0m              [38;2;49;49;49m██[38;2;255;197;180m████[38;2;82;82;82m██[38;2;49;49;49m██[38;2;0;0;0m    
[38;2;0;0;0m            [38;2;49;49;49m██[38;2;255;197;180m████████[38;2;49;49;49m██[38;2;0;0;0m    
[38;2;0;0;0m            [38;2;49;49;49m██[38;2;255;197;180m████[38;2;82;82;82m██[38;2;255;197;180m██[38;2;49;49;49m██[38;2;0;0;0m    
[38;2;0;0;0m          [38;2;49;49;49m██[38;2;238;131;156m████[38;2;49;49;49m██[38;2;82;82;82m██[38;2;255;197;180m██[38;2;49;49;49m██[38;2;0;0;0m    
[38;2;0;0;0m      [38;2;49;49;49m████[38;2;255;197;180m██[38;2;189;98;106m████[38;2;255;197;180m██[38;2;49;49;49m████[38;2;0;0;0m      
[38;2;0;0;0m    [38;2;49;49;49m██[38;2;255;197;180m██[38;2;222;148;148m██[38;2;189;98;106m██[38;2;255;197;180m████████[38;2;49;49;49m██[38;2;0;0;0m      
[38;2;0;0;0m    [38;2;49;49;49m██[38;2;255;197;180m██[38;2;189;98;106m██[38;2;255;197;180m██[38;2;222;148;148m██[38;2;189;98;106m██[38;2;255;197;180m██████[38;2;49;49;49m██[38;2;0;0;0m    
[38;2;0;0;0m  [38;2;49;49;49m██[38;2;255;255;255m██[38;2;255;197;180m██████[38;2;189;98;106m██[38;2;255;197;180m██[38;2;222;148;148m██[38;2;255;197;180m██████[38;2;49;49;49m██[38;2;0;0;0m  
[38;2;0;0;0m  [38;2;49;49;49m████[38;2;255;197;180m████[38;2;255;255;255m██[38;2;255;197;180m████████████[38;2;49;49;49m██[38;2;0;0;0m  
[38;2;49;49;49m██[38;2;238;131;156m██[38;2;255;197;180m██████[38;2;49;49;49m██[38;2;238;131;156m████[38;2;255;197;180m████████[38;2;189;189;189m██[38;2;49;49;49m██
[38;2;49;49;49m██[38;2;255;197;180m██[38;2;82;82;82m██[38;2;255;197;180m██████[38;2;238;131;156m████[38;2;255;197;180m████████[38;2;255;255;255m██[38;2;49;49;49m██
[38;2;49;49;49m██[38;2;82;82;82m██[38;2;255;197;180m██[38;2;82;82;82m████[38;2;255;197;180m██[38;2;49;49;49m██[38;2;255;197;180m████████[38;2;255;255;255m████[38;2;49;49;49m██
[38;2;49;49;49m██[38;2;238;131;156m██[38;2;49;49;49m██[38;2;255;255;255m████[38;2;49;49;49m██[38;2;255;197;180m████[38;2;49;49;49m██[38;2;255;255;255m██████[38;2;238;131;156m██[38;2;49;49;49m██
[38;2;0;0;0m  [38;2;49;49;49m██[38;2;255;255;255m██[38;2;131;131;115m██████[38;2;49;49;49m████[38;2;255;255;255m██████[38;2;238;131;156m██[38;2;49;49;49m██[38;2;0;0;0m  
[38;2;0;0;0m  [38;2;49;49;49m████[38;2;255;255;255m████████████[38;2;238;131;156m████[38;2;189;98;106m██[38;2;49;49;49m██[38;2;0;0;0m  
[38;2;0;0;0m    [38;2;49;49;49m████[38;2;189;98;106m██[38;2;255;255;255m████[38;2;238;131;156m████████[38;2;49;49;49m██[38;2;0;0;0m    
[38;2;0;0;0m      [38;2;49;49;49m██████[38;2;189;98;106m██[38;2;238;131;156m████[38;2;49;49;49m████[38;2;0;0;0m      
[38;2;0;0;0m            [38;2;49;49;49m██████[38;2;0;0;0m          [0m
