
[38;2;0;0;0m                ████                  
[38;2;0;0;0m              ██[38;2;189;222;237m████[38;2;0;0;0m██                
[38;2;0;0;0m              ██[38;2;189;222;237m██[38;2;186;219;234m████[38;2;0;0;0m██              
[38;2;0;0;0m              ██[38;2;189;222;237m██[38;2;186;219;234m████[38;2;0;0;0m██              
[38;2;0;0;0m                ██[38;2;148;155;172m██[38;2;214;231;254m██[38;2;0;0;0m██              
[38;2;0;0;0m                  [38;2;16;4;8m██[38;2;148;155;172m██[38;2;0;0;0m██              
[38;2;0;0;0m                  ██[38;2;247;222;223m██[38;2;247;198;207m██[38;2;0;0;0m██            
[38;2;0;0;0m                ██[38;2;247;222;223m████[38;2;247;198;207m██[38;2;0;0;0m██            
[38;2;0;0;0m              ██[38;2;239;198;207m██[38;2;247;201;207m████[38;2;247;198;207m████[38;2;0;0;0m██          
[38;2;0;0;0m          ████[38;2;80;66;69m████[38;2;247;201;207m████[38;2;250;217;223m██[38;2;255;255;255m██[38;2;0;0;0m██          
[38;2;0;0;0m      ████[38;2;186;219;234m████████[38;2;66;66;66m████[38;2;255;247;247m████[38;2;0;0;0m██          
[38;2;0;0;0m    ██[38;2;189;222;237m████[38;2;186;219;234m████████[38;2;189;222;237m████[38;2;66;66;66m██[38;2;255;247;247m██[38;2;247;198;207m██[38;2;0;0;0m██        
[38;2;0;0;0m  ██[38;2;189;222;237m██[38;2;184;220;235m████[38;2;186;219;234m████[38;2;184;220;235m████[38;2;189;222;237m██████[38;2;66;66;66m██[38;2;206;156;174m██[38;2;0;0;0m██        
[38;2;0;0;0m  ██[38;2;189;222;237m██[38;2;184;220;235m██[38;2;140;165;196m██[38;2;186;219;234m████[38;2;140;165;196m██[38;2;184;220;235m██[38;2;189;222;237m██[38;2;66;66;66m██[38;2;189;222;237m██[38;2;66;66;66m██[38;2;206;156;174m██[38;2;0;0;0m██        
[38;2;0;0;0m██[38;2;140;165;193m████[38;2;143;165;188m██[38;2;181;214;245m████[38;2;143;165;188m██[38;2;189;222;237m████[38;2;66;66;66m██[38;2;181;214;245m██[38;2;66;66;66m██[38;2;140;165;196m██[38;2;66;66;66m██[38;2;0;0;0m██        
[38;2;0;0;0m██[38;2;140;165;193m████[38;2;66;66;74m██[38;2;143;165;188m████[38;2;66;66;74m██[38;2;140;167;193m████[38;2;66;66;66m██[38;2;143;165;185m██[38;2;66;66;66m██[38;2;140;165;196m██[38;2;0;0;0m██          
[38;2;0;0;0m  ██[38;2;66;66;66m██[38;2;160;132;136m██[38;2;74;66;66m██[38;2;66;66;66m████[38;2;140;165;196m████████[38;2;66;66;66m██[38;2;140;165;196m████[38;2;0;0;0m██        
[38;2;0;0;0m    ██[38;2;247;198;207m████████[38;2;66;66;66m████████[38;2;140;165;196m██████[38;2;0;0;0m██        
[38;2;0;0;0m  ██[38;2;140;165;196m██[38;2;66;66;66m██[38;2;247;198;207m██[38;2;160;132;136m██[38;2;255;198;207m██[38;2;247;198;207m████[38;2;206;156;174m██[38;2;0;0;0m██[38;2;140;165;196m████[38;2;140;167;193m████[38;2;0;0;0m████    
[38;2;0;0;0m██[38;2;140;165;196m████[38;2;66;66;66m████████████[38;2;0;0;0m██  ██[38;2;140;165;196m██[38;2;189;222;237m████████[38;2;0;0;0m██  
[38;2;0;0;0m  ██████[38;2;206;156;174m████[38;2;69;55;58m██[38;2;74;66;66m██[38;2;189;154;160m██[38;2;206;156;174m██[38;2;0;0;0m██  ████[38;2;189;222;237m████████[38;2;0;0;0m██
[38;2;0;0;0m        ██[38;2;0;4;0m████[38;2;247;198;207m████[38;2;0;0;0m██        ████████  
[38;2;0;0;0m              ████                    [0m
