
[38;2;0;0;0m        [38;2;0;4;0m██[38;2;0;0;0m          [38;2;0;4;0m██[38;2;0;0;0m                            
[38;2;0;0;0m        [38;2;0;4;0m████[38;2;0;0;0m      [38;2;0;4;0m██[38;2;94;96;94m██[38;2;0;4;0m██[38;2;0;0;0m                          
[38;2;0;0;0m      [38;2;0;4;0m██[38;2;82;80;69m██[38;2;0;4;0m██[38;2;0;0;0m  [38;2;0;4;0m████[38;2;66;66;66m██[38;2;94;99;94m██[38;2;0;4;0m██[38;2;0;0;0m                          
[38;2;0;0;0m      [38;2;0;4;0m██[38;2;82;80;69m██[38;2;82;80;70m██[38;2;0;4;0m██[38;2;132;133;105m████[38;2;66;66;66m██[38;2;94;99;94m██[38;2;94;96;94m██[38;2;0;4;0m██[38;2;0;0;0m                        
[38;2;0;0;0m      [38;2;0;8;0m██[38;2;71;71;66m██[38;2;132;132;108m████[38;2;132;132;105m██[38;2;66;66;66m██[38;2;82;103;122m████[38;2;255;255;255m██[38;2;82;82;66m██[38;2;0;4;0m██[38;2;0;0;0m                      
[38;2;0;0;0m      [38;2;0;8;0m██[38;2;107;103;99m██[38;2;94;99;94m██[38;2;132;132;108m██[38;2;132;132;105m██[38;2;66;66;66m██[38;2;255;255;255m██[38;2;82;103;122m██[38;2;255;255;255m████[38;2;0;4;0m██[38;2;0;0;0m                      
[38;2;0;0;0m    [38;2;0;4;0m██[38;2;94;99;94m████[38;2;96;99;96m████[38;2;99;99;91m██[38;2;66;66;58m██[38;2;87;123;143m██[38;2;151;189;199m██[38;2;255;255;255m████[38;2;74;71;69m██[38;2;0;4;0m██[38;2;0;0;0m                    
[38;2;0;0;0m    [38;2;0;4;0m██[38;2;94;99;94m██[38;2;66;66;66m██[38;2;96;99;96m████[38;2;82;82;74m████[38;2;24;57;88m██[38;2;214;255;254m██[38;2;255;255;255m██[38;2;66;66;66m██[38;2;74;71;69m██[38;2;0;4;0m██[38;2;0;0;0m                    
[38;2;0;0;0m    [38;2;0;4;0m██[38;2;82;79;56m████[38;2;82;79;69m████[38;2;247;222;111m████[38;2;192;181;69m██[38;2;66;66;66m████[38;2;82;80;69m██[38;2;82;80;70m██[38;2;0;4;0m██[38;2;0;0;0m                    
[38;2;0;0;0m      [38;2;0;8;24m██[38;2;247;222;119m██[38;2;247;222;111m██████[38;2;192;184;67m██[38;2;192;181;69m████[38;2;66;66;66m██[38;2;82;80;69m██[38;2;0;4;0m██[38;2;0;0;0m                      
[38;2;0;0;0m        [38;2;0;4;0m████[38;2;189;181;69m██████[38;2;195;183;69m██[38;2;74;70;66m██[38;2;82;80;69m██[38;2;0;4;0m██[38;2;0;0;0m                        
[38;2;0;0;0m            [38;2;0;4;0m██[38;2;0;4;16m██[38;2;63;63;34m██[38;2;74;70;66m████[38;2;82;80;69m██[38;2;0;4;0m██[38;2;0;0;0m                        
[38;2;0;0;0m                [38;2;0;4;0m██[38;2;82;81;69m████[38;2;69;71;66m██[38;2;8;8;0m██[38;2;0;0;0m                        
[38;2;0;0;0m              [38;2;0;4;0m██[38;2;94;96;94m██[38;2;82;81;69m████[38;2;99;103;99m████[38;2;0;4;0m██[38;2;0;0;0m                      
[38;2;0;0;0m              [38;2;0;4;0m██[38;2;94;96;94m██[38;2;96;99;96m████████[38;2;0;4;0m██[38;2;0;0;0m                      
[38;2;0;0;0m        [38;2;0;4;0m██████[38;2;94;96;94m████[38;2;96;99;96m████████[38;2;82;80;70m██[38;2;0;4;0m██[38;2;0;0;0m                [38;2;0;4;0m██[38;2;0;0;0m  
[38;2;0;0;0m      [38;2;0;4;0m██[38;2;206;107;70m██[38;2;197;114;75m██[38;2;82;78;66m██[38;2;94;98;94m████[38;2;93;97;96m████[38;2;82;82;66m████[38;2;206;111;78m████[38;2;0;4;0m██[38;2;0;0;0m            [38;2;0;4;0m██[38;2;94;96;94m██[38;2;0;4;0m██
[38;2;0;0;0m        [38;2;0;4;0m██[38;2;255;132;79m██[38;2;82;78;66m██[38;2;82;82;66m██[38;2;94;98;94m██[38;2;80;79;69m████[38;2;82;82;66m██[38;2;255;140;87m██[38;2;103;61;47m██[38;2;0;12;16m██[38;2;0;0;0m              [38;2;0;4;0m██[38;2;94;96;94m██[38;2;0;4;0m██
[38;2;0;0;0m    [38;2;0;4;0m████[38;2;189;181;69m██[38;2;66;66;66m██[38;2;255;140;87m████[38;2;74;74;66m██[38;2;255;140;87m████[38;2;74;70;66m████[38;2;247;140;95m██[38;2;0;8;8m██[38;2;0;0;0m            [38;2;0;4;0m██[38;2;255;140;87m████[38;2;0;4;0m██
[38;2;0;0;0m  [38;2;0;4;0m██[38;2;82;80;70m██[38;2;189;181;69m████[38;2;66;66;66m████[38;2;255;140;87m██[38;2;74;74;66m██[38;2;255;140;87m██[38;2;66;66;66m██[38;2;247;222;111m██[38;2;74;70;66m██[38;2;82;52;37m██[38;2;0;8;8m██[38;2;0;0;0m          [38;2;0;4;0m██[38;2;255;140;87m████[38;2;0;4;0m██[38;2;0;0;0m  
[38;2;0;4;0m██[38;2;82;80;69m████[38;2;0;4;0m██[38;2;189;181;69m██[38;2;74;53;50m██[38;2;255;206;95m██[38;2;66;66;66m██[38;2;247;222;111m██[38;2;66;66;66m██[38;2;247;222;111m██[38;2;49;53;73m██[38;2;239;214;119m██[38;2;247;222;119m██[38;2;0;0;16m██[38;2;0;0;0m      [38;2;0;4;0m████[38;2;247;222;111m██[38;2;247;189;103m████[38;2;0;4;0m██[38;2;0;0;0m  
[38;2;0;4;0m██[38;2;82;80;69m██[38;2;0;4;0m██[38;2;0;0;0m  [38;2;0;4;0m██[38;2;164;129;72m████[38;2;247;222;111m██████[38;2;66;66;66m██[38;2;112;107;88m████[38;2;82;74;50m██[38;2;247;222;119m██[38;2;0;4;0m██████[38;2;189;181;69m██[38;2;247;222;111m████[38;2;247;189;103m██[38;2;0;4;0m██[38;2;0;0;0m    
[38;2;0;0;0m  [38;2;0;4;0m██[38;2;0;0;0m    [38;2;0;4;0m██[38;2;206;107;70m██[38;2;148;132;68m██[38;2;247;222;111m████[38;2;247;222;103m██[38;2;66;70;58m██[38;2;94;99;94m██[38;2;66;66;66m██[38;2;66;78;74m██[38;2;160;113;84m██[38;2;255;148;95m██[38;2;66;78;74m██[38;2;192;181;69m████[38;2;170;157;74m██[38;2;255;231;111m██[38;2;0;4;0m██[38;2;0;0;0m      
[38;2;0;0;0m      [38;2;0;4;0m██[38;2;189;181;69m██[38;2;167;124;69m██[38;2;206;107;70m██[38;2;144;137;56m██[38;2;247;222;111m██[38;2;247;222;103m██[38;2;187;171;88m██[38;2;66;66;66m████[38;2;160;113;84m██[38;2;255;148;95m██[38;2;160;113;84m████[38;2;66;66;66m██[38;2;192;181;69m██[38;2;0;8;0m████[38;2;0;0;0m        
[38;2;0;0;0m      [38;2;0;4;0m██[38;2;189;181;69m██[38;2;198;173;78m██[38;2;157;136;77m██[38;2;165;123;93m██[38;2;0;4;0m██[38;2;189;181;69m████[38;2;181;148;77m████[38;2;228;172;100m██[38;2;173;119;93m██[38;2;247;222;111m████[38;2;66;65;66m██[38;2;0;4;0m██[38;2;0;0;0m            
[38;2;0;0;0m        [38;2;0;4;0m██[38;2;74;61;74m██[38;2;198;173;78m██[38;2;0;4;0m██[38;2;0;0;0m  [38;2;0;4;0m████████[38;2;173;119;93m██[38;2;255;198;103m██[38;2;247;222;111m██[38;2;192;184;67m██[38;2;0;4;0m██[38;2;0;0;0m              
[38;2;0;0;0m      [38;2;0;4;0m██[38;2;82;80;70m██[38;2;82;80;69m████[38;2;0;4;0m██[38;2;0;0;0m          [38;2;0;4;0m██[38;2;189;181;69m██[38;2;189;181;93m██[38;2;0;4;8m██[38;2;0;0;0m                
[38;2;0;0;0m        [38;2;0;4;0m██████[38;2;0;0;0m              [38;2;0;4;0m██[38;2;94;92;50m██[38;2;0;4;8m██[38;2;0;0;0m                
[38;2;0;0;0m                          [38;2;0;4;0m██[38;2;94;96;94m██[38;2;66;67;66m██[38;2;99;99;99m██[38;2;0;4;0m██[38;2;0;0;0m              
[38;2;0;0;0m                            [38;2;0;4;0m██████[38;2;0;0;0m                [0m
