
[38;2;0;0;0m          ██                      
[38;2;0;0;0m          ████                    
[38;2;0;0;0m          ██████          ████    
[38;2;0;0;0m          ██████      ████████    
[38;2;0;0;0m            ████████████████      
[38;2;0;0;0m        ██[38;2;0;20;24m██[38;2;80;50;48m██[38;2;156;107;84m██[38;2;198;148;94m████[38;2;66;66;66m██[38;2;0;0;0m████        
[38;2;0;0;0m      ██[38;2;66;66;66m██[38;2;239;111;95m██[38;2;80;50;48m██[38;2;198;148;94m████[38;2;66;66;66m████[38;2;198;148;94m████[38;2;0;0;0m██      
[38;2;0;0;0m      [38;2;0;8;8m██[38;2;247;107;95m██[38;2;247;99;87m██[38;2;66;66;66m██[38;2;198;148;94m██[38;2;66;66;66m████████[38;2;198;148;94m████[38;2;0;0;0m██    
[38;2;0;0;0m  ████[38;2;82;41;37m██[38;2;0;8;8m██[38;2;247;99;87m██[38;2;66;66;66m██████[38;2;247;99;87m████[38;2;66;66;66m████[38;2;198;148;94m██[38;2;0;0;0m██    
[38;2;0;0;0m██[38;2;198;148;94m██[38;2;0;0;0m██[38;2;74;57;58m██[38;2;195;145;115m██[38;2;231;173;215m████[38;2;66;66;66m██[38;2;247;99;87m████████[38;2;66;66;66m██[38;2;198;148;94m████[38;2;0;0;0m██  
[38;2;0;0;0m  ████[38;2;255;189;143m██[38;2;74;57;58m██[38;2;231;173;215m██[38;2;66;66;66m████[38;2;247;99;87m██[38;2;0;0;0m██[38;2;247;99;87m████[38;2;66;66;66m██[38;2;198;148;94m████[38;2;0;0;0m██  
[38;2;0;0;0m    ██[38;2;255;222;159m████[38;2;66;66;66m██[38;2;255;222;159m██[38;2;66;66;66m████[38;2;247;99;87m████[38;2;66;66;66m████[38;2;198;148;94m██[38;2;66;66;66m██[38;2;0;0;0m██  
[38;2;0;0;0m      ██[38;2;255;222;159m████████[38;2;66;66;66m████████[38;2;156;107;84m██[38;2;66;66;66m██[38;2;198;148;94m████[38;2;0;0;0m██
[38;2;0;0;0m      ██[38;2;255;222;159m████████████[38;2;214;173;134m██[38;2;156;110;84m████[38;2;156;107;84m██[38;2;0;0;0m████  
[38;2;0;0;0m        ██[38;2;255;222;159m████████[38;2;214;173;134m████[38;2;156;110;84m████[38;2;0;0;0m██      
[38;2;0;0;0m          ██[38;2;198;148;94m██[38;2;214;173;134m████[38;2;222;173;126m██[38;2;144;119;96m██[38;2;156;107;84m██[38;2;0;0;0m██        
[38;2;0;0;0m            ██[38;2;66;66;66m████████[38;2;0;0;0m██          
[38;2;0;0;0m          ██[38;2;255;255;255m██[38;2;165;94;149m██[38;2;210;170;202m██[38;2;222;156;206m████[38;2;131;123;127m██[38;2;8;0;0m██[38;2;0;0;0m        
[38;2;0;0;0m          ████[38;2;255;247;255m██[38;2;210;170;202m██[38;2;0;0;0m██[38;2;222;156;206m██[38;2;255;247;255m██[38;2;8;0;0m██[38;2;0;0;0m        
[38;2;0;0;0m              ████  ████          [0m
