
[38;2;0;0;0m                      [38;2;52;47;13m  [38;2;0;0;0m                            
[38;2;0;0;0m                      [38;2;161;138;66m██[38;2;52;47;13m  [38;2;0;0;0m      [38;2;171;155;44m  [38;2;0;0;0m                  
[38;2;0;0;0m                    [38;2;49;44;12m  [38;2;151;127;70m██[38;2;121;110;31m██[38;2;0;0;0m    [38;2;90;83;34m██[38;2;119;112;64m██[38;2;11;11;11m  [38;2;0;0;0m                
[38;2;0;0;0m                    [38;2;162;146;41m██[38;2;231;207;65m██[38;2;248;224;64m██[38;2;163;149;52m██[38;2;175;159;52m██[38;2;213;189;66m██[38;2;236;212;64m██[38;2;211;191;59m██[38;2;7;7;2m  [38;2;0;0;0m              
[38;2;0;0;0m                  [38;2;104;94;27m██[38;2;247;224;64m████[38;2;248;224;64m██[38;2;168;155;64m██[38;2;191;170;66m██[38;2;169;145;69m██[38;2;211;187;66m██[38;2;202;178;67m██[38;2;247;224;64m██[38;2;0;0;0m              
[38;2;0;0;0m                  [38;2;247;224;64m██[38;2;248;224;64m██[38;2;247;224;64m██[38;2;248;224;64m██[38;2;113;107;64m██[38;2;235;211;64m██[38;2;169;145;69m██[38;2;141;117;71m██[38;2;247;224;64m██[38;2;248;224;64m██[38;2;107;97;27m  [38;2;0;0;0m            
[38;2;0;0;0m                [38;2;143;129;36m██[38;2;247;224;64m██[38;2;248;224;64m██[38;2;247;224;64m██[38;2;248;224;64m██[38;2;217;197;64m██[38;2;168;154;64m██[38;2;83;83;83m██[38;2;114;106;78m██[38;2;176;161;64m██[38;2;174;151;68m██[38;2;124;112;32m██[38;2;0;0;0m            
[38;2;0;0;0m                [38;2;113;99;49m██[38;2;247;224;64m██[38;2;248;224;64m██[38;2;247;224;64m██[38;2;248;224;64m██[38;2;247;224;64m██[38;2;235;212;64m██[38;2;178;163;68m██[38;2;191;189;183m██[38;2;180;158;85m██[38;2;196;172;85m██[38;2;124;112;32m██[38;2;0;0;0m            
[38;2;0;0;0m                  [38;2;201;177;67m██[38;2;247;224;64m████[38;2;209;185;66m██[38;2;216;202;157m████[38;2;196;176;70m██[38;2;137;124;76m██[38;2;207;195;156m██[38;2;192;169;90m██[38;2;207;183;81m██[38;2;0;0;0m            
[38;2;0;0;0m                [38;2;136;136;136m  [38;2;87;84;64m██[38;2;248;224;64m██[38;2;225;201;65m██[38;2;213;206;194m██[38;2;74;74;74m██[38;2;247;247;247m██[38;2;246;237;179m██[38;2;85;82;64m██[38;2;193;169;90m██[38;2;243;241;235m██[38;2;192;168;88m██[38;2;0;0;0m            
[38;2;0;0;0m            [38;2;59;53;15m  [38;2;38;38;38m██[38;2;141;141;141m██[38;2;247;224;64m████[38;2;229;207;64m██[38;2;112;99;67m██[38;2;185;161;68m██[38;2;212;188;74m██[38;2;146;141;122m██[38;2;237;238;239m██[38;2;118;108;74m██[38;2;192;168;88m██[38;2;160;148;108m██[38;2;0;0;0m            
[38;2;0;0;0m        [38;2;247;223;63m██████[38;2;240;217;64m██[38;2;170;156;64m██[38;2;247;224;64m██[38;2;248;224;64m██[38;2;247;224;64m██[38;2;113;107;64m██[38;2;247;224;64m██[38;2;112;114;96m██[38;2;221;221;221m██[38;2;99;106;120m██[38;2;191;167;87m██[38;2;192;168;88m██[38;2;0;0;0m              
[38;2;26;23;12m  [38;2;147;125;73m██[38;2;210;186;66m██[38;2;247;224;64m██[38;2;231;207;71m██[38;2;247;224;64m██[38;2;183;165;47m██[38;2;120;109;35m██[38;2;155;148;104m██[38;2;247;224;64m██[38;2;185;169;64m██[38;2;147;136;66m██[38;2;175;154;84m██[38;2;176;156;90m██[38;2;144;145;146m██[38;2;198;198;202m██[38;2;243;243;244m██[38;2;127;121;97m██[38;2;95;83;43m██[38;2;0;0;0m      [38;2;10;10;11m  [38;2;91;91;95m██[38;2;74;74;77m  [38;2;0;0;0m  
[38;2;0;0;0m  [38;2;191;173;49m██[38;2;155;140;40m  [38;2;108;88;60m  [38;2;245;221;65m██[38;2;9;8;2m██[38;2;0;0;0m    [38;2;136;136;136m  [38;2;70;70;70m██[38;2;162;162;162m██[38;2;184;185;188m██[38;2;84;92;107m██[38;2;118;124;135m██[38;2;208;208;208m██[38;2;163;166;171m██[38;2;84;91;103m██[38;2;110;96;50m██[38;2;0;0;0m        [38;2;164;165;174m██[38;2;26;29;34m  [38;2;95;101;115m██[38;2;46;46;48m██
[38;2;0;0;0m      [38;2;95;83;43m  [38;2;146;127;66m██[38;2;3;2;1m  [38;2;0;0;0m      [38;2;108;108;108m██[38;2;248;248;248m██[38;2;230;230;230m██[38;2;190;190;196m██[38;2;188;189;192m██[38;2;194;194;196m██[38;2;138;137;130m██[38;2;186;163;88m██[38;2;48;42;22m  [38;2;0;0;0m        [38;2;132;137;145m██[38;2;15;17;20m  [38;2;59;64;73m██[38;2;32;34;36m██
[38;2;0;0;0m                    [38;2;47;52;62m  [38;2;205;207;209m██[38;2;168;169;173m██[38;2;117;114;98m██[38;2;109;109;99m██[38;2;192;168;88m████[38;2;0;0;0m          [38;2;12;13;14m  [38;2;109;116;124m██[38;2;88;94;100m  [38;2;0;0;0m  
[38;2;0;0;0m                      [38;2;156;142;93m██[38;2;159;145;92m██[38;2;192;168;88m██[38;2;192;167;88m██[38;2;192;168;88m████[38;2;67;58;30m  [38;2;0;0;0m                
[38;2;0;0;0m                  [38;2;32;29;8m██[38;2;173;156;44m██[38;2;199;175;84m██[38;2;193;169;87m██[38;2;192;168;88m██[38;2;192;167;88m██[38;2;192;168;88m████[38;2;219;195;76m██[38;2;40;36;10m██[38;2;0;0;0m              
[38;2;0;0;0m                [38;2;93;84;24m  [38;2;247;224;64m██[38;2;248;224;64m██[38;2;247;224;64m██[38;2;233;209;70m██[38;2;66;58;30m████[38;2;192;168;88m██[38;2;224;200;74m██[38;2;247;224;64m██[38;2;248;224;64m██[38;2;80;73;20m  [38;2;0;0;0m            
[38;2;0;0;0m                [38;2;124;113;36m██[38;2;247;224;64m██[38;2;248;224;64m██[38;2;204;185;65m██[38;2;42;37;19m  [38;2;0;0;0m      [38;2;181;163;46m  [38;2;247;224;64m██[38;2;248;224;64m██[38;2;130;116;40m██[38;2;0;0;0m            
[38;2;0;0;0m              [38;2;5;4;2m  [38;2;93;86;62m██[38;2;130;121;65m██[38;2;209;185;80m██[38;2;15;15;15m  [38;2;0;0;0m          [38;2;113;98;40m██[38;2;164;140;69m██[38;2;182;158;85m██[38;2;165;149;42m  [38;2;0;0;0m          
[38;2;0;0;0m              [38;2;3;3;2m  [38;2;145;123;72m██[38;2;147;123;76m██[38;2;164;144;75m██[38;2;121;106;55m  [38;2;0;0;0m          [38;2;63;55;29m  [38;2;150;131;68m██[38;2;206;182;76m██[38;2;155;131;69m██[38;2;82;74;21m  [38;2;0;0;0m        
[38;2;0;0;0m                [38;2;19;15;10m  [38;2;50;43;22m██[38;2;17;15;7m  [38;2;0;0;0m                [38;2;41;35;20m██[38;2;62;56;16m  [38;2;0;0;0m          [0m
