
[38;2;0;0;0m        ████████            ████████        
[38;2;0;0;0m      ██[38;2;132;132;169m██[38;2;132;132;172m██████[38;2;0;0;0m██        ██[38;2;132;132;172m████████[38;2;0;0;0m██      
[38;2;0;0;0m    ██[38;2;66;66;85m██[38;2;132;132;169m██[38;2;99;99;131m████[38;2;0;0;0m██            ██[38;2;99;99;131m██[38;2;132;132;172m██████[38;2;0;0;0m██    
[38;2;0;0;0m  ██[38;2;132;132;172m████[38;2;66;66;66m██[38;2;66;66;77m██[38;2;0;0;0m██  ██████████    ██[38;2;132;132;169m██[38;2;132;132;172m████[38;2;132;132;180m██[38;2;0;4;8m██[38;2;0;0;0m  
[38;2;0;0;0m██[38;2;132;132;172m████████[38;2;99;99;115m██[38;2;66;66;77m██[38;2;0;0;0m██[38;2;90;82;122m██████████[38;2;0;0;0m████[38;2;66;66;85m██[38;2;132;132;169m██[38;2;132;132;172m████[38;2;88;89;123m██[38;2;132;132;180m██[38;2;0;0;0m██
[38;2;0;0;0m██[38;2;132;132;172m████[38;2;132;132;177m██[38;2;99;99;126m██[38;2;66;66;66m██[38;2;90;82;122m██[38;2;90;83;122m████████████[38;2;90;82;122m██[38;2;66;66;66m██[38;2;132;132;172m██[38;2;99;99;131m██████[38;2;132;132;172m████[38;2;0;0;0m██
[38;2;0;0;0m██[38;2;99;99;131m██[38;2;132;132;172m██[38;2;99;99;126m██[38;2;66;66;74m██[38;2;90;82;122m████[38;2;90;83;122m████████████[38;2;90;82;122m██[38;2;66;66;66m██[38;2;132;132;172m████████████[38;2;0;0;0m██
[38;2;0;0;0m██[38;2;99;102;131m████[38;2;66;66;66m██[38;2;90;82;122m██[38;2;90;83;122m████████████████[38;2;90;82;122m██[38;2;66;66;66m██[38;2;132;132;172m██████████[38;2;99;99;131m██[38;2;0;0;0m██
[38;2;0;0;0m██[38;2;99;102;131m████[38;2;66;66;66m██[38;2;90;82;122m██[38;2;90;83;122m████████████████[38;2;90;82;122m████[38;2;66;66;66m██[38;2;132;132;172m████[38;2;99;99;131m██████[38;2;0;0;0m██
[38;2;0;0;0m  ██[38;2;66;66;66m██[38;2;90;82;122m██[38;2;255;255;255m██[38;2;90;83;122m████████[38;2;90;82;122m████████████[38;2;66;66;66m██[38;2;99;99;139m██[38;2;99;99;131m████[38;2;99;99;123m██[38;2;0;0;0m██  
[38;2;0;0;0m  ██[38;2;66;66;66m██[38;2;255;255;255m████[38;2;90;83;122m████████[38;2;90;82;122m██[38;2;255;255;255m████[38;2;90;82;122m██[38;2;255;255;255m██[38;2;90;82;122m██[38;2;88;88;115m██[38;2;66;66;66m██████[38;2;66;66;82m██[38;2;0;0;0m██  
[38;2;0;0;0m    ██[38;2;99;82;75m████[38;2;255;255;255m██[38;2;82;78;106m██[38;2;90;82;122m████[38;2;255;255;255m████████[38;2;90;82;122m██[38;2;255;255;255m██[38;2;66;66;66m██[38;2;99;99;131m██[38;2;99;102;131m████[38;2;99;99;131m██[38;2;0;0;0m██  
[38;2;0;0;0m    ██[38;2;99;82;75m██[38;2;255;255;255m██[38;2;82;78;106m████[38;2;90;82;122m██[38;2;255;255;255m██[38;2;66;66;66m████████[38;2;255;255;255m██[38;2;90;82;122m██[38;2;77;77;88m██[38;2;66;66;66m██[38;2;99;102;131m████[38;2;0;0;0m██    
[38;2;0;0;0m    ██[38;2;247;255;255m██[38;2;123;94;83m██[38;2;184;199;213m██[38;2;74;86;130m████[38;2;184;199;213m██[38;2;123;94;75m██[38;2;255;255;255m██[38;2;115;90;75m██[38;2;255;255;255m████[38;2;66;66;90m██[38;2;66;67;90m████[38;2;0;0;0m████      
[38;2;0;0;0m    ██[38;2;206;201;198m██[38;2;247;255;255m██[38;2;239;255;255m████████[38;2;123;94;75m████[38;2;115;90;75m██[38;2;255;255;255m████[38;2;66;66;90m██[38;2;66;67;90m████[38;2;0;0;0m██        
[38;2;0;0;0m      ██[38;2;189;181;205m██[38;2;189;181;213m██[38;2;94;92;110m██[38;2;66;66;66m██[38;2;255;255;255m██████████[38;2;189;181;205m████[38;2;66;66;90m██[38;2;0;0;0m██          
[38;2;0;0;0m        ██[38;2;0;4;8m██[38;2;189;181;213m██[38;2;192;192;192m██[38;2;66;66;66m██[38;2;189;181;205m████[38;2;192;192;192m██[38;2;66;66;66m██[38;2;63;63;68m██[38;2;0;4;0m██[38;2;0;0;0m██            
[38;2;0;0;0m            ██████[38;2;66;66;66m██████[38;2;189;181;205m██[38;2;0;0;0m██    ██          
[38;2;0;0;0m          ██[38;2;90;82;122m██[38;2;93;88;104m██[38;2;140;132;156m██[38;2;189;181;205m████[38;2;66;66;66m████[38;2;90;82;122m██[38;2;0;0;0m████[38;2;255;255;255m██[38;2;0;0;0m██        
[38;2;0;0;0m        ██[38;2;104;98;112m██[38;2;66;61;66m██[38;2;57;57;73m██[38;2;189;181;205m████[38;2;90;82;122m██[38;2;90;83;122m████[38;2;60;59;76m██[38;2;90;86;114m██[38;2;94;90;106m██[38;2;189;181;205m██[38;2;255;255;255m██[38;2;0;0;0m██      
[38;2;0;0;0m      ██[38;2;66;66;90m██[38;2;181;173;205m██[38;2;66;61;66m██[38;2;101;98;117m██[38;2;189;181;205m██[38;2;90;82;122m████[38;2;90;83;122m████[38;2;90;86;114m██[38;2;0;4;0m██[38;2;0;0;8m██[38;2;189;181;205m██[38;2;0;0;0m██        
[38;2;0;0;0m      ██[38;2;189;181;205m██[38;2;255;255;255m████[38;2;66;66;66m██[38;2;90;82;122m██[38;2;90;83;122m████████[38;2;90;82;122m██[38;2;0;0;0m██  ██          
[38;2;0;0;0m        ██[38;2;255;255;255m██[38;2;66;66;66m██[38;2;90;82;122m████[38;2;90;83;122m████████[38;2;90;82;122m████[38;2;0;0;0m██            
[38;2;0;0;0m          ████[38;2;66;66;90m████[38;2;90;82;122m████[38;2;90;83;122m████[38;2;57;57;73m██[38;2;0;0;0m██              
[38;2;0;0;0m              ██[38;2;66;66;90m██[38;2;189;181;205m██[38;2;90;82;122m██[38;2;90;83;122m████[38;2;0;0;0m██                
[38;2;0;0;0m                ██[38;2;189;181;205m██████[38;2;0;0;0m██                  
[38;2;0;0;0m                ██[38;2;98;98;130m██[38;2;189;181;205m██[38;2;0;0;0m██                    
[38;2;0;0;0m                  ████                      [0m
