
[38;2;0;0;0m        [38;2;37;58;88m██[38;2;118;127;138m██[38;2;223;223;134m██[38;2;224;224;134m██[38;2;61;64;37m██[38;2;0;0;0m                  
[38;2;0;0;0m      [38;2;0;2;0m  [38;2;63;84;136m██[38;2;224;224;134m██[38;2;223;226;134m██[38;2;215;219;126m██[38;2;54;60;25m██[38;2;0;0;0m                  
[38;2;0;0;0m      [38;2;20;35;52m  [38;2;148;160;147m██[38;2;224;224;134m██[38;2;216;218;122m██[38;2;202;202;91m██[38;2;195;197;97m██[38;2;0;2;0m  [38;2;0;0;0m                
[38;2;0;0;0m    [38;2;0;1;0m  [38;2;69;108;175m██[38;2;87;114;169m██[38;2;94;94;78m██[38;2;152;149;72m██[38;2;198;195;87m██[38;2;95;97;49m██[38;2;0;0;0m                  
[38;2;0;0;0m  [38;2;0;1;0m  [38;2;72;75;64m██[38;2;72;100;168m██[38;2;111;125;143m██[38;2;166;200;176m██[38;2;131;157;149m██[38;2;105;115;85m██[38;2;17;19;6m  [38;2;0;0;0m                  
[38;2;0;0;0m  [38;2;145;150;93m  [38;2;179;192;132m██[38;2;144;190;216m██[38;2;200;207;108m██[38;2;211;211;124m██[38;2;138;171;175m██[38;2;88;80;58m██[38;2;169;170;62m██[38;2;0;3;0m  [38;2;0;0;0m                
[38;2;23;25;14m  [38;2;176;171;66m██[38;2;177;221;237m██[38;2;187;189;77m██[38;2;222;225;134m██[38;2;162;162;108m██[38;2;114;119;99m██[38;2;143;185;197m██[38;2;154;154;68m██[38;2;189;188;67m██[38;2;91;93;33m██[38;2;0;0;0m              
[38;2;61;64;37m██[38;2;169;207;199m██[38;2;156;206;227m██[38;2;187;189;77m██[38;2;98;98;82m██[38;2;226;226;226m██[38;2;65;65;65m██[38;2;123;152;161m██[38;2;154;154;68m██[38;2;189;187;65m██[38;2;189;188;68m██[38;2;0;2;0m  [38;2;0;0;0m            
[38;2;0;1;0m  [38;2;130;172;190m██[38;2;129;156;184m██[38;2;147;161;177m██[38;2;231;216;152m██[38;2;167;171;171m██[38;2;113;124;127m██[38;2;86;86;65m██[38;2;189;187;65m██[38;2;109;111;40m██[38;2;18;20;6m  [38;2;0;0;0m              
[38;2;20;26;37m  [38;2;84;93;138m██[38;2;151;199;214m██[38;2;160;208;221m██[38;2;88;113;122m██[38;2;133;148;162m██[38;2;78;83;87m██[38;2;182;182;68m██[38;2;60;63;21m██[38;2;0;0;0m                  
[38;2;43;58;67m██[38;2;144;188;212m██[38;2;68;91;95m██[38;2;6;3;3m  [38;2;0;1;0m  [38;2;9;10;12m██[38;2;81;87;100m██[38;2;85;86;31m  [38;2;0;0;0m                    
[38;2;0;2;1m  [38;2;3;8;4m██[38;2;0;0;0m    [38;2;0;1;0m  [38;2;63;82;138m██[38;2;75;85;118m██[38;2;0;3;0m  [38;2;0;0;0m                    
[38;2;0;0;0m        [38;2;18;30;46m  [38;2;70;113;185m██[38;2;98;130;160m██[38;2;63;63;66m██[38;2;26;28;9m  [38;2;0;0;0m      [38;2;0;1;0m  [38;2;58;82;106m██[38;2;0;1;0m  [38;2;0;0;0m      
[38;2;0;0;0m        [38;2;40;63;96m██[38;2;70;112;182m██[38;2;119;150;163m██[38;2;67;68;68m██[38;2;154;154;68m██[38;2;0;2;0m  [38;2;0;0;0m  [38;2;0;1;0m  [38;2;69;108;175m██[38;2;154;203;225m██[38;2;132;156;170m██[38;2;0;1;0m  [38;2;0;0;0m    
[38;2;0;0;0m      [38;2;0;2;0m  [38;2;101;112;137m██[38;2;74;101;164m██[38;2;65;83;115m██[38;2;135;179;206m██[38;2;134;141;86m██[38;2;86;88;52m  [38;2;0;0;0m  [38;2;0;1;0m  [38;2;69;108;175m██[38;2;35;49;52m  [38;2;65;78;83m██[38;2;29;36;37m  [38;2;0;0;0m    
[38;2;0;0;0m      [38;2;0;3;0m  [38;2;169;175;203m██[38;2;87;98;150m██[38;2;88;123;168m██[38;2;77;89;93m██[38;2;108;116;92m██[38;2;222;222;134m██[38;2;40;43;25m██[38;2;3;6;5m  [38;2;70;109;176m██[38;2;0;2;0m  [38;2;7;12;9m██[38;2;56;68;72m██[38;2;1;2;2m  [38;2;2;3;3m  
[38;2;0;0;0m      [38;2;0;3;0m  [38;2;255;255;255m██[38;2;237;245;246m██[38;2;70;100;153m██[38;2;80;89;92m██[38;2;128;163;178m██[38;2;156;156;105m██[38;2;170;170;111m██[38;2;68;85;104m██[38;2;120;166;211m██[38;2;0;2;0m  [38;2;3;5;4m  [38;2;89;101;109m██[38;2;52;59;64m██[38;2;38;48;50m██
[38;2;0;0;0m    [38;2;0;1;0m  [38;2;132;156;170m██[38;2;152;152;152m██[38;2;91;95;91m██[38;2;81;82;79m██[38;2;77;106;158m██[38;2;112;151;186m██[38;2;105;113;103m██[38;2;176;199;169m██[38;2;76;93;120m██[38;2;151;200;225m██[38;2;0;2;0m  [38;2;0;0;0m  [38;2;76;92;98m  [38;2;137;162;176m██[38;2;35;43;45m  
[38;2;0;0;0m    [38;2;0;1;0m  [38;2;88;98;103m██[38;2;36;36;36m██[38;2;64;63;64m██[38;2;69;73;76m██[38;2;72;77;84m██[38;2;73;82;98m██[38;2;112;121;110m██[38;2;108;138;153m██[38;2;129;165;184m██[38;2;154;204;227m██[38;2;0;2;0m  [38;2;0;0;0m  [38;2;0;2;0m  [38;2;116;138;150m██[38;2;0;1;0m  
[38;2;0;0;0m    [38;2;25;28;25m██[38;2;65;65;65m██[38;2;33;34;33m██[38;2;0;3;0m  [38;2;0;2;0m  [38;2;94;93;92m██[38;2;77;82;93m██[38;2;94;99;94m██[38;2;58;65;81m██[38;2;151;206;232m██[38;2;8;15;12m██[38;2;0;0;0m      [38;2;0;2;0m  [38;2;0;0;0m  
[38;2;0;0;0m  [38;2;0;2;0m  [38;2;63;65;63m██[38;2;65;65;65m██[38;2;33;34;33m██[38;2;0;3;0m  [38;2;0;2;0m  [38;2;89;91;89m██[38;2;72;74;72m██[38;2;96;99;96m██[38;2;71;71;71m██[38;2;115;154;169m██[38;2;2;5;4m  [38;2;0;0;0m          
[38;2;0;0;0m  [38;2;0;2;0m  [38;2;64;64;64m██[38;2;15;19;15m██[38;2;66;70;77m██[38;2;0;3;0m  [38;2;0;2;0m  [38;2;78;80;78m██[38;2;39;40;39m██[38;2;82;85;82m██[38;2;93;93;93m██[38;2;33;35;33m  [38;2;0;0;0m            
[38;2;0;0;0m  [38;2;0;2;0m  [38;2;46;46;46m██[38;2;64;64;64m██[38;2;69;90;126m██[38;2;43;45;43m  [38;2;41;44;41m  [38;2;79;82;79m██[38;2;0;1;0m  [38;2;39;41;39m██[38;2;78;78;78m██[38;2;42;44;42m  [38;2;0;0;0m            
[38;2;0;0;0m    [38;2;0;3;0m    [38;2;26;28;32m  [38;2;72;73;72m██[38;2;88;90;88m██[38;2;65;69;65m██[38;2;5;7;5m  [38;2;14;17;14m  [38;2;72;73;72m██[38;2;0;3;0m  [38;2;0;0;0m            
[38;2;0;0;0m          [38;2;23;26;23m  [38;2;14;17;14m  [38;2;4;5;4m  [38;2;6;8;6m  [38;2;0;0;0m  [38;2;0;1;0m  [38;2;0;0;0m              [0m
