
[38;2;0;0;0m    ████    ██████                          
[38;2;0;0;0m  ██[38;2;255;222;87m████[38;2;0;0;0m████[38;2;255;222;87m██████[38;2;0;0;0m██                        
[38;2;0;0;0m██[38;2;255;222;87m██████████████████[38;2;0;0;0m██                      
[38;2;0;0;0m██[38;2;255;222;87m██████████████████[38;2;0;0;0m██                      
[38;2;0;0;0m██[38;2;255;222;87m██[38;2;247;231;175m████[38;2;255;222;87m██[38;2;247;231;175m████[38;2;255;222;87m████[38;2;247;222;95m██[38;2;0;0;8m██[38;2;0;0;0m              ██████  
[38;2;0;0;0m██[38;2;255;222;87m██[38;2;247;231;175m██████████[38;2;255;222;87m████[38;2;82;74;37m██[38;2;0;0;8m██[38;2;0;0;0m██          ██[38;2;181;148;53m██[38;2;255;231;143m██[38;2;170;154;95m██[38;2;0;0;0m██
[38;2;0;0;0m  ██[38;2;255;231;135m██[38;2;247;231;175m████████[38;2;255;222;87m████[38;2;66;66;66m██[38;2;198;198;198m████[38;2;0;0;0m██        ██[38;2;255;231;143m██[38;2;247;231;175m████[38;2;0;0;0m██
[38;2;0;0;0m  ██[38;2;255;231;135m██[38;2;247;231;175m██████[38;2;255;222;87m████[38;2;66;66;66m██[38;2;198;198;198m████[38;2;0;0;0m██          ██[38;2;170;154;95m██[38;2;247;231;175m██[38;2;181;148;53m██[38;2;0;0;0m██
[38;2;0;0;0m    ██[38;2;66;66;66m██[38;2;222;214;190m██[38;2;255;222;87m██[38;2;66;66;66m██[38;2;82;82;82m████[38;2;82;86;82m██[38;2;140;142;140m██[38;2;198;198;198m██[38;2;0;0;0m██          ██[38;2;148;148;140m██[38;2;0;0;0m██  
[38;2;0;0;0m    ██[38;2;222;214;190m██[38;2;66;66;66m██████[38;2;0;0;0m██[38;2;247;247;247m██[38;2;255;255;255m██[38;2;82;86;82m██[38;2;198;198;198m██[38;2;0;0;0m██        ██[38;2;148;148;140m██[38;2;0;0;0m██    
[38;2;0;0;0m  ██[38;2;198;198;198m██████[38;2;99;99;91m██[38;2;255;255;255m██[38;2;214;66;62m██[38;2;255;255;255m████[38;2;145;148;140m██[38;2;198;198;198m██[38;2;0;0;0m██      ██[38;2;148;148;140m████[38;2;0;0;0m██    
[38;2;0;0;0m  ██[38;2;198;198;198m██[38;2;99;99;99m██[38;2;198;198;198m██[38;2;203;203;200m██[38;2;151;151;146m██[38;2;255;255;255m████[38;2;200;201;197m████[38;2;0;0;0m██    ████[38;2;148;148;140m████[38;2;0;0;0m██      
[38;2;0;0;0m    ██[38;2;198;198;198m████████[38;2;198;200;198m████[38;2;198;198;198m██[38;2;148;148;140m██[38;2;0;0;0m██████[38;2;198;198;198m██[38;2;198;194;176m██[38;2;99;103;115m██[38;2;148;148;140m██[38;2;0;0;0m██      
[38;2;0;0;0m      ████[38;2;148;148;140m██[38;2;198;198;198m██[38;2;198;200;198m████[38;2;148;148;140m████[38;2;137;137;137m██[38;2;206;206;206m██[38;2;198;198;198m██[38;2;66;66;66m██[38;2;198;194;176m██[38;2;247;239;207m██[38;2;0;0;0m██        
[38;2;0;0;0m          ████[38;2;99;99;99m████[38;2;148;148;140m████[38;2;66;66;66m██[38;2;198;198;198m██[38;2;66;66;66m██[38;2;198;198;198m██[38;2;66;66;66m██[38;2;0;0;0m██          
[38;2;0;0;0m            ██[38;2;255;255;255m████[38;2;107;105;101m██[38;2;65;63;63m██[38;2;198;198;198m██[38;2;66;66;66m████[38;2;198;198;198m████[38;2;66;66;66m██[38;2;0;0;0m██        
[38;2;0;0;0m              ██[38;2;247;247;247m██[38;2;99;99;99m██[38;2;66;66;66m██[38;2;214;214;190m████[38;2;66;66;66m████[38;2;247;231;175m██[38;2;66;66;66m██[38;2;0;0;0m██        
[38;2;0;0;0m            ██[38;2;82;82;82m████[38;2;99;99;99m████[38;2;66;66;66m██[38;2;214;214;190m██[38;2;0;0;0m████[38;2;66;66;66m██████[38;2;0;0;0m██      
[38;2;0;0;0m            ██[38;2;66;66;66m██[38;2;0;0;0m████[38;2;99;99;99m████[38;2;0;0;0m██    [38;2;0;8;24m██[38;2;60;55;36m██[38;2;66;66;66m██[38;2;0;0;0m██      
[38;2;0;0;0m          ██[38;2;181;148;53m██[38;2;66;66;66m██[38;2;0;0;0m██  ██[38;2;99;99;99m██[38;2;0;0;0m██  ██[38;2;181;148;61m████[38;2;0;0;0m██        
[38;2;0;0;0m            ████    ██[38;2;123;111;59m██[38;2;0;0;8m██[38;2;0;0;0m    ████          
[38;2;0;0;0m                  ██[38;2;255;222;87m██[38;2;247;222;111m██[38;2;0;0;8m██[38;2;0;0;0m                  
[38;2;0;0;0m                    ████                    [0m
