
[38;2;0;0;0m                        [38;2;16;16;12m  [38;2;67;65;48m██[38;2;50;49;36m  [38;2;0;0;0m                  
[38;2;0;0;0m                      [38;2;152;152;152m  [38;2;214;212;196m██[38;2;248;240;176m██[38;2;236;229;168m██[38;2;173;162;129m██[38;2;50;49;36m  [38;2;202;196;144m██[38;2;0;0;0m            
[38;2;0;0;0m                  [38;2;67;65;47m  [38;2;248;244;213m██[38;2;248;245;228m██[38;2;248;240;176m██[38;2;234;224;169m██[38;2;200;184;152m██[38;2;213;199;158m██[38;2;248;240;176m████[38;2;248;242;194m██[38;2;129;129;129m██[38;2;0;0;0m        
[38;2;0;0;0m                [38;2;56;54;39m  [38;2;242;234;171m██[38;2;248;248;248m██[38;2;248;242;194m██[38;2;237;227;170m██[38;2;201;185;152m██[38;2;243;234;173m██[38;2;246;238;175m██[38;2;248;240;176m████[38;2;248;242;194m██[38;2;248;248;248m██[38;2;169;163;120m  [38;2;0;0;0m      
[38;2;0;0;0m                [38;2;248;240;176m████[38;2;242;234;183m██[38;2;179;178;174m██[38;2;173;166;131m██[38;2;235;226;170m██[38;2;248;240;176m████[38;2;248;240;184m██[38;2;248;243;208m██[38;2;248;248;248m██[38;2;248;245;223m██[38;2;214;207;151m██[38;2;28;27;19m  [38;2;0;0;0m    
[38;2;0;0;0m              [38;2;185;179;131m  [38;2;248;240;176m████[38;2;64;64;64m██[38;2;123;76;123m████[38;2;202;196;147m██[38;2;64;64;64m██[38;2;202;202;202m██[38;2;248;248;247m██[38;2;248;248;248m██[38;2;248;240;176m██████[38;2;62;60;44m██[38;2;0;0;0m    
[38;2;0;0;0m    [38;2;51;35;51m██[38;2;186;122;186m██[38;2;0;0;0m      [38;2;185;179;131m██[38;2;247;240;176m██[38;2;110;108;92m██[38;2;213;158;213m██[38;2;229;200;229m██[38;2;208;144;208m██[38;2;158;116;158m██[38;2;170;106;170m██[38;2;84;68;84m██[38;2;247;240;176m████████[38;2;228;217;166m██[38;2;61;60;44m██[38;2;0;0;0m    
[38;2;4;3;4m  [38;2;18;13;18m██[38;2;87;68;87m██[38;2;185;123;185m██[38;2;111;61;111m██[38;2;3;1;3m  [38;2;66;64;48m██[38;2;248;240;176m██[38;2;202;196;148m██[38;2;171;123;171m██[38;2;161;113;161m██[38;2;191;191;191m██[38;2;208;144;208m████[38;2;211;153;211m██[38;2;165;102;165m██[38;2;110;108;92m██[38;2;248;240;176m██[38;2;212;197;158m██[38;2;248;240;176m██[38;2;214;200;159m██[38;2;246;238;175m██[38;2;0;0;0m    
[38;2;29;23;29m██[38;2;185;131;185m██[38;2;167;109;167m██[38;2;136;78;136m██[38;2;144;80;144m██[38;2;104;58;104m██[38;2;109;107;91m██[38;2;248;240;176m██[38;2;202;196;148m██[38;2;171;123;171m██[38;2;211;153;211m██[38;2;192;151;192m██[38;2;177;113;177m██[38;2;208;144;208m██[38;2;129;129;129m██[38;2;218;170;218m██[38;2;110;108;92m██[38;2;248;240;176m██[38;2;227;215;165m██[38;2;240;231;172m██[38;2;235;226;170m████[38;2;0;0;0m    
[38;2;0;0;0m    [38;2;75;59;75m██[38;2;133;77;133m██[38;2;119;94;119m██[38;2;160;96;160m██[38;2;109;107;91m██[38;2;247;240;176m██[38;2;83;81;60m██[38;2;84;82;59m██[38;2;188;123;185m██[38;2;220;146;175m██[38;2;201;141;170m██[38;2;188;123;185m██[38;2;240;229;240m██[38;2;216;165;216m██[38;2;110;108;92m██[38;2;247;240;176m██[38;2;204;196;150m██[38;2;229;220;166m████[38;2;102;90;92m██[38;2;28;19;28m  [38;2;0;0;0m  
[38;2;0;0;0m    [38;2;9;5;9m  [38;2;22;18;22m██[38;2;196;132;196m██[38;2;104;75;104m██[38;2;109;107;91m██[38;2;248;240;176m██[38;2;83;81;60m██[38;2;127;121;51m██[38;2;107;77;104m██[38;2;219;143;170m██[38;2;105;91;102m██[38;2;217;143;171m██[38;2;173;109;173m██[38;2;208;144;208m██[38;2;110;108;92m██[38;2;147;144;114m██[38;2;157;110;157m██[38;2;116;102;101m██[38;2;202;195;147m██[38;2;158;110;158m██[38;2;156;108;156m██[38;2;0;0;0m  
[38;2;0;0;0m          [38;2;171;171;171m██[38;2;111;108;102m██[38;2;216;206;159m██[38;2;106;101;79m██[38;2;116;83;59m██[38;2;198;162;96m██[38;2;119;83;110m██[38;2;219;149;184m██[38;2;146;94;137m██[38;2;168;122;168m████[38;2;147;143;114m████[38;2;178;127;178m██[38;2;116;87;116m██[38;2;100;71;100m██[38;2;178;114;178m██[38;2;13;13;13m  [38;2;0;0;0m  
[38;2;0;0;0m          [38;2;24;24;24m  [38;2;192;192;192m██[38;2;165;153;129m██[38;2;166;154;130m██[38;2;201;87;58m██[38;2;228;98;74m██[38;2;206;169;98m██[38;2;78;66;78m██[38;2;175;157;92m██[38;2;207;188;96m██[38;2;99;95;72m██[38;2;248;240;176m██[38;2;218;205;161m██[38;2;86;70;86m██[38;2;146;82;146m██[38;2;144;80;144m██[38;2;183;119;183m██[38;2;149;110;149m██[38;2;13;13;13m  
[38;2;0;0;0m              [38;2;30;30;30m  [38;2;178;164;138m██[38;2;137;128;71m██[38;2;227;125;58m██[38;2;200;121;81m██[38;2;235;204;104m██[38;2;214;110;90m██[38;2;212;90;86m██[38;2;101;70;69m██[38;2;222;210;163m██[38;2;158;148;73m██[38;2;178;164;137m██[38;2;76;74;71m██[38;2;114;74;114m██[38;2;76;66;76m██[38;2;132;91;132m██[38;2;33;22;33m  
[38;2;0;0;0m              [38;2;130;59;70m  [38;2;107;102;92m██[38;2;190;175;145m██[38;2;75;74;64m████[38;2;118;109;76m██[38;2;206;117;100m██[38;2;206;88;57m██[38;2;160;146;123m██[38;2;187;173;128m██[38;2;183;169;121m██[38;2;169;156;132m██[38;2;192;192;191m██[38;2;231;231;231m██[38;2;62;62;62m██[38;2;0;0;0m    
[38;2;0;0;0m            [38;2;26;12;14m  [38;2;104;48;56m██[38;2;167;77;82m██[38;2;140;116;99m██[38;2;165;81;65m██[38;2;168;70;74m██[38;2;174;84;98m██[38;2;130;112;68m██[38;2;131;123;73m██[38;2;162;151;104m██[38;2;161;150;99m██[38;2;138;129;112m██[38;2;122;74;82m██[38;2;124;112;114m██[38;2;210;210;210m████[38;2;0;0;0m    
[38;2;0;0;0m                [38;2;247;95;56m████[38;2;248;96;56m██[38;2;176;72;68m██[38;2;233;93;68m██[38;2;96;70;73m██[38;2;165;153;129m██[38;2;64;64;64m██[38;2;86;64;66m██[38;2;181;81;95m██[38;2;182;82;96m██[38;2;181;81;95m██[38;2;64;64;64m██[38;2;16;16;16m██[38;2;0;0;0m    
[38;2;0;0;0m              [38;2;185;71;41m██[38;2;248;96;56m████[38;2;197;79;64m██[38;2;237;92;57m██[38;2;224;88;60m██[38;2;161;77;62m██[38;2;185;85;58m██[38;2;248;96;56m████[38;2;192;81;81m██[38;2;170;74;86m██[38;2;156;66;75m██[38;2;192;88;104m██[38;2;48;22;26m██[38;2;0;0;0m    
[38;2;0;0;0m                [38;2;225;87;50m██[38;2;160;65;61m██[38;2;248;96;56m████[38;2;219;86;60m██[38;2;226;88;59m██[38;2;248;96;56m██████[38;2;209;90;88m██[38;2;192;88;104m████[38;2;130;60;70m  [38;2;0;0;0m      
[38;2;0;0;0m                    [38;2;129;50;29m██[38;2;248;96;56m██[38;2;176;72;68m██[38;2;248;96;56m██████████[38;2;192;88;104m████[38;2;0;0;0m        
[38;2;0;0;0m                            [38;2;214;82;48m██[38;2;248;96;56m██[38;2;236;91;53m██[38;2;50;19;11m  [38;2;0;0;0m            
[38;2;0;0;0m                            [38;2;16;6;3m  [38;2;67;26;15m██[38;2;50;19;11m  [38;2;0;0;0m              [0m
