
[38;2;0;0;0m          ████████              
[38;2;0;0;0m      ████[38;2;168;128;80m██[38;2;216;184;112m██████[38;2;0;0;0m████          
[38;2;0;0;0m    ██[38;2;216;184;112m██████████████[38;2;168;128;80m██[38;2;0;0;0m████      
[38;2;0;0;0m  ██[38;2;216;184;112m██[38;2;168;128;80m██[38;2;216;184;112m██████████████[38;2;168;128;80m████[38;2;0;0;0m██    
[38;2;0;0;0m  ██[38;2;168;128;80m██[38;2;64;64;64m██[38;2;216;184;112m██████████████[38;2;136;104;64m██[38;2;168;128;80m████[38;2;0;0;0m██  
[38;2;0;0;0m██[38;2;168;128;80m██[38;2;64;64;64m██[38;2;160;88;80m██[38;2;64;64;64m██[38;2;216;184;112m██[38;2;168;128;80m██[38;2;64;64;64m████[38;2;216;184;112m██████[38;2;136;104;64m████[38;2;0;0;0m██  
[38;2;0;0;0m██[38;2;64;64;64m██[38;2;160;88;80m██[38;2;240;96;80m██[38;2;160;88;80m██[38;2;64;64;64m████[38;2;160;88;80m████[38;2;64;64;64m██[38;2;168;128;80m████████[38;2;136;104;64m██[38;2;0;0;0m██
[38;2;0;0;0m██[38;2;240;216;64m██[38;2;160;88;80m██[38;2;240;96;80m██[38;2;160;88;80m██[38;2;64;64;64m██[38;2;160;88;80m██[38;2;240;96;80m████[38;2;160;88;80m██[38;2;64;64;64m████[38;2;168;128;80m██████[38;2;0;0;0m██
[38;2;0;0;0m██[38;2;240;216;64m██[38;2;184;160;40m██[38;2;160;88;80m██[38;2;64;64;64m████[38;2;160;88;80m██[38;2;240;96;80m████[38;2;160;88;80m██[38;2;64;64;64m████████[38;2;168;128;80m██[38;2;0;0;0m██
[38;2;0;0;0m  ██[38;2;240;216;64m██[38;2;0;0;0m████[38;2;64;64;64m████[38;2;160;88;80m████[38;2;64;64;64m██[38;2;184;160;40m██[38;2;64;64;64m██████[38;2;0;0;0m██  
[38;2;0;0;0m    ██    ██████[38;2;64;64;64m██[38;2;240;216;64m████[38;2;64;64;64m██[38;2;184;160;40m██[38;2;0;0;0m██    
[38;2;0;0;0m              ██[38;2;240;216;64m████[38;2;0;0;0m██████      
[38;2;0;0;0m              ██████            [0m
