
[38;2;0;0;0m                          [38;2;0;1;0m  [38;2;66;52;31m██[38;2;66;49;28m██[38;2;66;45;22m██[38;2;0;1;0m    [38;2;0;0;0m                    
[38;2;0;0;0m                        [38;2;0;1;0m  [38;2;195;152;103m  [38;2;255;196;132m██[38;2;254;193;129m██[38;2;249;180;115m██[38;2;198;155;105m██[38;2;198;142;83m██[38;2;181;122;62m  [38;2;0;1;0m  [38;2;0;0;0m                
[38;2;0;0;0m                        [38;2;35;28;19m  [38;2;251;195;133m██[38;2;246;184;130m██[38;2;238;171;125m██[38;2;239;169;121m██[38;2;255;198;135m████[38;2;255;177;100m██[38;2;147;97;51m██[38;2;0;1;0m  [38;2;0;0;0m              
[38;2;0;0;0m                        [38;2;86;66;48m██[38;2;253;196;134m██[38;2;227;154;119m██[38;2;245;182;129m██[38;2;255;198;135m██████[38;2;255;195;131m██[38;2;255;167;89m██[38;2;0;3;0m  [38;2;0;0;0m              
[38;2;0;0;0m                      [38;2;82;55;28m  [38;2;255;192;126m██[38;2;255;198;135m████████████[38;2;255;186;116m██[38;2;255;168;89m██[38;2;234;152;80m██[38;2;31;22;10m  [38;2;0;0;0m            
[38;2;0;0;0m    [38;2;0;3;2m  [38;2;0;3;6m  [38;2;0;0;0m            [38;2;0;1;0m  [38;2;241;156;82m██[38;2;255;170;92m██[38;2;255;169;114m██[38;2;108;77;52m██[38;2;39;33;20m██[38;2;255;190;121m██[38;2;255;198;135m██[38;2;255;183;112m██[38;2;255;168;89m████[38;2;255;167;89m██[38;2;232;151;80m██[38;2;0;2;0m  [38;2;0;0;0m          
[38;2;0;0;0m  [38;2;75;51;26m  [38;2;255;166;92m██[38;2;212;139;85m██[38;2;0;2;0m  [38;2;0;0;0m            [38;2;0;3;0m  [38;2;199;127;78m██[38;2;2;4;5m  [38;2;0;1;2m  [38;2;0;0;0m  [38;2;84;64;39m  [38;2;255;184;115m██[38;2;255;168;88m██[38;2;255;168;89m██████[38;2;255;166;88m██[38;2;215;140;74m██[38;2;0;1;0m  [38;2;0;0;0m        
[38;2;0;1;0m  [38;2;197;131;69m██[38;2;255;168;89m████[38;2;154;101;52m  [38;2;0;0;0m              [38;2;11;8;5m  [38;2;0;0;0m        [38;2;37;27;12m██[38;2;255;166;88m██[38;2;255;168;89m████████[38;2;215;142;76m██[38;2;0;1;0m  [38;2;0;0;0m        
[38;2;27;19;9m  [38;2;221;146;78m██[38;2;232;155;88m██[38;2;93;84;82m██[38;2;119;87;50m██[38;2;0;1;1m  [38;2;0;0;0m              [38;2;105;70;35m  [38;2;0;0;0m  [38;2;1;2;0m  [38;2;49;34;17m  [38;2;7;7;2m  [38;2;208;137;72m██[38;2;250;165;90m██[38;2;202;137;90m██[38;2;255;168;89m██[38;2;255;166;88m██[38;2;0;3;0m  [38;2;0;0;0m          
[38;2;65;45;33m██[38;2;255;165;92m██[38;2;78;77;77m██[38;2;79;89;102m██[38;2;55;44;27m██[38;2;0;1;1m  [38;2;0;0;0m      [38;2;0;3;6m  [38;2;136;90;59m  [38;2;0;0;0m  [38;2;0;1;0m  [38;2;205;112;106m██[38;2;0;2;0m  [38;2;3;6;2m██[38;2;97;66;62m██[38;2;0;0;0m  [38;2;8;10;11m  [38;2;144;100;59m██[38;2;247;163;90m██[38;2;255;168;89m██[38;2;255;166;97m██[38;2;6;3;6m  [38;2;0;0;0m          
[38;2;48;31;27m██[38;2;222;133;96m██[38;2;69;71;74m██[38;2;71;72;77m██[38;2;206;140;75m██[38;2;18;14;6m  [38;2;0;0;0m      [38;2;0;1;3m  [38;2;133;83;64m██[38;2;9;11;11m██[38;2;14;16;14m  [38;2;139;89;88m██[38;2;30;32;30m██[38;2;140;90;89m██[38;2;97;74;71m██[38;2;30;32;30m██[38;2;158;110;65m██[38;2;255;169;91m██[38;2;255;168;89m██[38;2;252;163;89m██[38;2;218;137;85m██[38;2;195;118;88m██[38;2;0;1;0m  [38;2;0;0;0m        
[38;2;1;1;0m  [38;2;160;87;85m██[38;2;165;99;101m██[38;2;217;146;85m██[38;2;238;147;93m██[38;2;202;109;107m██[38;2;0;2;0m  [38;2;0;0;0m      [38;2;37;28;20m██[38;2;241;156;105m██[38;2;65;65;65m██[38;2;129;97;94m██[38;2;130;98;95m████[38;2;97;81;80m██[38;2;75;71;67m██[38;2;184;127;91m██[38;2;255;165;87m██[38;2;255;168;89m██[38;2;210;117;104m██[38;2;222;130;99m██[38;2;214;139;73m██[38;2;0;1;0m  [38;2;0;0;0m        
[38;2;0;0;0m  [38;2;76;52;51m  [38;2;126;87;89m██[38;2;147;110;84m██[38;2;203;112;107m██[38;2;118;65;63m██[38;2;0;1;0m  [38;2;0;0;0m      [38;2;0;3;3m  [38;2;155;112;62m██[38;2;255;168;89m██[38;2;162;116;76m██[38;2;160;115;76m████[38;2;211;141;82m██[38;2;251;163;87m██[38;2;193;132;91m██[38;2;255;165;87m██[38;2;239;148;93m██[38;2;203;112;107m██[38;2;204;111;108m██[38;2;0;3;0m  [38;2;0;0;0m          
[38;2;0;0;0m  [38;2;0;3;0m  [38;2;203;178;147m██[38;2;202;178;147m██[38;2;0;3;0m  [38;2;0;0;0m        [38;2;18;4;4m  [38;2;120;73;40m██[38;2;255;168;89m██[38;2;125;90;77m██[38;2;250;162;94m██[38;2;253;164;91m██[38;2;253;163;87m██[38;2;203;112;107m██[38;2;200;110;108m██[38;2;201;136;90m██[38;2;203;110;107m██[38;2;203;112;107m██[38;2;205;110;109m██[38;2;121;79;82m██[38;2;107;91;85m██[38;2;0;1;0m  [38;2;0;0;0m        
[38;2;0;0;0m    [38;2;55;52;43m██[38;2;39;38;28m██[38;2;0;0;0m  [38;2;0;1;0m  [38;2;87;78;76m  [38;2;0;0;0m  [38;2;54;50;49m  [38;2;244;240;240m██[38;2;152;104;70m██[38;2;255;168;89m██[38;2;214;142;88m██[38;2;168;112;89m██[38;2;126;88;82m██[38;2;129;86;84m██[38;2;129;84;84m██[38;2;173;106;103m██[38;2;204;111;108m██[38;2;203;111;107m██[38;2;204;111;108m██[38;2;129;90;88m██[38;2;139;128;114m██[38;2;147;133;114m██[38;2;0;1;0m  [38;2;0;0;0m        
[38;2;0;0;0m    [38;2;70;66;61m  [38;2;252;227;220m██[38;2;10;11;8m  [38;2;3;6;3m  [38;2;190;168;169m██[38;2;12;15;12m██[38;2;120;108;106m██[38;2;245;238;237m██[38;2;191;144;110m██[38;2;255;168;89m██[38;2;253;165;90m██[38;2;196;131;102m██[38;2;217;185;171m██[38;2;253;252;252m██[38;2;226;143;101m██[38;2;67;67;68m██[38;2;144;94;91m██[38;2;194;108;104m██[38;2;84;47;44m██[38;2;161;150;130m██[38;2;173;162;141m██[38;2;0;3;0m  [38;2;0;0;0m          
[38;2;0;0;0m    [38;2;0;1;0m  [38;2;206;180;180m██[38;2;169;148;148m██[38;2;171;152;152m██[38;2;185;164;164m██[38;2;185;164;165m██[38;2;150;119;98m██[38;2;235;143;94m██[38;2;242;153;93m██[38;2;255;168;89m██[38;2;230;165;143m██[38;2;254;254;253m██[38;2;201;202;201m██[38;2;226;171;170m██[38;2;228;156;131m██[38;2;90;96;112m██[38;2;209;184;185m██[38;2;60;60;60m██[38;2;124;68;66m██[38;2;26;27;22m██[38;2;242;213;209m██[38;2;124;110;109m  [38;2;0;0;0m          
[38;2;0;0;0m      [38;2;0;2;0m  [38;2;19;21;19m  [38;2;76;74;72m██[38;2;136;123;122m██[38;2;153;132;133m██[38;2;193;169;172m██[38;2;85;87;106m██[38;2;251;159;93m██[38;2;255;168;89m██[38;2;193;124;99m██[38;2;208;115;104m██[38;2;231;141;97m██[38;2;253;168;90m██[38;2;139;133;120m██[38;2;255;225;223m██[38;2;147;134;133m██[38;2;170;158;138m██[38;2;82;80;69m██[38;2;95;87;84m██[38;2;168;149;147m██[38;2;252;223;220m██[38;2;89;81;78m██[38;2;0;0;0m        
[38;2;0;0;0m        [38;2;0;1;0m  [38;2;174;153;126m██[38;2;86;77;66m██[38;2;200;175;158m██[38;2;221;193;195m██[38;2;194;174;182m██[38;2;168;117;102m██[38;2;149;121;100m██[38;2;169;142;142m██[38;2;189;143;118m██[38;2;174;130;107m██[38;2;158;118;96m██[38;2;224;200;191m██[38;2;253;221;220m██[38;2;182;163;143m██[38;2;105;101;93m██[38;2;125;117;111m██[38;2;247;218;216m██[38;2;182;158;156m██[38;2;161;140;137m██[38;2;135;120;106m██[38;2;66;60;50m  [38;2;0;0;0m      
[38;2;0;0;0m        [38;2;86;78;63m██[38;2;181;160;132m██[38;2;0;2;4m  [38;2;0;3;0m  [38;2;191;170;153m██[38;2;241;211;210m██[38;2;189;175;179m██[38;2;103;110;122m██[38;2;255;222;223m██[38;2;123;108;118m██[38;2;187;164;166m██[38;2;254;221;216m██[38;2;247;218;212m██[38;2;201;181;149m██[38;2;204;181;149m██[38;2;177;157;133m██[38;2;158;141;121m██[38;2;61;61;60m██[38;2;196;173;169m██[38;2;107;90;84m██[38;2;129;114;99m██[38;2;166;146;125m██[38;2;8;8;6m  [38;2;0;0;0m    
[38;2;0;0;0m      [38;2;67;55;50m  [38;2;171;146;127m██[38;2;31;31;23m██[38;2;0;0;0m    [38;2;0;1;0m  [38;2;52;55;46m  [38;2;135;126;113m██[38;2;217;192;182m██[38;2;219;194;174m██[38;2;215;190;179m██[38;2;173;144;138m██[38;2;171;140;139m██[38;2;181;157;134m██[38;2;201;177;147m██[38;2;113;105;94m██[38;2;150;135;115m██[38;2;70;64;50m██[38;2;10;10;9m  [38;2;194;171;169m██[38;2;218;193;191m██[38;2;7;9;7m  [38;2;95;86;69m██[38;2;156;138;113m██[38;2;0;2;0m  [38;2;0;0;0m  
[38;2;0;0;0m    [38;2;49;46;36m  [38;2;168;149;122m██[38;2;0;3;0m  [38;2;0;0;0m          [38;2;0;1;0m  [38;2;0;3;0m    [38;2;106;95;80m  [38;2;165;145;122m██[38;2;168;149;122m██[38;2;133;118;101m██[38;2;0;3;0m    [38;2;0;2;0m  [38;2;0;0;0m    [38;2;162;144;142m██[38;2;222;196;194m██[38;2;15;14;13m  [38;2;32;30;23m  [38;2;142;116;106m██[38;2;126;104;96m██[38;2;11;11;8m  
[38;2;0;0;0m      [38;2;0;1;0m  [38;2;0;0;0m                  [38;2;0;1;0m        [38;2;0;0;0m          [38;2;48;45;42m  [38;2;255;222;222m██[38;2;83;73;71m██[38;2;0;0;0m  [38;2;27;24;21m  [38;2;71;66;54m██[38;2;18;18;14m  
[38;2;0;0;0m                                            [38;2;0;1;0m  [38;2;187;164;163m██[38;2;145;127;122m██[38;2;45;42;39m  [38;2;0;0;0m      
[38;2;0;0;0m                                              [38;2;5;5;4m  [38;2;55;51;46m██[38;2;53;49;46m  [38;2;0;0;0m      [0m
