
[38;2;0;0;0m      ████                          
[38;2;0;0;0m    ██[38;2;255;140;167m██[38;2;231;82;119m██[38;2;0;0;0m██  ████████    ████      
[38;2;0;0;0m    ██[38;2;247;111;143m██[38;2;181;148;112m██[38;2;66;66;66m██[38;2;0;0;0m██[38;2;123;189;115m██[38;2;132;217;108m████[38;2;123;198;115m██[38;2;8;0;16m██[38;2;16;0;0m██[38;2;255;140;167m██[38;2;231;82;119m██[38;2;0;0;0m██    
[38;2;0;0;0m    ██[38;2;247;111;143m██[38;2;66;66;66m██[38;2;181;148;112m██[38;2;123;189;115m████[38;2;132;217;108m████[38;2;123;198;115m██[38;2;46;66;49m██[38;2;255;140;167m██[38;2;175;93;111m██[38;2;231;82;119m██[38;2;0;0;0m██    
[38;2;0;0;0m      ██[38;2;132;214;108m██[38;2;115;181;115m██[38;2;132;217;108m████████[38;2;66;66;66m██[38;2;255;140;167m██[38;2;231;82;119m██████[38;2;0;0;0m██    
[38;2;0;0;0m    ██[38;2;132;214;108m████[38;2;115;181;115m██[38;2;132;217;108m████████[38;2;66;66;66m██[38;2;255;140;167m██[38;2;231;82;119m██[38;2;115;181;115m██[38;2;0;0;0m██      
[38;2;0;0;0m    ██[38;2;132;214;108m██[38;2;115;181;115m██[38;2;132;214;108m██[38;2;132;217;108m████████[38;2;57;66;65m████[38;2;115;181;115m██[38;2;132;214;108m████[38;2;0;0;0m██    
[38;2;0;0;0m    ██[38;2;132;214;108m██[38;2;115;181;115m██[38;2;132;214;108m██[38;2;132;217;108m████████[38;2;90;144;86m██[38;2;123;222;107m██[38;2;132;214;108m██████[38;2;0;0;0m██    
[38;2;0;0;0m  ██[38;2;66;70;66m██[38;2;132;222;116m██[38;2;115;181;115m██[38;2;132;214;108m██[38;2;132;217;108m████[38;2;107;206;107m██[38;2;112;159;99m██[38;2;192;192;192m██[38;2;66;66;66m██[38;2;132;214;108m██[38;2;115;181;115m██[38;2;132;214;108m████[38;2;0;0;0m██  
[38;2;0;0;0m  ██[38;2;110;171;99m██[38;2;66;70;66m██[38;2;132;214;108m██[38;2;115;181;115m██[38;2;132;217;108m████[38;2;123;66;83m████[38;2;255;255;255m██[38;2;66;66;66m██[38;2;132;214;108m████[38;2;115;181;115m██[38;2;132;214;108m██[38;2;0;0;0m██  
[38;2;0;0;0m██[38;2;115;181;115m████[38;2;74;148;90m██[38;2;46;66;49m██[38;2;123;198;115m██[38;2;121;145;131m██[38;2;60;77;66m██[38;2;219;197;209m██[38;2;214;82;118m██[38;2;255;255;255m██[38;2;173;171;173m██[38;2;49;71;47m██[38;2;132;214;108m██[38;2;115;181;115m██[38;2;132;214;108m████[38;2;0;0;0m██
[38;2;0;0;0m██[38;2;115;181;115m██[38;2;74;148;90m████[38;2;123;198;115m██[38;2;8;0;16m██[38;2;0;8;0m██[38;2;181;214;197m██[38;2;219;197;209m██[38;2;222;255;254m██[38;2;173;171;173m██[38;2;8;4;8m██[38;2;8;0;16m██[38;2;132;214;108m████[38;2;115;181;115m██[38;2;132;214;108m██[38;2;0;0;0m██
[38;2;0;0;0m  ██[38;2;77;133;82m██[38;2;115;198;123m██[38;2;115;173;115m██[38;2;0;0;0m██  ██[38;2;127;127;127m██[38;2;66;66;58m██[38;2;0;0;0m██  ██[38;2;132;214;108m████[38;2;115;181;115m██[38;2;132;214;108m██[38;2;0;0;0m██
[38;2;0;0;0m    [38;2;0;4;0m████[38;2;57;86;57m██[38;2;0;0;0m████[38;2;123;123;123m██[38;2;189;189;197m██[38;2;127;127;127m██[38;2;181;181;197m██[38;2;90;90;98m██[38;2;0;0;0m██[38;2;132;214;108m████[38;2;115;181;115m██[38;2;0;0;0m██  
[38;2;0;0;0m        ██[38;2;255;255;255m██[38;2;231;239;247m██[38;2;66;66;66m██[38;2;189;189;205m████[38;2;123;123;128m██[38;2;189;189;192m██[38;2;82;85;82m██[38;2;0;0;0m██████    
[38;2;0;0;0m          ██[38;2;66;66;66m██[38;2;231;239;247m██[38;2;189;189;205m██[38;2;66;66;66m██[38;2;255;255;255m████[38;2;247;255;247m██[38;2;0;0;0m██        
[38;2;0;0;0m        ██[38;2;127;127;127m██[38;2;255;239;255m██[38;2;195;206;200m██[38;2;222;239;246m████[38;2;66;66;66m████[38;2;85;85;85m██[38;2;0;0;0m██        
[38;2;0;0;0m      ██[38;2;255;255;255m████[38;2;195;206;200m██[38;2;74;140;90m██[38;2;66;66;66m██[38;2;222;239;246m██[38;2;255;255;255m██████[38;2;170;170;170m██[38;2;0;0;0m████    
[38;2;0;0;0m        ██████[38;2;66;66;66m██[38;2;115;181;115m██[38;2;66;66;66m██[38;2;255;255;255m████[38;2;192;192;192m██[38;2;255;255;255m██████[38;2;0;0;0m██  
[38;2;0;0;0m              ██[38;2;115;181;115m██[38;2;66;66;66m████[38;2;255;255;255m████[38;2;66;66;66m██[38;2;0;0;0m████    
[38;2;0;0;0m                ██[38;2;82;143;77m██[38;2;132;214;108m██[38;2;0;0;0m██████        
[38;2;0;0;0m                ██[38;2;123;214;115m██[38;2;0;0;0m██              
[38;2;0;0;0m                  ██                [0m
