
[38;2;0;0;0m            [38;2;49;49;49m████[38;2;0;0;0m    [38;2;49;49;49m██████[38;2;0;0;0m                              
[38;2;0;0;0m            [38;2;49;49;49m██[38;2;230;148;172m██[38;2;49;49;49m████[38;2;222;106;131m██████[38;2;49;49;49m██[38;2;0;0;0m                            
[38;2;0;0;0m          [38;2;49;49;49m██[38;2;82;82;82m██[38;2;222;106;131m██[38;2;172;82;98m██[38;2;222;106;131m██████████[38;2;49;49;49m████[38;2;0;0;0m                        
[38;2;0;0;0m          [38;2;49;49;49m██[38;2;82;82;82m██[38;2;222;106;131m██████████████[38;2;82;82;82m██[38;2;49;49;49m██[38;2;0;0;0m                        
[38;2;0;0;0m        [38;2;49;49;49m██[38;2;82;82;82m██[38;2;255;255;255m██[38;2;222;106;131m██████[38;2;172;82;98m██[38;2;222;106;131m████[38;2;82;82;82m██[38;2;98;98;98m██[38;2;49;49;49m██[38;2;0;0;0m  [38;2;49;49;49m████[38;2;0;0;0m                  
[38;2;0;0;0m        [38;2;49;49;49m██[38;2;82;82;82m██[38;2;123;123;123m██[38;2;172;82;98m██[38;2;222;106;131m██[38;2;172;82;98m██[38;2;222;106;131m██[38;2;82;82;82m████[38;2;98;98;98m████[38;2;172;82;98m██[38;2;49;49;49m██[38;2;123;123;123m██[38;2;49;49;49m██[38;2;0;0;0m                  
[38;2;0;0;0m        [38;2;49;49;49m██[38;2;222;106;131m██[38;2;82;82;82m██[38;2;98;98;98m██[38;2;172;82;98m██[38;2;82;82;82m██[38;2;255;255;255m██[38;2;82;82;82m██[38;2;98;98;98m██████[38;2;222;106;131m████[38;2;82;82;82m██[38;2;49;49;49m██[38;2;0;0;0m                  
[38;2;0;0;0m      [38;2;49;49;49m██[38;2;98;98;98m████[38;2;222;106;131m████[38;2;82;82;82m██[38;2;98;98;98m██[38;2;123;123;123m██[38;2;82;82;82m██[38;2;98;98;98m████[38;2;222;106;131m██████[38;2;49;49;49m██[38;2;0;0;0m                    
[38;2;49;49;49m██████[38;2;222;106;131m████[38;2;98;98;98m████[38;2;222;106;131m██████[38;2;82;82;82m██[38;2;98;98;98m████[38;2;222;106;131m██████[38;2;131;74;90m██[38;2;49;49;49m██[38;2;0;0;0m  [38;2;49;49;49m████[38;2;0;0;0m        [38;2;49;49;49m████[38;2;0;0;0m  
[38;2;49;49;49m██[38;2;230;148;172m██[38;2;98;98;98m████[38;2;222;106;131m████[38;2;98;98;98m████[38;2;222;106;131m████[38;2;172;82;98m██[38;2;255;255;255m██[38;2;82;82;82m████[38;2;131;74;90m████[38;2;172;82;98m██[38;2;222;106;131m██[38;2;49;49;49m██[38;2;98;98;98m██[38;2;49;49;49m██[38;2;0;0;0m        [38;2;49;49;49m██[38;2;98;98;98m██[38;2;49;49;49m██
[38;2;49;49;49m██[38;2;222;106;131m████[38;2;230;148;172m██[38;2;98;98;98m██[38;2;222;106;131m██[38;2;98;98;98m████[38;2;82;82;82m████[38;2;255;255;255m██[38;2;82;82;82m██[38;2;131;74;90m██████[38;2;172;82;98m██[38;2;222;106;131m██████[38;2;82;82;82m██[38;2;49;49;49m██[38;2;0;0;0m  [38;2;49;49;49m████[38;2;0;0;0m  [38;2;49;49;49m██[38;2;98;98;98m██[38;2;49;49;49m██
[38;2;49;49;49m██[38;2;222;106;131m████[38;2;98;98;98m████[38;2;222;106;131m██[38;2;82;82;82m████[38;2;131;74;90m██[38;2;82;82;82m████[38;2;180;197;205m████[38;2;131;74;90m████[38;2;82;82;82m████[38;2;222;106;131m████[38;2;98;98;98m████[38;2;49;49;49m██[38;2;98;98;98m██[38;2;49;49;49m████[38;2;172;82;98m██[38;2;98;98;98m██[38;2;49;49;49m██
[38;2;0;0;0m  [38;2;49;49;49m██[38;2;222;106;131m████[38;2;49;49;49m████[38;2;131;74;90m██[38;2;172;82;98m██[38;2;82;82;82m██[38;2;98;98;98m██[38;2;180;197;205m████████[38;2;131;74;90m██[38;2;172;82;98m██[38;2;98;98;98m██[38;2;82;82;82m████[38;2;98;98;98m████[38;2;82;82;82m████[38;2;98;98;98m██[38;2;172;82;98m██████[38;2;49;49;49m██
[38;2;0;0;0m    [38;2;49;49;49m██████[38;2;255;255;255m██[38;2;172;82;98m██[38;2;180;197;205m██[38;2;82;82;82m██[38;2;180;197;205m████████████[38;2;98;98;98m████[38;2;172;82;98m████[38;2;82;82;82m██[38;2;98;98;98m██[38;2;82;82;82m██[38;2;98;98;98m██████[38;2;172;82;98m██[38;2;49;49;49m██[38;2;0;0;0m  
[38;2;0;0;0m        [38;2;49;49;49m██[38;2;255;255;255m██[38;2;49;49;49m██[38;2;255;255;255m██[38;2;82;82;82m██[38;2;98;98;98m██[38;2;180;197;205m████████[38;2;98;98;98m████[38;2;172;82;98m████[38;2;98;98;98m██[38;2;82;82;82m██[38;2;222;106;131m████[38;2;82;82;82m██[38;2;172;82;98m██[38;2;98;98;98m██[38;2;172;82;98m██[38;2;49;49;49m██[38;2;0;0;0m  
[38;2;0;0;0m          [38;2;49;49;49m██[38;2;0;0;0m  [38;2;49;49;49m██[38;2;131;74;90m██[38;2;180;197;205m██████████████[38;2;98;98;98m████[38;2;82;82;82m████[38;2;222;106;131m██████[38;2;82;82;82m██[38;2;98;98;98m██[38;2;49;49;49m██[38;2;0;0;0m    
[38;2;0;0;0m                [38;2;49;49;49m██[38;2;131;74;90m██[38;2;180;197;205m████████[38;2;98;98;98m████[38;2;131;74;90m██[38;2;82;82;82m██[38;2;255;255;255m██[38;2;222;106;131m████[38;2;172;82;98m██[38;2;222;106;131m██[38;2;255;255;255m██[38;2;49;49;49m██[38;2;0;0;0m      
[38;2;0;0;0m              [38;2;49;49;49m██[38;2;180;197;205m██[38;2;172;82;98m██[38;2;131;74;90m████[38;2;180;197;205m██████[38;2;131;74;90m██[38;2;172;82;98m██[38;2;82;82;82m██[38;2;255;255;255m██[38;2;82;82;82m██[38;2;172;82;98m██[38;2;255;255;255m██[38;2;82;82;82m██[38;2;255;255;255m██[38;2;49;49;49m██[38;2;0;0;0m      
[38;2;0;0;0m              [38;2;49;49;49m████[38;2;180;197;205m██[38;2;49;49;49m██[38;2;180;197;205m██[38;2;49;49;49m████[38;2;180;197;205m██[38;2;131;74;90m██[38;2;172;82;98m████[38;2;82;82;82m██[38;2;172;82;98m██[38;2;82;82;82m██[38;2;255;255;255m██[38;2;49;49;49m████[38;2;0;0;0m        
[38;2;0;0;0m                [38;2;49;49;49m████[38;2;0;0;0m  [38;2;49;49;49m██[38;2;0;0;0m    [38;2;49;49;49m██[38;2;131;74;90m████[38;2;172;82;98m██████[38;2;131;74;90m██[38;2;49;49;49m██[38;2;0;0;0m            
[38;2;0;0;0m                              [38;2;49;49;49m██[38;2;180;197;205m██[38;2;172;82;98m████[38;2;131;74;90m██[38;2;49;49;49m██[38;2;0;0;0m              
[38;2;0;0;0m                              [38;2;49;49;49m████[38;2;180;197;205m██[38;2;49;49;49m██[38;2;180;197;205m██[38;2;49;49;49m██[38;2;0;0;0m              
[38;2;0;0;0m                                [38;2;49;49;49m████[38;2;0;0;0m  [38;2;49;49;49m████[38;2;0;0;0m              [0m
