
[38;2;0;0;0m    [38;2;5;5;5m  [38;2;18;28;36m██[38;2;11;19;26m  [38;2;0;0;0m        [38;2;28;50;61m  [38;2;24;49;62m██[38;2;20;44;61m  [38;2;0;0;0m                  
[38;2;0;0;0m    [38;2;27;34;42m██[38;2;74;121;158m██[38;2;67;112;147m██[38;2;6;10;14m  [38;2;0;0;0m    [38;2;74;145;187m██[38;2;117;207;249m██[38;2;114;207;251m██[38;2;81;179;248m██[38;2;27;61;84m  [38;2;0;0;0m                
[38;2;5;11;16m  [38;2;20;45;62m██[38;2;57;78;96m██[38;2;72;87;97m██[38;2;71;107;137m██[38;2;33;58;71m██[38;2;20;34;43m██[38;2;77;169;233m██[38;2;81;181;249m██[38;2;105;174;205m██[38;2;93;177;227m██[38;2;81;181;250m██[38;2;37;81;113m██[38;2;0;0;0m                
[38;2;19;36;48m██[38;2;80;171;236m██[38;2;76;138;182m██[38;2;71;83;96m██[38;2;102;170;204m██[38;2;113;201;245m██[38;2;87;176;231m██[38;2;82;179;246m██[38;2;76;141;187m██[38;2;77;150;201m██[38;2;77;144;192m██[38;2;81;181;250m██[38;2;37;81;113m██[38;2;0;0;0m                
[38;2;0;0;0m  [38;2;43;72;95m  [38;2;81;181;250m████[38;2;81;181;249m██[38;2;80;168;231m██[38;2;81;181;249m██[38;2;78;154;207m██[38;2;73;121;154m██[38;2;79;164;223m██[38;2;81;181;250m██[38;2;80;162;223m██[38;2;0;0;0m                  
[38;2;0;0;0m    [38;2;43;91;120m██[38;2;84;183;250m██[38;2;79;165;227m██[38;2;79;163;224m██[38;2;105;146;163m██[38;2;198;200;201m██[38;2;73;116;149m██[38;2;68;80;90m██[38;2;20;45;62m██[38;2;14;29;40m  [38;2;0;0;0m                  
[38;2;0;0;0m    [38;2;86;166;207m██[38;2;85;184;250m██[38;2;79;165;227m██[38;2;79;163;222m██[38;2;103;122;121m██[38;2;238;238;238m██[38;2;153;211;252m██[38;2;76;138;182m██[38;2;36;61;81m██[38;2;0;0;0m                    
[38;2;0;0;0m  [38;2;67;121;147m  [38;2;118;209;251m██[38;2;88;185;250m██[38;2;81;181;249m██[38;2;69;92;108m██[38;2;119;119;119m██[38;2;131;199;248m██[38;2;81;181;249m██[38;2;76;138;188m██[38;2;36;61;81m██[38;2;0;0;0m                    
[38;2;0;0;0m  [38;2;90;161;197m██[38;2;99;193;250m██[38;2;77;160;222m██[38;2;81;181;249m██[38;2;81;181;250m██[38;2;81;181;249m██[38;2;78;154;207m██[38;2;77;131;169m██[38;2;89;114;132m██[38;2;27;46;60m  [38;2;0;0;0m                    
[38;2;0;0;0m  [38;2;22;40;49m  [38;2;72;149;207m██[38;2;78;160;222m██[38;2;77;150;200m██[38;2;69;94;112m██[38;2;69;94;111m██[38;2;161;148;127m██[38;2;183;166;141m██[38;2;80;122;154m██[38;2;26;26;24m  [38;2;0;0;0m                    
[38;2;0;0;0m      [38;2;46;76;103m  [38;2;90;107;120m██[38;2;154;135;112m██[38;2;197;177;147m██[38;2;203;180;149m██[38;2;152;168;170m██[38;2;72;109;139m██[38;2;114;113;106m██[38;2;14;15;14m  [38;2;24;24;24m  [38;2;170;171;171m██[38;2;50;54;56m██[38;2;0;0;0m            
[38;2;0;0;0m            [38;2;124;120;101m██[38;2;241;219;181m██[38;2;176;208;217m██[38;2;66;68;70m██[38;2;156;153;146m██[38;2;143;151;143m██[38;2;155;159;155m██[38;2;170;172;169m██[38;2;98;96;90m██[38;2;0;0;0m            
[38;2;0;0;0m            [38;2;141;127;105m██[38;2;255;231;191m██[38;2;153;201;225m██[38;2;66;68;70m██[38;2;166;168;170m██[38;2;147;147;147m██[38;2;93;93;93m██[38;2;150;150;150m██[38;2;162;160;155m██[38;2;125;125;118m██[38;2;25;26;26m██[38;2;24;26;26m  [38;2;0;0;0m      
[38;2;0;0;0m        [38;2;50;47;42m  [38;2;60;59;57m██[38;2;252;231;193m██[38;2;254;231;191m██[38;2;81;181;249m██[38;2;66;68;70m██[38;2;142;147;149m██[38;2;150;149;148m██[38;2;176;176;175m██[38;2;73;73;73m██[38;2;176;177;176m██[38;2;163;162;158m██[38;2;132;133;122m██[38;2;114;115;105m██[38;2;0;0;0m      
[38;2;0;0;0m        [38;2;46;46;43m██[38;2;227;211;186m██[38;2;252;231;194m██[38;2;254;231;191m██[38;2;81;181;249m██[38;2;81;181;250m██[38;2;102;107;106m██[38;2;119;130;139m██[38;2;140;146;153m██[38;2;176;176;175m██[38;2;176;177;176m██[38;2;142;140;129m██[38;2;119;118;107m██[38;2;0;0;0m        
[38;2;0;0;0m        [38;2;115;115;105m██[38;2;232;211;176m██[38;2;252;231;194m██[38;2;254;231;191m██[38;2;81;181;249m██[38;2;81;181;250m██[38;2;71;109;134m██[38;2;95;95;95m██[38;2;166;168;169m██[38;2;124;133;142m██[38;2;162;160;155m██[38;2;140;140;129m██[38;2;81;81;77m██[38;2;0;0;0m        
[38;2;0;0;0m        [38;2;121;114;101m██[38;2;252;231;194m████[38;2;254;231;191m██[38;2;105;187;241m██[38;2;81;181;250m██[38;2;65;139;209m██[38;2;69;94;110m██[38;2;126;126;126m██[38;2;95;95;94m██[38;2;121;121;112m██[38;2;117;117;108m██[38;2;97;97;92m██[38;2;0;0;0m        
[38;2;0;0;0m        [38;2;89;82;69m██[38;2;252;231;194m████[38;2;252;231;193m██[38;2;175;208;218m██[38;2;81;181;250m██[38;2;55;115;185m██[38;2;81;180;248m██[38;2;86;120;143m██[38;2;95;95;94m██[38;2;121;121;112m██[38;2;95;111;121m██[38;2;51;60;68m██[38;2;4;0;0m  [38;2;0;0;0m      
[38;2;0;0;0m      [38;2;1;0;0m  [38;2;80;77;70m██[38;2;247;226;189m██[38;2;252;231;194m████[38;2;194;214;212m██[38;2;83;181;249m██[38;2;71;156;225m██[38;2;81;180;249m██[38;2;76;143;192m██[38;2;73;120;157m██[38;2;67;80;89m██[38;2;71;86;97m██[38;2;85;126;157m██[38;2;67;109;141m██[38;2;18;30;40m██[38;2;0;0;0m    
[38;2;0;0;0m      [38;2;51;78;101m  [38;2;68;94;114m██[38;2;232;211;176m██[38;2;252;231;194m████[38;2;253;231;192m██[38;2;212;218;205m██[38;2;81;181;250m██[38;2;75;137;186m██[38;2;73;124;165m██[38;2;73;125;164m██[38;2;70;97;119m██[38;2;172;166;153m██[38;2;73;79;80m██[38;2;18;30;40m████[38;2;0;0;0m    
[38;2;7;11;16m  [38;2;71;140;193m██[38;2;78;153;209m██[38;2;73;125;165m██[38;2;79;122;153m██[38;2;79;106;128m██[38;2;217;204;170m██[38;2;238;215;178m██[38;2;242;218;180m██[38;2;205;181;149m██[38;2;156;159;154m██[38;2;72;109;138m██[38;2;73;122;162m██[38;2;68;81;91m██[38;2;69;94;111m██[38;2;47;87;117m██[38;2;11;17;22m  [38;2;0;0;0m        
[38;2;5;11;16m  [38;2;17;33;46m██[38;2;172;166;154m██[38;2;172;167;153m██[38;2;174;166;150m██[38;2;62;61;55m██[38;2;26;24;20m  [38;2;47;42;34m  [38;2;51;45;37m██████[38;2;193;188;170m██[38;2;82;124;155m██[38;2;105;158;191m██[38;2;81;181;249m██[38;2;81;181;250m██[38;2;68;151;209m██[38;2;61;135;187m██████[38;2;16;35;49m  
[38;2;0;0;0m                      [38;2;4;7;21m  [38;2;179;176;158m██[38;2;107;156;185m██[38;2;119;150;172m████[38;2;119;149;172m██[38;2;61;135;187m████[38;2;0;0;0m    
[38;2;0;0;0m                          [38;2;63;57;47m████████[38;2;0;0;0m        [0m
