
[38;2;0;0;0m                  [38;2;49;49;49m██[38;2;0;0;0m                    
[38;2;0;0;0m                [38;2;49;49;49m██[38;2;213;82;65m██[38;2;49;49;49m██[38;2;0;0;0m                  
[38;2;0;0;0m              [38;2;49;49;49m██[38;2;213;82;65m████[38;2;49;49;49m██[38;2;0;0;0m                  
[38;2;0;0;0m  [38;2;49;49;49m██[38;2;0;0;0m          [38;2;49;49;49m██[38;2;213;82;65m██[38;2;49;49;49m██[38;2;0;0;0m                    
[38;2;49;49;49m██[38;2;213;82;65m██[38;2;49;49;49m██[38;2;0;0;0m    [38;2;49;49;49m██████[38;2;222;131;32m████[38;2;49;49;49m██[38;2;0;0;0m                  
[38;2;49;49;49m██[38;2;213;82;65m██[38;2;222;131;32m██[38;2;49;49;49m████[38;2;189;189;189m██[38;2;255;255;255m██████[38;2;189;189;189m██[38;2;222;131;32m██[38;2;49;49;49m██[38;2;0;0;0m    [38;2;49;49;49m████[38;2;0;0;0m        
[38;2;0;0;0m  [38;2;49;49;49m██[38;2;213;82;65m██[38;2;189;189;189m██[38;2;255;255;255m██████████████[38;2;189;189;189m██[38;2;49;49;49m██[38;2;82;82;82m██[38;2;213;82;65m████[38;2;49;49;49m██[38;2;0;0;0m      
[38;2;0;0;0m    [38;2;49;49;49m██[38;2;255;255;255m██████████████[38;2;222;131;32m██████[38;2;213;82;65m████[38;2;49;49;49m██[38;2;0;0;0m        
[38;2;0;0;0m  [38;2;49;49;49m██[38;2;189;189;189m██[38;2;255;255;255m████████████████[38;2;222;131;32m██[38;2;213;82;65m██[38;2;82;82;82m██[38;2;49;49;49m██[38;2;0;0;0m          
[38;2;0;0;0m  [38;2;49;49;49m██[38;2;255;255;255m██[38;2;189;189;189m██[38;2;255;255;255m██[38;2;189;189;189m██[38;2;255;255;255m████████████[38;2;82;82;82m██[38;2;189;189;189m██[38;2;255;255;255m██[38;2;49;49;49m██[38;2;0;0;0m        
[38;2;49;49;49m██[38;2;255;255;255m██[38;2;189;189;189m██[38;2;255;255;255m██[38;2;189;189;189m██[38;2;255;255;255m██████[38;2;24;139;189m██[38;2;82;82;82m████[38;2;255;255;255m██████████[38;2;49;49;49m██[38;2;0;0;0m      
[38;2;49;49;49m██[38;2;189;189;189m██[38;2;255;255;255m██████[38;2;82;82;82m████[38;2;49;49;49m██[38;2;49;189;255m██[38;2;123;123;123m██[38;2;82;82;82m██[38;2;255;255;255m██████[38;2;189;189;189m██[38;2;82;82;82m██[38;2;115;90;16m██[38;2;49;49;49m██[38;2;0;0;0m    
[38;2;49;49;49m████[38;2;82;82;82m██████[38;2;123;123;123m████[38;2;49;189;255m████[38;2;82;82;82m██[38;2;255;255;255m████[38;2;189;189;189m██[38;2;123;123;123m██[38;2;82;82;82m██[38;2;189;164;65m██[38;2;156;131;41m██[38;2;189;164;65m██[38;2;49;49;49m██[38;2;0;0;0m  
[38;2;0;0;0m    [38;2;49;49;49m██[38;2;213;82;65m██[38;2;255;255;255m██[38;2;123;123;123m██████[38;2;189;189;189m██[38;2;255;255;255m████[38;2;222;131;32m████[38;2;213;82;65m██[38;2;82;82;82m██[38;2;156;131;41m██[38;2;189;164;65m██[38;2;156;131;41m██[38;2;189;164;65m██[38;2;49;49;49m██
[38;2;0;0;0m  [38;2;49;49;49m██[38;2;213;82;65m██[38;2;222;131;32m██[38;2;189;189;189m██[38;2;255;255;255m██████████████[38;2;222;131;32m████[38;2;213;82;65m██[38;2;82;82;82m██[38;2;189;164;65m██[38;2;156;131;41m████[38;2;49;49;49m██
[38;2;0;0;0m    [38;2;49;49;49m████[38;2;82;82;82m██[38;2;255;255;255m██[38;2;189;189;189m██[38;2;255;255;255m████[38;2;189;189;189m██[38;2;255;255;255m██[38;2;189;189;189m██[38;2;82;82;82m██[38;2;115;90;16m████[38;2;156;131;41m████[38;2;115;90;16m██[38;2;49;49;49m██[38;2;0;0;0m  
[38;2;0;0;0m      [38;2;49;49;49m████[38;2;189;189;189m██[38;2;49;49;49m██[38;2;189;189;189m██[38;2;82;82;82m██[38;2;189;189;189m██[38;2;82;82;82m██[38;2;115;90;16m██[38;2;156;131;41m██[38;2;115;90;16m██[38;2;156;131;41m██[38;2;115;90;16m██[38;2;49;49;49m████[38;2;0;0;0m    
[38;2;0;0;0m          [38;2;49;49;49m██[38;2;0;0;0m  [38;2;49;49;49m██[38;2;82;82;82m██[38;2;49;49;49m████[38;2;82;82;82m██[38;2;49;49;49m██[38;2;82;82;82m██[38;2;49;49;49m████[38;2;0;0;0m        
[38;2;0;0;0m              [38;2;49;49;49m████[38;2;0;0;0m    [38;2;49;49;49m██[38;2;0;0;0m  [38;2;49;49;49m██[38;2;0;0;0m            [0m
