
[38;2;0;0;0m          [38;2;49;49;49m██[38;2;0;0;0m                              
[38;2;0;0;0m  [38;2;49;49;49m████[38;2;0;0;0m  [38;2;49;49;49m██[38;2;246;57;49m██[38;2;49;49;49m██[38;2;0;0;0m      [38;2;49;49;49m██████[38;2;0;0;0m                
[38;2;49;49;49m██[38;2;82;65;65m██[38;2;197;156;106m██[38;2;49;49;49m██[38;2;164;57;65m██[38;2;246;57;49m████[38;2;49;49;49m██[38;2;0;0;0m  [38;2;49;49;49m██[38;2;197;156;106m████[38;2;49;49;49m████[38;2;0;0;0m          [38;2;49;49;49m██[38;2;0;0;0m  
[38;2;49;49;49m██[38;2;172;123;82m██[38;2;65;57;57m████[38;2;246;57;49m██████[38;2;164;57;65m██[38;2;49;49;49m██[38;2;197;156;106m████████[38;2;49;49;49m██[38;2;0;0;0m      [38;2;49;49;49m████[38;2;197;156;106m██[38;2;49;49;49m██
[38;2;49;49;49m██[38;2;172;123;82m██[38;2;65;57;57m██[38;2;164;57;65m██[38;2;246;57;49m██[38;2;82;65;65m██[38;2;106;90;90m████[38;2;197;156;106m██[38;2;106;90;90m██[38;2;65;57;57m██[38;2;106;90;90m██[38;2;197;156;106m██[38;2;49;49;49m██[38;2;0;0;0m    [38;2;49;49;49m██[38;2;82;82;82m██[38;2;197;156;106m████[38;2;49;49;49m██
[38;2;0;0;0m  [38;2;49;49;49m██[38;2;65;57;57m██[38;2;246;57;49m██[38;2;82;65;65m██[38;2;106;90;90m████████[38;2;65;57;57m██████[38;2;172;123;82m██[38;2;49;49;49m██[38;2;0;0;0m    [38;2;49;49;49m██[38;2;197;156;106m██████[38;2;49;49;49m██
[38;2;0;0;0m  [38;2;49;49;49m██[38;2;106;90;90m██[38;2;49;49;49m██[38;2;106;90;90m████[38;2;82;65;65m████[38;2;106;90;90m████[38;2;65;57;57m██[38;2;172;123;82m██[38;2;49;49;49m██[38;2;0;0;0m        [38;2;49;49;49m██[38;2;197;156;106m██[38;2;82;82;82m██[38;2;49;49;49m██
[38;2;49;49;49m██[38;2;255;255;255m██[38;2;106;90;90m██████[38;2;82;65;65m██[38;2;255;255;255m██[38;2;189;172;172m██[38;2;82;65;65m██[38;2;106;90;90m████[38;2;49;49;49m██[38;2;0;0;0m        [38;2;49;49;49m██[38;2;106;90;90m██[38;2;49;49;49m████[38;2;0;0;0m  
[38;2;49;49;49m██[38;2;197;156;106m██[38;2;106;90;90m██████[38;2;189;172;172m██[38;2;49;49;49m██[38;2;255;255;255m██[38;2;197;156;106m██[38;2;82;65;65m██[38;2;49;49;49m██[38;2;0;0;0m        [38;2;49;49;49m██[38;2;106;90;90m██[38;2;49;49;49m██[38;2;0;0;0m      
[38;2;0;0;0m  [38;2;49;49;49m██[38;2;246;57;49m████[38;2;82;65;65m██[38;2;197;156;106m██[38;2;255;255;255m██[38;2;197;156;106m██[38;2;172;123;82m████[38;2;49;49;49m██[38;2;0;0;0m    [38;2;49;49;49m████[38;2;82;65;65m██[38;2;49;49;49m██[38;2;0;0;0m        
[38;2;0;0;0m    [38;2;49;49;49m██[38;2;82;65;65m██[38;2;197;156;106m████[38;2;82;65;65m██[38;2;172;123;82m████[38;2;49;49;49m██[38;2;106;90;90m██[38;2;49;49;49m████[38;2;106;90;90m████[38;2;49;49;49m██[38;2;0;0;0m          
[38;2;0;0;0m      [38;2;49;49;49m████[38;2;82;65;65m██[38;2;172;123;82m████[38;2;82;65;65m██[38;2;106;90;90m██████████████[38;2;49;49;49m██[38;2;0;0;0m        
[38;2;0;0;0m          [38;2;49;49;49m██[38;2;82;65;65m██[38;2;106;90;90m██████████████████[38;2;49;49;49m██[38;2;0;0;0m        
[38;2;0;0;0m        [38;2;49;49;49m██[38;2;82;65;65m██████[38;2;106;90;90m██████[38;2;82;65;65m████[38;2;106;90;90m████[38;2;82;65;65m████[38;2;49;49;49m██[38;2;0;0;0m      
[38;2;0;0;0m        [38;2;49;49;49m██[38;2;82;65;65m██████[38;2;65;57;57m██[38;2;106;90;90m████[38;2;65;57;57m██[38;2;82;65;65m██[38;2;49;49;49m██[38;2;82;65;65m██████[38;2;49;49;49m██[38;2;0;0;0m      
[38;2;0;0;0m      [38;2;49;49;49m██[38;2;172;123;82m██[38;2;82;65;65m████[38;2;49;49;49m██[38;2;65;57;57m██[38;2;106;90;90m██████[38;2;49;49;49m██[38;2;0;0;0m  [38;2;49;49;49m██[38;2;82;65;65m██[38;2;172;123;82m██[38;2;49;49;49m██[38;2;0;0;0m      
[38;2;0;0;0m    [38;2;49;49;49m██[38;2;172;123;82m██[38;2;82;65;65m██[38;2;172;123;82m██[38;2;49;49;49m██[38;2;0;0;0m  [38;2;49;49;49m██[38;2;106;90;90m██████[38;2;49;49;49m██[38;2;0;0;0m  [38;2;49;49;49m██[38;2;172;123;82m████[38;2;49;49;49m██[38;2;0;0;0m      
[38;2;0;0;0m      [38;2;49;49;49m██████[38;2;0;0;0m    [38;2;49;49;49m██[38;2;197;156;106m██[38;2;172;123;82m██[38;2;49;49;49m██[38;2;0;0;0m      [38;2;49;49;49m████[38;2;0;0;0m        
[38;2;0;0;0m              [38;2;49;49;49m██[38;2;197;156;106m██[38;2;106;90;90m██[38;2;197;156;106m██[38;2;49;49;49m██[38;2;0;0;0m                  
[38;2;0;0;0m                [38;2;49;49;49m██████[38;2;0;0;0m                    [0m
