
[38;2;0;0;0m    [38;2;6;10;10m    [38;2;0;0;0m        [38;2;20;37;42m  [38;2;0;0;0m              
[38;2;0;0;0m    [38;2;26;37;40m██[38;2;87;117;134m██[38;2;0;2;0m  [38;2;0;0;0m    [38;2;0;2;0m  [38;2;80;136;164m██[38;2;0;1;0m  [38;2;0;0;0m            
[38;2;0;0;0m    [38;2;23;32;32m██[38;2;100;134;152m██[38;2;23;34;37m  [38;2;0;0;0m  [38;2;1;0;0m  [38;2;83;136;164m██[38;2;89;150;181m██[38;2;8;15;16m  [38;2;0;0;0m            
[38;2;0;0;0m    [38;2;16;19;16m██[38;2;70;75;78m██[38;2;78;105;122m██[38;2;0;1;0m  [38;2;24;40;45m  [38;2;69;100;119m██[38;2;110;181;222m██[38;2;27;48;55m██[38;2;0;0;0m            
[38;2;0;0;0m      [38;2;49;49;49m██[38;2;90;114;126m██[38;2;48;56;57m██[38;2;84;103;112m██[38;2;76;94;104m██[38;2;91;110;124m██[38;2;28;48;54m██[38;2;0;0;0m            
[38;2;0;0;0m      [38;2;6;9;6m  [38;2;99;147;172m██[38;2;95;97;95m██[38;2;99;146;172m██[38;2;83;91;99m██[38;2;77;94;103m██[38;2;107;158;187m██[38;2;10;2;0m  [38;2;0;0;0m          
[38;2;0;0;0m    [38;2;10;19;21m  [38;2;91;154;186m██[38;2;96;98;96m██[38;2;100;122;132m██[38;2;109;180;219m██[38;2;111;181;219m██[38;2;88;120;138m██[38;2;92;119;132m██[38;2;52;57;60m██[38;2;9;11;9m  [38;2;0;0;0m        
[38;2;0;0;0m    [38;2;27;48;55m██[38;2;110;181;222m██[38;2;96;99;96m██[38;2;106;160;190m██[38;2;109;180;221m██[38;2;78;102;114m██[38;2;80;78;75m██[38;2;92;99;97m██[38;2;85;89;85m██[38;2;85;85;85m██[38;2;0;2;0m  [38;2;0;0;0m      
[38;2;0;0;0m    [38;2;12;15;14m  [38;2;92;121;139m██[38;2;96;99;96m██[38;2;104;132;148m██[38;2;72;61;63m██[38;2;226;210;203m██[38;2;96;99;96m████[38;2;88;90;88m██[38;2;86;90;86m██[38;2;80;83;80m██[38;2;10;12;10m  [38;2;0;0;0m    
[38;2;0;0;0m    [38;2;0;1;0m  [38;2;49;52;50m██[38;2;96;99;96m██[38;2;87;89;90m██[38;2;246;83;84m██[38;2;139;99;100m██[38;2;96;98;96m██[38;2;115;151;172m██[38;2;63;70;75m██[38;2;73;74;73m██[38;2;95;98;95m██[38;2;23;27;23m██[38;2;0;0;0m    
[38;2;0;0;0m    [38;2;20;23;20m██[38;2;95;95;95m██[38;2;85;96;100m██[38;2;94;122;139m██[38;2;98;132;153m██[38;2;105;137;155m██[38;2;79;118;137m██[38;2;20;25;28m  [38;2;57;71;76m██[38;2;73;74;73m██[38;2;95;97;95m██[38;2;94;96;94m██[38;2;0;3;0m  [38;2;0;0;0m  
[38;2;0;0;0m      [38;2;0;3;0m  [38;2;44;51;52m  [38;2;115;180;219m██[38;2;107;171;208m██[38;2;74;85;91m██[38;2;0;3;0m  [38;2;0;0;0m  [38;2;23;27;23m  [38;2;93;98;93m██[38;2;23;26;23m  [38;2;93;95;93m██[38;2;0;3;0m  [38;2;0;0;0m  
[38;2;0;0;0m        [38;2;12;14;12m  [38;2;135;130;88m██[38;2;171;163;108m██[38;2;161;161;121m██[38;2;75;82;81m██[38;2;12;16;13m  [38;2;0;0;0m  [38;2;0;1;0m  [38;2;0;0;0m  [38;2;0;1;0m  [38;2;0;0;0m    
[38;2;0;0;0m      [38;2;0;2;0m  [38;2;104;116;118m██[38;2;71;74;72m██[38;2;230;218;143m██[38;2;116;106;72m██[38;2;75;112;132m██[38;2;32;54;61m██[38;2;0;0;0m      [38;2;3;7;5m    [38;2;0;0;0m  
[38;2;0;0;0m    [38;2;1;0;0m  [38;2;53;61;65m  [38;2;98;119;128m██[38;2;139;135;113m██[38;2;148;139;89m██[38;2;111;103;60m██[38;2;17;22;23m  [38;2;92;155;188m██[38;2;45;78;92m  [38;2;0;0;0m    [38;2;77;105;122m██[38;2;92;124;145m██[38;2;14;21;23m  
[38;2;0;0;0m    [38;2;27;33;31m██[38;2;85;95;102m██[38;2;92;117;130m██[38;2;197;187;110m██[38;2;251;235;128m██[38;2;128;123;77m██[38;2;22;25;23m██[38;2;97;151;180m██[38;2;73;76;74m██[38;2;2;3;2m  [38;2;33;46;51m██[38;2;97;130;152m██[38;2;0;3;0m    
[38;2;30;32;28m  [38;2;120;122;115m██[38;2;142;144;138m██[38;2;81;83;81m██[38;2;95;114;128m██[38;2;96;102;107m██[38;2;142;138;108m██[38;2;101;135;152m██[38;2;103;145;171m██[38;2;92;114;126m██[38;2;90;100;104m██[38;2;54;56;54m██[38;2;88;118;138m██[38;2;10;15;15m  [38;2;0;0;0m    
[38;2;0;1;0m  [38;2;135;130;130m██[38;2;74;72;76m██[38;2;79;81;82m██[38;2;104;140;160m██[38;2;97;134;156m██[38;2;108;169;204m██[38;2;110;181;222m██[38;2;105;177;214m██[38;2;77;94;102m██[38;2;99;103;99m██[38;2;220;220;220m██[38;2;88;88;88m██[38;2;8;8;8m  [38;2;0;0;0m    
[38;2;0;0;0m  [38;2;17;18;17m  [38;2;45;46;44m██[38;2;77;86;91m██[38;2;103;140;159m██[38;2;95;120;136m██[38;2;44;64;72m██[38;2;108;181;220m██[38;2;96;152;180m██[38;2;86;90;86m██[38;2;106;110;106m██[38;2;227;227;227m██[38;2;88;91;88m██[38;2;22;23;22m  [38;2;0;0;0m    
[38;2;0;0;0m      [38;2;61;62;61m  [38;2;66;67;66m██[38;2;13;16;13m  [38;2;0;0;0m  [38;2;66;113;135m  [38;2;91;152;183m██[38;2;74;89;97m██[38;2;84;87;84m██[38;2;17;17;17m  [38;2;0;0;0m        
[38;2;0;0;0m    [38;2;0;2;0m  [38;2;49;51;49m  [38;2;86;89;86m██[38;2;16;19;16m  [38;2;0;0;0m    [38;2;5;6;5m  [38;2;69;72;69m██[38;2;80;83;80m██[38;2;16;19;16m  [38;2;0;0;0m        
[38;2;0;0;0m  [38;2;0;2;0m  [38;2;68;70;68m██[38;2;71;72;71m██[38;2;55;57;55m  [38;2;0;0;0m        [38;2;20;24;20m  [38;2;93;95;93m██[38;2;44;47;44m██[38;2;0;0;0m        
[38;2;0;0;0m    [38;2;0;1;0m    [38;2;0;0;0m          [38;2;60;62;60m██[38;2;99;99;99m██[38;2;93;93;93m██[38;2;0;3;0m  [38;2;0;0;0m      [0m
