
[38;2;0;0;0m                            [38;2;49;49;26m  [38;2;0;0;0m                  
[38;2;0;0;0m                      [38;2;0;2;0m  [38;2;150;146;86m  [38;2;150;142;80m  [38;2;191;180;99m██[38;2;0;0;0m                  
[38;2;0;0;0m                  [38;2;0;0;1m  [38;2;74;72;42m██[38;2;115;94;82m██[38;2;240;230;133m██[38;2;240;226;127m██[38;2;207;194;110m██[38;2;16;16;10m  [38;2;76;74;40m██[38;2;19;19;10m  [38;2;0;0;0m            
[38;2;0;0;0m                  [38;2;0;0;6m  [38;2;172;161;99m██[38;2;238;220;130m██[38;2;223;202;145m██[38;2;255;239;135m██[38;2;214;192;147m██[38;2;192;171;122m██[38;2;222;209;127m██[38;2;31;33;26m██[38;2;0;0;0m            
[38;2;0;0;0m            [38;2;0;1;0m  [38;2;37;53;23m██[38;2;12;18;7m  [38;2;123;165;76m██[38;2;91;104;78m██[38;2;169;161;111m██[38;2;214;202;125m██[38;2;189;174;133m██[38;2;194;173;145m██[38;2;168;152;130m██[38;2;86;95;80m██[38;2;134;175;89m██[38;2;37;52;23m    [38;2;0;2;0m  [38;2;0;0;0m  [38;2;0;1;0m  [38;2;0;0;0m  
[38;2;0;0;0m        [38;2;31;45;19m  [38;2;31;45;24m  [38;2;32;45;24m  [38;2;145;192;88m██[38;2;135;179;82m██[38;2;150;199;92m██[38;2;150;191;97m██[38;2;88;93;80m██[38;2;151;132;118m██[38;2;152;132;118m██[38;2;125;111;102m██[38;2;98;87;85m██[38;2;139;183;90m██[38;2;149;199;92m██[38;2;145;192;88m████[38;2;102;128;62m  [38;2;1;3;3m  [38;2;95;128;59m  [38;2;0;0;0m  
[38;2;0;0;0m      [38;2;0;1;0m  [38;2;63;79;50m██[38;2;153;198;97m██[38;2;104;138;67m██[38;2;149;199;92m██[38;2;149;199;91m██[38;2;162;210;103m██[38;2;141;177;97m██[38;2;125;131;99m██[38;2;141;127;114m██████[38;2;153;134;121m██[38;2;90;102;76m██[38;2;165;213;108m██[38;2;149;198;93m██[38;2;149;195;96m██[38;2;138;178;84m██[38;2;134;178;84m██[38;2;119;160;76m██[38;2;8;11;9m  
[38;2;0;0;0m      [38;2;0;3;0m  [38;2;158;195;114m██[38;2;137;177;92m██[38;2;150;199;91m██[38;2;92;108;74m██[38;2;187;232;131m██[38;2;190;237;132m██[38;2;160;194;116m██[38;2;142;129;113m██[38;2;135;108;103m██████[38;2;158;142;126m██[38;2;96;109;82m██[38;2;191;236;135m██[38;2;186;234;129m██[38;2;101;121;77m██[38;2;151;200;92m██[38;2;148;198;92m██[38;2;119;136;103m██[38;2;44;54;39m██
[38;2;0;0;0m        [38;2;47;62;33m██[38;2;150;189;109m██[38;2;110;132;89m██[38;2;171;213;123m██[38;2;109;132;86m██[38;2;178;222;124m██[38;2;178;220;125m██[38;2;122;145;96m██[38;2;131;121;112m██[38;2;141;131;121m██[38;2;135;130;116m██[38;2;123;130;100m██[38;2;150;184;111m██[38;2;189;239;133m██[38;2;128;154;98m██[38;2;166;215;119m██[38;2;116;142;90m██[38;2;129;152;104m██[38;2;141;180;99m██[38;2;0;0;0m  
[38;2;0;0;0m        [38;2;2;4;1m  [38;2;146;184;101m██[38;2;185;230;129m██[38;2;191;239;133m██[38;2;156;193;114m██[38;2;158;195;116m██[38;2;101;114;84m██[38;2;189;236;131m██[38;2;153;188;113m██[38;2;154;189;114m██[38;2;96;108;83m██[38;2;190;235;132m██[38;2;154;190;114m██[38;2;160;198;117m██[38;2;96;108;82m██[38;2;191;238;132m██[38;2;189;236;131m██[38;2;187;236;131m██[38;2;8;13;5m  [38;2;0;0;0m  
[38;2;0;0;0m          [38;2;77;98;53m  [38;2;125;157;87m██[38;2;190;239;133m██[38;2;189;239;133m██[38;2;140;168;105m██[38;2;190;239;133m██[38;2;192;239;133m██[38;2;190;239;133m██[38;2;140;168;105m██[38;2;190;239;133m██[38;2;192;239;133m██[38;2;190;239;133m██[38;2;140;168;105m██[38;2;190;239;133m████[38;2;168;211;117m██[38;2;102;130;71m██[38;2;0;1;0m  [38;2;0;0;0m  
[38;2;0;0;0m  [38;2;0;3;0m  [38;2;0;0;0m        [38;2;0;1;2m  [38;2;50;63;41m██[38;2;98;111;83m██[38;2;191;239;133m██[38;2;192;239;133m████████████████[38;2;161;196;116m██[38;2;68;69;67m██[38;2;2;6;1m  [38;2;0;0;0m      
[38;2;42;59;27m██[38;2;184;232;127m██[38;2;70;91;49m  [38;2;0;0;0m      [38;2;57;60;35m██[38;2;187;213;123m██[38;2;179;180;179m██[38;2;57;52;51m██[38;2;111;132;81m██[38;2;122;151;93m██[38;2;188;210;153m██[38;2;129;151;103m██[38;2;127;152;99m████[38;2;136;123;108m████[38;2;152;137;119m██[38;2;222;202;145m██[38;2;95;91;50m  [38;2;0;0;0m      
[38;2;0;1;0m  [38;2;113;151;69m██[38;2;150;197;94m██[38;2;38;49;31m██[38;2;2;5;1m  [38;2;1;1;6m  [38;2;252;236;134m██[38;2;129;107;89m██[38;2;133;100;83m██[38;2;237;171;116m██[38;2;107;92;86m██[38;2;190;192;174m██[38;2;59;62;59m██[38;2;172;209;128m██[38;2;136;170;87m██[38;2;169;173;118m██[38;2;204;181;151m██[38;2;200;182;142m██[38;2;253;237;134m██[38;2;255;239;131m██[38;2;190;179;123m██[38;2;0;1;4m  [38;2;0;0;0m    
[38;2;0;0;0m  [38;2;52;71;31m  [38;2;149;197;92m██[38;2;132;173;84m██[38;2;130;175;81m██[38;2;76;81;56m██[38;2;213;197;120m██[38;2;165;133;106m██[38;2;239;173;111m██[38;2;204;149;103m██[38;2;222;165;108m██[38;2;228;194;157m██[38;2;154;147;137m██[38;2;179;208;123m██[38;2;160;194;108m██[38;2;166;154;103m██[38;2;255;239;135m██[38;2;150;140;109m██[38;2;138;129;109m██[38;2;209;195;135m██[38;2;172;163;118m██[38;2;43;43;29m██[38;2;0;0;0m    
[38;2;0;0;0m    [38;2;37;53;23m██[38;2;151;200;92m██[38;2;104;140;64m  [38;2;46;47;46m  [38;2;233;212;131m██[38;2;117;99;93m██[38;2;98;75;74m██[38;2;99;76;75m██[38;2;230;167;109m██[38;2;230;170;113m██[38;2;196;157;131m██[38;2;130;100;91m██[38;2;136;114;90m██[38;2;250;234;135m██[38;2;207;195;118m██[38;2;153;189;114m██[38;2;160;198;116m██[38;2;141;134;117m██[38;2;135;131;113m██[38;2;240;225;129m██[38;2;0;2;0m  [38;2;0;0;0m  
[38;2;0;0;0m    [38;2;37;53;23m██[38;2;151;200;92m██[38;2;0;2;0m  [38;2;0;1;0m  [38;2;97;90;78m██[38;2;208;193;136m██[38;2;131;98;83m██[38;2;158;118;99m██[38;2;116;87;86m██[38;2;146;93;95m██[38;2;157;103;92m██[38;2;172;131;105m██[38;2;140;113;99m██[38;2;162;144;128m██[38;2;175;163;112m██[38;2;84;89;84m██[38;2;174;218;121m██[38;2;150;184;111m██[38;2;81;100;61m██[38;2;7;9;8m  [38;2;0;0;0m    
[38;2;0;0;0m      [38;2;0;3;0m  [38;2;0;0;0m    [38;2;57;56;30m  [38;2;248;233;131m██[38;2;134;111;88m██[38;2;154;122;100m██[38;2;148;100;100m██[38;2;201;107;116m██[38;2;176;120;106m██[38;2;206;164;125m██[38;2;155;131;105m██[38;2;203;188;116m██[38;2;96;114;76m██[38;2;112;130;97m██[38;2;134;172;92m██[38;2;165;203;123m██[38;2;92;108;74m██[38;2;36;52;22m██[38;2;0;0;0m    
[38;2;0;0;0m            [38;2;0;1;0m  [38;2;168;153;108m██[38;2;189;173;131m██[38;2;148;115;94m██[38;2;157;134;123m██[38;2;157;135;125m██[38;2;169;139;127m██[38;2;148;117;105m██[38;2;200;185;133m██[38;2;110;101;87m██[38;2;182;237;124m██[38;2;153;202;97m██[38;2;136;174;92m██[38;2;146;184;104m██[38;2;128;167;82m██[38;2;14;20;9m  [38;2;0;0;0m    
[38;2;0;0;0m              [38;2;0;3;0m  [38;2;165;153;132m██[38;2;173;157;139m██[38;2;107;86;83m██[38;2;111;88;84m██[38;2;110;88;84m██[38;2;175;156;121m██[38;2;200;180;138m██[38;2;202;178;148m██[38;2;82;83;76m██[38;2;125;157;85m██[38;2;138;180;88m██[38;2;136;179;88m██[38;2;61;70;47m██[38;2;7;7;6m  [38;2;0;0;0m    
[38;2;0;0;0m              [38;2;73;99;45m  [38;2;134;142;108m██[38;2;177;163;135m██[38;2;175;158;138m██[38;2;200;177;148m██[38;2;181;162;140m██[38;2;134;127;117m██[38;2;175;158;141m██[38;2;175;158;138m██[38;2;197;175;146m██[38;2;114;111;100m██[38;2;102;101;93m██[38;2;158;141;121m██[38;2;185;167;141m██[38;2;135;122;103m██[38;2;0;1;0m  [38;2;0;0;0m  
[38;2;0;0;0m            [38;2;0;1;0m  [38;2;111;149;69m██[38;2;151;200;91m██[38;2;115;137;93m██[38;2;117;123;101m██[38;2;171;155;133m██[38;2;138;148;106m██[38;2;126;157;96m██[38;2;109;114;97m██[38;2;193;171;144m██[38;2;162;174;126m██[38;2;138;178;95m██[38;2;133;163;96m██[38;2;181;164;139m██[38;2;168;149;122m██[38;2;42;39;30m  [38;2;0;0;0m    
[38;2;0;0;0m              [38;2;33;46;20m  [38;2;148;198;91m██[38;2;148;189;100m██[38;2;92;116;65m██[38;2;53;50;41m██[38;2;33;37;29m██[38;2;55;58;51m██[38;2;122;142;100m██[38;2;120;116;106m██[38;2;170;205;125m██[38;2;180;223;128m██[38;2;85;96;71m██[38;2;60;57;44m██[38;2;0;1;0m  [38;2;0;0;0m      
[38;2;0;0;0m                [38;2;0;3;0m  [38;2;0;0;0m        [38;2;4;0;9m  [38;2;103;127;75m██[38;2;188;238;130m██[38;2;191;239;133m██[38;2;173;210;131m██[38;2;0;0;4m  [38;2;0;0;0m          
[38;2;0;0;0m                            [38;2;8;13;5m  [38;2;49;66;31m██[38;2;49;65;34m██[38;2;30;37;26m██[38;2;0;0;0m            [0m
