
[38;2;0;0;0m          ████████████              
[38;2;0;0;0m      ████[38;2;222;206;110m████████████[38;2;0;0;0m████          
[38;2;0;0;0m    ██[38;2;222;206;110m██████████████████[38;2;214;198;102m██[38;2;0;0;0m██        
[38;2;0;0;0m  ██[38;2;222;206;110m████████████████████[38;2;214;198;102m████[38;2;0;0;0m██      
[38;2;0;0;0m  ██[38;2;222;206;110m██████████████████[38;2;189;165;93m██[38;2;222;206;110m██[38;2;189;165;93m██[38;2;222;206;110m██[38;2;0;0;0m██    
[38;2;0;0;0m██[38;2;222;206;110m████████[38;2;66;66;66m██████[38;2;222;206;110m██████[38;2;189;165;93m██[38;2;222;206;110m██[38;2;189;165;93m██[38;2;222;206;110m██[38;2;0;0;0m██    
[38;2;0;0;0m██[38;2;222;206;110m██[38;2;206;189;102m██[38;2;69;63;45m██[38;2;66;66;66m██[38;2;189;165;93m██████[38;2;66;66;66m██[38;2;189;165;93m██[38;2;222;206;110m████[38;2;189;165;93m██[38;2;222;206;110m██████[38;2;0;0;0m██  
[38;2;0;0;0m██[38;2;222;206;110m██[38;2;0;0;16m██[38;2;206;189;102m██[38;2;189;165;93m██████████[38;2;66;66;66m██[38;2;189;165;93m██[38;2;222;206;110m██████████[38;2;0;0;0m██  
[38;2;0;0;0m  ██  ██[38;2;189;165;93m██████████[38;2;129;115;62m██[38;2;189;165;93m██[38;2;66;66;66m████[38;2;189;165;93m██[38;2;222;206;110m████[38;2;0;0;0m██  
[38;2;0;0;0m        ██[38;2;189;165;93m██[38;2;129;115;62m██[38;2;189;165;93m██████[38;2;66;66;66m████████[38;2;189;165;93m██[38;2;222;206;110m████[38;2;0;0;0m██
[38;2;0;0;0m        ██[38;2;126;115;62m██[38;2;189;165;93m██[38;2;129;115;62m██[38;2;189;165;85m██[38;2;66;66;66m██[38;2;77;42;45m██[38;2;231;94;119m██[38;2;66;66;66m██████[38;2;222;206;110m██[38;2;206;189;102m██[38;2;0;0;0m██
[38;2;0;0;0m      ██[38;2;126;115;62m██[38;2;189;173;93m██[38;2;189;165;93m████[38;2;127;115;75m██[38;2;66;66;66m██[38;2;231;94;119m██[38;2;0;16;8m██[38;2;231;90;119m██[38;2;66;66;66m████[38;2;222;206;110m██[38;2;206;189;102m██[38;2;0;0;0m██
[38;2;0;0;0m    [38;2;8;4;0m██[38;2;115;109;55m██[38;2;189;165;93m████[38;2;179;159;96m██[38;2;231;206;111m██[38;2;222;206;110m██[38;2;66;66;66m██[38;2;231;94;119m██[38;2;0;16;8m██[38;2;231;90;119m██[38;2;66;66;66m████[38;2;231;214;111m██[38;2;189;165;93m██[38;2;0;0;0m██
[38;2;0;0;0m  ██[38;2;222;214;110m████[38;2;222;206;110m████[38;2;231;206;111m██[38;2;74;66;66m██[38;2;66;66;66m████[38;2;77;42;45m██[38;2;231;94;119m██[38;2;66;66;66m██████[38;2;176;165;96m██[38;2;189;165;93m██[38;2;0;0;0m██
[38;2;0;0;0m    ██[38;2;66;66;66m████████[38;2;189;165;93m██████[38;2;66;66;66m████████[38;2;189;165;93m██████[38;2;0;0;0m██
[38;2;0;0;0m      ██[38;2;127;115;75m██[38;2;189;165;85m██[38;2;189;165;93m████[38;2;129;115;62m████[38;2;189;165;93m██[38;2;66;66;66m████[38;2;189;165;93m████████[38;2;0;0;0m██
[38;2;0;0;0m        ██[38;2;137;121;68m██[38;2;129;115;62m████[38;2;187;165;88m██[38;2;126;115;73m██[38;2;189;165;93m████████████[38;2;0;0;0m██  
[38;2;0;0;0m  ██  ██[38;2;206;181;102m████[38;2;189;165;93m████[38;2;187;165;88m██[38;2;66;66;58m██[38;2;189;165;93m████[38;2;129;115;62m██[38;2;189;165;93m██████[38;2;0;0;0m██  
[38;2;0;0;0m██[38;2;206;189;102m██[38;2;0;0;16m██[38;2;222;206;110m████████[38;2;66;66;66m████[38;2;189;165;93m████[38;2;129;115;62m██[38;2;189;165;93m██[38;2;129;115;62m██[38;2;189;165;93m██[38;2;0;0;0m██    
[38;2;0;0;0m██[38;2;206;189;102m██[38;2;222;206;110m██[38;2;74;69;47m██[38;2;66;66;66m██████[38;2;222;206;110m██[38;2;189;165;93m██████[38;2;129;115;62m██[38;2;189;165;93m██[38;2;129;115;62m██[38;2;189;165;93m██[38;2;0;0;0m██    
[38;2;0;0;0m  ██[38;2;189;165;93m████[38;2;222;206;110m██████[38;2;189;165;93m████[38;2;129;115;62m██[38;2;189;165;93m████[38;2;126;110;62m██[38;2;189;165;93m██[38;2;0;0;0m██      
[38;2;0;0;0m    ██[38;2;189;165;93m██████████████████[38;2;0;0;0m████        
[38;2;0;0;0m      ██████[38;2;189;165;93m████████[38;2;0;0;0m████            
[38;2;0;0;0m            ████████                [0m
