
[38;2;0;0;0m    [38;2;23;24;12m  [38;2;217;201;111m██[38;2;211;194;101m██[38;2;55;52;25m██[38;2;0;0;0m                                        
[38;2;0;0;0m  [38;2;0;2;0m  [38;2;170;150;77m██[38;2;190;166;86m██[38;2;89;84;68m██[38;2;185;161;84m██[38;2;0;1;0m  [38;2;0;0;0m                        [38;2;0;3;0m    [38;2;0;0;0m          
[38;2;0;0;0m  [38;2;54;49;24m  [38;2;174;152;81m██[38;2;75;73;67m██[38;2;127;122;114m██[38;2;5;7;4m  [38;2;0;0;0m      [38;2;0;1;0m  [38;2;0;0;0m                [38;2;63;57;28m  [38;2;207;189;101m██[38;2;225;206;113m██[38;2;77;75;38m██[38;2;0;1;0m  [38;2;0;0;0m      
[38;2;0;1;0m  [38;2;152;134;66m██[38;2;146;130;76m██[38;2;65;65;65m██[38;2;115;116;109m██[38;2;0;0;0m    [38;2;0;0;1m  [38;2;131;125;89m  [38;2;202;190;106m  [38;2;0;1;0m  [38;2;0;0;0m  [38;2;0;3;0m  [38;2;0;0;0m        [38;2;0;1;0m  [38;2;236;222;124m██[38;2;85;84;72m██[38;2;248;238;178m██[38;2;217;195;106m██[38;2;202;190;100m  [38;2;2;1;0m  [38;2;0;0;0m    
[38;2;22;21;10m  [38;2;168;144;80m██[38;2;111;102;74m██[38;2;182;182;175m██[38;2;0;2;0m  [38;2;0;0;0m    [38;2;114;109;60m██[38;2;126;119;106m██[38;2;0;3;0m  [38;2;0;0;0m    [38;2;104;100;55m  [38;2;103;98;53m██[38;2;15;15;7m  [38;2;0;0;0m      [38;2;35;35;35m  [38;2;90;88;72m  [38;2;149;149;147m██[38;2;221;207;126m██[38;2;214;200;108m██[38;2;88;85;44m██[38;2;0;0;0m    
[38;2;50;47;22m██[38;2;156;134;90m██[38;2;65;65;71m██[38;2;182;182;175m██[38;2;0;2;0m  [38;2;0;0;0m  [38;2;0;2;0m  [38;2;248;232;132m██[38;2;86;83;109m██[38;2;171;172;164m  [38;2;0;1;0m  [38;2;0;0;0m  [38;2;47;47;47m  [38;2;237;219;121m██[38;2;185;162;83m██[38;2;0;2;0m  [38;2;0;0;0m      [38;2;0;2;0m  [38;2;248;247;248m██[38;2;76;72;90m██[38;2;255;239;131m██[38;2;251;235;132m██[38;2;0;3;0m  [38;2;0;0;0m  
[38;2;44;40;31m██[38;2;163;138;89m██[38;2;109;97;79m██[38;2;182;182;175m██[38;2;0;2;0m  [38;2;0;0;0m  [38;2;127;121;67m██[38;2;82;82;69m██[38;2;93;83;144m██[38;2;149;144;168m██[38;2;126;129;123m██[38;2;138;141;138m██[38;2;230;230;230m██[38;2;116;112;84m██[38;2;201;179;92m██[38;2;123;109;53m██[38;2;0;0;0m        [38;2;9;13;9m██[38;2;159;156;190m██[38;2;84;81;71m██[38;2;202;186;109m██[38;2;110;102;66m  [38;2;0;0;0m  
[38;2;50;47;22m██[38;2;191;165;80m██[38;2;74;71;92m██[38;2;68;67;74m██[38;2;123;119;111m██[38;2;5;5;10m██[38;2;249;234;133m██[38;2;85;80;94m██[38;2;153;148;170m██[38;2;108;100;128m██[38;2;148;135;176m██[38;2;70;62;78m██[38;2;69;67;75m██[38;2;195;195;195m██[38;2;218;205;121m██[38;2;189;165;85m██[38;2;21;22;9m██[38;2;0;0;0m      [38;2;9;12;9m  [38;2;156;158;165m██[38;2;93;88;94m██[38;2;182;158;111m██[38;2;205;193;102m██[38;2;0;1;0m  
[38;2;50;47;22m██[38;2;191;165;80m██[38;2;74;71;92m██[38;2;81;76;115m██[38;2;133;130;125m██[38;2;76;74;62m██[38;2;150;136;90m██[38;2;150;148;151m██[38;2;159;137;166m██[38;2;110;97;144m██[38;2;92;80;138m██[38;2;189;107;167m██[38;2;158;114;183m██[38;2;99;92;111m██[38;2;218;204;122m██[38;2;169;145;96m██[38;2;122;108;53m██[38;2;0;1;0m  [38;2;0;0;0m      [38;2;147;148;151m██[38;2;81;76;116m██[38;2;172;158;106m██[38;2;235;221;120m██[38;2;41;41;21m  
[38;2;43;40;19m  [38;2;185;160;78m██[38;2;84;80;89m██[38;2;71;69;83m██[38;2;178;178;171m██[38;2;70;70;68m██[38;2;143;127;78m██[38;2;182;180;172m██[38;2;202;153;175m██[38;2;152;141;181m██[38;2;155;133;201m██[38;2;147;118;191m██[38;2;144;100;153m██[38;2;155;142;169m██[38;2;218;204;123m██[38;2;156;132;104m██[38;2;189;164;82m██[38;2;0;2;0m  [38;2;0;0;0m  [38;2;37;40;37m██[38;2;0;0;0m  [38;2;147;148;147m██[38;2;88;80;135m██[38;2;174;163;110m██[38;2;255;239;132m██[38;2;68;67;36m██
[38;2;0;1;0m  [38;2;152;134;66m██[38;2;146;130;76m██[38;2;87;80;133m██[38;2;75;72;96m██[38;2;163;153;124m██[38;2;144;129;79m██[38;2;88;82;70m██[38;2;158;90;143m██[38;2;237;235;245m██[38;2;153;95;164m██[38;2;218;148;188m██[38;2;172;93;153m██[38;2;134;130;104m██[38;2;240;226;134m██[38;2;156;132;105m██[38;2;74;67;33m██[38;2;0;0;0m  [38;2;0;1;0m  [38;2;108;110;108m██[38;2;112;112;112m██[38;2;147;148;147m██[38;2;92;82;149m██[38;2;82;74;116m██[38;2;255;239;135m██[38;2;68;67;36m██
[38;2;0;0;0m  [38;2;117;104;60m  [38;2;124;110;77m██[38;2;97;85;86m██[38;2;109;109;106m██[38;2;69;69;69m██[38;2;129;119;85m██[38;2;187;161;79m██[38;2;175;175;175m██[38;2;242;240;250m██[38;2;135;125;186m██[38;2;126;121;163m██[38;2;166;161;163m██[38;2;190;169;124m██[38;2;162;141;117m██[38;2;186;161;87m██[38;2;21;21;18m██[38;2;0;0;0m  [38;2;0;2;0m  [38;2;152;153;146m██[38;2;102;104;98m██[38;2;255;255;255m██[38;2;140;133;169m██[38;2;77;74;90m██[38;2;243;222;118m██[38;2;68;67;36m██
[38;2;0;0;0m  [38;2;0;3;2m  [38;2;153;128;104m██[38;2;76;72;77m██[38;2;86;79;126m██[38;2;84;78;124m██[38;2;132;132;128m██[38;2;97;90;69m██[38;2;132;123;95m██[38;2;211;211;204m██[38;2;177;178;163m██[38;2;169;168;147m██[38;2;149;137;125m██[38;2;232;214;117m██[38;2;182;152;108m██[38;2;105;91;58m██[38;2;3;4;3m  [38;2;0;0;0m      [38;2;51;54;49m██[38;2;237;235;233m██[38;2;106;104;118m██[38;2;77;70;107m██[38;2;226;208;125m██[38;2;44;41;32m██
[38;2;0;0;0m    [38;2;65;57;33m██[38;2;114;104;79m██[38;2;87;79;129m██[38;2;90;82;142m██[38;2;115;114;120m██[38;2;194;194;186m██[38;2;107;107;104m██[38;2;103;101;102m██[38;2;132;131;127m██[38;2;153;149;136m██[38;2;160;142;104m██[38;2;152;134;90m██[38;2;82;75;63m██[38;2;40;44;49m  [38;2;0;0;0m        [38;2;58;61;58m██[38;2;175;172;167m██[38;2;101;94;118m██[38;2;201;182;144m██[38;2;204;187;118m██[38;2;41;38;28m██
[38;2;0;0;0m    [38;2;9;9;4m  [38;2;170;149;76m██[38;2;76;72;98m██[38;2;92;82;143m██[38;2;79;74;104m██[38;2;193;193;185m██[38;2;85;85;84m██[38;2;89;84;106m██[38;2;117;113;107m██[38;2;85;83;68m██[38;2;98;94;68m██[38;2;108;106;96m██[38;2;179;179;172m██[38;2;204;205;199m██[38;2;25;28;25m  [38;2;0;1;0m  [38;2;0;3;0m  [38;2;108;110;108m  [38;2;101;101;100m██[38;2;121;121;118m██[38;2;88;78;101m██[38;2;106;97;106m██[38;2;184;165;102m██[38;2;50;47;22m██
[38;2;0;0;0m      [38;2;101;89;45m  [38;2;138;123;74m██[38;2;54;51;87m██[38;2;0;2;0m  [38;2;40;41;41m██[38;2;108;93;88m██[38;2;77;73;105m██[38;2;142;143;139m██[38;2;79;78;72m██[38;2;134;128;97m██[38;2;133;131;122m██[38;2;190;190;188m██[38;2;71;70;74m██[38;2;161;159;169m██[38;2;150;150;150m██[38;2;249;249;249m██[38;2;132;127;151m██[38;2;87;77;124m██[38;2;112;101;130m██[38;2;118;91;211m██[38;2;83;74;116m██[38;2;177;152;74m██[38;2;30;29;13m  
[38;2;0;0;0m      [38;2;0;3;0m  [38;2;185;162;84m██[38;2;6;9;3m██[38;2;0;0;0m    [38;2;110;98;51m██[38;2;3;6;3m  [38;2;8;10;7m  [38;2;166;166;159m██[38;2;202;201;199m██[38;2;125;125;113m██[38;2;209;202;209m██[38;2;70;67;96m██[38;2;91;81;139m██[38;2;159;156;188m██[38;2;84;84;84m██[38;2;113;89;206m██[38;2;114;89;210m██[38;2;117;91;205m██[38;2;109;87;195m██[38;2;142;127;78m██[38;2;152;134;66m██[38;2;0;1;0m  
[38;2;0;0;0m        [38;2;41;38;18m  [38;2;90;81;40m██[38;2;0;0;0m  [38;2;3;5;1m  [38;2;150;132;67m██[38;2;87;77;39m  [38;2;0;0;0m  [38;2;19;21;19m  [38;2;193;193;190m██[38;2;238;239;239m██[38;2;138;135;145m██[38;2;85;80;111m██[38;2;93;83;142m██[38;2;46;46;74m██[38;2;117;101;157m██[38;2;124;113;126m██[38;2;154;146;100m██[38;2;74;61;123m██[38;2;126;102;168m██[38;2;148;130;78m██[38;2;79;71;34m  [38;2;0;0;0m  
[38;2;0;0;0m          [38;2;0;3;0m  [38;2;0;1;0m  [38;2;0;0;0m  [38;2;0;2;0m  [38;2;0;0;0m      [38;2;0;2;0m  [38;2;156;160;160m██[38;2;62;63;74m██[38;2;99;93;123m██[38;2;10;12;15m  [38;2;0;0;0m  [38;2;5;4;55m  [38;2;161;153;112m██[38;2;245;230;129m██[38;2;1;3;0m  [38;2;19;19;18m██[38;2;174;149;105m██[38;2;0;3;0m  [38;2;0;0;0m  
[38;2;0;0;0m                        [38;2;0;1;0m  [38;2;75;71;72m██[38;2;165;154;134m██[38;2;58;54;92m██[38;2;0;0;0m    [38;2;111;102;53m  [38;2;144;133;70m██[38;2;204;190;101m██[38;2;55;53;32m██[38;2;80;77;67m██[38;2;66;59;27m██[38;2;0;0;0m    
[38;2;0;0;0m                          [38;2;88;85;46m██[38;2;124;112;139m██[38;2;0;2;0m  [38;2;0;0;0m      [38;2;0;1;0m  [38;2;0;3;0m  [38;2;0;2;0m  [38;2;149;131;67m  [38;2;0;1;0m  [38;2;0;0;0m    
[38;2;0;0;0m                    [38;2;79;71;35m██[38;2;0;2;0m  [38;2;89;79;58m  [38;2;244;225;133m██[38;2;114;103;116m██[38;2;38;36;41m  [38;2;0;2;0m  [38;2;95;91;50m██[38;2;0;0;0m        [38;2;0;1;0m  [38;2;0;0;0m      
[38;2;0;0;0m                    [38;2;0;2;0m  [38;2;153;134;75m██[38;2;123;108;81m██[38;2;192;169;115m██[38;2;198;184;115m██[38;2;238;223;117m██[38;2;207;194;109m██[38;2;0;1;0m  [38;2;0;0;0m                
[38;2;0;0;0m                      [38;2;0;1;0m  [38;2;37;35;24m  [38;2;32;31;22m██[38;2;65;63;35m██[38;2;45;44;23m  [38;2;0;1;0m  [38;2;0;0;0m                  [0m
