
[38;2;0;0;0m    [38;2;31;34;34m██[38;2;47;51;51m██[38;2;9;9;9m  [38;2;0;0;0m                                          
[38;2;0;0;0m  [38;2;56;59;61m  [38;2;173;189;188m██[38;2;189;206;205m██[38;2;105;115;118m██[38;2;141;154;153m██[38;2;0;0;0m                            [38;2;141;154;153m██[38;2;59;65;65m  [38;2;141;154;153m██[38;2;49;53;53m  [38;2;0;0;0m    
[38;2;50;53;55m██[38;2;131;140;142m██[38;2;161;178;178m██[38;2;89;96;103m██[38;2;188;206;207m██[38;2;159;172;171m██[38;2;8;10;9m  [38;2;0;0;0m    [38;2;51;41;33m██[38;2;17;15;12m  [38;2;80;65;52m██[38;2;205;165;133m██[38;2;196;158;129m██[38;2;46;40;35m██[38;2;0;0;0m        [38;2;94;103;102m██[38;2;184;201;202m██[38;2;142;155;158m██[38;2;185;202;201m██[38;2;133;145;145m██[38;2;38;41;41m  [38;2;0;0;0m  
[38;2;12;13;13m  [38;2;47;51;51m██[38;2;43;51;54m██[38;2;95;100;108m██[38;2;95;100;106m██[38;2;122;134;138m██[38;2;60;69;69m██[38;2;0;0;0m  [38;2;89;71;57m  [38;2;194;156;126m██[38;2;136;116;91m██[38;2;203;167;131m██[38;2;128;111;95m██[38;2;119;104;92m██[38;2;171;140;117m██[38;2;101;80;65m  [38;2;0;0;0m      [38;2;23;25;25m  [38;2;96;101;108m██[38;2;92;97;103m██[38;2;127;137;140m██[38;2;180;196;196m██[38;2;152;166;165m██[38;2;0;0;0m  
[38;2;0;0;0m      [38;2;65;78;86m  [38;2;88;102;110m██[38;2;73;79;83m██[38;2;83;99;108m██[38;2;24;23;22m██[38;2;206;168;134m██[38;2;81;77;73m██[38;2;203;168;131m██[38;2;150;125;107m██[38;2;91;84;78m██[38;2;205;165;133m██[38;2;203;168;131m██[38;2;202;168;131m██[38;2;23;19;15m██[38;2;0;0;0m    [38;2;60;69;69m██[38;2;135;160;164m██[38;2;91;107;118m██[38;2;82;89;93m██[38;2;158;170;170m██[38;2;39;39;39m  [38;2;0;0;0m  
[38;2;0;0;0m        [38;2;97;119;131m██[38;2;95;119;133m██[38;2;83;99;108m██[38;2;170;142;111m██[38;2;144;123;103m██[38;2;82;77;73m██[38;2;205;165;133m██[38;2;86;80;75m██[38;2;196;158;129m██[38;2;177;145;120m██[38;2;100;91;82m██[38;2;127;117;103m██[38;2;55;57;56m██[38;2;3;1;3m  [38;2;0;0;0m  [38;2;8;9;9m  [38;2;83;89;90m██[38;2;86;99;105m██[38;2;94;118;131m██[38;2;110;128;130m██[38;2;0;0;0m    
[38;2;0;0;0m        [38;2;30;38;42m  [38;2;71;89;99m██[38;2;80;92;99m██[38;2;203;168;131m██[38;2;123;109;93m██[38;2;206;165;134m██[38;2;114;100;89m██[38;2;121;105;92m██[38;2;186;146;121m██[38;2;117;120;120m██[38;2;189;206;205m██[38;2;143;145;138m██[38;2;132;155;156m██[38;2;90;106;108m██[38;2;33;39;40m██[38;2;86;101;102m██[38;2;134;160;161m██[38;2;86;99;105m██[38;2;95;119;133m██[38;2;96;120;131m██[38;2;119;139;140m██[38;2;9;10;11m  
[38;2;0;0;0m            [38;2;44;48;48m██[38;2;202;168;131m██[38;2;123;109;93m██[38;2;206;165;134m██[38;2;114;100;89m██[38;2;185;150;124m██[38;2;99;72;71m██[38;2;202;215;216m██[38;2;181;199;199m██[38;2;134;158;163m██[38;2;132;155;163m██[38;2;132;155;162m██[38;2;136;159;163m██[38;2;122;144;151m██[38;2;109;130;140m██[38;2;108;128;136m██[38;2;94;119;133m██[38;2;96;120;133m██[38;2;113;135;144m██[38;2;36;43;44m██
[38;2;0;0;0m            [38;2;85;103;102m██[38;2;71;69;68m██[38;2;125;107;94m██[38;2;189;153;126m██[38;2;157;130;110m██[38;2;166;103;84m██[38;2;196;100;79m██[38;2;255;255;255m██[38;2;155;172;179m██[38;2;177;183;157m██[38;2;87;86;79m██[38;2;143;163;169m██[38;2;119;142;151m██[38;2;189;206;205m██[38;2;185;201;200m██[38;2;91;103;110m██[38;2;91;115;129m██[38;2;74;89;98m██[38;2;59;72;79m  [38;2;0;0;0m  
[38;2;0;0;0m            [38;2;110;127;127m██[38;2;168;162;116m██[38;2;77;77;80m██[38;2;189;153;126m██[38;2;139;130;117m██[38;2;97;98;100m██[38;2;252;233;228m██[38;2;222;227;229m██[38;2;198;202;168m██[38;2;230;222;161m██[38;2;79;78;73m██[38;2;178;197;198m██[38;2;188;205;204m██[38;2;189;206;205m████[38;2;171;185;184m██[38;2;20;26;29m  [38;2;0;0;0m      
[38;2;0;0;0m        [38;2;9;12;14m  [38;2;85;97;107m██[38;2;105;119;119m██[38;2;167;164;119m██[38;2;125;126;108m██[38;2;82;87;89m██[38;2;100;104;103m██[38;2;123;136;139m██[38;2;141;153;146m██[38;2;167;176;155m██[38;2;255;246;182m██[38;2;173;167;123m██[38;2;174;189;188m██[38;2;189;206;205m████[38;2;182;200;200m██[38;2;189;206;205m████[38;2;0;0;0m        
[38;2;0;0;0m    [38;2;79;87;86m██[38;2;141;154;153m██[38;2;112;122;123m██[38;2;93;117;132m██[38;2;78;82;82m██[38;2;104;111;102m██[38;2;191;189;148m██[38;2;215;214;169m████[38;2;222;220;172m██[38;2;255;246;182m██[38;2;220;215;167m██[38;2;127;131;123m██[38;2;149;145;101m██[38;2;174;189;188m██[38;2;189;206;205m████[38;2;143;168;170m██[38;2;152;172;176m██[38;2;159;179;182m██[38;2;125;136;136m  [38;2;0;0;0m      
[38;2;0;0;0m  [38;2;38;41;41m  [38;2;162;177;178m██[38;2;157;177;180m██[38;2;93;108;121m██[38;2;71;74;76m██[38;2;189;206;205m██[38;2;40;46;50m██[38;2;71;76;79m██[38;2;207;202;154m██[38;2;209;205;157m██[38;2;115;119;107m████[38;2;130;131;108m██[38;2;170;164;110m██[38;2;128;137;136m██[38;2;189;206;205m████[38;2;176;195;195m██[38;2;82;97;102m██[38;2;99;124;135m██[38;2;189;206;205m████[38;2;65;71;70m██[38;2;0;0;0m    
[38;2;0;0;0m  [38;2;152;166;165m██[38;2;163;177;179m██[38;2;93;102;113m██[38;2;99;120;133m██[38;2;92;113;124m██[38;2;79;86;89m██[38;2;0;0;0m  [38;2;9;9;9m  [38;2;121;140;139m██[38;2;86;95;95m██[38;2;100;98;83m██[38;2;100;98;81m██[38;2;116;118;105m██[38;2;158;171;170m██[38;2;189;206;205m████[38;2;172;192;191m██[38;2;38;45;46m██[38;2;0;0;0m  [38;2;26;33;35m██[38;2;145;159;161m██[38;2;90;97;100m██[38;2;65;67;67m██[38;2;0;0;0m    
[38;2;0;0;0m    [38;2;111;121;127m██[38;2;76;91;102m██[38;2;71;88;99m██[38;2;71;89;99m██[38;2;0;0;0m      [38;2;11;14;14m  [38;2;118;143;144m██[38;2;120;148;155m██[38;2;122;146;149m██[38;2;137;163;164m██[38;2;137;162;165m██[38;2;175;194;194m██[38;2;167;185;187m██[38;2;104;127;133m██[38;2;3;4;4m  [38;2;0;0;0m  [38;2;189;206;205m██[38;2;112;122;124m██[38;2;126;138;143m██[38;2;189;206;205m██[38;2;152;166;165m██[38;2;0;0;0m  
[38;2;0;0;0m    [38;2;63;69;68m██[38;2;10;11;11m  [38;2;0;0;0m            [38;2;16;19;21m  [38;2;129;151;157m██[38;2;130;152;157m██[38;2;129;151;157m██[38;2;108;129;139m████[38;2;125;147;153m██[38;2;79;92;94m██[38;2;0;0;0m    [38;2;189;206;205m██[38;2;112;122;124m██[38;2;117;128;134m██[38;2;110;121;126m██[38;2;95;103;103m██[38;2;0;0;0m  
[38;2;0;0;0m                      [38;2;123;130;119m██[38;2;136;148;136m██[38;2;153;164;127m██[38;2;132;150;145m██[38;2;123;144;150m██[38;2;127;127;108m██[38;2;50;55;61m██[38;2;0;0;0m      [38;2;32;35;37m██[38;2;160;175;181m██[38;2;162;177;178m██[38;2;114;124;124m  [38;2;0;0;0m  
[38;2;0;0;0m                    [38;2;28;30;31m  [38;2;119;117;106m██[38;2;194;193;65m██[38;2;208;163;77m██[38;2;118;114;93m██[38;2;167;166;52m██[38;2;129;128;106m██[38;2;57;62;64m██[38;2;1;1;1m  [38;2;0;0;0m    [38;2;8;8;9m  [38;2;165;180;181m██[38;2;163;177;179m██[38;2;0;0;0m    
[38;2;0;0;0m                  [38;2;33;40;44m██[38;2;98;119;131m██[38;2;74;80;85m██[38;2;136;105;90m██[38;2;179;166;75m██[38;2;96;99;98m██[38;2;86;93;97m██[38;2;91;99;102m██[38;2;185;202;205m██[38;2;189;206;205m██[38;2;23;25;25m  [38;2;0;0;0m            
[38;2;0;0;0m                  [38;2;98;119;131m██[38;2;96;120;133m██[38;2;92;116;130m██[38;2;83;100;107m██[38;2;22;25;27m██[38;2;21;23;25m██[38;2;119;138;142m██[38;2;180;198;197m██[38;2;189;206;205m████[38;2;94;102;102m██[38;2;0;0;0m            
[38;2;0;0;0m                  [38;2;30;36;39m██[38;2;83;95;103m██[38;2;59;72;79m  [38;2;0;0;0m      [38;2;36;42;42m  [38;2;121;134;137m██[38;2;178;199;202m██[38;2;189;206;205m██[38;2;182;200;200m██[38;2;0;0;0m            
[38;2;0;0;0m                  [38;2;23;28;30m██[38;2;21;25;27m██[38;2;0;0;0m          [38;2;14;14;14m  [38;2;113;132;134m██[38;2;149;175;180m██[38;2;114;130;134m██[38;2;0;0;0m            
[38;2;0;0;0m                                  [38;2;98;114;116m██[38;2;84;92;95m██[38;2;56;59;64m██[38;2;0;0;0m            
[38;2;0;0;0m                                  [38;2;7;8;8m  [38;2;33;38;38m██[38;2;29;34;37m██[38;2;0;0;0m            [0m
