
[38;2;0;0;0m                    [38;2;48;43;12m  [38;2;0;0;0m                          
[38;2;0;0;0m                    [38;2;185;167;47m██[38;2;0;0;0m      [38;2;48;43;12m    [38;2;0;0;0m                
[38;2;0;0;0m                [38;2;74;67;19m██[38;2;204;184;52m██[38;2;229;207;59m██[38;2;43;39;11m  [38;2;0;0;0m    [38;2;248;224;64m████[38;2;0;0;0m                
[38;2;0;0;0m                [38;2;247;224;64m████[38;2;185;167;47m██[38;2;0;0;0m    [38;2;152;137;39m  [38;2;247;224;64m████[38;2;0;0;0m                
[38;2;0;0;0m            [38;2;84;32;21m██[38;2;207;143;53m██[38;2;248;207;68m██[38;2;248;224;64m██[38;2;232;210;64m██[38;2;109;99;32m██[38;2;125;113;32m██[38;2;248;224;64m██[38;2;226;204;58m██[38;2;40;36;10m  [38;2;0;0;0m                
[38;2;0;0;0m          [38;2;159;61;41m  [38;2;247;96;64m████[38;2;247;120;69m██[38;2;129;107;67m██[38;2;122;115;64m██[38;2;241;177;74m██[38;2;247;127;67m██[38;2;247;210;67m██[38;2;185;167;47m██[38;2;0;0;0m              [38;2;32;13;13m    
[38;2;0;0;0m          [38;2;186;72;48m██[38;2;248;96;64m████[38;2;167;81;64m██[38;2;219;91;64m██[38;2;248;96;64m████████[38;2;248;135;73m██[38;2;61;33;18m██[38;2;0;0;0m        [38;2;14;6;6m  [38;2;57;24;24m  [38;2;203;115;72m██[38;2;175;87;67m██
[38;2;0;0;0m          [38;2;18;7;4m  [38;2;248;96;64m██[38;2;210;96;64m██[38;2;110;72;64m██[38;2;248;96;64m██████████[38;2;235;96;64m██[38;2;178;88;59m██[38;2;129;64;43m  [38;2;0;0;0m      [38;2;162;80;62m  [38;2;238;150;78m██[38;2;226;138;76m██[38;2;51;23;21m  
[38;2;0;0;0m            [38;2;31;31;31m██[38;2;58;58;58m██[38;2;169;87;64m██[38;2;153;77;64m██[38;2;184;85;64m██[38;2;224;96;64m██[38;2;211;92;64m██[38;2;146;82;64m██[38;2;136;82;64m██[38;2;131;65;43m██[38;2;0;0;0m      [38;2;47;20;20m  [38;2;206;88;65m██[38;2;248;130;72m██[38;2;113;47;47m  [38;2;0;0;0m  
[38;2;0;0;0m            [38;2;3;3;3m  [38;2;59;65;76m██[38;2;103;82;92m██[38;2;187;165;165m██[38;2;152;150;150m██[38;2;158;152;150m██[38;2;191;166;165m██[38;2;174;86;64m██[38;2;192;96;64m██[38;2;93;69;61m██[38;2;0;0;0m      [38;2;114;48;48m  [38;2;248;96;64m████[38;2;217;85;63m  [38;2;35;15;15m  
[38;2;0;0;0m            [38;2;27;24;20m  [38;2;207;186;152m██[38;2;218;198;166m██[38;2;127;92;96m██[38;2;170;174;181m██[38;2;209;177;167m██[38;2;175;83;64m██[38;2;192;96;64m██[38;2;159;87;64m██[38;2;130;64;64m██[38;2;61;25;25m  [38;2;0;0;0m  [38;2;38;16;16m  [38;2;224;88;64m██[38;2;248;96;64m████[38;2;223;87;64m██[38;2;37;15;15m  
[38;2;0;0;0m            [38;2;236;212;173m██[38;2;240;216;176m██[38;2;240;215;176m██[38;2;237;214;174m██[38;2;236;213;174m██[38;2;120;119;121m██[38;2;192;96;64m████[38;2;65;64;64m██[38;2;18;16;16m██[38;2;0;0;0m      [38;2;116;48;48m  [38;2;248;96;64m████[38;2;116;48;48m  [38;2;0;0;0m  
[38;2;0;0;0m            [38;2;112;80;84m██[38;2;136;104;108m██[38;2;205;169;152m██[38;2;152;140;120m██[38;2;119;96;101m██[38;2;114;79;68m██[38;2;128;80;64m██[38;2;149;128;64m██[38;2;248;224;64m████[38;2;92;83;23m  [38;2;0;0;0m      [38;2;107;44;40m██[38;2;106;43;39m██[38;2;0;0;0m    
[38;2;0;0;0m          [38;2;2;1;0m  [38;2;159;87;64m██[38;2;66;64;64m██[38;2;64;64;64m██[38;2;202;88;64m██[38;2;161;88;64m██[38;2;67;64;64m████[38;2;200;181;64m██[38;2;248;224;64m██[38;2;246;221;64m██[38;2;184;165;47m██[38;2;0;0;0m      [38;2;65;43;20m██[38;2;61;40;19m██[38;2;0;0;0m    
[38;2;0;0;0m    [38;2;25;12;8m  [38;2;103;51;34m██[38;2;51;38;34m██[38;2;153;72;56m██[38;2;147;68;55m██[38;2;109;66;55m██[38;2;98;85;64m██[38;2;198;96;64m██[38;2;248;96;64m██[38;2;209;83;64m██[38;2;248;96;64m██[38;2;184;84;64m██[38;2;160;137;64m██[38;2;201;95;64m██[38;2;152;60;47m██[38;2;0;0;0m    [38;2;100;90;25m  [38;2;214;193;55m██[38;2;28;25;7m  [38;2;0;0;0m    
[38;2;3;3;3m  [38;2;63;69;81m██[38;2;165;79;72m██[38;2;189;94;64m██[38;2;135;67;45m  [38;2;0;0;0m      [38;2;215;176;64m██[38;2;224;88;64m██[38;2;221;88;64m██[38;2;225;186;64m██[38;2;176;72;64m██[38;2;248;96;64m██[38;2;201;88;64m██[38;2;127;64;64m██[38;2;157;65;64m██[38;2;42;19;18m██[38;2;56;49;25m██[38;2;231;207;71m██[38;2;135;118;62m  [38;2;0;0;0m      
[38;2;33;34;36m██[38;2;166;170;177m██[38;2;94;84;84m██[38;2;171;134;134m██[38;2;0;0;0m      [38;2;83;73;38m  [38;2;99;87;64m██[38;2;196;97;64m██[38;2;176;104;64m██[38;2;247;224;64m██[38;2;203;136;64m██[38;2;209;91;64m██[38;2;127;91;87m██[38;2;79;70;69m██[38;2;179;77;64m██[38;2;83;67;64m██[38;2;192;168;88m██[38;2;108;94;49m██[38;2;0;0;0m        
[38;2;0;0;0m              [38;2;129;113;59m  [38;2;166;149;91m██[38;2;195;180;73m██[38;2;246;222;64m██[38;2;242;218;66m██[38;2;189;165;88m██[38;2;117;116;97m██[38;2;248;224;64m██[38;2;109;103;64m██[38;2;116;72;64m██[38;2;248;96;64m██[38;2;61;50;47m██[38;2;0;0;0m          
[38;2;0;0;0m                [38;2;82;73;43m██[38;2;76;73;66m██[38;2;128;119;66m██[38;2;172;151;84m██[38;2;163;147;92m██[38;2;206;190;73m██[38;2;248;224;64m██[38;2;109;103;64m██[38;2;205;152;149m██[38;2;188;76;64m██[38;2;179;95;86m██[38;2;38;38;38m  [38;2;0;0;0m        
[38;2;0;0;0m            [38;2;24;24;25m██[38;2;18;9;10m██[38;2;183;89;64m██[38;2;100;68;64m██[38;2;61;51;47m██[38;2;0;0;0m    [38;2;159;144;41m  [38;2;200;181;67m██[38;2;187;186;183m██[38;2;96;74;66m██[38;2;220;202;202m██[38;2;94;94;94m██[38;2;53;53;53m  [38;2;0;0;0m        
[38;2;0;0;0m            [38;2;133;138;147m██[38;2;182;161;162m██[38;2;172;80;64m██[38;2;96;48;32m██[38;2;48;24;16m  [38;2;0;0;0m      [38;2;75;67;40m██[38;2;74;72;66m██[38;2;96;90;70m██[38;2;79;79;79m██[38;2;0;0;0m            
[38;2;0;0;0m                          [38;2;20;8;8m  [38;2;210;89;64m██[38;2;97;69;64m██[38;2;134;76;64m██[38;2;61;23;15m██[38;2;0;0;0m            
[38;2;0;0;0m                          [38;2;164;144;144m██[38;2;197;79;64m████[38;2;204;79;52m██[38;2;18;7;4m  [38;2;0;0;0m            
[38;2;0;0;0m                        [38;2;48;48;48m██  [38;2;29;12;12m  [38;2;215;198;198m██[38;2;88;37;37m  [38;2;0;0;0m              
[38;2;0;0;0m                              [38;2;48;48;48m  [38;2;0;0;0m                [0m
