
[38;2;0;0;0m          [38;2;26;26;36m    [38;2;0;0;0m          [38;2;8;8;12m  [38;2;35;35;49m██[38;2;26;26;36m  [38;2;0;0;0m      
[38;2;0;0;0m          [38;2;26;26;36m  [38;2;125;143;191m██[38;2;20;38;44m  [38;2;0;0;0m  [38;2;38;74;79m  [38;2;4;0;0m  [38;2;0;0;0m  [38;2;113;113;159m██[38;2;121;177;217m██[38;2;26;26;36m  [38;2;0;0;0m      
[38;2;0;0;0m        [38;2;12;24;26m  [38;2;12;12;12m  [38;2;132;153;202m██[38;2;53;85;101m██[38;2;0;0;0m  [38;2;51;86;91m██[38;2;37;53;55m██[38;2;67;67;78m██[38;2;131;156;205m██[38;2;26;51;58m██[38;2;0;0;0m        
[38;2;0;0;0m        [38;2;24;49;52m██[38;2;61;74;75m██[38;2;135;143;193m██[38;2;102;109;134m██[38;2;49;49;49m██[38;2;103;103;135m██[38;2;121;121;163m██[38;2;135;135;187m██[38;2;131;156;205m██[38;2;26;51;58m██[38;2;0;0;0m        
[38;2;0;0;0m        [38;2;34;37;36m██[38;2;124;124;171m██[38;2;112;112;147m██[38;2;126;126;171m██[38;2;140;140;195m██████[38;2;133;152;203m██[38;2;79;133;151m██[38;2;6;4;4m  [38;2;12;24;25m  [38;2;0;0;0m      
[38;2;0;0;0m    [38;2;97;98;135m██[38;2;54;55;63m██[38;2;124;124;171m██[38;2;98;98;122m██[38;2;126;126;171m██[38;2;140;140;195m██████[38;2;84;84;98m██[38;2;78;96;105m██[38;2;61;116;126m██[38;2;61;103;109m██[38;2;39;61;64m██[38;2;0;0;0m      
[38;2;0;0;0m    [38;2;32;32;47m██[38;2;86;88;113m██[38;2;140;140;195m██[38;2;90;90;113m██[38;2;140;140;195m████[38;2;118;118;162m██[38;2;84;84;98m██[38;2;140;140;195m████[38;2;76;101;108m██[38;2;58;74;78m██[38;2;21;12;12m  [38;2;0;0;0m  [38;2;23;32;41m  [38;2;0;0;0m  
[38;2;0;0;0m    [38;2;24;25;36m██[38;2;99;102;147m██[38;2;140;140;195m██[38;2;132;132;186m██[38;2;140;140;195m████[38;2;132;132;186m██[38;2;140;140;195m██████[38;2;131;156;205m██[38;2;105;167;196m██[38;2;92;166;188m██[38;2;80;154;176m██[38;2;92;129;164m██[38;2;0;0;0m  
[38;2;0;0;0m      [38;2;55;55;82m  [38;2;108;108;158m██[38;2;126;126;171m██[38;2;138;137;193m██[38;2;126;122;177m██[38;2;132;132;186m██[38;2;140;140;195m██████[38;2;129;129;183m████[38;2;132;132;186m██[38;2;140;140;195m██[38;2;78;78;110m  [38;2;0;0;0m  
[38;2;0;0;0m    [38;2;0;2;0m  [38;2;46;18;39m  [38;2;107;78;124m██[38;2;147;58;131m██[38;2;109;106;124m██[38;2;203;188;223m██[38;2;189;175;180m██[38;2;132;132;188m██[38;2;126;126;171m██[38;2;84;84;98m██[38;2;73;73;85m██[38;2;68;78;89m██[38;2;96;64;110m██[38;2;34;34;48m██[38;2;0;0;0m    
[38;2;0;0;0m  [38;2;28;15;26m  [38;2;140;42;122m██[38;2;156;50;136m██[38;2;92;67;97m██[38;2;202;43;168m██[38;2;121;83;114m██[38;2;83;72;93m██[38;2;168;147;172m██[38;2;98;66;101m██[38;2;127;55;109m██[38;2;206;40;166m████[38;2;196;50;172m██[38;2;84;52;83m██[38;2;14;2;12m  [38;2;0;0;0m    
[38;2;0;0;0m  [38;2;65;52;63m██[38;2;130;77;121m██[38;2;98;72;93m██[38;2;100;59;90m██[38;2;127;51;109m██[38;2;156;50;135m██[38;2;136;98;152m██[38;2;102;72;104m██[38;2;105;65;100m██[38;2;114;71;105m██[38;2;153;105;149m██[38;2;182;35;151m██[38;2;206;41;166m██[38;2;208;41;168m██[38;2;136;25;111m██[38;2;0;0;0m    
[38;2;0;0;0m  [38;2;77;70;80m  [38;2;137;126;143m██[38;2;111;102;116m██[38;2;12;12;12m  [38;2;111;56;113m██[38;2;79;76;94m██[38;2;76;74;88m██[38;2;93;73;109m██[38;2;93;71;109m██[38;2;100;80;121m██[38;2;17;13;20m  [38;2;160;124;184m██[38;2;182;55;160m██[38;2;199;39;161m██[38;2;184;64;168m██[38;2;0;0;0m    
[38;2;0;0;0m    [38;2;59;55;62m██[38;2;34;31;35m██[38;2;0;0;0m  [38;2;67;57;74m██[38;2;83;68;87m██[38;2;108;91;122m██[38;2;137;117;129m██[38;2;214;197;140m██[38;2;131;112;158m██[38;2;33;30;44m  [38;2;17;10;17m  [38;2;155;118;185m██[38;2;179;62;167m██[38;2;85;70;104m██[38;2;0;0;0m    
[38;2;0;0;0m    [38;2;25;23;26m  [38;2;128;118;134m██[38;2;57;51;40m██[38;2;121;101;111m██[38;2;116;90;131m██[38;2;195;176;142m██[38;2;220;203;146m██[38;2;143;123;134m██[38;2;134;114;158m██[38;2;46;42;60m██[38;2;0;0;0m  [38;2;148;135;190m██[38;2;185;169;238m██[38;2;37;33;47m  [38;2;0;0;0m    
[38;2;0;0;0m      [38;2;102;94;107m██[38;2;98;89;84m██[38;2;131;111;123m██[38;2;143;122;134m████[38;2;118;96;131m██[38;2;115;98;131m██[38;2;145;131;183m██[38;2;12;11;15m  [38;2;37;33;47m  [38;2;185;169;238m██[38;2;37;33;47m  [38;2;0;0;0m      
[38;2;0;0;0m    [38;2;8;7;8m  [38;2;111;102;116m██[38;2;81;78;56m██[38;2;131;113;123m██[38;2;143;122;134m████[38;2;107;88;121m██[38;2;108;104;124m██[38;2;124;124;142m  [38;2;0;0;0m  [38;2;86;79;111m██[38;2;49;45;63m██[38;2;0;0;0m        
[38;2;0;0;0m  [38;2;0;0;4m  [38;2;118;114;120m██[38;2;69;66;71m██[38;2;4;4;6m  [38;2;142;123;107m██[38;2;135;119;107m██[38;2;127;110;120m██[38;2;76;70;84m██[38;2;203;202;210m██[38;2;143;143;143m  [38;2;46;47;46m  [38;2;186;171;233m██[38;2;181;178;186m██[38;2;0;0;0m        
[38;2;7;7;8m  [38;2;117;114;119m██[38;2;146;141;146m██[38;2;35;35;35m  [38;2;0;0;0m  [38;2;0;0;13m  [38;2;80;69;73m██[38;2;90;73;106m██[38;2;117;115;122m██[38;2;255;255;255m██[38;2;237;239;237m██[38;2;46;47;46m  [38;2;149;137;185m██[38;2;206;202;213m██[38;2;255;255;255m██[38;2;63;63;63m██[38;2;0;0;0m    
[38;2;43;43;45m██[38;2;78;78;80m██[38;2;0;0;0m        [38;2;18;16;19m██[38;2;87;71;100m██[38;2;101;101;101m██[38;2;243;243;243m██[38;2;47;47;47m  [38;2;0;0;0m  [38;2;49;45;63m██[38;2;150;140;170m██[38;2;255;255;255m██[38;2;207;207;207m██[38;2;0;0;0m    
[38;2;0;0;0m            [38;2;141;141;141m██[38;2;35;35;35m    [38;2;191;191;191m██[38;2;100;100;100m██[38;2;15;15;15m  [38;2;0;0;0m  [38;2;111;101;138m  [38;2;167;157;195m██[38;2;247;247;248m██[38;2;47;47;47m  [38;2;0;0;0m  
[38;2;0;0;0m                  [38;2;47;47;47m  [38;2;63;63;63m██[38;2;15;15;15m  [38;2;0;0;0m    [38;2;45;41;55m██[38;2;167;157;199m██[38;2;239;239;239m██[38;2;47;47;47m  [0m
