
[38;2;0;0;0m                          [38;2;49;49;49m██████[38;2;0;0;0m            
[38;2;0;0;0m                      [38;2;49;49;49m████[38;2;82;148;205m██████[38;2;49;49;49m████[38;2;0;0;0m        
[38;2;0;0;0m                    [38;2;49;49;49m██[38;2;82;148;205m████[38;2;82;82;82m████████[38;2;82;148;205m██[38;2;49;49;49m██[38;2;0;0;0m      
[38;2;0;0;0m                  [38;2;49;49;49m██[38;2;82;148;205m██[38;2;82;82;82m████[38;2;115;197;255m████████[38;2;82;82;82m████[38;2;49;49;49m██[38;2;0;0;0m    
[38;2;0;0;0m                [38;2;49;49;49m██[38;2;82;148;205m██[38;2;82;82;82m██[38;2;115;197;255m████[38;2;49;49;49m████████[38;2;82;148;205m████[38;2;49;49;49m████[38;2;0;0;0m  
[38;2;0;0;0m            [38;2;49;49;49m████[38;2;115;197;255m██[38;2;82;82;82m██[38;2;115;197;255m██[38;2;49;49;49m████[38;2;0;0;0m        [38;2;49;49;49m██[38;2;82;82;82m██[38;2;115;197;255m██[38;2;82;148;205m██[38;2;49;49;49m██
[38;2;0;0;0m        [38;2;49;49;49m████[38;2;115;197;255m████████[38;2;49;49;49m██[38;2;0;0;0m              [38;2;49;49;49m██[38;2;82;148;205m████[38;2;49;49;49m██
[38;2;0;0;0m      [38;2;49;49;49m██[38;2;115;197;255m██████████████[38;2;49;49;49m██[38;2;0;0;0m              [38;2;49;49;49m████[38;2;0;0;0m  
[38;2;0;0;0m    [38;2;49;49;49m██[38;2;172;230;255m██[38;2;246;246;41m██[38;2;115;197;255m██████████████[38;2;49;49;49m██[38;2;0;0;0m                  
[38;2;0;0;0m    [38;2;49;49;49m██[38;2;82;82;82m██[38;2;115;197;255m████████[38;2;246;246;41m██[38;2;115;197;255m██████[38;2;49;49;49m██[38;2;0;0;0m                  
[38;2;0;0;0m    [38;2;49;49;49m██[38;2;246;246;41m██[38;2;115;197;255m████████[38;2;82;82;82m██[38;2;115;197;255m██[38;2;246;246;41m██[38;2;115;197;255m████[38;2;49;49;49m██[38;2;0;0;0m                
[38;2;0;0;0m    [38;2;49;49;49m██[38;2;189;164;65m██[38;2;115;197;255m██████[38;2;82;148;205m██[38;2;246;246;41m██[38;2;189;164;65m██[38;2;82;148;205m██[38;2;115;197;255m████[38;2;49;49;49m██[38;2;0;0;0m                
[38;2;0;0;0m      [38;2;49;49;49m██[38;2;115;197;255m██████[38;2;246;246;41m██[38;2;49;49;49m██[38;2;246;246;41m██[38;2;82;148;205m██[38;2;115;197;255m██[38;2;82;148;205m██[38;2;49;49;49m██[38;2;0;0;0m                
[38;2;0;0;0m  [38;2;49;49;49m████████[38;2;82;148;205m██[38;2;115;197;255m██[38;2;246;246;41m██[38;2;57;123;255m██[38;2;246;246;41m██[38;2;82;148;205m████[38;2;49;49;49m██[38;2;0;0;0m                  
[38;2;49;49;49m██[38;2;82;148;205m████████[38;2;82;82;82m████[38;2;82;148;205m██[38;2;246;246;41m██[38;2;82;148;205m████[38;2;49;49;49m██[38;2;0;0;0m                    
[38;2;0;0;0m  [38;2;49;49;49m██[38;2;82;148;205m████[38;2;49;49;49m██[38;2;82;82;82m██[38;2;82;148;205m██[38;2;213;82;65m██[38;2;82;82;82m██████[38;2;82;148;205m██[38;2;49;49;49m██[38;2;0;0;0m                  
[38;2;0;0;0m    [38;2;49;49;49m████[38;2;41;139;98m██[38;2;49;49;49m██[38;2;115;197;255m██[38;2;213;82;65m██[38;2;115;197;255m████[38;2;82;82;82m██[38;2;82;148;205m██[38;2;115;197;255m██[38;2;49;49;49m████[38;2;0;0;0m              
[38;2;0;0;0m        [38;2;49;49;49m██[38;2;82;148;205m██[38;2;57;123;255m██[38;2;246;246;41m██[38;2;115;197;255m████[38;2;82;82;82m██[38;2;115;197;255m████████[38;2;49;49;49m██[38;2;0;0;0m            
[38;2;0;0;0m          [38;2;49;49;49m██████[38;2;82;82;82m██[38;2;82;148;205m████[38;2;49;49;49m██[38;2;115;197;255m██████[38;2;49;49;49m██[38;2;0;0;0m            
[38;2;0;0;0m                [38;2;49;49;49m██████[38;2;0;0;0m  [38;2;49;49;49m██████[38;2;0;0;0m              [0m
