
[38;2;0;0;0m                    [38;2;0;1;0m  [38;2;20;20;16m██[38;2;0;0;0m    [38;2;0;1;0m  [38;2;0;0;0m  
[38;2;0;0;0m            [38;2;0;2;0m    [38;2;0;0;0m  [38;2;39;34;32m  [38;2;114;94;94m██[38;2;13;13;11m  [38;2;0;3;0m  [38;2;66;58;54m  [38;2;112;95;92m██[38;2;32;29;26m  
[38;2;0;0;0m            [38;2;129;131;124m██[38;2;122;122;118m██[38;2;36;37;33m██[38;2;95;81;69m██[38;2;95;83;70m██[38;2;113;107;92m██[38;2;113;97;97m██[38;2;119;101;94m██[38;2;61;52;42m  [38;2;0;0;0m  
[38;2;0;0;0m            [38;2;51;54;48m██[38;2;75;71;67m██[38;2;78;70;64m██[38;2;186;180;173m██[38;2;186;186;178m██[38;2;252;231;194m██[38;2;67;66;66m██[38;2;107;91;73m██[38;2;82;72;58m  [38;2;0;1;0m  
[38;2;0;0;0m          [38;2;128;93;100m██[38;2;255;176;202m██[38;2;225;138;161m██[38;2;104;85;79m██[38;2;69;64;57m██[38;2;101;103;97m██[38;2;164;164;158m██[38;2;58;50;39m  [38;2;0;2;0m  [38;2;0;1;0m  [38;2;0;0;0m  
[38;2;0;0;0m      [38;2;0;3;0m  [38;2;131;76;87m██[38;2;247;142;166m██[38;2;255;165;191m██[38;2;73;70;65m██[38;2;209;124;144m██[38;2;0;2;0m  [38;2;0;0;0m  [38;2;0;4;0m██[38;2;0;0;0m        
[38;2;0;0;0m    [38;2;32;34;31m  [38;2;158;117;127m██[38;2;229;151;170m██[38;2;150;94;108m██[38;2;156;133;138m██[38;2;95;81;79m██[38;2;227;132;155m██[38;2;0;2;0m  [38;2;0;0;0m            
[38;2;0;0;0m  [38;2;11;14;10m  [38;2;150;150;142m██[38;2;162;127;133m██[38;2;90;83;85m██[38;2;231;209;215m██[38;2;211;197;197m██[38;2;130;97;99m██[38;2;58;37;40m██[38;2;0;0;0m    [38;2;12;14;10m██[38;2;12;13;10m  [38;2;0;0;0m      
[38;2;0;1;0m  [38;2;124;125;118m██[38;2;159;158;150m██[38;2;107;104;94m██[38;2;117;94;91m██[38;2;188;123;137m██[38;2;172;142;146m██[38;2;199;124;136m██[38;2;142;115;107m██[38;2;78;68;60m██[38;2;80;68;66m██[38;2;140;118;113m██[38;2;138;113;114m██[38;2;36;31;29m  [38;2;0;0;0m    
[38;2;0;0;0m  [38;2;71;73;51m  [38;2;112;112;104m██[38;2;98;98;73m██[38;2;134;104;107m██[38;2;126;112;111m██[38;2;206;137;147m██[38;2;96;82;84m██[38;2;156;123;123m██[38;2;132;112;109m██[38;2;134;111;108m██[38;2;140;118;113m████[38;2;71;62;58m██[38;2;0;0;0m    
[38;2;0;0;0m  [38;2;70;55;44m  [38;2;86;80;72m██[38;2;67;66;66m██[38;2;174;122;128m██[38;2;206;137;147m██[38;2;225;138;156m██[38;2;184;134;131m██[38;2;191;155;136m██[38;2;91;80;78m██[38;2;140;117;112m██[38;2;140;118;113m████[38;2;140;116;113m██[38;2;40;41;40m  [38;2;0;0;0m  
[38;2;8;8;5m  [38;2;99;80;65m██[38;2;103;89;77m██[38;2;218;180;155m██[38;2;148;100;112m██[38;2;244;142;166m██[38;2;227;137;156m██[38;2;178;144;132m██[38;2;103;86;81m██[38;2;124;105;94m██[38;2;139;117;113m██[38;2;140;118;113m████[38;2;140;116;112m██[38;2;85;77;74m██[38;2;22;21;15m  
[38;2;5;6;5m  [38;2;68;61;51m██[38;2;102;89;79m██[38;2;218;185;155m██[38;2;134;119;106m██[38;2;97;84;84m██[38;2;174;131;127m██[38;2;225;187;158m██[38;2;100;92;86m██[38;2;115;94;76m██[38;2;135;114;110m██[38;2;140;118;113m████[38;2;104;92;90m██[38;2;136;111;109m██[38;2;32;29;26m  
[38;2;0;0;0m  [38;2;70;72;57m  [38;2;109;98;92m██[38;2;188;159;136m██[38;2;217;182;154m██[38;2;223;186;157m██[38;2;210;178;150m██[38;2;189;158;138m██[38;2;136;115;106m██[38;2;77;76;70m██[38;2;93;90;73m██[38;2;118;101;97m██[38;2;88;88;78m██[38;2;90;91;75m██[38;2;0;2;0m  [38;2;0;0;0m  
[38;2;0;0;0m  [38;2;0;3;0m  [38;2;112;112;92m██[38;2;188;156;138m██[38;2;146;125;112m██[38;2;194;161;140m██[38;2;126;110;100m██[38;2;169;142;127m██[38;2;125;106;102m██[38;2;109;109;105m██[38;2;187;187;179m██[38;2;111;111;101m██[38;2;96;101;97m██[38;2;78;80;74m██[38;2;0;0;0m    
[38;2;0;0;0m    [38;2;53;55;43m██[38;2;105;103;88m██[38;2;90;84;76m██[38;2;135;116;104m██[38;2;128;109;103m██[38;2;103;96;90m██[38;2;106;91;87m██[38;2;103;96;88m██[38;2;185;185;178m██[38;2;146;148;139m██[38;2;141;144;138m██[38;2;114;116;111m██[38;2;0;1;0m  [38;2;0;0;0m  
[38;2;0;0;0m    [38;2;0;1;0m  [38;2;127;127;101m██[38;2;131;121;110m██[38;2;230;207;179m██[38;2;66;66;66m██[38;2;107;102;95m██[38;2;254;223;186m██[38;2;148;132;115m██[38;2;66;66;66m██[38;2;148;151;145m██[38;2;194;194;187m██[38;2;155;157;151m██[38;2;0;3;0m  [38;2;0;0;0m  
[38;2;0;0;0m      [38;2;0;1;0m  [38;2;100;92;79m██[38;2;134;119;105m██[38;2;180;162;141m██[38;2;200;180;156m██[38;2;144;127;112m██[38;2;117;106;92m██[38;2;77;74;72m██[38;2;106;100;96m██[38;2;80;78;77m██[38;2;150;148;142m██[38;2;0;3;0m  [38;2;0;0;0m  
[38;2;0;0;0m        [38;2;0;1;0m  [38;2;76;73;70m██[38;2;134;111;99m██[38;2;195;175;147m██[38;2;201;175;147m██[38;2;74;63;63m██[38;2;108;90;72m██[38;2;110;91;72m██[38;2;111;92;72m██[38;2;34;34;31m██[38;2;0;0;0m    
[38;2;0;0;0m        [38;2;0;1;0m  [38;2;87;65;45m██[38;2;140;93;74m██[38;2;73;65;63m██[38;2;118;78;66m██[38;2;141;105;106m██[38;2;84;72;65m██[38;2;69;60;50m██[38;2;43;38;28m██[38;2;112;91;73m██[38;2;61;49;39m  [38;2;0;0;0m  
[38;2;0;0;0m        [38;2;57;45;29m██[38;2;8;9;5m  [38;2;64;64;57m██[38;2;177;116;113m██[38;2;171;118;120m██[38;2;150;100;105m██[38;2;186;122;119m██[38;2;0;2;0m  [38;2;0;0;0m  [38;2;0;3;0m  [38;2;0;2;0m  [38;2;0;0;0m  
[38;2;0;0;0m        [38;2;0;1;0m  [38;2;0;0;0m  [38;2;0;1;0m  [38;2;21;24;15m    [38;2;0;1;0m  [38;2;25;28;18m  [38;2;0;0;0m          [0m
