
[38;2;0;0;0m            [38;2;36;35;18m  [38;2;0;0;0m                        
[38;2;0;0;0m          [38;2;171;165;85m  [38;2;147;142;73m██[38;2;0;0;0m                        
[38;2;0;0;0m        [38;2;23;22;11m  [38;2;234;227;116m██[38;2;255;247;130m██[38;2;13;12;6m██[38;2;0;0;0m                      
[38;2;0;0;0m        [38;2;93;91;47m██[38;2;255;247;129m██[38;2;255;247;127m██[38;2;136;130;67m██[38;2;3;0;0m  [38;2;0;0;0m                    
[38;2;0;0;0m      [38;2;53;52;26m  [38;2;213;200;106m██[38;2;255;247;130m██[38;2;228;215;111m██[38;2;251;243;125m██[38;2;134;129;67m██[38;2;0;0;0m                    
[38;2;0;0;0m      [38;2;214;208;106m██[38;2;215;200;105m██[38;2;255;247;130m██[38;2;221;207;107m██[38;2;254;246;129m██[38;2;207;200;113m██[38;2;0;0;0m                    
[38;2;0;0;0m    [38;2;80;78;40m██[38;2;201;184;96m██[38;2;255;247;127m██[38;2;240;230;118m██[38;2;227;214;111m██[38;2;255;247;127m██[38;2;205;197;125m██[38;2;51;49;31m  [38;2;0;0;0m        [38;2;15;29;29m  [38;2;0;0;0m        
[38;2;0;0;0m    [38;2;196;187;96m██[38;2;234;222;117m██[38;2;255;247;128m██[38;2;198;180;94m██[38;2;255;247;129m██[38;2;220;212;126m██[38;2;205;197;125m████[38;2;0;0;0m        [38;2;62;119;118m██  [38;2;0;0;0m      
[38;2;0;0;0m    [38;2;211;204;105m██[38;2;255;247;129m██[38;2;254;243;128m██[38;2;253;238;127m██[38;2;224;215;120m██[38;2;190;180;117m██[38;2;206;198;126m████[38;2;97;93;59m██[38;2;0;0;0m      [38;2;46;89;88m  [38;2;87;166;165m██[38;2;7;14;14m  [38;2;0;0;0m    
[38;2;0;0;0m    [38;2;80;78;40m██[38;2;255;247;129m██[38;2;188;175;93m██[38;2;177;149;88m██[38;2;224;221;214m██[38;2;139;126;98m██[38;2;206;198;126m██[38;2;101;99;81m██[38;2;178;171;109m██[38;2;0;0;0m        [38;2;99;187;190m██[38;2;82;156;155m██[38;2;0;0;0m    
[38;2;0;0;0m  [38;2;50;48;25m  [38;2;240;239;129m██[38;2;99;168;160m██[38;2;117;147;148m██[38;2;185;129;118m██[38;2;181;196;183m██[38;2;109;170;165m██[38;2;167;156;108m██[38;2;101;99;81m██[38;2;178;171;109m██[38;2;0;0;0m  [38;2;29;28;18m  [38;2;0;0;0m    [38;2;78;149;147m██[38;2;94;167;165m██[38;2;30;37;36m  [38;2;0;0;0m  
[38;2;29;39;33m  [38;2;132;158;123m██[38;2;110;174;159m██[38;2;100;188;190m██[38;2;101;189;192m██[38;2;101;188;192m██[38;2;140;140;106m██[38;2;184;177;118m██[38;2;196;186;121m██[38;2;205;196;125m██[38;2;60;58;43m██[38;2;0;0;0m  [38;2;119;114;72m██[38;2;0;0;0m    [38;2;18;22;20m██[38;2;176;181;107m██[38;2;75;106;105m██[38;2;19;37;36m  
[38;2;0;0;3m  [38;2;87;117;104m  [38;2;76;142;144m██[38;2;90;170;172m██[38;2;84;159;164m██[38;2;103;172;168m██[38;2;139;160;132m██[38;2;186;176;115m██[38;2;206;197;126m██[38;2;131;120;99m██[38;2;188;185;132m██[38;2;20;20;20m██[38;2;156;155;110m██[38;2;159;154;102m██[38;2;23;22;13m  [38;2;93;91;53m██[38;2;233;225;122m██[38;2;65;64;58m██[38;2;16;16;8m  
[38;2;0;0;0m      [38;2;13;30;28m  [38;2;33;50;46m██[38;2;140;159;132m██[38;2;188;178;117m████[38;2;206;198;126m██[38;2;205;197;125m██[38;2;127;139;121m██[38;2;129;157;133m██[38;2;95;98;84m██[38;2;85;85;73m██[38;2;154;149;84m██[38;2;255;247;130m██[38;2;168;162;99m██[38;2;217;210;114m██[38;2;67;64;33m██
[38;2;0;0;0m          [38;2;16;33;34m  [38;2;140;148;119m██[38;2;89;111;113m██[38;2;166;177;132m██[38;2;111;116;108m██[38;2;99;187;190m████[38;2;112;159;145m██[38;2;116;130;105m██[38;2;255;247;130m██[38;2;240;231;122m██[38;2;226;216;118m██[38;2;191;185;99m██[38;2;0;0;0m  
[38;2;0;0;0m        [38;2;29;54;56m  [38;2;76;137;141m██[38;2;75;136;146m██[38;2;75;138;146m██[38;2;99;167;170m██[38;2;111;182;177m██[38;2;99;187;190m██[38;2;96;184;191m██[38;2;77;116;121m██[38;2;216;215;135m██[38;2;255;247;127m████[38;2;229;221;126m██[38;2;194;187;119m██[38;2;40;39;24m  
[38;2;0;0;0m        [38;2;4;1;0m  [38;2;32;46;45m  [38;2;71;145;157m██[38;2;89;165;178m██[38;2;100;188;190m██[38;2;98;187;190m██[38;2;95;177;182m██[38;2;80;107;113m██[38;2;75;74;75m██[38;2;159;153;97m██[38;2;205;197;125m████[38;2;170;163;104m██[38;2;0;0;0m    
[38;2;0;0;0m            [38;2;40;83;88m██[38;2;71;133;159m██[38;2;81;152;171m██[38;2;98;186;190m██[38;2;77;125;137m██[38;2;86;130;132m██[38;2;54;74;72m██[38;2;5;5;3m  [38;2;84;80;55m██[38;2;100;98;80m██[38;2;69;107;104m██[38;2;0;0;0m    
[38;2;0;0;0m              [38;2;145;135;98m██[38;2;93;102;93m██[38;2;156;168;124m██[38;2;124;136;110m██[38;2;65;121;133m██[38;2;24;44;48m  [38;2;2;5;5m  [38;2;56;108;113m██[38;2;77;156;164m██[38;2;22;46;49m██[38;2;0;0;0m    
[38;2;0;0;0m            [38;2;59;66;60m  [38;2;91;102;94m██[38;2;208;213;127m██[38;2;254;246;126m██[38;2;233;232;129m██[38;2;190;192;108m██[38;2;0;0;0m  [38;2;16;21;22m██[38;2;132;174;179m██[38;2;159;180;181m██[38;2;5;11;12m  [38;2;0;0;0m    
[38;2;0;0;0m            [38;2;121;133;117m██[38;2;96;115;122m██[38;2;137;141;119m██[38;2;222;216;124m██[38;2;159;149;92m██[38;2;0;0;0m                
[38;2;0;0;0m              [38;2;56;63;66m  [38;2;45;48;48m██[38;2;31;31;29m██[38;2;15;14;10m  [38;2;0;0;0m                [0m
