
[38;2;0;0;0m        [38;2;70;73;73m██[38;2;198;198;206m██[38;2;0;2;0m  [38;2;0;0;0m    [38;2;0;1;0m  [38;2;63;66;62m██[38;2;0;1;0m  [38;2;0;0;0m                  
[38;2;0;0;0m        [38;2;70;73;74m██[38;2;138;142;141m██[38;2;130;137;135m██[38;2;13;16;13m  [38;2;0;3;0m  [38;2;182;189;188m  [38;2;220;220;222m██[38;2;0;3;0m  [38;2;0;0;0m            [38;2;0;2;0m  [38;2;0;3;0m  [38;2;0;0;0m  
[38;2;0;0;0m      [38;2;0;1;0m  [38;2;126;130;130m██[38;2;233;233;230m██[38;2;234;239;236m██[38;2;231;239;238m██[38;2;175;180;181m██[38;2;223;223;224m██[38;2;163;164;170m██[38;2;0;2;0m  [38;2;0;0;0m          [38;2;71;53;74m██[38;2;164;118;170m██[38;2;200;143;204m██[38;2;44;34;44m██
[38;2;0;0;0m    [38;2;0;1;0m  [38;2;172;177;173m  [38;2;233;238;236m██[38;2;234;238;235m██[38;2;234;239;236m██[38;2;233;239;236m██[38;2;227;230;227m██[38;2;198;199;205m██[38;2;99;101;103m██[38;2;0;0;0m          [38;2;118;88;121m  [38;2;208;150;214m██[38;2;206;147;214m██[38;2;126;89;127m██[38;2;6;5;6m  
[38;2;0;0;0m    [38;2;30;33;31m  [38;2;211;215;212m██[38;2;234;238;235m██[38;2;234;239;236m██████[38;2;234;237;234m██[38;2;236;236;233m██[38;2;142;142;147m██[38;2;0;1;0m  [38;2;0;0;0m      [38;2;17;15;17m██[38;2;171;120;173m██[38;2;100;74;102m  [38;2;0;2;0m  [38;2;0;1;0m  [38;2;0;0;0m  
[38;2;0;0;0m    [38;2;71;76;73m██[38;2;204;206;212m██[38;2;235;237;234m██[38;2;234;239;236m██████[38;2;234;237;234m██[38;2;200;200;207m██[38;2;201;198;209m██[38;2;0;3;0m  [38;2;0;0;0m    [38;2;0;2;0m  [38;2;148;96;148m██[38;2;58;40;58m██[38;2;0;0;0m        
[38;2;0;0;0m    [38;2;35;38;36m  [38;2;184;185;191m██[38;2;222;222;223m██[38;2;231;231;229m██[38;2;197;203;203m██[38;2;168;171;168m██[38;2;184;184;187m██[38;2;201;198;209m████[38;2;0;3;0m  [38;2;0;0;0m    [38;2;0;2;0m  [38;2;134;92;134m██[38;2;13;12;13m  [38;2;0;0;0m        
[38;2;0;0;0m      [38;2;4;8;4m  [38;2;230;233;233m██[38;2;160;164;155m██[38;2;62;52;62m██[38;2;237;237;237m██[38;2;229;227;233m██[38;2;201;198;209m██[38;2;103;105;103m██[38;2;0;0;0m        [38;2;18;15;18m██[38;2;58;40;58m██[38;2;0;0;0m        
[38;2;0;0;0m    [38;2;0;1;0m  [38;2;161;162;164m██[38;2;227;228;233m██[38;2;216;220;222m██[38;2;149;142;154m██[38;2;220;219;225m██[38;2;147;146;153m██[38;2;85;86;88m██[38;2;128;129;124m██[38;2;55;58;52m  [38;2;0;1;0m  [38;2;0;0;0m    [38;2;7;6;7m  [38;2;139;98;142m██[38;2;99;72;102m  [38;2;0;0;0m      
[38;2;0;0;0m      [38;2;0;2;0m  [38;2;175;176;177m██[38;2;181;181;183m██[38;2;141;141;145m██[38;2;75;78;77m██[38;2;13;15;13m  [38;2;0;0;0m  [38;2;82;84;78m██[38;2;138;138;131m██[38;2;0;1;0m  [38;2;0;0;0m      [38;2;0;2;0m  [38;2;206;148;214m██[38;2;80;60;83m██[38;2;0;0;0m    
[38;2;0;0;0m        [38;2;8;10;8m  [38;2;136;138;142m██[38;2;153;153;156m██[38;2;184;184;184m██[38;2;193;193;195m██[38;2;60;60;54m██[38;2;121;121;115m██[38;2;31;35;31m  [38;2;0;0;0m          [38;2;94;70;97m██[38;2;209;152;214m██[38;2;0;3;0m  [38;2;0;0;0m  
[38;2;0;0;0m        [38;2;58;60;59m██[38;2;171;171;176m██[38;2;175;179;172m██[38;2;232;237;234m██[38;2;174;179;177m██[38;2;176;177;182m██[38;2;94;95;94m██[38;2;0;0;0m            [38;2;32;26;33m██[38;2;205;147;210m██[38;2;157;109;157m██[38;2;0;1;0m  
[38;2;0;0;0m      [38;2;0;2;0m  [38;2;163;164;170m██[38;2;81;81;80m██[38;2;210;215;210m██[38;2;173;177;169m██[38;2;176;179;177m██[38;2;28;33;29m██[38;2;127;127;130m██[38;2;152;148;152m  [38;2;0;1;0m  [38;2;0;0;0m      [38;2;0;1;0m  [38;2;125;84;126m██[38;2;173;120;177m██[38;2;148;106;153m██[38;2;0;1;0m  
[38;2;0;0;0m    [38;2;45;48;46m██[38;2;144;144;149m██[38;2;141;138;145m██[38;2;173;166;179m██[38;2;211;201;213m██[38;2;229;236;237m██[38;2;126;132;130m██[38;2;0;0;0m  [38;2;0;1;0m  [38;2;157;153;157m██[38;2;110;110;111m██[38;2;0;0;0m  [38;2;0;1;0m  [38;2;40;30;40m██[38;2;112;75;112m██[38;2;152;100;153m██[38;2;179;124;184m██[38;2;0;3;0m  [38;2;0;0;0m  
[38;2;0;0;0m  [38;2;125;126;130m  [38;2;159;159;162m██[38;2;181;186;185m██[38;2;163;161;167m██[38;2;182;152;188m██[38;2;195;138;202m██[38;2;166;129;170m██[38;2;210;218;218m██[38;2;4;7;4m  [38;2;0;1;0m  [38;2;5;9;5m██[38;2;214;218;218m██[38;2;66;63;66m██[38;2;124;81;124m██[38;2;150;101;150m██[38;2;151;101;151m██[38;2;151;100;151m██[38;2;68;46;68m██[38;2;0;0;0m    
[38;2;51;54;53m██[38;2;162;162;167m██[38;2;156;160;160m██[38;2;230;239;239m██[38;2;117;96;118m██[38;2;209;152;214m████[38;2;213;148;214m██[38;2;144;131;143m██[38;2;229;237;237m██[38;2;155;162;160m██[38;2;69;70;70m██[38;2;231;239;239m██[38;2;123;123;125m██[38;2;139;94;139m██[38;2;150;101;150m██[38;2;118;78;118m██[38;2;83;56;83m  [38;2;0;0;0m      
[38;2;5;7;6m  [38;2;56;56;56m██[38;2;233;239;236m██[38;2;231;239;238m██[38;2;117;96;118m██[38;2;209;150;214m████[38;2;92;80;92m██[38;2;197;197;201m██[38;2;233;239;236m████[38;2;208;215;215m██[38;2;166;169;168m██[38;2;221;226;224m██[38;2;110;95;114m██[38;2;17;15;17m██[38;2;6;5;6m  [38;2;0;0;0m        
[38;2;0;0;0m  [38;2;0;1;0m  [38;2;165;170;167m██[38;2;219;224;227m██[38;2;119;108;121m██[38;2;170;131;175m██[38;2;170;118;171m██[38;2;71;68;71m██[38;2;234;236;240m██[38;2;234;239;236m██[38;2;234;237;234m██[38;2;160;165;165m██[38;2;169;173;169m██[38;2;229;233;233m██[38;2;73;68;73m██[38;2;0;0;0m            
[38;2;0;0;0m    [38;2;2;4;2m  [38;2;7;11;8m██[38;2;198;190;206m██[38;2;86;75;89m██[38;2;151;101;151m██[38;2;72;68;72m██[38;2;232;239;237m██[38;2;234;239;236m██[38;2;217;217;220m██[38;2;69;70;70m██[38;2;185;190;184m██[38;2;225;232;231m██[38;2;59;62;56m██[38;2;0;0;0m            
[38;2;0;0;0m        [38;2;71;73;74m██[38;2;201;198;209m██[38;2;77;67;77m██[38;2;74;58;74m██[38;2;118;115;119m██[38;2;216;216;219m██[38;2;201;198;209m██[38;2;96;98;100m  [38;2;56;59;56m  [38;2;63;68;63m  [38;2;0;0;0m              
[38;2;0;0;0m    [38;2;1;3;1m  [38;2;3;7;3m██[38;2;116;118;121m██[38;2;107;109;111m██[38;2;113;114;117m  [38;2;0;0;0m  [38;2;40;39;42m  [38;2;179;171;187m  [38;2;194;194;202m██[38;2;69;72;72m██[38;2;1;3;1m  [38;2;0;0;0m                
[38;2;0;0;0m    [38;2;31;33;30m██[38;2;135;136;139m██[38;2;157;158;163m██[38;2;9;11;10m  [38;2;0;1;0m  [38;2;0;0;0m      [38;2;41;43;43m  [38;2;198;196;206m██[38;2;65;67;67m██[38;2;0;0;0m                
[38;2;0;0;0m    [38;2;0;1;0m  [38;2;0;3;0m  [38;2;0;2;0m  [38;2;0;0;0m          [38;2;13;15;13m  [38;2;204;202;211m██[38;2;90;91;94m██[38;2;0;0;0m                
[38;2;0;0;0m                [38;2;0;1;0m  [38;2;42;42;42m  [38;2;165;166;165m██[38;2;235;235;232m██[38;2;100;103;101m██[38;2;0;0;0m                
[38;2;0;0;0m                [38;2;0;1;0m  [38;2;182;189;188m  [38;2;177;178;177m██[38;2;225;233;233m██[38;2;0;1;0m  [38;2;0;0;0m                
[38;2;0;0;0m                  [38;2;0;1;0m  [38;2;31;33;31m  [38;2;60;65;62m  [38;2;0;0;0m                  [0m
