
[38;2;0;0;0m                    [38;2;40;36;28m  [38;2;0;0;0m    [38;2;15;6;6m  [38;2;57;22;25m██[38;2;0;0;0m                      
[38;2;0;0;0m            [38;2;86;33;38m  [38;2;166;64;74m  [38;2;0;0;0m    [38;2;161;145;114m██[38;2;0;0;0m    [38;2;15;6;6m  [38;2;57;22;25m██[38;2;153;59;68m██[38;2;13;5;5m  [38;2;0;0;0m                  
[38;2;0;0;0m          [38;2;55;21;24m  [38;2;163;64;73m██[38;2;0;0;0m    [38;2;7;6;5m  [38;2;182;164;130m██[38;2;0;0;0m        [38;2;59;23;26m  [38;2;174;71;76m██[38;2;0;0;0m                  
[38;2;0;0;0m          [38;2;222;86;99m██[38;2;19;8;8m  [38;2;0;0;0m    [38;2;28;25;20m██[38;2;247;222;178m██[38;2;149;134;106m  [38;2;0;0;0m        [38;2;204;79;91m██[38;2;0;0;0m                  
[38;2;0;0;0m          [38;2;222;86;99m██[38;2;0;0;0m  [38;2;2;1;1m  [38;2;49;28;27m██[38;2;254;214;175m██[38;2;246;222;178m██[38;2;201;152;128m██[38;2;68;29;32m██[38;2;42;16;18m  [38;2;0;0;0m  [38;2;19;7;8m  [38;2;159;62;71m██[38;2;0;0;0m        [38;2;17;27;36m  [38;2;0;0;0m        
[38;2;0;0;0m          [38;2;233;122;110m██[38;2;30;25;25m  [38;2;190;94;106m██[38;2;202;145;126m██[38;2;248;220;177m██[38;2;202;145;123m██[38;2;226;117;128m██[38;2;242;113;127m██[38;2;196;89;100m██[38;2;33;23;25m  [38;2;117;52;61m██[38;2;26;10;12m██[38;2;0;0;0m        [38;2;70;109;144m██[38;2;0;0;0m        
[38;2;0;0;0m            [38;2;164;113;96m██[38;2;207;107;119m██[38;2;206;160;134m██[38;2;244;217;174m██[38;2;195;116;108m██[38;2;221;118;129m██[38;2;146;82;90m██[38;2;112;79;74m██[38;2;179;81;90m██[38;2;113;50;58m  [38;2;0;1;1m  [38;2;0;0;0m    [38;2;15;23;31m  [38;2;20;20;23m██[38;2;122;189;250m██[38;2;108;167;222m██[38;2;0;0;0m  [38;2;14;25;35m██[38;2;19;35;50m██
[38;2;0;0;0m            [38;2;133;120;94m██[38;2;205;163;136m██[38;2;180;155;131m██[38;2;236;203;165m██[38;2;172;75;80m██[38;2;112;85;80m██[38;2;209;173;141m██[38;2;109;84;79m██[38;2;40;34;34m██[38;2;0;0;0m        [38;2;107;165;219m██[38;2;81;93;111m██[38;2;169;146;186m██[38;2;116;174;231m██[38;2;22;22;29m  [38;2;59;105;148m██[38;2;19;35;50m██
[38;2;0;0;0m              [38;2;203;191;173m██[38;2;247;225;190m██[38;2;247;222;178m████[38;2;173;167;150m██[38;2;105;75;76m██[38;2;167;139;118m██[38;2;50;34;36m██[38;2;0;0;0m    [38;2;34;47;62m██[38;2;68;92;119m██[38;2;159;121;151m██[38;2;126;159;201m██[38;2;172;106;130m██[38;2;218;101;120m██[38;2;98;121;160m██[38;2;167;74;110m██[38;2;21;34;50m██
[38;2;0;0;0m              [38;2;124;95;89m██[38;2;247;220;180m██[38;2;247;222;177m██[38;2;158;147;122m██[38;2;50;50;42m██[38;2;132;103;95m██[38;2;172;138;120m██[38;2;162;64;89m██[38;2;0;0;0m    [38;2;70;107;141m██[38;2;110;166;219m██[38;2;144;138;174m██[38;2;217;87;100m██[38;2;141;104;134m██[38;2;201;90;106m██[38;2;87;108;148m██[38;2;156;55;84m██[38;2;5;8;12m  
[38;2;0;0;0m              [38;2;112;51;64m██[38;2;227;202;164m██[38;2;245;220;176m██[38;2;203;186;148m██[38;2;158;152;122m██[38;2;194;164;137m██[38;2;107;57;73m██[38;2;189;61;93m██[38;2;0;0;0m    [38;2;39;59;79m  [38;2;199;115;141m██[38;2;161;119;148m██[38;2;88;109;144m██[38;2;134;94;129m██[38;2;111;94;132m██[38;2;126;81;118m██[38;2;114;36;56m  [38;2;0;0;0m  
[38;2;0;0;0m              [38;2;184;61;91m██[38;2;63;59;53m██[38;2;60;54;43m██[38;2;78;77;62m██[38;2;160;152;124m██[38;2;183;173;138m██[38;2;99;65;74m██[38;2;189;63;96m██[38;2;0;0;0m      [38;2;29;45;60m  [38;2;162;100;134m██[38;2;132;86;125m██[38;2;116;103;145m██[38;2;73;110;151m██[38;2;85;103;143m██[38;2;0;0;0m    
[38;2;0;0;0m            [38;2;28;11;12m  [38;2;178;64;85m██[38;2;0;0;0m      [38;2;192;181;141m██[38;2;199;182;146m██[38;2;102;66;74m██[38;2;226;84;103m██[38;2;0;0;0m        [38;2;27;49;69m  [38;2;56;100;141m██[38;2;77;112;155m██[38;2;76;114;160m██[38;2;22;22;29m  [38;2;0;0;0m    
[38;2;0;0;0m            [38;2;115;45;51m██[38;2;227;88;104m██[38;2;20;22;24m  [38;2;0;4;5m  [38;2;41;27;29m  [38;2;233;211;168m██[38;2;243;219;173m██[38;2;110;72;76m██[38;2;231;89;105m██[38;2;0;0;0m          [38;2;0;1;1m  [38;2;72;114;155m██[38;2;18;19;25m  [38;2;0;0;0m      
[38;2;0;0;0m        [38;2;0;1;0m  [38;2;19;13;13m  [38;2;230;89;103m██[38;2;185;83;93m██[38;2;91;71;92m██[38;2;149;82;113m██[38;2;131;86;88m██[38;2;247;222;178m██[38;2;246;222;176m██[38;2;132;99;94m██[38;2;223;88;103m██[38;2;156;64;73m██[38;2;23;31;43m██[38;2;2;1;0m  [38;2;0;0;0m      [38;2;1;0;0m  [38;2;110;167;220m██[38;2;0;0;0m      
[38;2;0;0;0m        [38;2;132;115;94m██[38;2;200;110;124m██[38;2;239;103;119m██[38;2;66;67;68m██[38;2;76;111;151m██[38;2;76;114;158m██[38;2;184;168;137m██[38;2;247;222;178m██[38;2;246;222;178m██[38;2;198;179;147m██[38;2;199;85;95m██[38;2;216;87;99m██[38;2;72;71;93m██[38;2;53;61;75m██[38;2;1;1;1m  [38;2;0;0;0m    [38;2;31;40;52m  [38;2;75;104;134m██[38;2;0;0;0m      
[38;2;0;0;0m    [38;2;21;19;15m  [38;2;225;202;159m██[38;2;162;137;118m██[38;2;234;101;117m██[38;2;231;119;133m██[38;2;111;104;93m████[38;2;126;118;103m██[38;2;247;222;178m████[38;2;246;222;178m██[38;2;198;179;147m██[38;2;212;99;115m██[38;2;255;126;143m██[38;2;129;78;90m██[38;2;133;83;106m██[38;2;52;32;45m██[38;2;0;0;0m  [38;2;24;36;55m██[38;2;111;110;148m██[38;2;109;62;86m  [38;2;0;0;0m      
[38;2;0;0;0m    [38;2;41;43;35m██[38;2;112;103;91m██[38;2;208;87;100m██[38;2;233;93;109m██[38;2;157;132;116m██[38;2;247;222;177m██████[38;2;247;222;178m████[38;2;246;222;176m██[38;2;194;180;143m██[38;2;120;90;89m██[38;2;248;117;133m██[38;2;236;94;113m██[38;2;140;77;88m██[38;2;82;79;91m██[38;2;104;50;72m██[38;2;81;96;128m██[38;2;82;106;147m██[38;2;0;2;3m  [38;2;0;0;0m      
[38;2;0;0;0m  [38;2;46;18;20m  [38;2;155;73;81m██[38;2;230;91;105m██[38;2;231;90;105m██[38;2;193;77;90m██[38;2;170;156;128m██[38;2;246;221;176m██[38;2;241;217;173m██[38;2;247;222;177m████[38;2;233;211;168m██[38;2;203;189;148m██[38;2;192;181;141m██[38;2;76;74;67m██[38;2;205;82;96m██[38;2;230;90;106m██[38;2;231;89;104m██[38;2;212;84;94m██[38;2;100;74;80m██[38;2;73;115;157m██[38;2;24;42;59m  [38;2;0;0;0m        
[38;2;46;18;20m  [38;2;219;85;98m██[38;2;174;71;76m██[38;2;224;87;102m██[38;2;157;64;75m██[38;2;20;16;17m██[38;2;152;138;110m██[38;2;207;192;150m██[38;2;217;199;156m██[38;2;206;191;149m████[38;2;192;181;141m████[38;2;153;144;112m██[38;2;9;8;6m  [38;2;92;47;54m██[38;2;230;90;106m██[38;2;231;89;104m██[38;2;212;84;94m██[38;2;115;45;51m██[38;2;15;15;15m  [38;2;0;0;0m          
[38;2;0;0;0m    [38;2;59;23;26m  [38;2;173;67;77m██[38;2;0;0;0m        [38;2;81;78;61m  [38;2;141;135;105m████[38;2;114;109;85m  [38;2;0;0;0m        [38;2;153;62;68m  [38;2;139;55;62m██[38;2;228;89;102m██[38;2;28;11;12m  [38;2;0;0;0m            
[38;2;0;0;0m                                    [38;2;55;21;24m  [38;2;28;11;12m██[38;2;0;0;0m            [0m
