
[38;2;0;0;0m                ████                          
[38;2;0;0;0m              ████                            
[38;2;0;0;0m            ██[38;2;66;66;66m██[38;2;0;0;0m██                            
[38;2;0;0;0m            ██[38;2;66;66;66m████[38;2;0;0;0m██                          
[38;2;0;0;0m            ██[38;2;222;214;158m██[38;2;60;58;52m██[38;2;0;4;8m██[38;2;0;0;0m                          
[38;2;0;0;0m            ██[38;2;222;214;158m██[38;2;181;165;141m██[38;2;0;4;8m██[38;2;0;0;0m                          
[38;2;0;0;0m          ██[38;2;222;217;158m████[38;2;181;165;133m██[38;2;0;0;0m██                          
[38;2;0;0;0m          ██[38;2;222;217;158m████[38;2;121;110;89m██[38;2;0;0;0m██                          
[38;2;0;0;0m          ██[38;2;222;217;158m████████[38;2;0;0;0m████      ████████████    
[38;2;0;0;0m        ██[38;2;222;214;158m██[38;2;222;217;158m████████[38;2;222;214;158m████[38;2;0;0;0m██████[38;2;222;214;158m██████[38;2;66;66;66m██████[38;2;0;0;0m██  
[38;2;0;0;0m      ██[38;2;222;214;158m████[38;2;222;217;158m████████████[38;2;222;214;158m██[38;2;181;165;133m██[38;2;222;217;158m████[38;2;222;214;158m████[38;2;231;222;167m██[38;2;77;74;61m██[38;2;66;66;66m██[38;2;0;0;0m██  
[38;2;0;0;0m    ██[38;2;222;214;158m██[38;2;118;115;91m██[38;2;66;66;58m██[38;2;222;217;158m████████████[38;2;222;214;158m████[38;2;222;217;158m████[38;2;222;214;158m██[38;2;181;165;133m██[38;2;154;148;114m██[38;2;0;0;8m██[38;2;0;0;0m██[38;2;66;66;66m██[38;2;0;0;0m██
[38;2;0;0;0m    [38;2;0;4;8m██[38;2;132;100;76m██[38;2;0;0;0m██[38;2;143;137;100m██[38;2;222;217;158m████[38;2;231;214;159m██[38;2;119;109;79m██[38;2;0;0;0m██[38;2;173;156;133m██[38;2;222;217;158m████[38;2;222;214;158m██[38;2;181;166;133m██[38;2;181;165;133m████[38;2;0;0;0m██    ████
[38;2;0;0;0m  ██[38;2;198;148;110m████[38;2;71;69;50m██[38;2;214;206;150m██[38;2;222;217;158m████[38;2;119;109;79m██[38;2;8;4;0m██[38;2;86;78;66m████[38;2;222;217;158m████[38;2;181;166;133m████[38;2;181;165;133m██[38;2;0;0;0m██          
[38;2;0;0;0m  ██[38;2;214;140;86m██[38;2;71;55;45m██[38;2;222;217;158m████████[38;2;74;71;61m██[38;2;0;0;8m██[38;2;74;71;53m██[38;2;0;0;0m██[38;2;222;217;158m████[38;2;181;165;133m██[38;2;126;112;89m██[38;2;0;0;0m██            
[38;2;0;0;0m    [38;2;0;12;24m██[38;2;71;55;45m██[38;2;222;217;158m████████[38;2;222;214;166m██[38;2;74;71;61m██[38;2;0;0;0m██[38;2;222;214;158m██[38;2;222;217;158m████[38;2;181;165;133m████[38;2;0;0;0m██        ██  
[38;2;0;0;0m    ██[38;2;222;214;158m██[38;2;66;66;66m████[38;2;118;115;97m██[38;2;222;214;158m██[38;2;247;198;119m██[38;2;192;151;96m██[38;2;214;132;70m██[38;2;222;214;158m████[38;2;181;166;133m██[38;2;181;165;133m████[38;2;0;0;0m██    ████[38;2;123;99;75m██[38;2;0;0;0m██
[38;2;0;0;0m      ██[38;2;222;214;158m████[38;2;66;66;66m████[38;2;82;57;50m██[38;2;192;151;96m██[38;2;214;132;70m██[38;2;222;214;158m██[38;2;181;166;133m████[38;2;181;165;133m██[38;2;0;0;0m██    ██[38;2;90;74;66m██[38;2;123;99;75m████[38;2;0;0;0m██
[38;2;0;0;0m        ██[38;2;222;214;158m████[38;2;181;166;133m██[38;2;214;132;70m████[38;2;181;165;133m██████████[38;2;0;0;0m██  ██[38;2;90;75;66m██████[38;2;123;101;75m██[38;2;0;0;0m██
[38;2;0;0;0m      ██[38;2;222;214;158m████[38;2;181;166;133m████[38;2;181;165;133m██████████[38;2;0;0;0m████  ██[38;2;90;74;66m██[38;2;90;75;66m██████[38;2;123;101;75m██[38;2;0;0;0m██
[38;2;0;0;0m      ██[38;2;222;214;158m████[38;2;222;217;158m████[38;2;177;164;129m██[38;2;132;115;92m██[38;2;121;111;91m██[38;2;60;58;50m██[38;2;0;0;0m██      ██[38;2;78;70;66m██[38;2;90;74;66m████[38;2;0;0;0m████  
[38;2;0;0;0m    ██[38;2;222;214;158m██[38;2;66;66;66m██[38;2;222;214;158m██[38;2;222;217;158m████[38;2;222;214;166m██[38;2;177;164;129m██[38;2;181;165;133m██[38;2;0;4;8m██[38;2;0;0;0m        ██[38;2;78;70;66m██[38;2;0;0;0m████      
[38;2;0;0;0m    ██[38;2;222;214;158m██[38;2;66;66;66m██[38;2;222;214;158m██[38;2;66;66;66m██[38;2;222;214;158m████[38;2;181;165;133m██████[38;2;0;0;0m██    ██[38;2;90;74;66m████[38;2;0;0;0m██        
[38;2;0;0;0m    ██[38;2;222;214;158m██████[38;2;66;66;66m██[38;2;222;214;158m██████[38;2;181;165;133m████[38;2;0;0;0m██    ██[38;2;90;74;66m██[38;2;0;0;0m████        
[38;2;0;0;0m  ██[38;2;181;165;133m██[38;2;222;214;158m██[38;2;222;217;158m████████[38;2;222;214;158m██[38;2;181;166;133m██[38;2;181;165;133m██████[38;2;0;0;0m████[38;2;78;70;66m██[38;2;0;0;0m██            
[38;2;0;0;0m██[38;2;222;214;158m████[38;2;181;165;133m██[38;2;222;217;158m████████[38;2;181;166;133m████[38;2;181;165;133m████████[38;2;78;70;66m██[38;2;0;0;0m██              
[38;2;0;0;0m██[38;2;66;66;66m██[38;2;74;71;58m██[38;2;222;214;158m██[38;2;231;222;167m██[38;2;154;148;114m██[38;2;66;66;66m██[38;2;181;165;133m██[38;2;231;222;167m██[38;2;157;149;114m██[38;2;66;66;66m██[38;2;222;214;158m██[38;2;154;148;114m██[38;2;77;74;61m██[38;2;66;66;66m██[38;2;0;0;0m██              
[38;2;0;0;0m  ██[38;2;0;0;8m██[38;2;222;214;158m██[38;2;0;0;8m██[38;2;77;74;61m██[38;2;66;66;66m████[38;2;231;222;167m██[38;2;8;4;8m██[38;2;66;66;66m████[38;2;231;222;167m██[38;2;0;0;8m██[38;2;0;0;0m██                
[38;2;0;0;0m      ██  ██[38;2;66;66;66m██[38;2;0;0;0m████████[38;2;66;66;66m██[38;2;0;0;0m██                    [0m
