
[38;2;0;0;0m            [38;2;0;1;0m  [38;2;16;29;33m██[38;2;6;12;13m  [38;2;0;0;0m                              
[38;2;0;0;0m          [38;2;0;3;0m  [38;2;49;78;101m██[38;2;60;97;124m██[38;2;23;40;49m██[38;2;0;0;0m                              
[38;2;0;0;0m        [38;2;0;1;0m  [38;2;58;93;121m██[38;2;49;74;102m██[38;2;60;97;124m██[38;2;36;61;76m██[38;2;0;1;0m  [38;2;0;0;0m    [38;2;0;1;0m    [38;2;0;0;0m            [38;2;0;1;0m  [38;2;0;0;0m      
[38;2;0;0;0m          [38;2;5;12;11m  [38;2;2;6;5m  [38;2;60;97;123m██[38;2;59;96;124m██[38;2;55;87;112m██[38;2;23;29;34m  [38;2;53;51;49m  [38;2;231;206;206m██[38;2;159;142;143m  [38;2;0;3;14m  [38;2;0;2;0m  [38;2;0;0;0m      [38;2;37;60;95m  [38;2;67;104;171m██[38;2;23;39;60m  [38;2;0;0;0m    
[38;2;0;0;0m            [38;2;0;1;0m  [38;2;32;54;67m██[38;2;55;76;95m██[38;2;81;98;121m██[38;2;144;144;160m██[38;2;255;234;242m██[38;2;255;232;235m██[38;2;226;204;210m██[38;2;90;103;139m██[38;2;58;91;147m██[38;2;2;5;5m  [38;2;0;1;0m  [38;2;34;55;86m██[38;2;73;114;188m██[38;2;73;115;187m██[38;2;73;115;186m██[38;2;27;44;68m  [38;2;0;0;0m  
[38;2;0;0;0m                [38;2;0;4;19m  [38;2;248;230;236m██[38;2;255;227;223m██[38;2;255;238;246m██[38;2;255;230;228m██[38;2;195;180;192m██[38;2;72;109;176m██[38;2;73;114;188m██[38;2;73;115;186m██[38;2;73;114;185m██[38;2;74;114;186m██[38;2;64;102;151m██[38;2;66;103;166m  [38;2;0;3;0m  [38;2;73;114;185m██[38;2;20;34;50m  
[38;2;0;0;0m            [38;2;0;1;0m  [38;2;108;53;60m██[38;2;107;85;84m██[38;2;208;203;201m██[38;2;255;225;223m██[38;2;240;211;211m██[38;2;192;177;171m██[38;2;255;222;223m██[38;2;93;95;136m██[38;2;62;100;135m██[38;2;66;105;152m██[38;2;57;93;123m██[38;2;37;64;85m██[38;2;60;97;124m██[38;2;0;3;0m  [38;2;0;0;0m  [38;2;0;1;0m  [38;2;0;0;0m  
[38;2;0;0;0m            [38;2;103;50;57m██[38;2;174;96;105m██[38;2;186;177;177m██[38;2;56;55;51m██[38;2;255;225;223m██[38;2;192;185;177m██[38;2;249;248;246m██[38;2;183;168;152m██[38;2;255;225;223m██[38;2;76;89;127m██[38;2;60;88;123m██[38;2;28;44;58m  [38;2;0;0;0m  [38;2;0;3;0m  [38;2;0;0;0m        
[38;2;0;0;0m      [38;2;0;2;0m  [38;2;0;0;0m    [38;2;103;50;57m██[38;2;77;69;70m██[38;2;210;155;157m██[38;2;255;229;230m██[38;2;255;223;223m██[38;2;234;217;213m██[38;2;234;234;225m██[38;2;170;161;155m██[38;2;239;205;206m██[38;2;227;140;157m██[38;2;184;160;174m██[38;2;24;22;21m  [38;2;0;2;0m  [38;2;0;1;0m  [38;2;0;0;0m        
[38;2;11;13;12m  [38;2;42;37;34m██[38;2;98;89;88m██[38;2;194;191;192m██[38;2;0;1;0m  [38;2;0;0;0m  [38;2;19;19;14m  [38;2;152;82;90m██[38;2;172;145;146m██[38;2;134;126;117m██[38;2;205;181;178m██[38;2;235;209;206m██[38;2;187;169;163m██[38;2;144;128;128m██[38;2;207;173;176m██[38;2;220;115;128m██[38;2;114;77;85m██[38;2;229;166;178m██[38;2;255;179;198m██[38;2;137;72;81m██[38;2;0;0;0m        
[38;2;61;39;38m██[38;2;234;213;216m██[38;2;132;73;79m██[38;2;255;237;239m██[38;2;34;36;34m  [38;2;0;0;0m  [38;2;107;96;78m██[38;2;3;5;1m██[38;2;149;134;134m██[38;2;107;65;68m██[38;2;152;79;85m██[38;2;170;90;100m██[38;2;181;89;96m██[38;2;89;82;89m██[38;2;109;89;93m██[38;2;176;177;176m██[38;2;118;89;94m██[38;2;255;157;179m██[38;2;255;175;201m██[38;2;255;129;150m██[38;2;0;3;0m  [38;2;0;0;0m      
[38;2;36;31;29m  [38;2;232;200;201m██[38;2;162;162;162m██[38;2;210;210;210m██[38;2;105;105;105m██[38;2;48;48;48m██[38;2;80;73;61m██[38;2;0;0;0m  [38;2;154;155;154m██[38;2;234;234;234m██[38;2;117;117;117m██[38;2;161;86;97m██[38;2;100;60;67m██[38;2;217;200;200m██[38;2;83;87;83m██[38;2;255;152;161m██[38;2;77;77;77m██[38;2;255;124;143m██[38;2;255;125;143m██[38;2;215;104;121m██[38;2;0;2;0m  [38;2;0;0;0m      
[38;2;1;0;0m  [38;2;38;35;32m  [38;2;222;224;219m██[38;2;85;85;85m██[38;2;222;161;166m██[38;2;239;236;237m██[38;2;6;7;4m  [38;2;0;0;0m  [38;2;35;28;28m  [38;2;243;226;233m██[38;2;177;97;108m██[38;2;220;220;220m██[38;2;113;91;95m██[38;2;195;177;178m██[38;2;110;117;121m██[38;2;229;212;212m██[38;2;83;87;83m██[38;2;103;81;83m██[38;2;99;75;78m██[38;2;20;11;11m  [38;2;0;0;0m        
[38;2;0;0;0m  [38;2;0;2;0m  [38;2;169;172;167m██[38;2;222;222;221m██[38;2;195;149;152m██[38;2;162;161;160m██[38;2;0;1;0m  [38;2;0;0;0m  [38;2;6;0;0m  [38;2;89;63;67m██[38;2;255;123;143m██[38;2;192;86;100m██[38;2;203;149;155m██[38;2;146;132;135m██[38;2;199;201;202m██[38;2;161;164;161m██[38;2;125;127;125m██[38;2;229;198;200m██[38;2;68;68;67m██[38;2;90;81;65m██[38;2;0;0;0m        
[38;2;0;0;0m    [38;2;7;8;7m  [38;2;20;23;20m██[38;2;11;13;11m  [38;2;0;0;0m      [38;2;0;3;0m  [38;2;184;150;128m██[38;2;228;105;123m██[38;2;242;117;135m██[38;2;171;110;118m██[38;2;113;71;77m██[38;2;199;199;199m██[38;2;216;216;216m██[38;2;221;221;221m██[38;2;255;166;175m██[38;2;65;65;64m██[38;2;8;8;5m  [38;2;0;0;0m        
[38;2;0;0;0m              [38;2;8;16;16m██[38;2;145;143;134m██[38;2;197;170;142m██[38;2;100;72;66m██[38;2;24;13;13m  [38;2;55;43;43m██[38;2;131;106;105m██[38;2;130;69;75m██[38;2;151;151;151m██[38;2;71;71;71m██[38;2;18;20;18m  [38;2;0;2;0m  [38;2;0;0;0m          
[38;2;0;0;0m          [38;2;0;3;0m  [38;2;39;63;89m██[38;2;0;0;0m  [38;2;144;145;134m  [38;2;68;70;63m██[38;2;0;1;0m  [38;2;0;0;0m    [38;2;0;1;0m  [38;2;0;3;0m  [38;2;136;136;132m██[38;2;164;169;167m██[38;2;132;134;132m██[38;2;0;0;0m            
[38;2;0;0;0m          [38;2;0;3;0m  [38;2;46;63;79m██[38;2;0;2;0m  [38;2;19;33;40m  [38;2;97;120;133m██[38;2;17;32;39m██[38;2;0;0;0m        [38;2;66;67;70m██[38;2;167;166;166m██[38;2;40;43;45m  [38;2;0;0;0m            
[38;2;0;0;0m            [38;2;28;32;35m  [38;2;54;86;112m████[38;2;0;3;0m  [38;2;0;1;0m  [38;2;0;0;0m      [38;2;0;3;0m  [38;2;125;125;128m██[38;2;176;173;168m██[38;2;50;53;57m██[38;2;1;0;0m  [38;2;0;0;0m          
[38;2;0;0;0m              [38;2;0;1;0m    [38;2;0;0;0m          [38;2;0;1;0m  [38;2;41;70;105m██[38;2;67;106;165m██[38;2;63;89;139m██[38;2;59;76;104m  [38;2;0;1;0m  [38;2;0;0;0m        
[38;2;0;0;0m                              [38;2;0;1;0m  [38;2;69;106;179m██[38;2;66;105;158m██[38;2;59;92;149m██[38;2;0;1;0m  [38;2;0;0;0m        
[38;2;0;0;0m                                [38;2;18;31;48m  [38;2;20;33;51m██[38;2;0;3;0m  [38;2;0;0;0m          [0m
