
[38;2;0;0;0m    [38;2;5;7;8m  [38;2;23;25;34m██[38;2;0;0;0m                                    
[38;2;0;0;0m  [38;2;0;2;0m  [38;2;75;73;110m██[38;2;93;89;136m██[38;2;0;2;0m  [38;2;0;0;0m        [38;2;0;2;0m    [38;2;0;0;0m            [38;2;0;2;0m    [38;2;0;0;0m      
[38;2;0;0;0m  [38;2;17;19;25m  [38;2;91;87;131m██[38;2;91;88;131m██[38;2;0;2;0m  [38;2;0;0;0m    [38;2;23;24;27m  [38;2;51;50;67m██[38;2;115;111;155m██[38;2;94;90;125m██[38;2;29;30;38m██[38;2;21;23;29m  [38;2;0;0;0m      [38;2;0;1;0m  [38;2;86;84;116m██[38;2;94;90;125m██[38;2;29;30;38m██[38;2;0;0;0m    
[38;2;0;1;0m  [38;2;69;67;102m██[38;2;33;35;42m██[38;2;87;82;117m██[38;2;50;52;77m  [38;2;0;0;0m  [38;2;11;14;13m  [38;2;68;67;82m██[38;2;79;77;88m██[38;2;108;102;138m██[38;2;118;111;155m████[38;2;107;104;145m██[38;2;21;23;29m  [38;2;0;0;0m    [38;2;0;1;0m  [38;2;88;84;116m██[38;2;118;111;155m████[38;2;64;63;87m  [38;2;0;0;0m  
[38;2;0;0;0m  [38;2;0;2;0m  [38;2;5;7;8m  [38;2;58;57;85m██[38;2;86;82;116m██[38;2;38;39;45m██[38;2;115;111;155m██[38;2;118;111;155m████[38;2;88;85;104m██[38;2;79;77;88m██[38;2;99;94;121m██[38;2;109;102;138m██[38;2;116;111;155m██[38;2;0;3;0m  [38;2;0;0;0m  [38;2;28;30;38m██[38;2;117;111;155m██[38;2;108;102;138m██[38;2;118;111;155m██[38;2;93;90;125m██[38;2;7;8;9m  
[38;2;0;0;0m    [38;2;5;9;8m██[38;2;5;7;8m  [38;2;43;43;58m██[38;2;114;108;149m██[38;2;108;102;138m██[38;2;79;77;88m████[38;2;109;102;138m██[38;2;119;111;155m██[38;2;109;102;138m██[38;2;99;94;121m██[38;2;110;104;133m██[38;2;0;5;0m  [38;2;0;2;0m  [38;2;96;90;125m██[38;2;118;111;155m██[38;2;98;93;121m██[38;2;41;42;51m██[38;2;115;111;155m██[38;2;28;30;38m██
[38;2;0;0;0m      [38;2;0;3;0m  [38;2;112;108;149m██[38;2;104;99;95m██[38;2;133;120;101m██[38;2;247;217;210m██[38;2;248;218;211m██[38;2;145;137;134m██[38;2;105;105;106m██[38;2;101;98;123m██[38;2;109;102;137m██[38;2;86;83;107m██[38;2;63;62;80m██[38;2;94;91;125m██[38;2;79;75;99m██[38;2;100;95;128m██[38;2;87;84;116m██[38;2;0;1;0m  [38;2;21;23;29m    
[38;2;0;0;0m      [38;2;0;3;0m  [38;2;105;99;132m██[38;2;197;197;185m██[38;2;194;166;95m██[38;2;224;203;198m██[38;2;239;223;222m██[38;2;233;206;144m██[38;2;228;206;143m██[38;2;145;148;150m██[38;2;176;152;160m██[38;2;108;102;140m██[38;2;94;90;129m██[38;2;41;44;52m██[38;2;0;1;0m  [38;2;21;23;29m  [38;2;86;84;116m██[38;2;0;1;0m  [38;2;0;0;0m    
[38;2;0;0;0m        [38;2;12;14;12m  [38;2;168;159;153m██[38;2;175;166;162m██[38;2;79;77;88m██[38;2;219;200;200m██[38;2;217;188;144m██[38;2;217;194;150m██[38;2;181;181;170m██[38;2;207;183;177m██[38;2;98;95;128m██[38;2;93;89;134m██[38;2;23;25;34m██[38;2;0;0;0m    [38;2;0;2;0m  [38;2;0;0;0m      
[38;2;0;0;0m          [38;2;47;47;43m  [38;2;106;102;136m██[38;2;119;111;155m██[38;2;107;101;126m██[38;2;113;111;111m██[38;2;245;232;226m██[38;2;231;209;197m██[38;2;201;176;183m██[38;2;83;82;120m██[38;2;23;25;33m██[38;2;5;7;8m  [38;2;0;0;0m            
[38;2;0;0;0m          [38;2;0;2;0m  [38;2;80;79;104m██[38;2;99;93;95m██[38;2;105;99;132m██[38;2;111;103;110m██[38;2;243;221;219m██[38;2;207;183;177m██[38;2;73;72;89m██[38;2;23;23;23m  [38;2;0;0;0m                
[38;2;0;0;0m        [38;2;0;2;0m    [38;2;76;70;109m██[38;2;104;96;110m██[38;2;65;65;65m██[38;2;101;95;93m██[38;2;106;99;106m██[38;2;86;82;116m██[38;2;60;62;76m██[38;2;10;13;12m  [38;2;0;0;0m                
[38;2;0;0;0m    [38;2;7;11;15m  [38;2;28;44;60m██[38;2;42;84;144m██[38;2;60;70;85m██[38;2;82;77;114m██[38;2;109;102;138m██[38;2;118;111;155m████[38;2;108;102;138m██[38;2;75;73;84m██[38;2;115;108;149m██[38;2;72;89;124m██[38;2;33;46;60m██[38;2;7;11;15m  [38;2;0;0;0m            
[38;2;0;0;0m  [38;2;0;2;8m  [38;2;107;128;149m██[38;2;39;64;96m██[38;2;0;1;0m  [38;2;12;14;12m  [38;2;106;102;138m██[38;2;119;111;155m██[38;2;90;85;105m██[38;2;120;113;151m██[38;2;118;110;155m██[38;2;85;82;100m██[38;2;96;90;133m██[38;2;80;88;111m██[38;2;43;60;82m██[38;2;108;126;141m██[38;2;89;97;101m  [38;2;0;0;2m  [38;2;0;0;0m        
[38;2;15;17;15m  [38;2;198;207;207m██[38;2;196;205;205m██[38;2;13;15;13m  [38;2;0;1;0m  [38;2;112;102;100m██[38;2;109;90;122m██[38;2;113;80;85m██[38;2;172;171;173m██[38;2;104;98;134m██[38;2;114;108;150m██[38;2;116;108;139m██[38;2;72;71;83m██[38;2;35;36;46m██[38;2;15;18;24m  [38;2;193;209;216m██[38;2;240;253;252m██[38;2;100;105;101m██[38;2;0;0;0m        
[38;2;63;66;63m██[38;2;255;255;255m██[38;2;179;185;186m██[38;2;55;58;55m██[38;2;0;1;0m  [38;2;191;155;53m██[38;2;177;134;111m██[38;2;255;147;163m██[38;2;195;99;107m██[38;2;98;80;90m██[38;2;126;119;122m██[38;2;109;102;91m██[38;2;93;89;136m████[38;2;52;55;52m██[38;2;141;141;141m██[38;2;228;231;224m██[38;2;222;223;215m██[38;2;41;42;39m  [38;2;0;0;0m      
[38;2;47;50;47m  [38;2;239;239;239m██[38;2;119;125;124m██[38;2;0;0;0m    [38;2;51;60;88m  [38;2;98;80;108m██[38;2;183;81;81m████[38;2;124;98;104m██[38;2;129;122;103m██[38;2;106;100;86m██[38;2;93;89;136m██[38;2;73;73;111m██[38;2;9;16;15m  [38;2;92;135;152m██[38;2;96;112;119m██[38;2;65;81;86m██[38;2;61;118;151m██[38;2;0;1;0m  [38;2;0;0;0m    
[38;2;0;0;0m  [38;2;47;50;47m  [38;2;40;43;41m  [38;2;0;0;0m    [38;2;3;3;4m  [38;2;95;129;180m██[38;2;160;184;196m██[38;2;207;207;207m██[38;2;162;191;238m██[38;2;100;137;203m██[38;2;70;82;106m██[38;2;50;57;79m██[38;2;7;7;8m  [38;2;0;1;0m  [38;2;115;157;174m██[38;2;79;118;133m██[38;2;6;7;7m  [38;2;15;31;37m  [38;2;0;0;0m      
[38;2;0;0;0m      [38;2;27;42;47m  [38;2;20;41;51m██[38;2;57;85;120m██[38;2;85;123;180m██[38;2;105;127;149m██[38;2;55;96;159m██[38;2;87;124;180m██[38;2;98;147;225m██[38;2;103;152;239m██[38;2;92;122;170m██[38;2;5;6;4m  [38;2;0;0;0m  [38;2;0;3;0m  [38;2;119;190;217m██[38;2;23;40;43m██[38;2;0;0;0m        
[38;2;0;0;0m    [38;2;0;2;2m  [38;2;83;123;145m██[38;2;81;156;205m██[38;2;83;97;143m██[38;2;79;81;128m██[38;2;38;41;48m██[38;2;0;1;0m    [38;2;31;48;79m██[38;2;88;118;191m██[38;2;80;99;121m██[38;2;117;157;178m██[38;2;0;2;0m  [38;2;0;3;0m  [38;2;101;164;187m██[38;2;5;11;13m  [38;2;0;0;0m        
[38;2;0;0;0m      [38;2;46;89;113m  [38;2;61;118;151m████[38;2;0;3;0m  [38;2;0;0;0m      [38;2;2;1;0m  [38;2;59;84;118m██[38;2;174;218;233m██[38;2;174;217;230m██[38;2;117;157;168m██[38;2;0;1;0m  [38;2;33;55;63m██[38;2;33;52;57m██[38;2;0;0;0m        
[38;2;0;0;0m        [38;2;0;1;0m    [38;2;0;0;0m          [38;2;19;30;39m  [38;2;68;93;99m██[38;2;156;206;227m██[38;2;117;156;170m██[38;2;0;1;0m  [38;2;21;42;50m██[38;2;21;41;48m██[38;2;0;0;0m        [0m
