
[38;2;0;0;0m        [38;2;0;4;0m████[38;2;0;0;0m  [38;2;0;4;0m████████[38;2;0;0;0m  [38;2;0;4;0m██████[38;2;0;0;0m                                    
[38;2;0;0;0m        [38;2;0;4;0m██[38;2;78;88;106m██[38;2;0;4;0m██[38;2;66;65;66m██[38;2;255;115;79m████[38;2;78;88;106m██[38;2;0;4;0m██[38;2;55;64;71m██[38;2;82;94;106m██[38;2;78;88;106m██[38;2;0;4;0m██[38;2;0;0;0m                                  
[38;2;0;0;0m        [38;2;0;4;0m██[38;2;78;88;106m██[38;2;74;78;82m██[38;2;255;115;79m████[38;2;82;90;106m██[38;2;66;66;66m██[38;2;82;91;98m██[38;2;239;173;111m██[38;2;66;66;66m██[38;2;79;91;103m████[38;2;0;4;0m████[38;2;0;0;0m                              
[38;2;0;0;0m          [38;2;0;4;0m██[38;2;255;115;79m██[38;2;74;78;82m██[38;2;82;90;106m████[38;2;66;66;66m██[38;2;99;115;131m██[38;2;239;173;111m██[38;2;66;66;66m██[38;2;79;91;103m████[38;2;55;64;71m██[38;2;82;94;106m██[38;2;0;4;0m██[38;2;0;0;0m                            
[38;2;0;0;0m          [38;2;0;4;0m██[38;2;255;132;103m██[38;2;85;69;66m██[38;2;79;91;103m████[38;2;66;66;66m██[38;2;99;115;131m██[38;2;82;91;98m██[38;2;66;66;66m██[38;2;79;91;103m████████[38;2;82;90;106m██[38;2;0;4;0m██[38;2;0;0;0m                          
[38;2;0;0;0m            [38;2;0;37;48m██[38;2;85;69;66m██[38;2;79;91;103m████[38;2;66;66;66m██[38;2;82;91;98m██[38;2;66;66;66m██[38;2;99;115;131m██[38;2;79;91;103m████████[38;2;55;61;71m██[38;2;82;90;106m██[38;2;0;4;0m██[38;2;0;0;0m                        
[38;2;0;0;0m            [38;2;0;4;0m██[38;2;78;88;106m██[38;2;82;90;98m██[38;2;66;66;66m██[38;2;101;115;125m██[38;2;79;91;103m██[38;2;66;66;66m██[38;2;99;115;127m██[38;2;99;118;128m████[38;2;79;91;103m████████[38;2;0;4;0m██[38;2;0;0;0m                        
[38;2;0;0;0m          [38;2;0;4;0m██[38;2;78;88;106m████[38;2;99;115;131m████[38;2;101;115;125m████[38;2;99;115;127m████[38;2;99;118;128m████[38;2;101;115;125m██[38;2;79;91;103m██████[38;2;78;88;106m██[38;2;0;4;0m██[38;2;0;0;0m                      
[38;2;0;0;0m        [38;2;0;4;0m██[38;2;82;94;106m██[38;2;90;99;106m████[38;2;57;61;65m██[38;2;120;126;128m██[38;2;85;93;96m████[38;2;99;115;127m████[38;2;79;91;103m██[38;2;101;115;125m██[38;2;99;118;128m████[38;2;82;90;101m██[38;2;66;66;71m██[38;2;82;94;106m██[38;2;0;4;0m██[38;2;0;0;0m                      
[38;2;0;0;0m        [38;2;0;4;0m██[38;2;55;64;71m██[38;2;255;115;79m██[38;2;90;99;106m██[38;2;57;61;65m██[38;2;247;255;255m██[38;2;0;12;16m██[38;2;255;255;255m██[38;2;99;115;127m██[38;2;66;66;66m██[38;2;101;115;125m████[38;2;99;118;128m████[38;2;99;115;131m██[38;2;82;90;101m██[38;2;55;64;71m██[38;2;0;4;0m██[38;2;0;0;0m                      
[38;2;0;0;0m      [38;2;0;4;0m██[38;2;80;91;104m██[38;2;66;66;66m██[38;2;255;115;79m██[38;2;90;104;117m██[38;2;99;117;127m██[38;2;0;4;0m██[38;2;148;66;44m██[38;2;255;255;247m██[38;2;99;115;127m██[38;2;66;66;66m██[38;2;99;118;128m████[38;2;66;66;66m██[38;2;99;115;131m██[38;2;66;66;66m██[38;2;99;115;127m██[38;2;0;4;0m██[38;2;0;0;0m                        
[38;2;0;0;0m    [38;2;0;4;0m██[38;2;78;88;106m██[38;2;80;91;104m██[38;2;66;66;66m██[38;2;255;115;79m██[38;2;90;104;117m██[38;2;99;117;127m████[38;2;184;129;112m██[38;2;148;66;44m██[38;2;99;115;127m██[38;2;66;66;66m██[38;2;99;118;128m████[38;2;66;66;66m██[38;2;82;91;98m██[38;2;99;115;127m██[38;2;66;66;66m██[38;2;78;88;106m██[38;2;0;4;0m██[38;2;0;0;0m                      
[38;2;0;0;0m  [38;2;0;4;0m██[38;2;79;91;103m████[38;2;66;66;66m██[38;2;255;115;79m██[38;2;255;103;71m██[38;2;165;111;85m██[38;2;74;94;114m██[38;2;104;105;110m██[38;2;101;115;125m████[38;2;113;115;118m██[38;2;74;66;58m██[38;2;82;90;98m██[38;2;99;115;131m██[38;2;99;115;127m██[38;2;66;66;66m██[38;2;99;115;127m██[38;2;66;66;66m██[38;2;80;91;104m██[38;2;66;66;66m██[38;2;0;4;0m██[38;2;0;0;0m                    
[38;2;0;0;0m  [38;2;0;4;0m██[38;2;79;91;103m████[38;2;66;66;66m██[38;2;255;115;79m██[38;2;195;108;80m██[38;2;165;111;85m██[38;2;165;127;101m██[38;2;74;94;114m██[38;2;79;91;103m██[38;2;101;115;125m██[38;2;74;66;58m██[38;2;93;91;88m██[38;2;66;66;66m██[38;2;99;115;131m██[38;2;99;115;127m██[38;2;66;66;66m██[38;2;99;115;127m████[38;2;66;66;66m██[38;2;80;91;104m██[38;2;66;65;66m██[38;2;0;4;0m████[38;2;0;0;0m                
[38;2;0;4;0m██[38;2;181;74;45m██[38;2;181;74;48m██[38;2;66;66;66m██[38;2;255;115;79m████[38;2;66;66;66m██[38;2;176;99;69m██[38;2;165;123;93m████[38;2;113;93;73m██[38;2;66;66;66m██[38;2;112;94;72m████[38;2;57;74;81m██[38;2;120;90;86m██[38;2;90;99;106m████[38;2;66;66;66m██[38;2;99;115;127m██[38;2;120;90;86m██[38;2;57;74;81m██[38;2;80;91;104m██[38;2;66;66;66m██[38;2;165;122;98m██[38;2;0;4;8m██[38;2;0;4;0m██████[38;2;0;0;0m        
[38;2;0;4;0m██[38;2;181;74;45m██[38;2;181;74;48m██[38;2;66;66;66m██[38;2;255;115;79m██[38;2;66;66;66m████[38;2;176;99;69m██[38;2;165;123;93m██[38;2;0;4;0m██[38;2;66;66;66m██[38;2;113;93;73m██[38;2;112;94;72m████[38;2;57;74;81m██[38;2;247;123;95m██[38;2;90;99;106m██[38;2;255;115;79m██[38;2;66;66;66m██[38;2;99;115;127m██[38;2;247;123;95m██[38;2;57;74;81m██[38;2;80;91;104m████[38;2;82;63;53m██[38;2;165;122;98m██[38;2;53;61;65m██[38;2;107;119;131m██[38;2;99;117;127m██[38;2;0;4;0m████[38;2;0;0;0m    
[38;2;0;0;0m  [38;2;0;4;0m████[38;2;66;65;66m██[38;2;255;119;87m██[38;2;85;50;40m██[38;2;112;84;62m██[38;2;255;111;71m██[38;2;0;4;0m██[38;2;0;0;0m  [38;2;0;4;0m██[38;2;115;89;73m██[38;2;112;93;75m██[38;2;167;121;92m██[38;2;165;123;93m██[38;2;66;66;66m██[38;2;255;115;79m████[38;2;247;103;63m██[38;2;66;61;66m██[38;2;255;111;71m████[38;2;66;66;66m██[38;2;181;74;48m██[38;2;176;99;69m██[38;2;66;66;66m██[38;2;165;123;93m██[38;2;66;66;66m██[38;2;101;115;125m████[38;2;255;119;87m██[38;2;0;24;32m██[38;2;0;0;0m  
[38;2;0;0;0m      [38;2;0;4;0m██[38;2;0;16;16m██[38;2;255;119;87m██[38;2;255;111;71m██[38;2;184;97;66m██[38;2;0;4;0m██[38;2;0;0;0m  [38;2;0;4;0m██[38;2;115;89;73m██[38;2;112;93;75m██[38;2;167;121;92m██[38;2;165;123;93m██[38;2;66;66;66m██[38;2;255;115;79m██[38;2;181;74;45m██[38;2;187;89;64m██[38;2;66;61;66m██[38;2;74;61;58m██[38;2;164;86;64m██[38;2;181;74;48m██[38;2;66;66;66m████[38;2;176;99;69m██[38;2;165;123;93m██[38;2;66;66;66m██[38;2;79;91;103m████[38;2;85;56;50m██[38;2;170;87;69m██[38;2;0;4;0m██
[38;2;0;0;0m          [38;2;0;4;0m██████[38;2;0;0;0m    [38;2;0;4;0m██[38;2;115;89;73m██[38;2;112;94;72m████[38;2;168;123;93m████[38;2;66;66;66m██████[38;2;165;123;93m██[38;2;66;66;66m████[38;2;66;66;63m██[38;2;165;123;93m██[38;2;168;123;93m████[38;2;165;123;93m██[38;2;66;66;66m██[38;2;76;91;106m████[38;2;181;74;48m████[38;2;0;4;0m██
[38;2;0;0;0m                  [38;2;0;4;0m██[38;2;115;89;73m████[38;2;112;94;72m████[38;2;168;123;93m████[38;2;165;123;93m████████████[38;2;115;94;78m██[38;2;165;123;93m██[38;2;168;123;93m████[38;2;165;123;93m██[38;2;66;66;66m██[38;2;181;74;45m██[38;2;76;91;106m██[38;2;181;74;48m██[38;2;66;66;66m██[38;2;0;4;0m██
[38;2;0;0;0m                  [38;2;0;4;0m██[38;2;112;94;72m████[38;2;82;80;69m██[38;2;115;93;72m██[38;2;82;68;53m██[38;2;165;125;98m██[38;2;168;123;93m████[38;2;167;121;92m████[38;2;111;92;75m██[38;2;0;4;0m██[38;2;71;64;53m██[38;2;107;94;75m██[38;2;167;121;92m████[38;2;107;94;75m██[38;2;71;64;53m██[38;2;181;74;45m████[38;2;66;65;66m██[38;2;0;4;0m██[38;2;0;0;0m  
[38;2;0;0;0m                  [38;2;0;4;0m██[38;2;112;94;72m████[38;2;115;93;72m██[38;2;82;80;69m██[38;2;0;12;8m██[38;2;165;125;98m██[38;2;168;123;93m████[38;2;167;121;92m██[38;2;112;93;75m██[38;2;0;4;0m██[38;2;0;0;0m  [38;2;0;4;8m██[38;2;107;94;75m██[38;2;112;93;75m████[38;2;107;94;75m██[38;2;0;4;8m██[38;2;0;4;0m██████[38;2;0;0;0m    
[38;2;0;0;0m                    [38;2;0;8;8m██[38;2;121;63;49m████[38;2;0;8;8m██[38;2;0;0;0m  [38;2;0;4;0m██[38;2;167;121;92m████[38;2;66;66;66m████[38;2;126;73;51m██[38;2;0;4;0m██[38;2;0;0;0m  [38;2;0;4;0m██[38;2;181;74;45m████[38;2;0;4;0m██[38;2;0;0;0m            
[38;2;0;0;0m                    [38;2;0;8;8m██[38;2;181;90;69m████[38;2;0;8;8m██[38;2;0;0;0m  [38;2;0;4;0m██[38;2;112;93;75m████[38;2;66;66;66m██[38;2;126;73;49m██[38;2;126;73;51m██[38;2;0;4;0m██[38;2;0;0;0m  [38;2;0;4;0m██[38;2;126;74;49m████[38;2;127;72;51m██[38;2;0;4;0m██[38;2;0;0;0m          
[38;2;0;0;0m                  [38;2;0;4;0m██[38;2;159;66;76m████████[38;2;0;12;16m██[38;2;255;115;79m██████[38;2;66;66;66m██[38;2;126;73;49m██[38;2;126;74;51m████[38;2;0;24;24m██[38;2;181;86;61m██[38;2;181;74;45m████[38;2;181;82;53m██[38;2;0;8;0m██[38;2;0;0;0m          
[38;2;0;0;0m                  [38;2;0;4;0m██[38;2;181;74;45m████████[38;2;85;46;37m██[38;2;170;81;58m██[38;2;181;74;45m████[38;2;66;66;66m██[38;2;126;73;49m██[38;2;126;74;51m████[38;2;60;45;36m██[38;2;121;65;49m██[38;2;126;74;49m████[38;2;121;57;35m██[38;2;0;8;0m██[38;2;0;0;0m          
[38;2;0;0;0m                    [38;2;0;4;0m██[38;2;173;70;53m██[38;2;148;69;57m██[38;2;66;66;66m██[38;2;255;115;79m████[38;2;255;107;71m████[38;2;255;115;79m██[38;2;85;46;37m██[38;2;0;4;0m██████[38;2;181;74;45m██[38;2;239;127;103m██[38;2;119;69;59m██[38;2;255;115;79m██[38;2;0;4;0m██[38;2;0;0;0m          
[38;2;0;0;0m                  [38;2;0;4;0m██[38;2;173;70;53m████[38;2;189;70;53m██[38;2;66;66;66m██[38;2;181;74;45m████[38;2;195;99;80m██[38;2;74;82;98m██[38;2;170;81;58m██[38;2;0;12;16m██[38;2;0;0;0m      [38;2;0;4;0m██[38;2;0;12;16m████[38;2;0;4;0m██[38;2;0;0;0m            
[38;2;0;0;0m                    [38;2;0;4;0m████████[38;2;82;48;34m██[38;2;247;119;87m██[38;2;239;127;103m██[38;2;119;69;59m██[38;2;255;115;79m██[38;2;0;4;0m██[38;2;0;0;0m                          
[38;2;0;0;0m                            [38;2;0;12;8m████[38;2;0;12;16m████[38;2;0;4;0m██[38;2;0;0;0m                            [0m
