
[38;2;0;0;0m                          ████████                  
[38;2;0;0;0m                    ██████[38;2;184;160;200m████████[38;2;0;0;0m████              
[38;2;0;0;0m                  ██[38;2;144;120;200m██[38;2;184;160;200m████[38;2;208;192;240m██[38;2;184;160;200m██████████[38;2;0;0;0m██            
[38;2;0;0;0m                  ██[38;2;184;160;200m██[38;2;120;96;168m██[38;2;184;160;200m████████████████[38;2;0;0;0m██          
[38;2;0;0;0m                    ██[38;2;184;160;200m████████[38;2;104;80;128m████[38;2;184;160;200m██████[38;2;0;0;0m██          
[38;2;0;0;0m                    ██[38;2;184;160;200m████[38;2;0;0;0m████[38;2;184;160;200m████[38;2;120;96;168m██[38;2;184;160;200m████[38;2;0;0;0m██          
[38;2;0;0;0m            ████████  ████  ██[38;2;184;160;200m██████████[38;2;0;0;0m██          
[38;2;0;0;0m        ████[38;2;184;160;200m████████[38;2;0;0;0m██      ██[38;2;144;120;200m██[38;2;184;160;200m████[38;2;144;120;200m██████[38;2;0;0;0m██        
[38;2;0;0;0m      ██[38;2;184;160;200m████[38;2;208;192;240m██[38;2;184;160;200m████████[38;2;0;0;0m████    ██[38;2;144;120;200m████████[38;2;184;160;200m██[38;2;0;0;0m██        
[38;2;0;0;0m    ██[38;2;184;160;200m████████████████[38;2;144;120;200m████[38;2;0;0;0m██████[38;2;184;160;200m██████████[38;2;144;120;200m██[38;2;0;0;0m██      
[38;2;0;0;0m  ██[38;2;144;120;200m██[38;2;184;160;200m██████[38;2;144;120;200m██[38;2;184;160;200m████[38;2;144;120;200m██[38;2;104;80;128m██[38;2;144;120;200m████[38;2;184;160;200m██[38;2;144;120;200m████[38;2;64;64;64m██[38;2;184;160;200m██████[38;2;144;120;200m████[38;2;0;0;0m██      
[38;2;0;0;0m  ██[38;2;144;120;200m████[38;2;184;160;200m██[38;2;104;80;128m██[38;2;184;160;200m██[38;2;144;120;200m██[38;2;104;80;128m██[38;2;200;200;200m██[38;2;120;96;168m██[38;2;144;120;200m██[38;2;184;160;200m████[38;2;144;120;200m████[38;2;64;64;64m██[38;2;120;96;168m████[38;2;144;120;200m████[38;2;184;160;200m██[38;2;0;0;0m██      
[38;2;0;0;0m██[38;2;184;160;200m████[38;2;144;120;200m████[38;2;104;80;128m████[38;2;0;0;0m██[38;2;248;248;248m████[38;2;144;120;200m██[38;2;184;160;200m████[38;2;144;120;200m██████[38;2;64;64;64m██[38;2;144;120;200m██[38;2;184;160;200m██████[38;2;0;0;0m██        
[38;2;0;0;0m██[38;2;144;120;200m██[38;2;184;160;200m██████████████████[38;2;144;120;200m██[38;2;64;64;64m██[38;2;120;96;168m██[38;2;144;120;200m██[38;2;64;64;64m██[38;2;120;96;168m██[38;2;144;120;200m████████[38;2;64;64;64m██[38;2;0;0;0m██      
[38;2;0;0;0m  ██[38;2;144;120;200m██[38;2;184;160;200m██████[38;2;144;120;200m██[38;2;64;64;64m████[38;2;144;120;200m██████[38;2;64;64;64m████[38;2;144;120;200m██[38;2;64;64;64m██[38;2;144;120;200m██[38;2;120;96;168m████[38;2;144;120;200m████[38;2;64;64;64m██[38;2;144;120;200m██[38;2;0;0;0m████  
[38;2;0;0;0m    ██[38;2;64;64;64m██████████████[38;2;184;160;200m██[38;2;64;64;64m████[38;2;144;120;200m██████████[38;2;120;96;168m████[38;2;104;80;128m██[38;2;144;120;200m████████[38;2;0;0;0m██
[38;2;0;0;0m  ██[38;2;184;160;200m██[38;2;144;120;200m██[38;2;64;64;64m████[38;2;88;104;112m██[38;2;120;136;144m████[38;2;64;64;64m██[38;2;144;120;200m██[38;2;64;64;64m████[38;2;184;160;200m██[38;2;144;120;200m████████████████████[38;2;104;80;128m██[38;2;0;0;0m██
[38;2;0;0;0m██[38;2;184;160;200m████[38;2;64;64;64m████[38;2;88;104;112m██[38;2;120;136;144m████[38;2;88;104;112m██[38;2;64;64;64m██[38;2;184;160;200m██[38;2;144;120;200m██[38;2;184;160;200m████[38;2;144;120;200m████[38;2;104;80;128m████[38;2;120;96;168m██[38;2;144;120;200m████[38;2;104;80;128m██[38;2;144;120;200m██[38;2;0;0;0m████  
[38;2;0;0;0m██[38;2;144;120;200m██[38;2;184;160;200m████[38;2;64;64;64m████████[38;2;144;120;200m██[38;2;184;160;200m██████████[38;2;144;120;200m██[38;2;104;80;128m██[38;2;144;120;200m████████████[38;2;0;0;0m██      
[38;2;0;0;0m  ██[38;2;104;80;128m██[38;2;184;160;200m████████████[38;2;104;80;128m████[38;2;184;160;200m████[38;2;144;120;200m████████████[38;2;104;80;128m██[38;2;144;120;200m██████[38;2;0;0;0m██    
[38;2;0;0;0m  ██[38;2;184;160;200m██[38;2;104;80;128m██████[38;2;184;160;200m████[38;2;104;80;128m██[38;2;144;120;200m████[38;2;104;80;128m██[38;2;144;120;200m██████[38;2;104;80;128m████████[38;2;144;120;200m██████[38;2;104;80;128m██[38;2;0;0;0m██    
[38;2;0;0;0m    ████[38;2;144;120;200m████[38;2;104;80;128m████[38;2;144;120;200m████████████[38;2;104;80;128m████[38;2;144;120;200m████[38;2;0;0;0m██████████      
[38;2;0;0;0m        ██[38;2;104;80;128m██[38;2;144;120;200m████[38;2;104;80;128m██[38;2;0;0;0m████[38;2;144;120;200m██[38;2;104;80;128m██████[38;2;144;120;200m████[38;2;0;0;0m██                
[38;2;0;0;0m          ████████    ██[38;2;144;120;200m██████[38;2;0;0;0m████                  
[38;2;0;0;0m                        ██████                      [0m
