
[38;2;0;0;0m        [38;2;6;11;16m  [38;2;2;4;6m  [38;2;0;0;0m                                  
[38;2;0;0;0m        [38;2;25;44;63m██[38;2;56;100;144m██[38;2;0;0;0m                                  
[38;2;0;0;0m        [38;2;36;29;18m██[38;2;81;112;137m██[38;2;10;19;28m  [38;2;0;0;0m  [38;2;13;20;26m  [38;2;1;2;2m  [38;2;0;0;0m      [38;2;1;1;2m  [38;2;30;46;62m██[38;2;120;184;247m██[38;2;112;175;238m██[38;2;46;83;119m  [38;2;0;0;0m          
[38;2;0;0;0m        [38;2;11;9;6m  [38;2;87;72;44m██[38;2;62;96;130m██[38;2;4;4;4m  [38;2;103;158;212m██[38;2;5;8;10m██[38;2;0;0;0m    [38;2;46;72;97m  [38;2;91;140;188m██[38;2;109;139;163m██[38;2;103;112;111m██[38;2;57;91;125m██[38;2;0;0;0m            
[38;2;0;0;0m          [38;2;62;52;31m  [38;2;69;119;172m██[38;2;72;118;170m██[38;2;120;184;248m██[38;2;74;120;173m██[38;2;7;12;18m  [38;2;30;46;62m██[38;2;116;170;221m██[38;2;104;86;54m██[38;2;123;102;60m██[38;2;148;124;70m██[38;2;112;132;141m██[38;2;0;0;0m            
[38;2;0;0;0m          [38;2;78;119;161m  [38;2;110;170;232m██[38;2;120;184;248m██████[38;2;97;150;204m██[38;2;120;184;248m██[38;2;111;101;81m██[38;2;128;104;72m██[38;2;123;100;68m██[38;2;113;95;55m██[38;2;117;98;57m██[38;2;0;0;0m            
[38;2;0;0;0m    [38;2;9;13;18m  [38;2;30;46;62m██[38;2;61;93;126m██[38;2;88;147;206m██[38;2;112;175;238m██[38;2;120;184;248m██████[38;2;120;184;247m██[38;2;96;80;48m██[38;2;128;104;72m██████[38;2;100;84;50m██[38;2;103;86;50m██[38;2;0;0;0m            
[38;2;0;0;0m    [38;2;9;13;18m  [38;2;74;125;175m██[38;2;120;184;248m██[38;2;88;147;206m██[38;2;90;149;209m██[38;2;120;184;248m██████[38;2;120;184;247m██[38;2;113;158;197m██[38;2;116;95;63m██[38;2;128;104;72m██[38;2;114;93;61m██[38;2;135;113;64m██[38;2;43;35;21m██[38;2;0;0;0m            
[38;2;0;0;0m        [38;2;83;141;199m████[38;2;120;184;248m██[38;2;109;171;233m██[38;2;120;184;248m██[38;2;104;162;223m██[38;2;111;172;234m██[38;2;120;184;248m██[38;2;114;141;165m██[38;2;86;83;71m██[38;2;101;90;61m██[38;2;0;0;0m                
[38;2;0;0;0m      [38;2;74;113;153m  [38;2;120;184;248m████[38;2;105;167;229m████[38;2;101;144;188m██[38;2;56;95;142m██[38;2;161;197;234m██[38;2;120;184;248m██[38;2;111;172;234m██[38;2;100;156;213m██[38;2;6;10;15m  [38;2;0;0;0m                
[38;2;0;0;0m      [38;2;99;151;204m██[38;2;120;184;248m████[38;2;101;162;222m██[38;2;115;179;242m██[38;2;39;63;87m██[38;2;237;237;237m██[38;2;232;240;247m██[38;2;120;184;248m██[38;2;115;172;230m██[38;2;119;183;246m██[38;2;62;96;131m██[38;2;28;43;57m██[38;2;6;6;6m  [38;2;0;0;0m            
[38;2;0;0;0m      [38;2;24;38;51m  [38;2;120;184;248m████[38;2;115;178;241m██[38;2;118;182;246m██[38;2;99;147;195m██[38;2;149;197;245m██[38;2;122;157;196m██[38;2;90;112;140m██[38;2;125;153;159m██[38;2;79;96;114m██[38;2;113;174;236m██[38;2;118;181;243m██[38;2;70;89;108m██[38;2;0;0;0m            
[38;2;0;0;0m    [38;2;17;31;45m██[38;2;57;71;85m██[38;2;110;164;218m██[38;2;88;147;206m██[38;2;110;160;212m████[38;2;121;123;121m████[38;2;153;151;113m██[38;2;166;160;106m██[38;2;69;105;140m██[38;2;66;69;71m██[38;2;120;183;247m████[38;2;112;175;238m██[38;2;0;0;0m            
[38;2;12;12;12m  [38;2;52;85;118m██[38;2;72;128;184m████[38;2;72;105;138m██[38;2;36;52;68m██[38;2;205;195;157m████[38;2;248;232;176m██[38;2;213;203;135m██[38;2;98;96;78m██[38;2;69;111;153m██[38;2;103;128;140m██[38;2;196;185;146m██[38;2;101;144;188m██[38;2;78;94;110m██[38;2;70;85;100m██[38;2;46;83;119m  [38;2;0;0;0m          
[38;2;17;31;45m██[38;2;171;190;211m██[38;2;102;136;174m██[38;2;84;122;165m██[38;2;35;62;90m  [38;2;0;0;0m  [38;2;38;37;30m██[38;2;87;81;67m██[38;2;65;79;93m████[38;2;91;128;156m██[38;2;175;153;97m██[38;2;213;194;138m██[38;2;242;226;171m██[38;2;92;84;66m██[38;2;70;113;156m██[38;2;67;89;110m██[38;2;72;128;183m██[38;2;35;54;74m██[38;2;17;30;44m██[38;2;4;7;10m  [38;2;0;0;0m    
[38;2;3;6;9m  [38;2;136;146;158m██[38;2;62;108;160m██[38;2;26;47;68m██[38;2;0;0;0m    [38;2;107;104;76m██[38;2;189;177;109m██[38;2;121;146;157m██[38;2;130;129;105m██[38;2;223;205;149m██[38;2;248;231;176m██[38;2;247;231;176m██[38;2;108;106;94m██[38;2;90;135;181m██[38;2;102;147;192m██[38;2;64;70;75m██[38;2;72;128;184m██[38;2;70;117;164m██[38;2;66;86;107m██[38;2;49;86;128m██[38;2;53;95;137m██[38;2;14;25;35m  
[38;2;0;0;0m        [38;2;6;11;15m  [38;2;64;115;165m██[38;2;68;102;137m██[38;2;177;166;104m██[38;2;133;160;173m██[38;2;142;143;121m██[38;2;186;165;109m██[38;2;224;206;150m██[38;2;102;102;90m██[38;2;120;184;247m██[38;2;120;184;248m██[38;2;118;181;244m██[38;2;88;117;145m██[38;2;115;178;241m██[38;2;76;132;189m██[38;2;67;88;109m██[38;2;72;128;184m██[38;2;55;96;142m██[38;2;14;25;36m  
[38;2;0;0;0m        [38;2;25;44;63m██[38;2;72;128;184m██[38;2;66;112;160m██[38;2;83;80;71m██[38;2;133;160;173m██[38;2;120;184;248m██[38;2;128;169;203m██[38;2;86;80;66m██[38;2;134;158;185m██[38;2;210;228;245m██[38;2;104;165;227m██[38;2;82;135;188m██[38;2;98;137;176m██[38;2;120;184;248m██[38;2;88;147;206m██[38;2;67;88;109m██[38;2;34;61;88m██[38;2;10;18;28m  [38;2;0;0;0m  
[38;2;0;0;0m        [38;2;16;16;16m  [38;2;58;96;140m██[38;2;64;113;165m██[38;2;66;84;101m██[38;2;190;174;126m██[38;2;175;153;97m████[38;2;163;143;83m██[38;2;83;104;117m██[38;2;115;158;201m██[38;2;106;160;215m██[38;2;65;79;95m██[38;2;104;162;222m██[38;2;98;154;213m██[38;2;66;109;154m██[38;2;39;39;39m  [38;2;0;0;0m      
[38;2;0;0;0m          [38;2;15;27;40m  [38;2;64;113;165m██[38;2;72;128;184m██[38;2;87;109;127m██[38;2;110;106;92m██[38;2;176;154;98m██[38;2;164;144;84m██[38;2;146;127;76m██[38;2;108;108;109m██[38;2;88;121;155m██[38;2;103;161;221m████[38;2;68;121;175m██[38;2;35;54;74m██[38;2;0;0;0m        
[38;2;0;0;0m          [38;2;135;135;135m  [38;2;56;99;144m██[38;2;91;122;159m██[38;2;42;72;108m██[38;2;1;3;4m  [38;2;0;0;0m  [38;2;150;144;90m████[38;2;49;51;54m██[38;2;97;151;206m██[38;2;104;162;222m██[38;2;82;136;192m██[38;2;61;108;157m██[38;2;6;11;15m  [38;2;0;0;0m        
[38;2;0;0;0m            [38;2;7;12;18m  [38;2;49;50;51m██[38;2;0;0;0m            [38;2;7;13;20m  [38;2;103;161;221m██[38;2;82;136;192m██[38;2;68;121;175m██[38;2;25;44;64m██[38;2;0;0;0m        
[38;2;0;0;0m                            [38;2;105;105;105m  [38;2;43;74;110m██[38;2;56;91;129m██[38;2;90;116;147m██[38;2;0;0;0m          
[38;2;0;0;0m                                [38;2;9;9;9m  [38;2;53;53;53m  [38;2;0;0;0m          [0m
