
[38;2;0;0;0m        [38;2;8;5;8m  [38;2;9;6;9m  [38;2;0;0;0m                                            
[38;2;0;0;0m        [38;2;35;23;35m██[38;2;117;78;117m██[38;2;0;0;0m                  [38;2;117;81;117m  [38;2;0;0;0m                        
[38;2;0;0;0m        [38;2;123;96;131m██[38;2;106;94;117m██[38;2;108;72;108m██[38;2;0;0;0m  [38;2;51;35;51m██[38;2;52;36;52m██[38;2;0;0;0m      [38;2;39;27;39m  [38;2;91;63;91m██[38;2;208;144;208m██[38;2;52;36;52m████[38;2;208;144;208m██[38;2;168;116;168m██[38;2;0;0;0m                
[38;2;0;0;0m        [38;2;44;47;66m██[38;2;60;96;94m██[38;2;135;90;135m██[38;2;27;18;27m  [38;2;132;89;132m██[38;2;88;72;88m██[38;2;27;18;27m    [38;2;156;108;156m██[38;2;195;135;195m██[38;2;208;144;208m██[38;2;122;112;131m██[38;2;94;101;105m██[38;2;179;133;182m██[38;2;208;144;208m██[38;2;51;35;51m██[38;2;0;0;0m                
[38;2;0;0;0m    [38;2;52;36;52m██[38;2;13;9;13m  [38;2;28;39;46m██[38;2;70;117;154m██[38;2;77;89;89m██[38;2;84;72;84m██[38;2;208;144;208m██[38;2;160;108;160m██[38;2;99;78;99m██[38;2;84;72;84m██[38;2;208;144;208m██[38;2;179;133;182m██[38;2;60;96;94m██[38;2;88;157;154m██[38;2;112;208;208m██[38;2;80;140;131m██[38;2;127;97;130m██[38;2;0;0;0m                  
[38;2;0;0;0m    [38;2;90;62;90m██[38;2;169;117;169m██[38;2;144;110;145m██[38;2;64;75;82m██[38;2;70;106;126m██[38;2;148;115;151m██[38;2;208;144;208m██[38;2;196;135;196m██[38;2;129;89;129m██[38;2;150;111;150m██[38;2;179;133;182m██[38;2;74;109;130m██[38;2;72;120;160m██[38;2;68;113;143m██[38;2;80;140;131m██[38;2;112;208;208m██[38;2;81;93;93m██[38;2;38;26;38m  [38;2;0;0;0m                
[38;2;0;0;0m      [38;2;80;53;80m  [38;2;192;131;192m██[38;2;203;140;203m██[38;2;100;84;100m██[38;2;180;128;180m██[38;2;208;144;208m████[38;2;154;113;154m██[38;2;180;129;180m██[38;2;106;94;118m██[38;2;69;113;143m██[38;2;72;120;160m████[38;2;70;118;106m██[38;2;101;185;182m██[38;2;31;49;40m  [38;2;0;0;0m      [38;2;13;9;13m  [38;2;52;36;52m██[38;2;0;0;0m        
[38;2;0;0;0m        [38;2;144;96;144m██[38;2;155;104;155m██[38;2;208;144;208m████████[38;2;181;129;181m██[38;2;122;112;131m██[38;2;60;96;94m██[38;2;72;120;160m████[38;2;62;101;110m██[38;2;92;158;155m██[38;2;29;41;38m██[38;2;0;0;0m        [38;2;52;36;52m██[38;2;208;144;208m██[38;2;143;98;143m██[38;2;26;17;26m  [38;2;0;0;0m    
[38;2;0;0;0m        [38;2;32;21;33m██[38;2;131;88;136m██[38;2;171;116;171m██[38;2;208;144;208m██████████[38;2;85;97;97m██[38;2;67;100;119m██[38;2;66;99;119m██[38;2;77;74;80m██[38;2;99;78;99m██[38;2;62;41;62m██[38;2;0;0;0m          [38;2;117;81;117m  [38;2;200;138;201m██[38;2;119;93;120m██[38;2;26;17;26m  [38;2;0;0;0m  
[38;2;0;0;0m        [38;2;44;30;45m██[38;2;180;124;184m██[38;2;208;144;208m████[38;2;171;116;171m██[38;2;208;144;208m██[38;2;134;118;134m██[38;2;215;163;215m██[38;2;199;139;199m██[38;2;172;124;172m████[38;2;105;84;105m██[38;2;84;72;84m████[38;2;108;72;108m██[38;2;26;17;26m  [38;2;0;0;0m        [38;2;138;94;148m██[38;2;201;139;202m██[38;2;143;98;143m██[38;2;0;0;0m  
[38;2;0;0;0m        [38;2;208;144;208m██████[38;2;160;108;160m██[38;2;201;139;202m██[38;2;45;31;46m██[38;2;245;241;245m██[38;2;203;154;203m██[38;2;160;108;160m██[38;2;195;134;195m██[38;2;90;78;90m██[38;2;91;79;91m██[38;2;208;144;208m██[38;2;171;116;171m██[38;2;94;76;94m██[38;2;139;94;139m██[38;2;40;27;40m██[38;2;12;8;12m  [38;2;0;0;0m    [38;2;45;31;46m██[38;2;180;124;184m██[38;2;170;116;173m██[38;2;35;23;35m██
[38;2;0;0;0m        [38;2;208;144;208m██████[38;2;196;135;196m██[38;2;117;79;130m██[38;2;140;96;144m██[38;2;215;163;215m██[38;2;218;193;218m██[38;2;131;112;149m██[38;2;127;99;127m██[38;2;106;85;106m██[38;2;187;130;187m██[38;2;180;128;180m██[38;2;100;84;100m██[38;2;123;87;123m██[38;2;124;88;124m██[38;2;148;99;148m██[38;2;93;62;102m██[38;2;116;80;116m  [38;2;0;0;0m  [38;2;162;112;163m██[38;2;180;124;184m██[38;2;125;83;131m██[38;2;26;17;29m██
[38;2;0;0;0m    [38;2;36;24;36m██[38;2;116;77;116m██[38;2;99;83;99m██[38;2;208;144;208m████████[38;2;182;133;188m██[38;2;150;123;156m██[38;2;189;180;195m██[38;2;103;91;121m██[38;2;149;111;149m██[38;2;154;154;154m██[38;2;152;116;152m██[38;2;106;85;106m██[38;2;172;124;172m██[38;2;106;85;106m██[38;2;93;75;93m██[38;2;144;96;144m████[38;2;120;81;132m██[38;2;192;131;192m██[38;2;126;85;136m██[38;2;152;102;153m██[38;2;134;89;134m██[38;2;26;17;26m  
[38;2;17;11;20m  [38;2;157;151;160m██[38;2;116;77;125m██[38;2;144;96;144m██[38;2;118;87;118m██[38;2;180;128;180m██[38;2;187;129;190m██[38;2;186;128;189m██[38;2;105;101;130m██[38;2;120;96;132m██[38;2;163;124;163m██[38;2;99;78;99m██[38;2;105;93;105m██[38;2;173;171;173m██[38;2;229;229;229m██[38;2;208;208;208m██[38;2;106;85;106m██[38;2;172;124;172m██[38;2;170;131;170m██[38;2;113;104;113m██[38;2;128;89;128m██[38;2;129;90;129m██[38;2;108;72;120m██[38;2;144;96;144m██[38;2;131;87;135m██[38;2;132;88;136m██[38;2;107;71;107m██[38;2;0;0;0m  
[38;2;35;23;35m██[38;2;136;106;145m██[38;2;131;88;136m██[38;2;140;93;141m██[38;2;108;72;108m██[38;2;27;18;27m  [38;2;38;26;38m  [38;2;91;88;109m██[38;2;124;88;124m██[38;2;100;90;100m██[38;2;92;92;92m██[38;2;125;125;119m██[38;2;207;207;207m██[38;2;248;248;248m██[38;2;176;172;176m██[38;2;100;84;100m██[38;2;208;144;208m████[38;2;158;122;158m██[38;2;113;104;113m██[38;2;128;89;128m██[38;2;87;65;96m██[38;2;144;96;144m████[38;2;116;77;122m██[38;2;99;66;102m██[38;2;0;0;0m    
[38;2;8;5;8m  [38;2;136;106;136m██[38;2;124;98;137m██[38;2;79;68;80m██[38;2;0;0;0m      [38;2;92;65;92m██[38;2;96;69;105m██[38;2;100;90;100m██[38;2;146;146;140m██[38;2;138;138;131m██[38;2;164;164;158m██[38;2;123;123;121m██[38;2;152;121;152m██[38;2;179;136;179m██[38;2;172;117;172m██[38;2;208;144;208m██[38;2;159;114;159m██[38;2;97;70;106m██[38;2;179;122;179m██[38;2;83;71;83m██[38;2;116;77;116m██[38;2;36;24;36m██[38;2;17;11;20m  [38;2;0;0;0m      
[38;2;0;0;0m            [38;2;35;23;35m██[38;2;144;96;144m██[38;2;132;88;136m██[38;2;131;87;135m██[38;2;113;104;113m██[38;2;236;236;236m██[38;2;241;241;240m██[38;2;103;103;102m██[38;2;195;134;195m██[38;2;147;98;147m██[38;2;206;184;206m██[38;2;169;120;169m██[38;2;127;99;127m██[38;2;208;144;208m██[38;2;124;84;136m██[38;2;51;35;51m██[38;2;0;0;0m            
[38;2;0;0;0m            [38;2;35;23;35m██[38;2;144;96;144m██[38;2;113;75;123m██[38;2;140;93;141m██[38;2;139;94;139m██[38;2;113;104;113m██[38;2;123;123;123m██[38;2;152;152;151m██[38;2;115;90;115m██[38;2;206;184;206m██[38;2;132;92;132m██[38;2;154;114;154m██[38;2;208;144;208m██[38;2;144;98;153m██[38;2;174;119;177m██[38;2;120;80;120m██[38;2;0;0;0m            
[38;2;0;0;0m              [38;2;53;35;62m  [38;2;124;88;124m██[38;2;138;93;138m██[38;2;144;96;144m████[38;2;81;54;81m  [38;2;0;0;0m      [38;2;72;60;72m██[38;2;116;77;125m██[38;2;131;88;136m████[38;2;144;96;144m████[38;2;107;71;107m██[38;2;0;0;0m          
[38;2;0;0;0m              [38;2;98;98;98m  [38;2;147;147;147m██[38;2;100;91;100m██[38;2;36;24;36m████[38;2;0;0;0m        [38;2;36;24;36m██[38;2;116;77;125m██[38;2;210;202;213m██[38;2;209;201;213m██[38;2;117;78;126m██[38;2;62;41;62m██[38;2;26;17;26m  [38;2;0;0;0m          
[38;2;0;0;0m                                  [38;2;139;139;139m  [38;2;248;248;248m██[38;2;247;247;247m██[38;2;139;139;139m  [38;2;0;0;0m              
[38;2;0;0;0m                                    [38;2;62;62;62m██[38;2;61;61;61m██[38;2;0;0;0m                [0m
