
[38;2;0;0;0m    [38;2;40;36;27m  [38;2;0;0;0m                        
[38;2;0;0;0m    [38;2;113;103;78m██[38;2;0;0;0m            [38;2;11;11;8m  [38;2;103;99;74m██[38;2;0;0;0m        
[38;2;0;0;0m  [38;2;41;37;22m  [38;2;148;142;100m██[38;2;0;0;0m            [38;2;63;57;36m██[38;2;192;178;117m██[38;2;57;55;38m  [38;2;0;0;0m      
[38;2;0;0;0m  [38;2;170;162;111m██[38;2;157;142;100m██[38;2;0;0;0m          [38;2;97;92;66m  [38;2;176;159;97m██[38;2;219;205;148m██[38;2;192;185;130m██[38;2;0;0;0m      
[38;2;0;0;0m  [38;2;177;171;119m██[38;2;109;98;65m██[38;2;0;0;0m        [38;2;0;0;2m  [38;2;130;123;91m██[38;2;223;211;154m██[38;2;225;211;156m██[38;2;192;185;130m██[38;2;0;0;0m      
[38;2;0;0;0m  [38;2;177;171;119m██[38;2;115;104;62m██[38;2;0;0;0m    [38;2;138;105;87m  [38;2;146;113;91m██[38;2;63;59;50m██[38;2;213;199;150m██[38;2;225;211;156m████[38;2;192;185;130m██[38;2;0;0;0m      
[38;2;22;21;15m  [38;2;194;187;131m██[38;2;153;135;89m██[38;2;41;34;33m██[38;2;166;131;107m██[38;2;170;131;105m████[38;2;66;66;66m██[38;2;223;212;153m██[38;2;225;211;156m████[38;2;0;0;0m        
[38;2;59;56;41m██[38;2;224;211;155m██[38;2;139;130;99m██[38;2;190;182;131m██[38;2;113;96;84m██[38;2;170;131;105m████[38;2;66;66;66m██[38;2;223;212;153m██[38;2;225;211;156m████[38;2;51;51;51m  [38;2;0;0;0m      
[38;2;34;32;24m  [38;2;205;194;143m██[38;2;193;181;133m██[38;2;210;201;144m██[38;2;117;103;82m██[38;2;126;104;89m██[38;2;132;126;103m██[38;2;221;213;149m██[38;2;222;213;151m██[38;2;219;208;151m██[38;2;158;150;118m██[38;2;104;88;77m██[38;2;23;18;14m  [38;2;0;0;0m    
[38;2;0;0;0m  [38;2;66;63;47m██[38;2;225;211;156m██[38;2;222;211;153m██[38;2;216;206;147m██[38;2;212;205;144m██[38;2;225;211;156m██[38;2;222;213;150m██[38;2;75;74;71m██[38;2;81;78;73m██[38;2;163;128;103m██[38;2;170;131;105m██[38;2;56;44;35m██[38;2;0;0;0m    
[38;2;0;0;0m  [38;2;138;144;151m██[38;2;117;95;88m██[38;2;218;203;151m██[38;2;195;184;138m██[38;2;150;145;111m██[38;2;112;112;112m██[38;2;116;118;123m██[38;2;137;125;99m██[38;2;118;85;69m██[38;2;170;131;105m██[38;2;168;128;105m██[38;2;52;37;33m██[38;2;0;0;0m    
[38;2;0;0;0m  [38;2;70;70;92m██[38;2;146;138;131m██[38;2;68;68;67m██[38;2;64;62;69m██[38;2;163;163;186m██[38;2;185;82;92m██[38;2;253;253;253m██[38;2;157;153;131m██[38;2;111;85;69m██[38;2;170;131;105m██[38;2;119;81;77m██[38;2;0;0;0m      
[38;2;0;0;0m    [38;2;190;179;169m██[38;2;172;156;144m██[38;2;152;147;124m██[38;2;105;101;109m██[38;2;170;171;184m██[38;2;90;85;102m██[38;2;160;148;119m██[38;2;110;82;69m██[38;2;138;93;90m██[38;2;59;40;38m  [38;2;0;0;0m      
[38;2;0;0;0m    [38;2;83;78;72m  [38;2;200;180;166m██[38;2;65;69;79m██[38;2;208;193;150m██[38;2;219;211;148m██[38;2;220;211;148m██[38;2;104;83;80m██[38;2;135;95;88m██[38;2;55;37;36m██[38;2;0;0;0m        
[38;2;0;0;0m    [38;2;19;14;12m  [38;2;76;77;75m██[38;2;116;101;98m██[38;2;122;86;85m██[38;2;124;89;80m██[38;2;139;96;91m██[38;2;119;87;83m██[38;2;86;74;72m██[38;2;101;78;69m██[38;2;30;30;30m  [38;2;0;0;0m      
[38;2;0;0;0m    [38;2;39;32;32m██[38;2;83;70;65m██[38;2;167;128;106m██[38;2;134;103;88m██[38;2;141;96;92m██[38;2;139;109;89m██[38;2;114;95;81m██[38;2;109;80;69m██[38;2;84;72;67m██[38;2;110;81;70m██[38;2;36;27;23m██[38;2;0;0;0m    
[38;2;0;0;0m    [38;2;95;74;68m██[38;2;94;76;67m██[38;2;88;68;63m██[38;2;166;127;104m██[38;2;118;95;80m██[38;2;119;96;80m██[38;2;89;73;68m██[38;2;107;80;69m██[38;2;92;74;68m██[38;2;110;81;70m██[38;2;79;59;50m██[38;2;0;0;0m    
[38;2;0;0;0m    [38;2;89;71;64m██[38;2;150;117;93m██[38;2;138;105;87m██[38;2;170;130;105m██[38;2;100;79;67m██[38;2;113;86;70m██[38;2;90;74;69m██[38;2;107;80;69m██[38;2;91;74;68m██[38;2;110;81;70m██[38;2;110;82;70m██[38;2;0;0;0m    
[38;2;0;0;0m    [38;2;14;10;8m  [38;2;82;73;67m██[38;2;110;92;80m██[38;2;115;93;81m██[38;2;138;100;88m██[38;2;151;108;97m██[38;2;100;79;78m██[38;2;110;81;70m██[38;2;83;72;67m██[38;2;110;81;70m██[38;2;93;72;63m██[38;2;0;0;0m    
[38;2;0;0;0m        [38;2;24;21;20m  [38;2;99;83;77m██[38;2;134;93;90m██[38;2;85;70;62m██[38;2;80;68;65m██[38;2;84;70;69m██[38;2;103;78;69m██[38;2;72;68;66m██[38;2;92;79;75m██[38;2;7;9;11m  [38;2;0;0;0m  
[38;2;0;0;0m        [38;2;0;0;1m  [38;2;22;19;18m  [38;2;116;101;80m██[38;2;79;71;66m██[38;2;75;69;67m██[38;2;89;75;73m██[38;2;72;67;64m██[38;2;80;71;67m██[38;2;79;68;63m██[38;2;73;62;57m██[38;2;14;12;10m  
[38;2;0;0;0m        [38;2;22;19;15m██[38;2;74;71;68m██[38;2;166;145;93m██[38;2;95;92;81m██[38;2;185;164;105m██[38;2;178;159;104m██[38;2;86;78;70m██[38;2;80;69;62m██[38;2;67;60;56m██[38;2;53;45;41m  [38;2;0;0;0m  
[38;2;0;0;0m        [38;2;95;81;67m██[38;2;138;120;104m██[38;2;116;103;83m██[38;2;175;162;120m██[38;2;174;165;122m██[38;2;116;113;93m██[38;2;147;135;105m██[38;2;24;21;18m██[38;2;8;7;6m  [38;2;0;0;0m    
[38;2;0;0;0m            [38;2;124;111;104m██[38;2;0;0;0m  [38;2;121;108;99m██[38;2;59;51;46m  [38;2;119;103;96m  [38;2;0;0;0m        
[38;2;0;0;0m                [38;2;34;29;26m  [38;2;0;0;0m            [0m
