
[38;2;0;0;0m                                  [38;2;49;49;49m██[38;2;0;0;0m        
[38;2;0;0;0m                                [38;2;49;49;49m██[38;2;115;197;255m██[38;2;49;49;49m██[38;2;0;0;0m      
[38;2;0;0;0m                            [38;2;49;49;49m██[38;2;0;0;0m  [38;2;49;49;49m██[38;2;115;197;255m██[38;2;49;49;49m██[38;2;0;0;0m  [38;2;49;49;49m████
[38;2;0;0;0m                          [38;2;49;49;49m██[38;2;115;197;255m██[38;2;49;49;49m██[38;2;115;197;255m████[38;2;82;82;82m██[38;2;49;49;49m██[38;2;115;197;255m██[38;2;49;49;49m██
[38;2;0;0;0m          [38;2;49;49;49m██[38;2;0;0;0m              [38;2;49;49;49m██[38;2;115;197;255m██[38;2;82;82;82m██[38;2;115;197;255m████[38;2;82;82;82m██[38;2;115;197;255m██[38;2;98;164;156m██[38;2;49;49;49m██
[38;2;0;0;0m        [38;2;49;49;49m██[38;2;98;164;156m██[38;2;49;49;49m██[38;2;0;0;0m          [38;2;49;49;49m██[38;2;82;82;82m██[38;2;115;197;255m████[38;2;98;164;156m██[38;2;115;197;255m██[38;2;98;164;156m██[38;2;115;197;255m██[38;2;49;49;49m██[38;2;0;0;0m  
[38;2;0;0;0m      [38;2;49;49;49m██[38;2;65;123;115m██[38;2;98;164;156m██[38;2;49;49;49m██[38;2;0;0;0m      [38;2;49;49;49m████[38;2;255;255;255m██[38;2;156;222;255m██[38;2;115;197;255m████████████[38;2;49;49;49m██[38;2;0;0;0m  
[38;2;0;0;0m      [38;2;49;49;49m██[38;2;98;164;156m██[38;2;65;123;115m██[38;2;49;49;49m██[38;2;0;0;0m    [38;2;49;49;49m██[38;2;115;197;255m██[38;2;82;82;82m██[38;2;255;255;255m██[38;2;115;197;255m██████[38;2;156;222;255m██[38;2;255;255;255m████[38;2;156;222;255m██[38;2;98;164;156m██[38;2;49;49;49m██
[38;2;0;0;0m    [38;2;49;49;49m██[38;2;156;222;255m██[38;2;255;255;255m██[38;2;115;197;255m████[38;2;49;49;49m████[38;2;115;197;255m████[38;2;82;82;82m██[38;2;156;222;255m██[38;2;115;197;255m████[38;2;156;222;255m██[38;2;255;255;255m████████[38;2;156;222;255m██[38;2;49;49;49m██
[38;2;0;0;0m  [38;2;49;49;49m██[38;2;189;189;189m██[38;2;255;255;255m██[38;2;156;222;255m██[38;2;115;197;255m████[38;2;255;255;255m████[38;2;115;197;255m████[38;2;82;82;82m██[38;2;115;197;255m██████[38;2;255;255;255m████████████[38;2;49;49;49m██
[38;2;0;0;0m  [38;2;255;255;255m██[38;2;131;131;115m██[38;2;255;255;255m██[38;2;115;197;255m██[38;2;255;255;255m████████[38;2;115;197;255m██[38;2;255;255;255m██[38;2;82;82;82m██[38;2;115;197;255m████[38;2;156;222;255m██[38;2;255;255;255m████[38;2;131;131;115m████[38;2;255;255;255m██[38;2;189;189;189m██[38;2;49;49;49m██
[38;2;49;49;49m██[38;2;82;82;82m██[38;2;255;255;255m████████[38;2;131;131;115m██[38;2;189;189;189m██[38;2;255;255;255m██████[38;2;189;189;189m██[38;2;82;82;82m██[38;2;115;197;255m██[38;2;255;255;255m████[38;2;131;131;115m██[38;2;189;189;189m██████[38;2;49;49;49m██[38;2;0;0;0m  
[38;2;49;49;49m██[38;2;255;255;255m████████[38;2;189;189;189m██[38;2;255;255;255m██[38;2;49;49;49m██[38;2;255;255;255m████████[38;2;82;82;82m██[38;2;115;197;255m██[38;2;255;255;255m████[38;2;82;82;82m██[38;2;189;189;189m████[38;2;49;49;49m██[38;2;0;0;0m    
[38;2;49;49;49m██[38;2;255;255;255m██[38;2;189;189;189m██[38;2;255;255;255m██████[38;2;49;49;49m██[38;2;131;131;115m██[38;2;255;255;255m██[38;2;246;213;49m████[38;2;189;189;189m██[38;2;82;82;82m██[38;2;115;197;255m██[38;2;255;255;255m████[38;2;82;82;82m██[38;2;49;49;49m████[38;2;0;0;0m      
[38;2;0;0;0m  [38;2;49;49;49m██[38;2;255;255;255m██[38;2;180;98;115m████[38;2;255;255;255m██████[38;2;246;213;49m██[38;2;213;172;0m████[38;2;82;82;82m██[38;2;115;197;255m██[38;2;156;222;255m██[38;2;255;255;255m████[38;2;49;49;49m██[38;2;0;0;0m          
[38;2;0;0;0m    [38;2;49;49;49m██[38;2;82;82;82m██[38;2;222;123;131m██[38;2;189;189;189m██████[38;2;213;172;0m████[38;2;82;82;82m██[38;2;98;164;156m██[38;2;115;197;255m██[38;2;255;255;255m████[38;2;189;189;189m██[38;2;49;49;49m██[38;2;0;0;0m          
[38;2;0;0;0m      [38;2;49;49;49m██[38;2;131;131;115m██[38;2;189;189;189m██[38;2;82;82;82m████[38;2;189;189;189m██[38;2;82;82;82m██[38;2;189;189;189m██[38;2;98;164;156m████[38;2;189;189;189m████[38;2;49;49;49m██[38;2;0;0;0m            
[38;2;0;0;0m    [38;2;49;49;49m██[38;2;255;255;255m██[38;2;82;82;82m████[38;2;255;255;255m████[38;2;131;131;115m██[38;2;82;82;82m██[38;2;98;164;156m████[38;2;189;189;189m██████[38;2;49;49;49m██[38;2;0;0;0m            
[38;2;0;0;0m    [38;2;49;49;49m██[38;2;131;131;115m██[38;2;189;189;189m██[38;2;82;82;82m████[38;2;255;255;255m████[38;2;131;131;115m██[38;2;82;82;82m██[38;2;189;189;189m██████[38;2;49;49;49m██[38;2;0;0;0m              
[38;2;0;0;0m      [38;2;49;49;49m██[38;2;131;131;115m██[38;2;255;255;255m██████████[38;2;82;82;82m██[38;2;189;189;189m██[38;2;49;49;49m████[38;2;0;0;0m                
[38;2;0;0;0m      [38;2;49;49;49m██[38;2;189;189;189m██[38;2;131;131;115m██[38;2;255;255;255m████████[38;2;49;49;49m████[38;2;0;0;0m                    
[38;2;0;0;0m        [38;2;49;49;49m██████[38;2;255;255;255m████[38;2;49;49;49m██[38;2;0;0;0m                        
[38;2;0;0;0m              [38;2;49;49;49m████[38;2;0;0;0m                          [0m
