
[38;2;0;0;0m                        [38;2;32;32;32m██[38;2;0;0;0m                    
[38;2;0;0;0m                      [38;2;32;32;32m██[38;2;230;98;106m██[38;2;32;32;32m██[38;2;0;0;0m                  
[38;2;0;0;0m                    [38;2;32;32;32m██[38;2;230;98;106m██████[38;2;32;32;32m██[38;2;0;0;0m                
[38;2;0;0;0m                    [38;2;32;32;32m██[38;2;230;98;106m██[38;2;180;90;98m██[38;2;230;98;106m██[38;2;32;32;32m██[38;2;0;0;0m                
[38;2;0;0;0m                      [38;2;32;32;32m██[38;2;230;98;106m██[38;2;32;32;32m██[38;2;0;0;0m                  
[38;2;0;0;0m                  [38;2;32;32;32m████[38;2;246;189;123m██[38;2;230;98;106m██[38;2;32;32;32m██[38;2;0;0;0m                  
[38;2;0;0;0m                [38;2;32;32;32m██[38;2;205;139;90m██[38;2;246;189;123m████████[38;2;32;32;32m██[38;2;0;0;0m                
[38;2;0;0;0m      [38;2;32;32;32m████[38;2;0;0;0m    [38;2;32;32;32m██[38;2;246;189;123m██████[38;2;205;139;90m██[38;2;246;189;123m██████[38;2;32;32;32m██[38;2;0;0;0m              
[38;2;0;0;0m    [38;2;32;32;32m██[38;2;246;189;123m████[38;2;32;32;32m██[38;2;0;0;0m  [38;2;32;32;32m██[38;2;115;82;57m██[38;2;246;189;123m██████████████[38;2;32;32;32m██[38;2;0;0;0m            
[38;2;0;0;0m  [38;2;32;32;32m██[38;2;246;189;123m██[38;2;205;139;90m████[38;2;246;189;123m██[38;2;32;32;32m████[38;2;255;255;255m██[38;2;246;189;123m██[38;2;115;82;57m██[38;2;246;189;123m██[38;2;115;82;57m██[38;2;246;189;123m██[38;2;205;139;90m██[38;2;246;189;123m██[38;2;32;32;32m██[38;2;0;0;0m            
[38;2;0;0;0m  [38;2;32;32;32m██[38;2;246;189;123m██████[38;2;106;98;74m██[38;2;246;189;123m██[38;2;106;98;74m██[38;2;148;98;74m██[38;2;246;189;123m██[38;2;115;82;57m██[38;2;246;189;123m██[38;2;255;255;255m██[38;2;246;189;123m██████[38;2;106;98;74m██[38;2;32;32;32m████[38;2;0;0;0m        
[38;2;0;0;0m  [38;2;32;32;32m██[38;2;246;189;123m██[38;2;115;82;57m██[38;2;246;189;123m██[38;2;106;98;74m██[38;2;246;189;123m██[38;2;106;98;74m██[38;2;246;189;123m████[38;2;148;98;74m██[38;2;246;189;123m██[38;2;148;98;74m██[38;2;246;189;123m██████[38;2;106;98;74m██[38;2;246;189;123m██[38;2;32;32;32m██████[38;2;0;0;0m    
[38;2;0;0;0m    [38;2;32;32;32m██[38;2;115;82;57m██[38;2;246;189;123m██[38;2;106;98;74m██[38;2;246;189;123m████[38;2;106;98;74m████[38;2;246;189;123m██████████[38;2;106;98;74m██[38;2;246;189;123m████[38;2;106;98;74m██[38;2;246;189;123m████[38;2;32;32;32m██[38;2;0;0;0m  
[38;2;0;0;0m    [38;2;32;32;32m██[38;2;246;189;123m████[38;2;106;98;74m██[38;2;246;189;123m████████[38;2;106;98;74m██████████[38;2;246;189;123m████[38;2;106;98;74m██[38;2;246;189;123m██[38;2;205;139;90m████[38;2;246;189;123m██[38;2;32;32;32m██
[38;2;0;0;0m  [38;2;32;32;32m████[38;2;106;98;74m██[38;2;246;189;123m██[38;2;106;98;74m██[38;2;246;189;123m████[38;2;115;82;57m████[38;2;246;189;123m██████████████[38;2;115;82;57m██[38;2;246;189;123m████████[38;2;32;32;32m██
[38;2;32;32;32m██[38;2;246;189;123m████[38;2;106;98;74m██[38;2;246;189;123m██[38;2;106;98;74m██[38;2;246;189;123m██[38;2;115;82;57m████████[38;2;246;189;123m██████[38;2;205;139;90m██[38;2;246;189;123m██[38;2;106;98;74m██[38;2;115;82;57m██[38;2;246;189;123m██[38;2;115;82;57m██[38;2;246;189;123m██[38;2;32;32;32m██[38;2;0;0;0m  
[38;2;32;32;32m██[38;2;246;189;123m████████████[38;2;115;82;57m████████[38;2;205;139;90m██[38;2;246;189;123m████████[38;2;106;98;74m██[38;2;246;189;123m████[38;2;115;82;57m██[38;2;246;189;123m██[38;2;32;32;32m██[38;2;0;0;0m  
[38;2;0;0;0m  [38;2;32;32;32m██[38;2;246;189;123m██████████[38;2;115;82;57m██████████[38;2;246;189;123m██████[38;2;106;98;74m██[38;2;246;189;123m████████[38;2;32;32;32m██[38;2;0;0;0m    
[38;2;0;0;0m    [38;2;32;32;32m████[38;2;246;189;123m████████[38;2;205;139;90m██[38;2;148;98;74m██[38;2;115;82;57m████[38;2;246;189;123m████████████████[38;2;32;32;32m████[38;2;0;0;0m  
[38;2;0;0;0m        [38;2;32;32;32m██[38;2;246;189;123m████████████████[38;2;205;139;90m██[38;2;246;189;123m████████████████[38;2;32;32;32m██
[38;2;0;0;0m        [38;2;32;32;32m██[38;2;205;139;90m██[38;2;246;189;123m████████████████████[38;2;205;139;90m██[38;2;246;189;123m██████████[38;2;32;32;32m██
[38;2;0;0;0m          [38;2;32;32;32m████████[38;2;205;139;90m██[38;2;246;189;123m████████████████████[38;2;32;32;32m████[38;2;0;0;0m  
[38;2;0;0;0m                  [38;2;32;32;32m████[38;2;205;139;90m██[38;2;246;189;123m████[38;2;205;139;90m██[38;2;32;32;32m██████████[38;2;0;0;0m      
[38;2;0;0;0m                      [38;2;32;32;32m████████[38;2;0;0;0m                [0m
