
[38;2;0;0;0m      ██    ██████          
[38;2;0;0;0m    ██[38;2;255;255;255m██[38;2;0;0;0m██[38;2;8;0;0m██[38;2;173;88;90m██[38;2;189;75;77m████[38;2;0;0;0m████      
[38;2;0;0;0m    ██[38;2;255;255;255m██[38;2;85;85;85m██[38;2;255;132;135m████[38;2;189;75;77m████[38;2;189;74;77m████[38;2;0;0;0m██    
[38;2;0;0;0m  ██[38;2;255;255;255m██[38;2;189;189;189m██[38;2;66;66;66m██[38;2;189;74;77m████[38;2;189;75;77m████████[38;2;189;74;77m██[38;2;0;0;0m██  
[38;2;0;0;0m  ██[38;2;255;255;255m██[38;2;189;189;189m████[38;2;66;66;66m██[38;2;189;74;77m██[38;2;189;75;77m████████[38;2;189;74;77m██[38;2;0;0;0m██  
[38;2;0;0;0m  [38;2;8;8;8m██[38;2;255;255;255m██[38;2;189;192;189m████[38;2;189;189;189m██[38;2;101;63;64m██[38;2;189;74;77m████[38;2;173;57;61m██[38;2;148;71;74m██[38;2;140;57;60m██[38;2;107;106;107m██[38;2;0;0;0m██
[38;2;0;0;0m██[38;2;90;90;90m██[38;2;255;255;255m██[38;2;189;192;189m████[38;2;189;189;189m██[38;2;101;63;64m██[38;2;140;57;60m████[38;2;148;71;74m██[38;2;99;99;99m██[38;2;107;106;107m████[38;2;0;0;0m██
[38;2;0;0;0m██[38;2;107;107;107m████[38;2;255;255;255m██[38;2;181;183;181m██[38;2;107;107;107m████[38;2;115;90;67m████[38;2;107;107;107m████[38;2;107;110;107m████[38;2;0;0;0m██
[38;2;0;0;0m████[38;2;71;71;71m██[38;2;107;111;107m████[38;2;107;107;107m██[38;2;239;148;55m██[38;2;0;16;40m██[38;2;231;165;95m██[38;2;66;66;66m████[38;2;107;110;107m████[38;2;0;0;0m██
[38;2;0;0;0m    ██[38;2;90;57;58m██[38;2;206;181;182m██[38;2;189;189;189m██[38;2;107;107;107m██[38;2;247;148;39m██[38;2;187;121;48m██[38;2;107;107;107m████[38;2;0;0;0m██████
[38;2;0;0;0m  ██[38;2;189;74;77m██[38;2;129;98;99m██[38;2;90;57;58m██[38;2;66;66;66m████████[38;2;71;71;71m██[38;2;0;0;0m██      
[38;2;0;0;0m██[38;2;184;170;170m██[38;2;112;85;86m██[38;2;85;85;85m████[38;2;66;66;66m██[38;2;110;110;110m██[38;2;107;107;107m██[38;2;66;66;66m██[38;2;148;82;84m████[38;2;0;0;0m██    
[38;2;0;0;0m██[38;2;255;255;255m██[38;2;41;0;1m██[38;2;0;0;0m██[38;2;255;255;255m██[38;2;132;132;132m██[38;2;66;66;66m████[38;2;189;189;189m██[38;2;255;255;255m██[38;2;148;82;84m██[38;2;189;74;77m██[38;2;0;0;0m██  
[38;2;0;0;0m  ██    ██[38;2;66;66;66m████[38;2;255;255;255m████[38;2;148;126;130m██[38;2;99;61;67m██[38;2;189;74;77m████[38;2;0;0;0m██
[38;2;0;0;0m      ██[38;2;255;255;255m██[38;2;132;132;132m██[38;2;66;66;66m██████[38;2;247;255;255m██[38;2;99;61;67m██[38;2;189;74;77m██[38;2;189;189;189m██[38;2;0;0;0m██
[38;2;0;0;0m      [38;2;33;0;1m██[38;2;127;86;87m██[38;2;63;63;63m████[38;2;255;255;255m████[38;2;82;52;53m████[38;2;0;0;0m██[38;2;255;255;255m██[38;2;0;0;0m██
[38;2;0;0;0m    ██[38;2;222;173;174m██[38;2;127;86;87m██[38;2;189;189;189m██[38;2;0;0;0m████[38;2;85;85;85m██[38;2;123;74;75m██[38;2;0;8;8m██[38;2;0;0;0m  ██  
[38;2;0;0;0m      ██████    ██[38;2;148;49;52m████[38;2;0;0;0m██    
[38;2;0;0;0m                ██[38;2;198;181;182m██[38;2;165;93;95m██[38;2;189;189;189m██[38;2;0;0;0m██  
[38;2;0;0;0m                  ██████    [0m
