
[38;2;0;0;0m                    [38;2;29;14;12m██[38;2;0;0;0m                        
[38;2;0;0;0m                  [38;2;162;81;68m  [38;2;126;106;70m██[38;2;0;0;0m  [38;2;202;196;98m██[38;2;150;131;68m  [38;2;114;44;29m  [38;2;0;0;0m                
[38;2;0;0;0m            [38;2;27;23;12m  [38;2;69;61;32m██[38;2;212;194;99m████[38;2;248;240;120m██[38;2;227;213;108m██[38;2;219;203;103m██[38;2;211;171;98m██[38;2;170;67;50m██[38;2;0;0;0m                
[38;2;0;0;0m        [38;2;192;175;90m██[38;2;181;161;83m██[38;2;201;184;94m██[38;2;242;233;117m██[38;2;225;211;107m██[38;2;197;174;90m████[38;2;242;233;117m██[38;2;245;236;118m██[38;2;156;65;64m██[38;2;107;41;27m██[38;2;0;0;0m                
[38;2;0;0;0m    [38;2;126;73;54m██[38;2;214;188;100m██[38;2;220;204;104m██[38;2;244;234;117m██[38;2;222;207;105m██[38;2;217;201;102m██[38;2;217;200;102m██[38;2;246;238;119m██[38;2;248;240;120m██[38;2;204;160;94m██[38;2;199;117;78m██[38;2;237;91;61m██[38;2;0;0;0m    [38;2;68;26;17m  [38;2;124;48;33m██[38;2;198;79;64m██[38;2;224;86;57m██[38;2;34;13;8m  [38;2;0;0;0m    
[38;2;0;0;0m    [38;2;181;117;81m██[38;2;201;180;93m██[38;2;247;239;119m██[38;2;199;177;92m██[38;2;247;239;119m██[38;2;248;239;119m██[38;2;206;163;95m██[38;2;152;64;64m████[38;2;247;95;64m████[38;2;0;0;0m      [38;2;150;58;38m██[38;2;235;91;64m██[38;2;214;84;64m██[38;2;248;96;64m██[38;2;181;73;63m██[38;2;194;75;50m  [38;2;0;0;0m  
[38;2;0;0;0m  [38;2;138;64;58m██[38;2;217;184;102m██[38;2;247;240;120m██[38;2;219;203;103m██[38;2;244;235;118m██[38;2;227;202;108m██[38;2;203;86;66m██[38;2;223;87;64m██[38;2;247;96;64m████[38;2;112;43;29m██[38;2;53;20;13m  [38;2;0;0;0m    [38;2;11;4;3m  [38;2;203;78;52m██[38;2;196;78;64m██[38;2;232;90;64m██[38;2;231;90;64m██[38;2;218;86;64m██[38;2;247;96;64m██[38;2;64;25;16m██
[38;2;0;0;0m  [38;2;118;50;50m██[38;2;247;240;120m██[38;2;205;185;95m██[38;2;244;234;118m██[38;2;239;224;114m██[38;2;194;78;64m██[38;2;248;96;64m██[38;2;231;93;64m██[38;2;225;87;58m██[38;2;0;0;0m          [38;2;21;8;5m██[38;2;242;94;64m██[38;2;172;70;64m██[38;2;242;94;64m██[38;2;175;71;64m██[38;2;247;96;64m██[38;2;176;68;45m  [38;2;0;0;0m  
[38;2;0;0;0m  [38;2;43;18;18m  [38;2;247;240;120m██[38;2;248;240;120m██[38;2;196;112;77m██[38;2;213;84;64m██[38;2;248;96;64m██[38;2;141;77;64m██[38;2;86;70;59m██[38;2;92;57;31m██[38;2;0;0;0m          [38;2;16;6;5m██[38;2;165;68;64m██[38;2;240;93;64m██[38;2;203;81;64m██[38;2;237;92;64m██[38;2;119;47;35m██[38;2;0;0;0m    
[38;2;0;0;0m    [38;2;101;99;69m██[38;2;177;93;71m██[38;2;236;93;64m██[38;2;214;90;64m██[38;2;70;70;70m██[38;2;234;234;234m██[38;2;64;64;64m██[38;2;126;82;51m██[38;2;171;120;66m██[38;2;34;26;14m██[38;2;16;12;6m  [38;2;1;0;0m  [38;2;26;15;8m██[38;2;142;87;48m██[38;2;129;83;50m██[38;2;130;68;66m██[38;2;97;95;84m██[38;2;86;85;73m██[38;2;11;10;6m  [38;2;0;0;0m    
[38;2;0;0;0m    [38;2;185;133;144m██[38;2;128;85;80m██[38;2;143;116;110m██[38;2;40;40;40m██[38;2;97;97;97m██[38;2;136;141;152m██[38;2;64;64;64m████[38;2;143;113;73m██[38;2;192;144;80m██[38;2;164;123;68m██[38;2;137;103;58m██[38;2;85;70;59m██[38;2;95;81;67m██[38;2;197;191;145m██[38;2;204;198;149m██[38;2;225;217;149m██[38;2;111;109;91m██[38;2;30;30;24m██[38;2;0;0;0m    
[38;2;17;12;13m  [38;2;208;148;161m██[38;2;247;176;192m██[38;2;248;176;192m██[38;2;129;110;92m██[38;2;200;181;108m██[38;2;207;187;111m██[38;2;244;235;170m██[38;2;228;221;167m██[38;2;70;69;68m██[38;2;143;113;73m██[38;2;178;128;71m██[38;2;173;122;67m██[38;2;158;105;57m██[38;2;192;144;80m██[38;2;234;216;152m██[38;2;247;240;176m██[38;2;230;223;165m██[38;2;105;103;84m██[38;2;165;158;99m██[38;2;0;0;0m      
[38;2;64;45;50m██[38;2;248;176;192m██[38;2;220;154;166m██[38;2;156;104;106m██[38;2;124;90;91m██[38;2;224;217;161m██[38;2;248;240;176m████[38;2;169;165;130m██[38;2;164;126;76m██[38;2;173;122;67m██[38;2;183;133;74m██[38;2;192;144;80m██████[38;2;196;152;88m██[38;2;247;240;176m██[38;2;242;234;170m██[38;2;203;195;123m██[38;2;30;28;18m  [38;2;0;0;0m      
[38;2;0;0;0m    [38;2;97;65;63m██[38;2;179;127;119m██[38;2;140;116;104m██[38;2;232;225;166m██[38;2;248;240;176m████[38;2;219;197;140m██[38;2;145;90;50m██[38;2;146;102;61m██[38;2;174;123;68m██[38;2;192;144;80m██[38;2;191;143;79m██[38;2;174;123;68m██[38;2;230;222;155m██[38;2;211;203;133m██[38;2;188;181;115m██[38;2;86;83;57m██[38;2;0;0;0m        
[38;2;0;0;0m      [38;2;14;10;9m  [38;2;90;87;65m██[38;2;248;240;176m██████[38;2;229;221;153m██[38;2;195;183;113m██[38;2;132;125;89m██[38;2;144;88;48m██[38;2;148;93;50m██[38;2;148;92;50m██[38;2;172;141;84m██[38;2;200;192;120m██████[38;2;81;78;48m██[38;2;0;0;0m        
[38;2;0;0;0m            [38;2;146;142;107m██[38;2;196;189;120m██[38;2;200;192;120m██████[38;2;125;122;89m██[38;2;107;77;55m██[38;2;144;88;48m██[38;2;158;114;66m██[38;2;192;184;115m██[38;2;109;104;65m██[38;2;0;0;0m            
[38;2;0;0;0m            [38;2;75;65;34m██[38;2;75;73;66m██[38;2;64;64;64m██[38;2;2;2;2m██[38;2;200;192;120m████[38;2;199;191;119m██[38;2;191;183;114m██[38;2;0;0;0m██                
[38;2;0;0;0m        [38;2;39;39;39m  [38;2;83;56;37m██[38;2;167;111;87m██[38;2;190;147;108m██[38;2;154;117;92m██[38;2;4;3;3m  [38;2;78;76;60m██[38;2;200;192;120m██[38;2;143;137;85m██[38;2;0;0;0m                    
[38;2;0;0;0m        [38;2;20;20;20m  [38;2;172;172;172m██[38;2;174;123;116m██[38;2;15;10;10m  [38;2;35;32;32m██[38;2;182;129;118m██[38;2;174;116;95m██[38;2;187;131;120m██[38;2;194;137;130m██[38;2;16;11;11m  [38;2;0;0;0m                  
[38;2;0;0;0m                [38;2;56;45;48m██[38;2;206;142;138m██[38;2;216;149;148m██[38;2;210;143;139m██[38;2;176;131;137m██[38;2;66;47;44m  [38;2;0;0;0m                  
[38;2;0;0;0m                  [38;2;194;194;194m  [38;2;83;61;46m██[38;2;248;189;202m██[38;2;25;25;25m  [38;2;0;0;0m                    
[38;2;0;0;0m                      [38;2;67;67;67m██[38;2;0;0;0m                      [0m
