
[38;2;0;0;0m              [38;2;58;60;62m  [38;2;0;0;0m                  [38;2;30;31;32m  [38;2;0;0;0m            
[38;2;0;0;0m              [38;2;217;225;232m██[38;2;0;0;0m                  [38;2;111;115;118m██[38;2;184;190;197m  [38;2;0;0;0m          
[38;2;0;0;0m            [38;2;91;91;95m██[38;2;232;240;247m██[38;2;105;108;111m██[38;2;0;0;0m                [38;2;152;156;163m██[38;2;228;236;244m██[38;2;35;37;38m  [38;2;0;0;0m        
[38;2;0;0;0m            [38;2;141;144;152m██[38;2;211;213;214m██[38;2;160;168;175m██[38;2;177;183;189m  [38;2;0;0;0m              [38;2;105;109;113m██[38;2;232;240;248m██[38;2;190;193;201m██[38;2;0;0;0m        
[38;2;0;0;0m            [38;2;51;51;53m  [38;2;178;179;186m██[38;2;227;234;241m██[38;2;44;47;50m  [38;2;0;0;0m              [38;2;164;169;175m██[38;2;183;191;198m██[38;2;128;128;131m██[38;2;0;0;0m        
[38;2;0;0;0m              [38;2;176;176;184m██[38;2;143;148;156m██[38;2;213;221;229m██[38;2;36;39;41m  [38;2;0;0;0m            [38;2;179;187;195m██[38;2;227;235;243m██[38;2;152;155;163m██[38;2;0;0;0m        
[38;2;0;0;0m              [38;2;95;95;99m██[38;2;164;166;174m██[38;2;155;158;166m██[38;2;180;180;187m██[38;2;25;25;25m  [38;2;0;0;0m  [38;2;104;87;79m████[38;2;76;66;61m██[38;2;219;227;234m██[38;2;226;232;238m██[38;2;149;153;161m██[38;2;124;124;130m██[38;2;0;0;0m        
[38;2;0;0;0m                [38;2;99;99;104m  [38;2;174;174;182m██[38;2;96;96;99m██[38;2;108;101;97m██[38;2;224;200;184m██[38;2;201;169;153m██[38;2;200;168;152m██[38;2;130;133;136m██[38;2;232;240;248m██[38;2;204;208;216m██[38;2;175;175;183m██[38;2;81;81;85m██[38;2;0;0;0m        
[38;2;0;0;0m                  [38;2;68;68;71m██[38;2;120;107;100m██[38;2;212;185;169m██[38;2;224;200;184m██[38;2;206;176;160m██[38;2;200;168;152m██[38;2;130;133;136m██[38;2;218;221;225m██[38;2;182;182;188m██[38;2;174;174;182m██[38;2;76;78;81m██[38;2;0;0;0m        
[38;2;0;0;0m                  [38;2;26;22;20m██[38;2;193;163;147m██[38;2;200;168;152m████[38;2;180;152;139m██[38;2;103;99;97m██[38;2;129;108;88m██[38;2;168;163;165m██[38;2;159;159;166m██[38;2;82;77;75m██[38;2;0;0;0m          
[38;2;0;0;0m                  [38;2;125;125;125m██[38;2;143;121;110m██[38;2;200;168;152m██[38;2;127;112;105m██[38;2;73;73;73m██[38;2;239;239;239m██[38;2;175;143;118m██[38;2;188;156;135m██[38;2;157;135;124m██[38;2;198;166;151m██[38;2;60;50;45m  [38;2;0;0;0m        
[38;2;0;0;0m                  [38;2;161;130;101m██[38;2;168;144;131m██[38;2;168;142;126m██[38;2;204;197;193m██[38;2;105;98;94m██[38;2;236;229;225m██[38;2;181;149;125m██[38;2;200;168;152m████[38;2;199;167;151m██[38;2;99;84;77m██[38;2;41;34;31m  [38;2;0;0;0m      
[38;2;0;0;0m                  [38;2;84;79;74m██[38;2;76;82;94m██[38;2;88;80;74m██[38;2;175;149;136m██[38;2;200;168;152m██████████[38;2;96;89;85m██[38;2;196;171;157m██[38;2;195;163;148m██[38;2;54;45;41m  [38;2;0;0;0m    
[38;2;0;0;0m                  [38;2;115;116;123m██[38;2;80;88;104m██[38;2;195;197;202m██[38;2;97;100;105m██[38;2;170;145;133m██[38;2;200;168;152m██████[38;2;184;154;136m██[38;2;95;85;75m██[38;2;194;162;144m██[38;2;196;165;148m██[38;2;59;49;42m██[38;2;0;0;0m    
[38;2;0;0;0m                  [38;2;23;23;25m██[38;2;105;111;125m██[38;2;112;119;132m██[38;2;223;224;227m██[38;2;95;85;76m██[38;2;195;163;145m██[38;2;200;168;152m██[38;2;116;97;68m██[38;2;130;106;75m██[38;2;79;74;69m██[38;2;132;108;77m██[38;2;164;132;102m██[38;2;141;113;84m██[38;2;0;0;0m    
[38;2;0;0;0m  [38;2;79;79;79m  [38;2;88;83;82m██[38;2;69;57;53m██[38;2;0;0;0m      [38;2;3;3;2m  [38;2;63;50;38m██[38;2;68;56;43m██[38;2;82;81;84m██[38;2;109;114;128m██[38;2;131;136;147m██[38;2;120;124;130m██[38;2;126;107;85m██[38;2;137;114;89m██[38;2;181;149;127m██[38;2;160;128;96m██[38;2;133;108;76m██[38;2;102;89;76m██[38;2;70;68;66m██[38;2;119;104;93m██[38;2;200;168;152m██[38;2;54;45;41m██
[38;2;52;52;52m  [38;2;97;97;97m██[38;2;112;97;77m██[38;2;225;223;223m██[38;2;92;75;71m  [38;2;146;117;88m  [38;2;150;120;90m████[38;2;160;128;96m██[38;2;9;7;5m██[38;2;5;5;4m██[38;2;69;69;70m██[38;2;73;73;73m██[38;2;111;102;97m██[38;2;198;167;151m██[38;2;162;130;99m██[38;2;103;85;54m██[38;2;85;75;58m██[38;2;66;65;63m██[38;2;69;67;65m██[38;2;191;161;146m██[38;2;196;165;150m██[38;2;164;138;125m██[38;2;3;2;2m  
[38;2;0;0;0m    [38;2;23;19;13m  [38;2;36;35;33m██[38;2;37;30;21m  [38;2;48;40;24m  [38;2;83;66;49m██[38;2;0;0;0m        [38;2;85;69;53m██[38;2;149;120;92m██[38;2;126;103;71m██████[38;2;114;97;80m██[38;2;155;155;155m██[38;2;201;184;167m██[38;2;153;125;96m██[38;2;126;111;103m██[38;2;36;30;28m  [38;2;0;0;0m    
[38;2;0;0;0m                    [38;2;109;87;65m██[38;2;158;126;94m██[38;2;87;79;71m██[38;2;75;69;59m██[38;2;97;80;48m██[38;2;97;81;49m██[38;2;154;124;92m██[38;2;151;151;151m██[38;2;66;66;65m██[38;2;166;166;166m██[38;2;2;2;1m  [38;2;0;0;0m      
[38;2;0;0;0m                    [38;2;90;73;51m██[38;2;132;107;75m██[38;2;153;123;91m██[38;2;118;96;74m██[38;2;63;51;39m██[38;2;69;55;41m██[38;2;43;36;22m██[38;2;171;146;133m██[38;2;200;168;152m██[38;2;166;142;130m██[38;2;111;90;61m██[38;2;0;0;0m      
[38;2;0;0;0m                      [38;2;99;81;52m██[38;2;143;114;85m██[38;2;0;0;0m        [38;2;144;120;95m██[38;2;188;158;140m██[38;2;124;101;69m██[38;2;160;128;96m██[38;2;56;45;33m██[38;2;0;0;0m    
[38;2;0;0;0m                                  [38;2;95;76;55m██[38;2;137;111;79m██[38;2;150;120;88m██[38;2;149;119;89m██[38;2;20;16;12m  [38;2;0;0;0m    
[38;2;0;0;0m                                  [38;2;142;136;123m██[38;2;129;104;78m██[38;2;124;111;85m██[38;2;116;93;69m  [38;2;0;0;0m      
[38;2;0;0;0m                                    [38;2;1;1;1m  [38;2;67;67;67m██[38;2;0;0;0m        [0m
