
[38;2;0;0;0m                                  ██████                                          
[38;2;0;0;0m                                ██[38;2;120;184;248m████[38;2;72;128;184m██[38;2;0;0;0m██                                        
[38;2;0;0;0m                              ██[38;2;120;184;248m████████[38;2;72;128;184m██[38;2;0;0;0m██████    ████████                      
[38;2;0;0;0m                            ████[38;2;56;80;112m██[38;2;120;184;248m██[38;2;72;128;184m████████[38;2;120;184;248m████[38;2;0;0;0m████[38;2;120;184;248m██████[38;2;72;128;184m██[38;2;0;0;0m██                    
[38;2;0;0;0m                            ██[38;2;72;128;184m██[38;2;120;184;248m██[38;2;56;80;112m██[38;2;72;128;184m██████[38;2;120;184;248m██████████████████[38;2;72;128;184m██[38;2;0;0;0m██                  
[38;2;0;0;0m                          ██[38;2;56;80;112m██[38;2;208;208;208m██[38;2;72;128;184m██[38;2;120;184;248m██[38;2;56;80;112m██[38;2;72;128;184m██[38;2;120;184;248m██████████[38;2;56;80;112m██████[38;2;120;184;248m██[38;2;72;128;184m████[38;2;64;64;64m██[38;2;0;0;0m██                
[38;2;0;0;0m                  ████████[38;2;72;128;184m██[38;2;56;80;112m██[38;2;248;248;248m██[38;2;0;0;0m██[38;2;56;80;112m████[38;2;72;128;184m██[38;2;120;184;248m████████[38;2;56;80;112m██[38;2;120;184;248m██████[38;2;56;80;112m████[38;2;72;128;184m██████[38;2;0;0;0m████            
[38;2;0;0;0m            ██████[38;2;64;64;64m██[38;2;120;184;248m████[38;2;72;128;184m████[38;2;56;80;112m██[38;2;248;248;248m██[38;2;0;0;0m██[38;2;208;208;208m██[38;2;56;80;112m██[38;2;120;184;248m████████[38;2;56;80;112m██[38;2;120;184;248m████[38;2;64;64;64m████[38;2;248;248;248m██[38;2;56;80;112m████[38;2;72;128;184m████████[38;2;0;0;0m██          
[38;2;0;0;0m      ██████[38;2;248;248;248m████████[38;2;64;64;64m████[38;2;72;128;184m██████[38;2;56;80;112m██[38;2;248;248;248m██[38;2;56;80;112m██[38;2;72;128;184m████[38;2;120;184;248m██████[38;2;56;80;112m██[38;2;72;128;184m██[38;2;64;64;64m██[38;2;0;0;0m██[38;2;248;248;248m██████[38;2;56;80;112m██[38;2;72;128;184m██████████[38;2;0;0;0m██        
[38;2;0;0;0m    ██[38;2;248;248;248m████████[38;2;120;112;112m██[38;2;248;248;248m████████[38;2;64;64;64m██[38;2;72;128;184m██████████████████████[38;2;56;80;112m██[38;2;248;248;248m██[38;2;0;0;0m██[38;2;248;248;248m██████[38;2;56;80;112m██[38;2;72;128;184m████████████[38;2;0;0;0m██      
[38;2;0;0;0m  ██[38;2;248;248;248m████████████[38;2;64;64;64m████[38;2;248;248;248m████[38;2;176;176;184m██[38;2;64;64;64m██[38;2;56;80;112m██[38;2;72;128;184m██████[38;2;64;64;64m██[38;2;72;128;184m████[38;2;56;80;112m██[38;2;72;128;184m████[38;2;56;80;112m████[38;2;176;176;184m██[38;2;248;248;248m████[38;2;56;80;112m██[38;2;72;128;184m████████████████[38;2;0;0;0m██    
[38;2;0;0;0m  ██[38;2;248;248;248m████████████[38;2;176;176;184m████[38;2;64;64;64m██[38;2;176;176;184m████[38;2;64;64;64m██[38;2;248;248;248m██[38;2;56;80;112m██[38;2;72;128;184m████████[38;2;64;64;64m██[38;2;72;128;184m██████████[38;2;56;80;112m██████[38;2;72;128;184m██[38;2;64;64;64m████[38;2;72;128;184m██[38;2;56;80;112m██[38;2;72;128;184m██████[38;2;120;184;248m██[38;2;0;0;0m██    
[38;2;0;0;0m██[38;2;248;248;248m██████[38;2;120;112;112m██[38;2;248;248;248m████[38;2;176;176;184m████[38;2;64;64;64m██[38;2;176;176;184m██████[38;2;64;64;64m██[38;2;248;248;248m████[38;2;56;80;112m████████[38;2;72;128;184m██████████████[38;2;64;64;64m██████[38;2;248;248;248m████[38;2;64;64;64m████[38;2;56;96;144m██[38;2;72;128;184m██[38;2;120;184;248m██████[38;2;64;64;64m██[38;2;0;0;0m  
[38;2;0;0;0m██[38;2;248;248;248m████████[38;2;64;64;64m████[38;2;176;176;184m████[38;2;64;64;64m██[38;2;176;176;184m████[38;2;64;64;64m██[38;2;248;248;248m████[38;2;120;128;136m████████[38;2;248;248;248m██[38;2;56;80;112m██████████[38;2;72;128;184m██[38;2;64;64;64m██[38;2;248;248;248m██████████████[38;2;64;64;64m██████[38;2;120;184;248m██[38;2;72;128;184m████[38;2;0;0;0m██
[38;2;0;0;0m██[38;2;248;248;248m████[38;2;176;176;184m████████[38;2;64;64;64m██[38;2;0;0;0m████[38;2;176;176;184m████[38;2;0;0;0m██[38;2;248;248;248m██[38;2;120;128;136m████[38;2;248;248;248m████[38;2;120;128;136m████████[38;2;248;248;248m██████[38;2;64;64;64m██[38;2;176;176;184m██[38;2;248;248;248m██████[38;2;120;112;112m██[38;2;248;248;248m████████[38;2;120;112;112m██[38;2;176;176;184m██[38;2;64;64;64m██[38;2;72;128;184m████[38;2;0;0;0m██
[38;2;0;0;0m  ████[38;2;176;176;184m██████[38;2;0;0;0m████    ████  ██[38;2;120;128;136m██[38;2;248;248;248m████████████[38;2;120;128;136m██████[38;2;248;248;248m██[38;2;64;64;64m██[38;2;176;176;184m████[38;2;248;248;248m██[38;2;64;64;64m██[38;2;248;248;248m████████████[38;2;120;112;112m██[38;2;176;176;184m██[38;2;64;64;64m██[38;2;72;128;184m██[38;2;0;0;0m██
[38;2;0;0;0m      ██████              ██[38;2;248;248;248m██[38;2;120;128;136m██████████[38;2;248;248;248m██████[38;2;120;128;136m██[38;2;80;80;112m██[38;2;64;64;64m██[38;2;176;176;184m████[38;2;64;64;64m██[38;2;176;176;184m██[38;2;248;248;248m████████████[38;2;120;112;112m██[38;2;176;176;184m██[38;2;64;64;64m██[38;2;0;0;0m██  
[38;2;0;0;0m                            ██[38;2;120;128;136m██[38;2;248;248;248m██████[38;2;120;128;136m██████[38;2;248;248;248m██[38;2;176;176;184m████[38;2;80;80;112m██[38;2;64;64;64m██[38;2;176;176;184m████[38;2;64;64;64m██[38;2;176;176;184m██[38;2;248;248;248m██[38;2;120;112;112m████[38;2;248;248;248m████[38;2;176;176;184m████[38;2;0;0;0m██    
[38;2;0;0;0m                            ██[38;2;248;248;248m██[38;2;120;128;136m██████[38;2;248;248;248m████[38;2;120;128;136m██[38;2;80;80;112m████[38;2;176;176;184m████[38;2;64;64;64m██[38;2;176;176;184m████[38;2;64;64;64m██████[38;2;248;248;248m████████[38;2;176;176;184m██[38;2;0;0;0m██      
[38;2;0;0;0m                              ██[38;2;248;248;248m████[38;2;120;128;136m██████[38;2;176;176;184m████[38;2;80;80;112m████[38;2;176;176;184m████[38;2;64;64;64m██████[38;2;176;176;184m████[38;2;248;248;248m██████[38;2;176;176;184m██[38;2;0;0;0m██        
[38;2;0;0;0m                                ██[38;2;64;64;64m██[38;2;176;176;184m████[38;2;80;80;112m████[38;2;176;176;184m████[38;2;80;80;112m██[38;2;176;176;184m████[38;2;80;80;112m██[38;2;64;64;64m██[38;2;176;176;184m████████[38;2;248;248;248m██[38;2;0;0;0m████          
[38;2;0;0;0m                                  ██[38;2;64;64;64m████[38;2;80;80;112m██[38;2;176;176;184m████[38;2;80;80;112m██[38;2;176;176;184m████[38;2;80;80;112m██[38;2;176;176;184m████[38;2;0;0;0m██[38;2;176;176;184m████[38;2;0;0;0m████              
[38;2;0;0;0m                                    ██[38;2;56;96;144m██[38;2;64;64;64m████[38;2;0;0;0m██[38;2;176;176;184m██[38;2;80;80;112m████[38;2;176;176;184m██[38;2;64;64;64m██[38;2;0;0;0m██  ████                  
[38;2;0;0;0m                                ████[38;2;56;96;144m██████[38;2;0;0;0m██  ██████[38;2;64;64;64m██[38;2;56;96;144m██[38;2;0;0;0m██                        
[38;2;0;0;0m                            ████[38;2;56;96;144m████████[38;2;0;0;0m██        ██[38;2;56;96;144m██████[38;2;0;0;0m██                      
[38;2;0;0;0m                          ██[38;2;72;128;184m████[38;2;56;96;144m████████[38;2;0;0;0m██          ██[38;2;72;128;184m████[38;2;0;0;0m██                      
[38;2;0;0;0m                          ██[38;2;64;64;64m██[38;2;72;128;184m████[38;2;56;96;144m██[38;2;0;0;0m████            ██[38;2;120;184;248m██████[38;2;0;0;0m██                    
[38;2;0;0;0m                            ████████              ██[38;2;120;184;248m██████████[38;2;0;0;0m██                  
[38;2;0;0;0m                                                  ██[38;2;120;184;248m████████████[38;2;0;0;0m██                
[38;2;0;0;0m                                                    ██[38;2;120;184;248m████████[38;2;64;64;64m██[38;2;0;0;0m██                
[38;2;0;0;0m                                                      ██████████                  [0m
