
[38;2;0;0;0m            ██████████            
[38;2;0;0;0m          [38;2;8;4;0m██[38;2;69;95;151m██[38;2;90;140;226m██████[38;2;82;107;162m██[38;2;0;0;0m██          
[38;2;0;0;0m  ████  ██[38;2;99;140;227m████[38;2;90;140;226m██████████[38;2;0;0;0m██        
[38;2;0;0;0m██[38;2;239;140;183m████[38;2;0;0;0m██[38;2;85;77;82m██[38;2;66;103;170m██[38;2;124;154;198m██[38;2;90;140;226m████[38;2;239;247;255m██[38;2;159;165;175m██[38;2;90;140;226m██[38;2;82;107;162m██[38;2;0;0;0m██      
[38;2;0;0;0m██[38;2;239;140;183m████[38;2;170;154;165m██[38;2;255;231;247m██[38;2;239;255;255m██[38;2;66;103;170m██[38;2;90;140;226m██[38;2;255;255;255m██[38;2;0;0;16m██[38;2;239;247;255m██[38;2;90;140;226m████[38;2;0;0;0m██      
[38;2;0;0;0m  ██[38;2;214;107;158m██[38;2;255;255;255m████████[38;2;115;123;135m██[38;2;0;0;16m██[38;2;66;66;66m██[38;2;255;255;255m██[38;2;90;140;226m████[38;2;69;95;151m██[38;2;8;4;0m██[38;2;0;0;0m██  
[38;2;0;0;0m    ██[38;2;255;255;255m██[38;2;66;66;66m████[38;2;255;255;255m██[38;2;115;123;135m██[38;2;231;247;255m██[38;2;255;255;255m██[38;2;192;192;192m██[38;2;90;140;226m██[38;2;82;107;162m██[38;2;99;140;227m████[38;2;82;107;162m██[38;2;0;0;0m██
[38;2;0;0;0m      ██[38;2;255;255;255m████[38;2;85;129;208m██[38;2;90;140;226m████[38;2;198;198;198m██[38;2;90;140;226m██████[38;2;0;0;0m██[38;2;90;140;226m████[38;2;0;0;0m██
[38;2;0;0;0m        ██[38;2;85;129;208m████[38;2;90;140;226m██████████[38;2;0;0;0m██  ████  
[38;2;0;0;0m          [38;2;8;0;0m██[38;2;63;80;82m██[38;2;90;140;226m████████[38;2;63;80;82m██[38;2;8;0;0m██[38;2;0;0;0m        
[38;2;0;0;0m      ████[38;2;173;239;245m██[38;2;118;159;163m██[38;2;66;66;66m████████[38;2;118;159;163m██[38;2;173;239;245m██[38;2;0;0;0m████    
[38;2;0;0;0m    ██[38;2;165;231;229m████████████████████████[38;2;0;0;0m██  
[38;2;0;0;0m      ██████[38;2;165;231;229m████[38;2;66;66;66m████[38;2;165;231;229m████[38;2;66;66;66m██[38;2;60;77;76m██[38;2;8;0;0m██[38;2;0;0;0m    
[38;2;0;0;0m            ██[38;2;66;66;66m██[38;2;82;110;162m██[38;2;82;115;173m██[38;2;66;66;66m████[38;2;82;110;162m██[38;2;0;0;0m██      
[38;2;0;0;0m        ████[38;2;82;107;162m██[38;2;82;110;162m████[38;2;90;140;226m████[38;2;66;66;66m██[38;2;82;110;162m██[38;2;82;107;162m██[38;2;0;0;0m████  
[38;2;0;0;0m    ██[38;2;8;4;0m██[38;2;46;58;81m██[38;2;82;110;162m████[38;2;66;66;66m████[38;2;90;140;226m████[38;2;46;58;81m██[38;2;85;111;162m██[38;2;91;111;157m██[38;2;49;58;79m██[38;2;82;107;162m██[38;2;0;0;0m██
[38;2;0;0;0m  ██[38;2;198;198;198m██[38;2;85;111;162m████[38;2;82;110;162m██[38;2;66;66;66m████[38;2;90;140;226m████[38;2;66;66;66m██[38;2;85;111;162m██[38;2;8;4;0m██████[38;2;0;0;0m██  
[38;2;0;0;0m    ██████[38;2;74;82;85m██[38;2;148;165;169m██[38;2;90;140;226m██████[38;2;0;0;0m████          
[38;2;0;0;0m          ██[38;2;222;247;254m██[38;2;90;140;226m██[38;2;255;255;255m██[38;2;0;0;0m██              
[38;2;0;0;0m            ██████                [0m
