
[38;2;0;0;0m            [38;2;49;49;49m██████[38;2;0;0;0m                [38;2;49;49;49m██[38;2;0;0;0m  
[38;2;0;0;0m        [38;2;49;49;49m████[38;2;255;255;255m██[38;2;255;180;164m██[38;2;238;115;156m██[38;2;49;49;49m████[38;2;0;0;0m          [38;2;49;49;49m██[38;2;164;197;255m██[38;2;49;49;49m██
[38;2;0;0;0m      [38;2;49;49;49m██[38;2;213;74;98m██[38;2;255;180;164m████[38;2;238;115;156m██████[38;2;213;74;98m██[38;2;49;49;49m██[38;2;0;0;0m      [38;2;49;49;49m██[38;2;255;255;255m██[38;2;164;197;255m██[38;2;49;49;49m██
[38;2;0;0;0m  [38;2;49;49;49m██████[38;2;238;115;156m████████[38;2;255;255;255m██[38;2;238;115;156m████[38;2;213;74;98m██[38;2;49;49;49m██[38;2;0;0;0m    [38;2;49;49;49m██[38;2;164;197;255m████[38;2;49;49;49m██
[38;2;49;49;49m██[38;2;164;197;255m██[38;2;255;255;255m████[38;2;98;156;238m██[38;2;238;115;156m████[38;2;255;255;255m██[38;2;131;139;148m██[38;2;255;255;255m██[38;2;213;74;98m████[38;2;49;49;49m██[38;2;0;0;0m  [38;2;49;49;49m██[38;2;98;156;238m██[38;2;164;197;255m██[38;2;98;156;238m██[38;2;49;49;49m██
[38;2;49;49;49m██[38;2;98;156;238m██[38;2;164;197;255m██████[38;2;98;156;238m██[38;2;213;74;98m██[38;2;255;255;255m██[38;2;49;49;49m██[38;2;255;255;255m██[38;2;213;74;98m████[38;2;49;49;49m██[38;2;0;0;0m  [38;2;49;49;49m██[38;2;164;197;255m████[38;2;49;49;49m██[38;2;0;0;0m  
[38;2;0;0;0m  [38;2;49;49;49m██████[38;2;82;82;82m██[38;2;213;74;98m██████[38;2;255;255;255m██[38;2;238;115;156m██[38;2;213;74;98m██[38;2;49;49;49m██[38;2;0;0;0m    [38;2;49;49;49m██[38;2;164;197;255m██[38;2;49;49;49m██[38;2;0;0;0m    
[38;2;0;0;0m        [38;2;49;49;49m████[38;2;213;74;98m██████[38;2;82;82;82m██[38;2;49;49;49m██[38;2;0;0;0m  [38;2;49;49;49m████[38;2;98;156;238m██[38;2;49;49;49m██[38;2;0;0;0m      
[38;2;0;0;0m            [38;2;49;49;49m████[38;2;82;82;82m██[38;2;213;74;98m██[38;2;49;49;49m████[38;2;238;115;156m████[38;2;82;82;82m██[38;2;49;49;49m██[38;2;0;0;0m      
[38;2;0;0;0m              [38;2;49;49;49m██[38;2;213;74;98m██████[38;2;238;115;156m████[38;2;255;180;164m██[38;2;238;115;156m██[38;2;49;49;49m██[38;2;0;0;0m      
[38;2;0;0;0m          [38;2;49;49;49m████[38;2;213;74;98m██████████[38;2;238;115;156m████[38;2;213;74;98m████[38;2;49;49;49m██[38;2;0;0;0m    
[38;2;0;0;0m        [38;2;49;49;49m██[38;2;255;255;255m██[38;2;82;82;82m██[38;2;213;74;98m██████████████[38;2;82;82;82m████[38;2;49;49;49m██[38;2;0;0;0m    
[38;2;0;0;0m        [38;2;49;49;49m██[38;2;164;197;255m██[38;2;82;82;82m██[38;2;98;156;238m████[38;2;213;74;98m██████[38;2;82;82;82m████[38;2;164;197;255m████[38;2;98;156;238m██[38;2;49;49;49m██[38;2;0;0;0m  
[38;2;0;0;0m          [38;2;49;49;49m████[38;2;98;156;238m████████[38;2;82;82;82m██[38;2;164;197;255m██[38;2;255;255;255m████[38;2;164;197;255m████[38;2;49;49;49m██[38;2;0;0;0m  
[38;2;0;0;0m              [38;2;49;49;49m██[38;2;98;156;238m████[38;2;82;82;82m██[38;2;164;197;255m██████████[38;2;49;49;49m██[38;2;0;0;0m    
[38;2;0;0;0m                [38;2;49;49;49m██████[38;2;98;156;238m██[38;2;164;197;255m████[38;2;98;156;238m██[38;2;49;49;49m██[38;2;0;0;0m      
[38;2;0;0;0m                      [38;2;49;49;49m████████[38;2;0;0;0m        [0m
