
[38;2;0;0;0m        [38;2;49;49;49m████[38;2;0;0;0m                                  
[38;2;0;0;0m      [38;2;49;49;49m██[38;2;148;123;205m██[38;2;106;90;180m██[38;2;49;49;49m██[38;2;0;0;0m                  [38;2;49;49;49m████[38;2;0;0;0m          
[38;2;0;0;0m      [38;2;49;49;49m██[38;2;148;123;205m██[38;2;106;90;180m██[38;2;148;123;205m██[38;2;49;49;49m██[38;2;0;0;0m              [38;2;49;49;49m██[38;2;106;90;180m██[38;2;148;123;205m██[38;2;49;49;49m██[38;2;0;0;0m        
[38;2;0;0;0m    [38;2;49;49;49m██[38;2;106;90;180m██[38;2;148;123;205m████[38;2;106;90;180m██[38;2;49;49;49m██[38;2;0;0;0m            [38;2;49;49;49m██[38;2;148;123;205m██[38;2;106;90;180m██[38;2;148;123;205m██[38;2;82;82;82m██[38;2;49;49;49m████[38;2;0;0;0m    
[38;2;0;0;0m    [38;2;49;49;49m██[38;2;148;123;205m██[38;2;106;90;180m██[38;2;148;123;205m████[38;2;148;164;180m██[38;2;49;49;49m██[38;2;0;0;0m          [38;2;49;49;49m██[38;2;106;90;180m██[38;2;148;123;205m██[38;2;106;90;180m██[38;2;148;123;205m██[38;2;82;82;82m██[38;2;148;164;180m██[38;2;49;49;49m██[38;2;0;0;0m  
[38;2;0;0;0m    [38;2;49;49;49m██[38;2;148;123;205m██[38;2;255;123;148m██[38;2;148;123;205m██[38;2;148;164;180m████[38;2;106;123;131m██[38;2;49;49;49m██[38;2;0;0;0m      [38;2;49;49;49m██[38;2;148;123;205m██████[38;2;106;90;180m██[38;2;148;123;205m██[38;2;82;82;82m██[38;2;106;123;131m██[38;2;148;164;180m██[38;2;49;49;49m██
[38;2;0;0;0m    [38;2;49;49;49m██[38;2;148;164;180m██[38;2;255;123;148m██[38;2;148;164;180m██[38;2;106;123;131m████[38;2;148;164;180m████[38;2;49;49;49m██████[38;2;148;164;180m██[38;2;148;123;205m████████[38;2;82;82;82m██[38;2;106;123;131m██[38;2;82;82;82m██[38;2;148;164;180m██[38;2;49;49;49m██
[38;2;0;0;0m      [38;2;49;49;49m██[38;2;255;123;148m██[38;2;106;123;131m██[38;2;148;164;180m████████████████[38;2;148;123;205m██[38;2;82;82;82m██[38;2;148;123;205m████[38;2;82;82;82m██[38;2;106;123;131m██[38;2;82;82;82m██[38;2;106;123;131m██[38;2;49;49;49m██
[38;2;0;0;0m      [38;2;49;49;49m██[38;2;106;123;131m██[38;2;148;164;180m████████████████[38;2;106;123;131m██[38;2;255;123;148m██[38;2;82;82;82m██[38;2;148;123;205m██[38;2;82;82;82m██████[38;2;106;123;131m██[38;2;49;49;49m██[38;2;0;0;0m  
[38;2;0;0;0m  [38;2;49;49;49m██[38;2;0;0;0m  [38;2;49;49;49m██[38;2;148;164;180m████████████████[38;2;106;123;131m██[38;2;255;123;148m████[38;2;148;164;180m██[38;2;148;123;205m██[38;2;82;82;82m██[38;2;148;164;180m████[38;2;49;49;49m██[38;2;0;0;0m    
[38;2;49;49;49m██[38;2;0;0;0m  [38;2;49;49;49m████[38;2;106;123;131m██[38;2;148;164;180m██████████[38;2;148;123;205m██[38;2;255;255;255m████[38;2;255;123;148m██[38;2;106;123;131m██[38;2;148;164;180m██[38;2;82;82;82m██[38;2;255;255;255m██[38;2;82;82;82m██[38;2;148;164;180m████[38;2;49;49;49m██[38;2;0;0;0m  
[38;2;0;0;0m        [38;2;49;49;49m██[38;2;148;164;180m██████[38;2;255;255;255m██[38;2;148;123;205m██████[38;2;255;255;255m██[38;2;148;164;180m████[38;2;82;82;82m██[38;2;255;255;255m████[38;2;148;164;180m██[38;2;82;82;82m██[38;2;148;164;180m██[38;2;49;49;49m██[38;2;0;0;0m  
[38;2;0;0;0m  [38;2;49;49;49m██[38;2;0;0;0m  [38;2;49;49;49m████[38;2;106;123;131m██[38;2;255;255;255m████[38;2;148;123;205m██[38;2;49;49;49m██[38;2;255;222;49m██[38;2;148;164;180m██[38;2;255;255;255m██[38;2;148;164;180m██[38;2;82;82;82m██[38;2;148;164;180m██[38;2;106;123;131m██[38;2;148;164;180m██[38;2;255;255;255m██[38;2;82;82;82m██[38;2;148;164;180m██[38;2;106;123;131m██[38;2;49;49;49m██
[38;2;0;0;0m    [38;2;49;49;49m██[38;2;0;0;0m    [38;2;49;49;49m██[38;2;82;82;82m██[38;2;255;255;255m████[38;2;148;164;180m██████[38;2;82;82;82m████[38;2;255;255;255m████[38;2;148;164;180m██[38;2;82;82;82m██[38;2;148;164;180m██[38;2;82;82;82m██[38;2;106;123;131m████[38;2;49;49;49m██
[38;2;0;0;0m            [38;2;49;49;49m██[38;2;82;82;82m████████[38;2;106;123;131m████[38;2;255;255;255m████████[38;2;148;164;180m██[38;2;82;82;82m██[38;2;106;123;131m██████[38;2;49;49;49m██
[38;2;0;0;0m          [38;2;49;49;49m██[38;2;106;123;131m██[38;2;148;164;180m████[38;2;106;123;131m██████[38;2;148;164;180m████[38;2;255;255;255m██[38;2;148;164;180m██[38;2;106;123;131m████[38;2;82;82;82m██[38;2;106;123;131m████[38;2;49;49;49m██[38;2;0;0;0m  
[38;2;0;0;0m          [38;2;49;49;49m██[38;2;106;123;131m██[38;2;82;82;82m██[38;2;148;164;180m████████████[38;2;82;82;82m██[38;2;106;123;131m██████[38;2;49;49;49m██[38;2;148;164;180m████[38;2;49;49;49m██[38;2;0;0;0m  
[38;2;0;0;0m            [38;2;49;49;49m██[38;2;106;123;131m██[38;2;82;82;82m██[38;2;49;49;49m██[38;2;148;164;180m████[38;2;82;82;82m████[38;2;106;123;131m██[38;2;148;164;180m████[38;2;49;49;49m██[38;2;0;0;0m  [38;2;49;49;49m████[38;2;0;0;0m    
[38;2;0;0;0m              [38;2;49;49;49m████[38;2;0;0;0m  [38;2;49;49;49m██████[38;2;106;123;131m████████[38;2;49;49;49m██[38;2;0;0;0m          
[38;2;0;0;0m                          [38;2;49;49;49m██[38;2;255;255;255m████[38;2;49;49;49m██[38;2;0;0;0m            
[38;2;0;0;0m                            [38;2;49;49;49m████[38;2;0;0;0m              [0m
