
[38;2;0;0;0m          [38;2;0;1;0m  [38;2;18;17;14m██[38;2;0;1;0m  [38;2;0;0;0m                                    
[38;2;0;0;0m        [38;2;18;16;14m  [38;2;73;57;57m██[38;2;15;14;12m  [38;2;0;0;0m                                      
[38;2;0;0;0m      [38;2;21;18;16m  [38;2;94;72;73m██[38;2;23;21;18m██[38;2;0;0;0m              [38;2;0;1;0m  [38;2;40;33;28m████[38;2;30;25;21m  [38;2;0;0;0m                  
[38;2;0;0;0m      [38;2;71;56;55m██[38;2;75;59;58m██[38;2;4;4;3m  [38;2;0;0;0m          [38;2;0;2;0m  [38;2;27;23;18m  [38;2;109;85;75m██[38;2;175;155;85m██[38;2;22;20;16m██[38;2;17;15;12m  [38;2;0;0;0m                  
[38;2;0;0;0m    [38;2;23;20;18m██[38;2;94;74;73m██[38;2;77;62;61m██[38;2;5;7;5m  [38;2;0;0;0m        [38;2;11;10;8m  [38;2;110;85;78m██[38;2;181;152;100m██[38;2;173;155;75m██[38;2;0;1;0m  [38;2;0;0;0m                      
[38;2;0;0;0m    [38;2;23;20;18m██[38;2;94;74;73m██[38;2;68;66;66m██[38;2;59;59;59m██[38;2;0;3;0m    [38;2;0;0;0m  [38;2;0;2;0m  [38;2;119;90;85m██[38;2;169;140;98m██[38;2;193;174;86m██[38;2;8;8;3m  [38;2;0;0;0m                      [38;2;0;3;0m  
[38;2;0;0;0m    [38;2;24;21;6m  [38;2;129;111;57m██[38;2;255;206;70m██[38;2;255;206;68m██[38;2;237;185;70m██[38;2;230;179;70m██[38;2;74;61;27m██[38;2;105;83;81m██[38;2;136;107;94m██[38;2;223;198;106m██[38;2;209;188;94m██[38;2;24;23;10m  [38;2;0;1;0m    [38;2;0;0;0m      [38;2;72;67;32m  [38;2;0;1;0m  [38;2;0;0;0m    [38;2;49;50;23m  [38;2;130;121;60m██[38;2;55;56;25m██
[38;2;0;0;0m  [38;2;0;2;0m  [38;2;221;172;65m██[38;2;255;206;68m████[38;2;255;206;70m██[38;2;232;177;68m██[38;2;230;179;70m██[38;2;91;81;73m██[38;2;130;100;96m██[38;2;159;131;94m██[38;2;245;220;108m██[38;2;247;222;111m██[38;2;230;207;103m██[38;2;225;203;101m██[38;2;165;149;72m██[38;2;0;2;0m  [38;2;0;0;0m  [38;2;56;53;25m  [38;2;241;217;108m██[38;2;0;3;0m  [38;2;0;0;0m  [38;2;56;53;25m  [38;2;236;213;106m██[38;2;189;171;85m██[38;2;3;4;1m  
[38;2;0;1;2m  [38;2;133;131;124m██[38;2;230;176;69m██[38;2;241;188;68m████[38;2;230;176;69m██[38;2;231;178;69m████[38;2;129;106;71m██[38;2;121;98;87m██[38;2;140;109;94m██[38;2;187;160;102m██[38;2;139;127;62m██[38;2;34;33;15m  [38;2;0;2;0m  [38;2;101;92;43m  [38;2;0;3;0m  [38;2;0;2;0m  [38;2;228;203;101m██[38;2;246;222;111m██[38;2;192;174;90m██[38;2;87;81;43m██[38;2;246;222;111m██[38;2;228;203;102m██[38;2;0;3;0m  [38;2;0;0;0m  
[38;2;18;18;10m  [38;2;186;147;68m██[38;2;231;176;68m████████[38;2;73;70;66m██[38;2;191;149;67m██[38;2;229;176;70m██[38;2;107;94;75m██[38;2;68;67;67m██[38;2;21;23;19m██[38;2;0;0;0m      [38;2;0;3;0m  [38;2;0;1;0m  [38;2;135;119;60m  [38;2;231;206;103m██[38;2;233;208;104m██[38;2;245;220;110m████[38;2;247;222;111m██[38;2;67;63;30m██[38;2;0;0;0m    
[38;2;51;44;24m██[38;2;216;185;128m██[38;2;171;139;69m██[38;2;231;177;68m████[38;2;107;94;67m██[38;2;147;138;139m██[38;2;73;71;71m██[38;2;231;179;70m██[38;2;231;176;68m████[38;2;57;47;17m██[38;2;0;0;0m        [38;2;21;21;9m  [38;2;183;166;84m██[38;2;217;192;96m██[38;2;151;136;67m██[38;2;247;222;111m████[38;2;96;88;43m  [38;2;0;0;0m      
[38;2;57;48;17m  [38;2;230;180;70m██[38;2;231;176;68m████████[38;2;66;66;66m██[38;2;188;149;69m██[38;2;255;239;135m██[38;2;236;192;86m██[38;2;231;176;68m██[38;2;199;155;68m██[38;2;0;3;0m  [38;2;0;0;0m      [38;2;47;44;21m██[38;2;188;164;84m██[38;2;0;3;0m  [38;2;0;1;0m  [38;2;63;58;27m██[38;2;193;168;83m██[38;2;0;3;0m  [38;2;0;0;0m      
[38;2;0;0;0m  [38;2;82;66;25m  [38;2;167;133;67m██[38;2;232;178;69m██[38;2;148;119;68m██[38;2;212;164;70m██[38;2;231;178;69m██[38;2;248;223;118m██[38;2;255;239;135m████[38;2;226;174;69m██[38;2;201;154;69m██[38;2;0;3;0m  [38;2;0;0;0m    [38;2;0;2;0m  [38;2;189;165;85m██[38;2;47;44;21m██[38;2;0;0;0m    [38;2;30;28;13m  [38;2;33;29;13m  [38;2;0;0;0m        
[38;2;0;0;0m  [38;2;70;54;55m██[38;2;149;121;68m██[38;2;71;71;71m██[38;2;231;183;75m██[38;2;231;181;71m██[38;2;230;176;68m██[38;2;230;176;69m██[38;2;252;235;132m██[38;2;232;189;85m██[38;2;193;147;69m██[38;2;203;154;69m██[38;2;152;116;53m██[38;2;1;2;1m  [38;2;0;0;0m  [38;2;0;2;0m  [38;2;141;124;63m██[38;2;0;1;0m  [38;2;0;0;0m                
[38;2;0;0;0m  [38;2;70;54;55m██[38;2;81;65;69m██[38;2;115;115;108m██[38;2;246;241;206m██[38;2;243;225;156m██[38;2;236;194;71m██[38;2;161;132;68m██[38;2;145;119;68m██[38;2;203;156;69m██[38;2;214;166;70m██[38;2;226;177;70m██[38;2;155;122;75m██[38;2;26;24;20m██[38;2;0;0;0m  [38;2;0;1;0m  [38;2;88;79;39m██[38;2;26;25;12m  [38;2;0;0;0m                
[38;2;0;0;0m  [38;2;0;2;0m    [38;2;5;5;4m  [38;2;247;247;216m██[38;2;247;247;220m██[38;2;201;201;183m██[38;2;115;92;89m██[38;2;139;105;92m██[38;2;213;159;66m██[38;2;220;173;70m██[38;2;231;177;68m████[38;2;204;158;69m██[38;2;0;3;0m  [38;2;0;0;0m  [38;2;12;17;16m  [38;2;68;79;88m██[38;2;6;11;9m████[38;2;0;0;0m            
[38;2;0;0;0m      [38;2;111;92;52m██[38;2;164;164;148m██[38;2;246;246;220m██[38;2;229;229;207m██[38;2;112;103;98m██[38;2;91;79;76m██[38;2;120;100;66m██[38;2;182;144;67m██[38;2;230;176;68m██[38;2;230;177;68m██[38;2;170;132;72m██[38;2;56;48;45m  [38;2;0;0;0m    [38;2;0;1;0m  [38;2;30;36;41m████[38;2;43;51;59m██[38;2;8;11;10m  [38;2;0;0;0m        
[38;2;0;0;0m    [38;2;47;39;17m██[38;2;191;147;68m██[38;2;117;113;99m██[38;2;238;235;204m██[38;2;232;226;194m██[38;2;206;189;142m██[38;2;201;184;139m██[38;2;108;100;82m██[38;2;230;176;68m████[38;2;230;177;68m██[38;2;198;154;71m██[38;2;92;77;66m██[38;2;26;26;22m██[38;2;0;0;0m        [38;2;26;32;32m██[38;2;20;26;26m██[38;2;0;0;0m        
[38;2;0;0;0m    [38;2;16;14;5m  [38;2;160;124;56m██[38;2;177;140;71m██[38;2;123;111;80m██[38;2;137;128;104m██[38;2;206;189;142m██[38;2;171;158;123m██[38;2;160;127;68m██[38;2;212;164;70m██[38;2;231;177;68m██[38;2;224;171;68m██[38;2;196;150;69m██[38;2;89;73;48m██[38;2;55;56;57m██[38;2;43;44;43m██[38;2;10;12;10m  [38;2;0;2;0m  [38;2;32;32;31m  [38;2;67;70;74m██[38;2;6;9;9m  [38;2;0;0;0m        
[38;2;0;0;0m      [38;2;10;12;16m  [38;2;146;107;76m██[38;2;165;118;68m██[38;2;141;112;51m██[38;2;0;3;0m    [38;2;117;93;42m  [38;2;192;147;67m████[38;2;191;147;67m██[38;2;164;129;59m██[38;2;0;2;0m    [38;2;16;20;21m  [38;2;64;73;87m██████[38;2;0;2;0m  [38;2;0;0;0m          
[38;2;0;0;0m  [38;2;0;2;0m  [38;2;63;53;52m██[38;2;78;61;59m██[38;2;92;73;66m██[38;2;70;58;32m██[38;2;43;36;15m  [38;2;0;0;0m      [38;2;69;59;34m██[38;2;104;89;64m██[38;2;167;122;67m██[38;2;124;90;51m██[38;2;0;2;0m  [38;2;0;0;0m    [38;2;0;1;0m      [38;2;0;0;0m            
[38;2;0;0;0m    [38;2;0;6;0m  [38;2;0;3;0m    [38;2;0;0;0m        [38;2;0;2;0m  [38;2;90;75;76m██[38;2;88;75;67m██[38;2;68;62;62m██[38;2;112;81;53m██[38;2;0;2;0m  [38;2;0;0;0m                      
[38;2;0;0;0m                    [38;2;23;25;19m████[38;2;12;15;10m  [38;2;0;1;0m  [38;2;0;0;0m                        [0m
