
[38;2;0;0;0m            [38;2;36;14;10m  [38;2;0;0;0m      [38;2;46;40;17m  [38;2;51;44;19m  [38;2;0;0;0m                        
[38;2;0;0;0m          [38;2;204;105;63m  [38;2;124;64;37m██[38;2;0;0;0m    [38;2;208;110;66m██[38;2;235;197;87m██[38;2;237;194;88m██[38;2;150;73;50m██[38;2;0;0;4m  [38;2;0;0;0m                    
[38;2;0;0;0m        [38;2;39;33;14m  [38;2;249;158;82m██[38;2;253;165;83m██[38;2;89;74;34m██[38;2;188;99;60m██[38;2;253;122;78m██[38;2;252;150;83m██[38;2;252;100;73m██[38;2;250;102;75m██[38;2;222;91;66m██[38;2;162;65;45m██[38;2;0;0;0m                  
[38;2;0;0;0m        [38;2;235;201;88m██[38;2;250;211;92m██[38;2;249;211;92m██[38;2;250;169;86m██[38;2;252;104;73m██[38;2;252;101;73m████[38;2;252;100;73m██[38;2;75;30;21m██[38;2;15;6;4m  [38;2;0;0;0m                    
[38;2;0;0;0m  [38;2;24;24;24m  [38;2;159;137;91m██[38;2;230;193;85m██[38;2;249;211;92m██[38;2;250;211;92m██[38;2;160;148;100m██[38;2;169;150;82m██[38;2;248;182;89m██[38;2;251;127;78m██[38;2;252;101;73m██[38;2;196;79;54m██[38;2;0;0;0m          [38;2;253;188;88m██[38;2;247;206;90m██[38;2;49;42;18m  [38;2;0;0;0m  [38;2;74;30;20m  [38;2;94;38;26m  [38;2;0;0;0m  
[38;2;69;66;47m██[38;2;101;103;79m██[38;2;205;197;125m██[38;2;161;79;74m██[38;2;247;214;95m██[38;2;69;69;66m██[38;2;254;246;182m██[38;2;77;63;66m██[38;2;253;98;72m██[38;2;252;101;73m██[38;2;254;102;70m██[38;2;196;79;54m  [38;2;0;0;0m        [38;2;236;94;69m██[38;2;251;101;74m██[38;2;251;103;74m██[38;2;247;213;94m██[38;2;247;202;92m██[38;2;253;102;72m██[38;2;0;0;0m    
[38;2;23;23;16m  [38;2;201;194;132m██[38;2;137;133;96m██[38;2;197;144;83m██[38;2;203;178;88m██[38;2;168;164;128m██[38;2;193;117;99m██[38;2;77;62;66m██[38;2;194;93;69m██[38;2;229;92;73m██[38;2;36;14;10m  [38;2;0;0;0m      [38;2;115;99;44m  [38;2;180;153;67m██[38;2;247;209;94m██[38;2;249;171;87m██[38;2;252;101;73m██[38;2;252;150;82m██[38;2;252;101;73m████[38;2;231;93;66m██[38;2;37;15;10m  
[38;2;0;0;0m  [38;2;152;146;93m  [38;2;206;198;126m██[38;2;169;94;83m██[38;2;204;154;124m██[38;2;255;247;183m██[38;2;186;94;83m██[38;2;84;65;67m██[38;2;204;117;73m██[38;2;19;12;12m  [38;2;0;0;0m    [38;2;17;7;5m  [38;2;4;1;2m  [38;2;213;183;82m██[38;2;250;209;91m██[38;2;247;197;92m██[38;2;253;100;72m██[38;2;252;101;73m██[38;2;255;102;73m██[38;2;252;101;73m██[38;2;237;95;69m██[38;2;186;74;54m  [38;2;0;0;0m  
[38;2;0;0;0m    [38;2;196;188;125m██[38;2;253;245;180m██[38;2;255;246;183m████[38;2;236;212;161m██[38;2;168;152;93m██[38;2;203;140;85m██[38;2;79;48;27m  [38;2;0;0;0m  [38;2;37;15;10m  [38;2;227;94;71m██[38;2;139;80;52m██[38;2;242;206;93m██[38;2;250;202;91m██[38;2;249;174;87m██[38;2;252;100;73m██[38;2;248;99;72m██[38;2;184;74;51m██[38;2;238;96;66m██[38;2;32;13;9m  [38;2;0;0;0m    
[38;2;0;0;0m    [38;2;255;247;183m████[38;2;249;241;177m██[38;2;221;214;162m██[38;2;246;238;175m██[38;2;244;237;168m██[38;2;168;112;74m██[38;2;224;124;69m██[38;2;46;34;15m██[38;2;250;101;70m██[38;2;236;96;70m██[38;2;210;107;73m██[38;2;201;174;105m██[38;2;0;0;0m  [38;2;195;94;60m  [38;2;255;113;75m██[38;2;0;0;0m            
[38;2;0;0;0m    [38;2;255;247;182m██[38;2;213;208;152m██[38;2;221;178;132m██[38;2;164;103;90m██[38;2;241;236;197m██[38;2;251;243;177m██[38;2;176;172;121m██[38;2;141;106;67m██[38;2;249;207;92m██[38;2;193;103;87m██[38;2;228;197;151m██[38;2;236;210;157m██[38;2;197;188;138m██[38;2;0;0;0m    [38;2;69;30;20m██[38;2;0;0;0m            
[38;2;0;0;0m  [38;2;207;200;148m██[38;2;255;247;183m██[38;2;255;246;177m██[38;2;151;114;93m██[38;2;253;238;175m██[38;2;237;232;170m██[38;2;205;197;125m██[38;2;200;195;129m██[38;2;244;232;165m██[38;2;183;115;99m██[38;2;255;247;183m████[38;2;255;246;183m████[38;2;154;149;110m██[38;2;0;0;0m                
[38;2;0;0;0m  [38;2;207;200;148m██[38;2;255;247;183m██████[38;2;50;49;36m██[38;2;147;149;110m██[38;2;206;198;126m██[38;2;230;222;154m██[38;2;255;247;183m██[38;2;255;246;183m██[38;2;255;247;183m████[38;2;255;246;183m██[38;2;255;247;183m██[38;2;236;229;169m██[38;2;13;12;9m  [38;2;0;0;0m              
[38;2;69;66;49m██[38;2;255;246;182m██[38;2;230;223;163m██[38;2;255;246;183m██[38;2;91;88;65m  [38;2;0;0;0m  [38;2;104;106;75m██[38;2;225;217;148m██[38;2;255;247;183m██[38;2;255;246;183m████[38;2;250;242;178m██[38;2;212;204;133m██[38;2;242;234;168m██[38;2;255;246;183m████[38;2;15;15;11m██[38;2;0;0;0m  [38;2;92;37;25m██[38;2;40;16;11m  [38;2;0;0;0m        
[38;2;6;6;4m  [38;2;138;131;90m██[38;2;166;161;119m██[38;2;23;22;16m██[38;2;0;0;0m    [38;2;243;236;175m██[38;2;255;247;183m██████[38;2;255;246;183m██[38;2;209;201;129m██[38;2;107;105;83m██[38;2;110;109;88m██[38;2;244;243;174m██[38;2;237;229;162m██[38;2;82;63;43m██[38;2;111;44;39m  [38;2;250;100;72m██[38;2;10;4;2m  [38;2;0;0;0m        
[38;2;0;0;0m            [38;2;187;181;129m██[38;2;255;246;183m██[38;2;255;247;183m██[38;2;255;246;183m████[38;2;124;121;91m██[38;2;65;65;65m██[38;2;1;1;0m  [38;2;81;81;56m  [38;2;196;173;115m██[38;2;204;158;81m██[38;2;197;143;71m██[38;2;136;54;39m  [38;2;0;0;0m          
[38;2;0;0;0m            [38;2;107;103;65m  [38;2;152;148;100m██[38;2;214;207;150m██[38;2;255;247;183m██[38;2;220;212;143m██[38;2;15;15;15m  [38;2;65;65;65m██[38;2;0;0;0m    [38;2;206;198;126m██[38;2;135;108;55m██[38;2;4;0;4m  [38;2;0;0;0m            
[38;2;0;0;0m              [38;2;100;96;61m██[38;2;121;118;89m██[38;2;255;246;183m██[38;2;79;77;57m██[38;2;0;0;0m  [38;2;88;51;51m██[38;2;183;76;61m██[38;2;96;40;30m██[38;2;129;125;93m██[38;2;8;7;5m██[38;2;0;0;0m              
[38;2;0;0;0m              [38;2;21;20;28m██[38;2;206;198;129m██[38;2;93;92;83m██[38;2;248;235;175m██[38;2;73;59;26m██[38;2;250;131;78m██[38;2;217;88;70m██[38;2;20;8;9m  [38;2;78;85;92m██[38;2;4;5;5m  [38;2;0;0;0m              
[38;2;0;0;0m              [38;2;116;122;115m██[38;2;133;135;116m██[38;2;196;190;151m██[38;2;186;122;103m██[38;2;252;171;81m██[38;2;127;99;45m██[38;2;62;25;18m  [38;2;0;0;0m                    
[38;2;0;0;0m                [38;2;79;80;76m██[38;2;102;106;107m██[38;2;156;104;88m██[38;2;0;0;0m                          
[38;2;0;0;0m                [38;2;19;21;22m  [38;2;30;33;34m██[38;2;5;5;5m  [38;2;0;0;0m                          [0m
