
[38;2;0;0;0m              ██                                  
[38;2;0;0;0m            ██[38;2;176;120;64m██[38;2;0;0;0m██  ██  ██            ████        
[38;2;0;0;0m  ████    ██[38;2;176;120;64m████[38;2;0;0;0m████[38;2;208;160;64m██[38;2;0;0;0m██[38;2;208;160;64m██[38;2;0;0;0m██          ██[38;2;224;208;120m██[38;2;0;0;0m██      
[38;2;0;0;0m  ██[38;2;208;192;104m██[38;2;0;0;0m██  ██[38;2;64;64;64m██[38;2;176;120;64m██[38;2;208;160;64m██████████[38;2;0;0;0m████          ██[38;2;224;208;120m██[38;2;0;0;0m██    
[38;2;0;0;0m    ██[38;2;208;192;104m██[38;2;0;0;0m████[38;2;208;160;64m██████████[38;2;176;120;64m██[38;2;208;160;64m████[38;2;64;64;64m██[38;2;0;0;0m██████    ██[38;2;192;168;104m██[38;2;224;208;120m██[38;2;0;0;0m██  
[38;2;0;0;0m      ██[38;2;208;160;64m██████████[38;2;0;0;0m██[38;2;64;64;64m██[38;2;248;248;248m██[38;2;208;160;64m██[38;2;64;64;64m██[38;2;208;160;64m████████[38;2;0;0;0m██    ██[38;2;192;168;104m██[38;2;0;0;0m██  
[38;2;0;0;0m    ██[38;2;240;224;144m██[38;2;176;120;64m██[38;2;240;224;144m██[38;2;208;160;64m████[38;2;0;0;0m██[38;2;248;248;248m██[38;2;0;0;0m██[38;2;248;248;248m██[38;2;208;160;64m████[38;2;176;120;64m██[38;2;240;224;144m████[38;2;0;0;0m██      ██[38;2;224;208;120m████[38;2;0;0;0m██
[38;2;0;0;0m    ██[38;2;64;64;64m████[38;2;192;168;104m██[38;2;240;224;144m██████[38;2;176;120;64m████[38;2;208;160;64m████[38;2;176;120;64m██[38;2;240;224;144m██████[38;2;0;0;0m██        ██[38;2;224;208;120m██[38;2;0;0;0m██
[38;2;0;0;0m    ██[38;2;64;64;64m██[38;2;248;248;248m██[38;2;64;64;64m████[38;2;240;224;144m██████[38;2;64;64;64m██████[38;2;208;160;64m██[38;2;240;224;144m████[38;2;0;0;0m██          ██[38;2;224;208;120m██[38;2;0;0;0m██
[38;2;0;0;0m      ██[38;2;248;248;248m████[38;2;64;64;64m██[38;2;192;168;104m██[38;2;240;224;144m██[38;2;64;64;64m██[38;2;240;224;144m██████[38;2;64;64;64m████[38;2;176;120;64m████[38;2;0;0;0m██        ██[38;2;224;208;120m██[38;2;0;0;0m██
[38;2;0;0;0m  ██████[38;2;112;112;112m██[38;2;248;248;248m██[38;2;184;112;128m██[38;2;64;64;64m██[38;2;240;224;144m████[38;2;64;64;64m██████[38;2;240;224;144m████[38;2;64;64;64m██[38;2;176;120;64m████[38;2;0;0;0m██    ██[38;2;224;208;120m████[38;2;0;0;0m██
[38;2;0;0;0m██[38;2;64;64;64m██[38;2;192;168;104m██[38;2;64;64;64m██[38;2;184;184;184m██[38;2;112;112;112m██[38;2;184;112;128m██[38;2;64;64;64m██[38;2;240;224;144m████[38;2;64;64;64m██[38;2;240;224;144m████[38;2;64;64;64m████[38;2;176;120;64m██████[38;2;0;0;0m██    ██[38;2;152;128;88m████[38;2;0;0;0m██
[38;2;0;0;0m██[38;2;192;168;104m██[38;2;152;128;88m██[38;2;192;168;104m██[38;2;64;64;64m██[38;2;184;184;184m██[38;2;184;112;128m██[38;2;64;64;64m██[38;2;240;224;144m██████[38;2;64;64;64m████[38;2;240;224;144m████[38;2;64;64;64m██[38;2;176;120;64m██████[38;2;0;0;0m████[38;2;192;168;104m████[38;2;0;0;0m██  
[38;2;0;0;0m  ████[38;2;192;168;104m██[38;2;0;0;0m████[38;2;184;112;128m██[38;2;64;64;64m██[38;2;240;224;144m██████[38;2;64;64;64m██[38;2;192;168;104m██[38;2;64;64;64m████[38;2;176;120;64m████████[38;2;64;64;64m██[38;2;152;128;88m██████[38;2;0;0;0m██  
[38;2;0;0;0m      ████  ██[38;2;240;224;144m██████[38;2;64;64;64m██[38;2;192;168;104m██[38;2;152;128;88m██[38;2;64;64;64m██[38;2;176;120;64m██████████[38;2;64;64;64m██[38;2;192;168;104m████[38;2;0;0;0m██    
[38;2;0;0;0m              ██[38;2;208;192;104m████[38;2;64;64;64m██████[38;2;192;168;104m██[38;2;64;64;64m██[38;2;176;120;64m██████[38;2;0;0;0m██[38;2;152;128;88m██[38;2;0;0;0m████      
[38;2;0;0;0m            ██[38;2;152;128;88m██[38;2;64;64;64m██[38;2;208;192;104m████████[38;2;64;64;64m████[38;2;176;120;64m██████[38;2;0;0;0m████          
[38;2;0;0;0m              ████████[38;2;208;192;104m████[38;2;176;120;64m██████[38;2;64;64;64m██[38;2;0;0;0m██              
[38;2;0;0;0m                      ████[38;2;64;64;64m██████[38;2;152;128;88m██[38;2;0;0;0m██              
[38;2;0;0;0m                        ██[38;2;192;168;104m██[38;2;64;64;64m██[38;2;192;168;104m██[38;2;0;0;0m██                
[38;2;0;0;0m                          ██████                  [0m
