
[38;2;0;0;0m                [38;2;68;68;86m██[38;2;19;19;24m██[38;2;0;0;0m  [38;2;25;28;31m  [38;2;142;142;142m██[38;2;0;0;0m                                        
[38;2;0;0;0m                [38;2;68;68;86m██[38;2;19;19;24m██[38;2;0;0;0m  [38;2;208;210;213m██[38;2;142;142;142m██[38;2;0;0;0m                                        
[38;2;0;0;0m              [38;2;0;0;6m  [38;2;191;192;210m██[38;2;178;181;226m██[38;2;126;130;130m██[38;2;254;255;255m██[38;2;159;166;171m██[38;2;89;92;92m██[38;2;46;46;46m  [38;2;0;0;0m    [38;2;1;1;1m  [38;2;176;176;176m██[38;2;217;218;220m██[38;2;60;62;75m██[38;2;4;4;6m  [38;2;107;109;136m██[38;2;105;105;133m  [38;2;0;0;0m                  
[38;2;0;0;0m              [38;2;194;194;195m  [38;2;226;226;245m██[38;2;115;128;146m██[38;2;245;246;246m██[38;2;254;255;255m██████[38;2;241;241;241m██[38;2;3;3;3m  [38;2;0;0;0m  [38;2;3;3;3m██[38;2;218;220;242m██[38;2;172;172;213m██[38;2;20;20;23m██[38;2;153;153;193m██[38;2;36;36;39m██[38;2;0;0;0m                    
[38;2;0;0;0m              [38;2;220;220;220m██[38;2;220;224;226m██[38;2;164;174;180m██[38;2;227;230;234m██[38;2;185;192;202m██[38;2;237;237;250m██[38;2;223;223;243m██[38;2;178;181;229m██[38;2;179;181;227m██[38;2;91;92;101m██[38;2;254;254;254m██[38;2;199;201;236m██[38;2;0;0;0m                            
[38;2;0;0;0m    [38;2;70;70;70m  [38;2;245;245;245m████[38;2;40;40;40m  [38;2;22;22;22m  [38;2;164;167;207m██[38;2;255;255;255m████[38;2;208;213;220m██[38;2;190;196;212m██[38;2;137;141;152m██[38;2;70;70;72m██[38;2;37;40;47m██[38;2;175;178;222m██[38;2;178;182;228m██[38;2;180;183;229m██[38;2;88;88;112m██[38;2;0;0;0m                            
[38;2;16;21;24m  [38;2;80;100;117m██[38;2;108;122;140m██[38;2;133;138;152m██[38;2;214;220;233m██[38;2;248;248;252m██[38;2;222;222;222m██[38;2;78;78;85m██[38;2;231;235;236m██[38;2;220;221;243m██[38;2;106;123;126m██[38;2;99;119;148m██[38;2;121;136;171m██[38;2;93;101;125m██[38;2;0;0;0m    [38;2;90;90;114m██[38;2;89;89;112m  [38;2;0;0;0m    [38;2;66;71;80m██[38;2;116;124;140m██[38;2;86;94;110m██[38;2;49;51;49m██[38;2;125;127;125m██[38;2;0;0;0m                
[38;2;30;36;44m  [38;2;120;145;175m██[38;2;101;101;98m██[38;2;162;165;200m██[38;2;178;181;226m████[38;2;189;189;186m██[38;2;231;231;230m██[38;2;184;199;214m██[38;2;116;145;192m██[38;2;75;138;204m██[38;2;170;177;224m██[38;2;207;209;234m██[38;2;245;245;245m██[38;2;0;0;0m          [38;2;16;16;16m██[38;2;167;176;193m██[38;2;70;70;71m██[38;2;70;70;72m██[38;2;177;178;224m██[38;2;223;224;243m██[38;2;251;252;253m██[38;2;203;205;237m██[38;2;151;151;192m██[38;2;6;6;8m████████[38;2;1;1;2m  
[38;2;0;0;0m  [38;2;26;32;38m  [38;2;106;106;134m██[38;2;179;181;227m██[38;2;131;142;167m██[38;2;171;174;217m██[38;2;139;139;155m██[38;2;163;166;172m██[38;2;154;163;203m██[38;2;174;181;232m██[38;2;134;135;157m██[38;2;175;176;221m██[38;2;44;45;53m  [38;2;0;0;0m          [38;2;78;78;78m  [38;2;249;249;251m██[38;2;133;135;162m██[38;2;176;184;224m██[38;2;179;181;227m██[38;2;144;153;183m██[38;2;164;170;210m██[38;2;177;181;227m████[38;2;133;142;168m████[38;2;180;180;229m██[38;2;181;181;229m██[38;2;176;181;229m██[38;2;122;124;157m██
[38;2;0;0;0m      [38;2;128;128;162m  [38;2;166;166;210m██[38;2;119;132;152m██[38;2;174;175;220m██[38;2;93;96;104m██[38;2;36;39;36m  [38;2;47;50;60m  [38;2;126;129;147m██[38;2;171;173;217m██[38;2;44;44;52m██[38;2;0;0;0m        [38;2;32;32;32m██[38;2;250;250;253m██[38;2;177;181;229m██[38;2;166;169;212m██[38;2;159;161;201m██[38;2;172;175;218m██[38;2;178;181;226m██████[38;2;172;176;218m██[38;2;181;181;229m████[38;2;107;122;136m████[38;2;88;92;102m██[38;2;15;16;15m  
[38;2;0;0;0m        [38;2;19;19;25m  [38;2;62;62;79m██[38;2;87;91;109m██[38;2;181;182;229m██[38;2;0;0;0m    [38;2;111;111;140m██[38;2;104;119;132m██[38;2;101;101;128m██[38;2;0;0;0m        [38;2;254;254;254m██[38;2;189;193;233m██[38;2;62;62;79m██[38;2;27;27;34m  [38;2;5;5;6m  [38;2;116;121;147m██[38;2;75;75;95m██[38;2;179;181;227m██[38;2;178;181;226m██[38;2;162;166;205m██[38;2;126;137;160m████[38;2;180;180;228m██[38;2;178;181;226m██[38;2;134;135;170m██[38;2;30;30;38m  
[38;2;0;0;0m              [38;2;153;156;195m██[38;2;110;112;140m██[38;2;0;0;0m  [38;2;21;21;21m  [38;2;85;89;94m██[38;2;96;107;120m██[38;2;27;22;19m██[38;2;0;0;0m    [38;2;127;127;127m██[38;2;176;180;228m██[38;2;68;68;86m  [38;2;0;0;0m            [38;2;146;146;184m████[38;2;151;151;192m██[38;2;181;181;229m██[38;2;113;126;144m██[38;2;87;97;112m██[38;2;0;0;0m    
[38;2;0;0;0m              [38;2;41;42;52m  [38;2;162;162;205m██[38;2;14;14;17m  [38;2;0;0;0m  [38;2;89;95;101m██[38;2;76;78;82m██[38;2;101;124;151m██[38;2;0;0;0m  [38;2;0;2;11m  [38;2;193;193;211m██[38;2;177;178;225m██[38;2;0;0;0m                  [38;2;8;8;10m  [38;2;48;48;61m██[38;2;48;49;62m██[38;2;15;17;19m  [38;2;0;0;0m    
[38;2;0;0;0m                [38;2;50;50;63m  [38;2;152;152;187m██[38;2;63;66;68m██[38;2;119;131;143m██[38;2;129;150;172m██[38;2;116;117;118m██[38;2;167;167;167m██[38;2;232;232;245m██[38;2;152;152;178m██[38;2;0;0;0m                                
[38;2;0;0;0m                  [38;2;192;198;192m██[38;2;164;172;179m██[38;2;213;220;221m██[38;2;156;159;161m██[38;2;107;107;107m██[38;2;255;255;255m██[38;2;182;182;229m██[38;2;17;17;22m  [38;2;0;0;0m  [38;2;35;34;29m  [38;2;0;0;0m                            
[38;2;0;0;0m                    [38;2;255;255;255m██[38;2;207;210;239m██[38;2;226;226;226m██[38;2;134;134;134m██[38;2;255;255;255m████[38;2;29;30;35m  [38;2;0;0;0m  [38;2;135;135;135m██[38;2;29;27;28m██[38;2;29;29;34m  [38;2;65;74;76m██[38;2;26;30;31m  [38;2;88;88;88m██[38;2;191;191;191m██[38;2;178;183;188m██[38;2;11;13;15m  [38;2;0;0;0m            
[38;2;0;0;0m                    [38;2;121;121;121m██[38;2;255;255;255m██[38;2;215;216;235m██[38;2;250;251;252m██[38;2;255;255;255m██[38;2;187;190;229m██[38;2;163;165;185m██[38;2;3;3;3m  [38;2;206;213;213m██[38;2;84;84;74m██[38;2;116;114;133m██[38;2;94;96;94m██[38;2;176;196;208m██[38;2;105;105;105m██[38;2;255;255;255m██[38;2;237;238;240m██[38;2;229;230;230m██[38;2;0;0;0m    [38;2;44;44;44m  [38;2;225;225;225m██[38;2;0;0;0m    
[38;2;0;0;0m                    [38;2;91;92;99m██[38;2;252;252;254m██[38;2;255;255;255m████[38;2;239;240;249m██[38;2;179;181;227m██[38;2;147;148;157m██[38;2;254;255;255m██[38;2;158;162;157m██[38;2;176;176;221m██[38;2;141;145;141m██[38;2;91;95;97m██[38;2;222;222;222m██[38;2;149;149;149m██[38;2;175;175;175m██[38;2;114;114;134m████[38;2;179;181;227m██[38;2;206;206;222m██[38;2;233;233;233m██[38;2;147;147;147m██[38;2;171;171;171m██[38;2;145;145;145m██
[38;2;0;0;0m                    [38;2;129;130;163m██[38;2;171;175;218m██[38;2;255;255;255m████[38;2;178;182;229m██[38;2;180;181;229m██[38;2;168;168;160m██[38;2;255;255;255m██[38;2;251;251;251m██[38;2;176;176;221m██[38;2;135;136;155m██[38;2;169;169;212m██[38;2;177;177;177m██[38;2;234;234;234m██[38;2;134;134;163m██[38;2;61;62;63m██[38;2;44;47;56m██[38;2;178;181;226m██[38;2;61;62;81m██[38;2;7;7;14m  [38;2;0;0;0m  [38;2;2;2;2m  [38;2;9;9;9m██
[38;2;0;0;0m                    [38;2;127;127;161m██[38;2;131;131;153m██[38;2;149;151;181m██[38;2;178;181;226m██[38;2;142;149;180m██[38;2;130;136;134m██[38;2;251;255;255m██[38;2;255;255;255m██[38;2;234;235;248m██[38;2;178;181;226m██[38;2;119;118;136m██[38;2;127;126;147m██[38;2;163;183;189m██[38;2;120;132;135m██[38;2;137;137;167m██[38;2;0;0;0m                
[38;2;0;0;0m                      [38;2;160;160;203m  [38;2;137;137;157m██[38;2;247;247;246m██[38;2;178;182;229m██[38;2;75;71;68m██[38;2;214;214;238m██[38;2;254;254;254m██[38;2;212;214;240m██[38;2;180;180;228m██[38;2;107;108;131m██[38;2;62;67;77m██[38;2;119;152;187m██[38;2;77;74;88m██[38;2;66;65;80m  [38;2;0;0;0m                
[38;2;0;0;0m                      [38;2;8;4;0m  [38;2;140;141;151m██[38;2;251;251;251m██[38;2;196;197;234m██[38;2;136;134;161m██[38;2;53;53;62m██[38;2;178;193;215m██[38;2;177;181;227m██[38;2;107;107;135m██[38;2;16;14;12m  [38;2;55;65;79m██[38;2;99;104;127m██[38;2;129;128;160m██[38;2;40;40;50m  [38;2;0;0;0m                
[38;2;0;0;0m                    [38;2;14;17;21m██[38;2;118;138;167m██[38;2;73;72;85m██[38;2;165;163;168m██[38;2;84;84;107m  [38;2;0;0;0m    [38;2;2;2;3m██[38;2;142;158;196m██[38;2;173;173;219m██[38;2;9;9;11m  [38;2;0;0;0m                        
[38;2;0;0;0m                    [38;2;42;51;64m██[38;2;32;32;40m██[38;2;62;62;77m██[38;2;2;2;3m  [38;2;0;0;0m      [38;2;123;139;144m██[38;2;129;150;158m██[38;2;129;139;164m██[38;2;79;79;100m██[38;2;0;0;0m                        
[38;2;0;0;0m                                [38;2;73;79;86m  [38;2;110;120;129m██[38;2;129;147;158m██[38;2;145;164;170m  [38;2;0;0;0m                          
[38;2;0;0;0m                                  [38;2;16;18;19m██[38;2;23;27;30m  [38;2;0;0;0m                            [0m
