
[38;2;0;0;0m      ██                              
[38;2;0;0;0m    ██[38;2;66;66;66m██[38;2;0;0;0m████████  ██            ██    
[38;2;0;0;0m  ██[38;2;66;66;66m██████[38;2;74;119;186m██████[38;2;0;0;0m██[38;2;78;78;78m██[38;2;0;0;0m██        ██[38;2;74;119;186m██[38;2;0;0;0m██  
[38;2;0;0;0m  [38;2;16;4;0m██[38;2;55;63;84m██[38;2;77;121;183m████[38;2;69;70;74m██[38;2;74;119;186m██[38;2;66;66;66m██[38;2;80;80;80m████[38;2;66;66;66m██[38;2;0;0;0m██      [38;2;0;4;8m██[38;2;82;123;186m██[38;2;55;85;129m██[38;2;0;0;0m██
[38;2;0;0;0m██[38;2;55;63;84m██[38;2;93;122;168m██[38;2;77;121;183m██[38;2;66;66;66m██[38;2;69;70;74m████[38;2;80;80;80m██████[38;2;66;66;66m██[38;2;74;119;186m██[38;2;0;0;0m██  ██[38;2;82;123;186m██[38;2;55;83;127m██[38;2;82;127;194m██[38;2;0;0;0m██
[38;2;0;0;0m██[38;2;66;66;66m██[38;2;77;121;183m██[38;2;66;66;66m██[38;2;80;80;80m██[38;2;74;74;74m████[38;2;80;80;80m████[38;2;69;70;74m████[38;2;78;117;182m████[38;2;0;0;0m██[38;2;66;93;141m██[38;2;82;123;186m████[38;2;0;0;0m██  
[38;2;0;0;0m██[38;2;66;66;66m████[38;2;80;80;80m████[38;2;255;255;255m██[38;2;74;74;74m██[38;2;66;66;66m██[38;2;80;80;80m██[38;2;69;70;74m██[38;2;74;119;186m██[38;2;78;117;182m██[38;2;66;94;138m██[38;2;66;93;141m████[38;2;55;83;127m██[38;2;0;4;8m██[38;2;0;0;0m    
[38;2;0;0;0m██[38;2;82;82;82m████[38;2;74;70;74m████[38;2;206;66;86m██[38;2;214;129;140m██[38;2;255;255;255m██[38;2;66;66;66m████████[38;2;71;101;141m████[38;2;66;66;66m██[38;2;0;0;0m██      
[38;2;0;0;0m  ██[38;2;165;165;165m██[38;2;74;70;74m██[38;2;255;255;255m██[38;2;206;66;86m██[38;2;231;255;247m██[38;2;255;255;255m██[38;2;66;66;66m██[38;2;77;121;183m████[38;2;74;119;178m██[38;2;66;66;66m████[38;2;74;119;178m██[38;2;0;0;0m██      
[38;2;0;0;0m██[38;2;165;165;170m████[38;2;165;165;165m██[38;2;71;68;71m██[38;2;255;255;255m████[38;2;66;66;66m██[38;2;77;121;183m██[38;2;77;120;183m████████[38;2;82;127;194m██[38;2;0;0;0m██        
[38;2;0;0;0m██[38;2;165;165;170m██[38;2;66;66;66m██[38;2;71;68;71m████[38;2;66;66;66m██████[38;2;77;121;183m██[38;2;77;120;183m████████[38;2;55;85;129m██[38;2;0;0;0m██        
[38;2;0;0;0m  ██[38;2;78;78;78m██[38;2;82;79;82m██[38;2;231;214;87m██[38;2;77;74;77m████[38;2;69;70;74m██[38;2;74;119;186m██[38;2;78;117;182m████[38;2;66;93;141m████[38;2;0;0;0m██          
[38;2;0;0;0m    ██[38;2;231;214;87m██████[38;2;77;74;77m██[38;2;69;70;74m████[38;2;66;94;138m████[38;2;66;93;141m██[38;2;0;0;0m██            
[38;2;0;0;0m      ████[38;2;173;156;69m████[38;2;66;66;66m██████[38;2;0;0;0m████              
[38;2;0;0;0m          ████[38;2;170;170;170m██[38;2;118;118;118m██[38;2;0;0;0m██                  
[38;2;0;0;0m              ████                    [0m
