
[38;2;0;0;0m                  ██[38;2;8;0;0m████[38;2;0;0;0m██        ██████                                        
[38;2;0;0;0m              ████[38;2;206;74;102m██[38;2;239;165;175m██[38;2;162;110;117m██[38;2;206;74;102m██[38;2;0;0;0m██  ████[38;2;206;181;182m██████[38;2;0;0;0m██      ████                            
[38;2;0;0;0m            [38;2;24;0;0m██[38;2;173;99;111m██[38;2;206;74;102m██[38;2;206;181;182m██[38;2;165;119;125m██[38;2;231;165;175m████[38;2;77;58;64m██[38;2;16;0;0m██[38;2;222;173;174m██[38;2;206;74;102m████████[38;2;222;173;174m██[38;2;16;0;0m██[38;2;0;4;0m████[38;2;173;156;157m████[38;2;0;4;0m████[38;2;0;0;0m                        
[38;2;0;0;0m  ████  ████[38;2;173;99;111m██[38;2;247;148;167m██[38;2;206;74;102m████[38;2;99;74;75m████[38;2;77;58;64m██[38;2;154;111;119m██[38;2;222;173;174m██[38;2;153;115;116m██[38;2;206;181;182m████████[38;2;153;115;116m██[38;2;222;173;174m██[38;2;58;55;52m██[38;2;173;156;157m████████[38;2;58;55;52m██[38;2;0;0;0m██                      
[38;2;0;0;0m████[38;2;77;71;71m██[38;2;0;0;0m██[38;2;206;181;182m██[38;2;206;74;102m██[38;2;231;173;175m██[38;2;170;96;109m██[38;2;206;181;182m██[38;2;90;82;82m██[38;2;113;104;105m██[38;2;66;66;66m██[38;2;206;74;102m██[38;2;206;181;182m██[38;2;156;111;116m██[38;2;222;173;174m██[38;2;66;74;58m████[38;2;66;74;74m██[38;2;206;82;110m██[38;2;206;181;182m██[38;2;206;74;102m██[38;2;222;181;190m██[38;2;107;57;67m██[38;2;181;148;157m██[38;2;132;77;86m██[38;2;189;41;69m████[38;2;63;60;60m██[38;2;0;8;8m██[38;2;0;0;0m  ██████            
[38;2;0;0;0m    ██[38;2;115;107;107m██[38;2;206;74;102m██[38;2;206;181;182m██[38;2;170;96;109m██[38;2;140;57;76m██[38;2;90;82;82m██[38;2;129;115;115m██[38;2;66;66;66m██[38;2;206;181;182m██[38;2;206;74;102m██[38;2;206;181;182m██[38;2;222;173;174m██[38;2;90;49;58m██[38;2;102;77;110m██[38;2;173;82;213m██[38;2;113;77;86m██[38;2;66;74;74m██[38;2;206;74;102m██[38;2;206;181;182m██[38;2;145;98;108m██[38;2;184;140;149m██[38;2;107;41;51m██[38;2;181;148;157m██[38;2;173;156;157m████[38;2;126;113;113m██[38;2;63;60;60m██[38;2;0;0;0m██[38;2;206;74;102m██[38;2;206;181;182m████[38;2;0;0;0m██          
[38;2;0;0;0m  ██[38;2;66;66;66m██[38;2;0;0;0m██[38;2;88;78;77m████[38;2;85;82;80m██[38;2;123;107;107m████[38;2;0;0;0m████[38;2;206;181;182m██[38;2;206;74;102m██[38;2;206;181;182m██[38;2;169;98;117m██[38;2;99;41;59m██[38;2;173;90;221m██[38;2;8;24;0m██[38;2;173;74;221m██[38;2;99;99;99m██[38;2;66;66;66m██[38;2;198;57;86m██[38;2;189;41;69m██[38;2;173;156;157m██[38;2;148;49;68m████[38;2;198;57;86m██[38;2;115;85;89m██[38;2;77;58;64m██[38;2;154;111;119m██[38;2;206;181;182m████[38;2;206;74;102m████[38;2;222;173;174m██[38;2;16;0;0m██[38;2;0;0;0m        
[38;2;0;0;0m██[38;2;66;66;66m██[38;2;0;0;0m██  [38;2;0;4;0m██[38;2;132;115;116m██[38;2;123;107;107m██[38;2;66;70;66m██[38;2;0;0;0m██  ██[38;2;206;181;182m██[38;2;206;74;102m██[38;2;206;181;182m██[38;2;239;156;175m██[38;2;169;98;117m██[38;2;63;46;74m████[38;2;173;74;221m██[38;2;99;99;99m██[38;2;66;66;66m██[38;2;198;57;86m██[38;2;173;156;157m██[38;2;189;41;69m██[38;2;173;156;157m██[38;2;148;49;68m██[38;2;74;99;90m██[38;2;115;85;89m██[38;2;77;58;64m██[38;2;231;165;175m██[38;2;206;74;102m████[38;2;206;181;182m████[38;2;153;115;116m██[38;2;222;173;174m██[38;2;0;0;0m██      
[38;2;0;0;0m  ██  ██[38;2;66;66;66m██[38;2;0;0;0m████[38;2;66;66;66m██[38;2;0;0;0m██    ██[38;2;198;181;182m██[38;2;198;78;102m██[38;2;206;184;182m████[38;2;206;74;102m████[38;2;66;66;66m████[38;2;189;41;69m██[38;2;173;156;157m████████[38;2;189;41;69m██[38;2;63;60;60m██[38;2;126;113;113m██[38;2;0;0;0m██[38;2;123;107;107m██[38;2;206;181;182m████[38;2;206;74;102m██[38;2;206;181;182m████[38;2;206;74;102m██[38;2;206;181;182m██[38;2;0;0;0m██    
[38;2;0;0;0m    ██[38;2;66;66;66m██[38;2;0;0;0m██  ██[38;2;66;66;66m██[38;2;0;0;0m██    ██[38;2;198;181;182m██[38;2;198;147;155m██[38;2;189;41;69m████[38;2;173;156;157m████[38;2;189;41;69m████[38;2;173;156;157m██[38;2;189;41;69m████████[38;2;173;156;157m██[38;2;63;60;60m██[38;2;0;8;8m██[38;2;0;0;0m  ██[38;2;123;107;107m██[38;2;206;181;182m██[38;2;206;74;102m████████[38;2;206;181;182m██[38;2;0;0;0m██    
[38;2;0;0;0m    ██[38;2;66;66;66m██[38;2;0;0;0m██    ██        ██[38;2;189;41;69m██[38;2;173;156;157m████[38;2;189;41;69m████[38;2;173;156;157m██[38;2;189;41;69m████[38;2;173;156;157m████[38;2;189;41;69m██[38;2;173;156;157m████[38;2;60;61;60m██[38;2;0;4;0m██[38;2;0;0;0m  ██[38;2;123;93;99m██[38;2;222;156;166m██[38;2;165;119;125m██[38;2;231;165;175m████[38;2;165;119;125m██[38;2;198;181;182m██[38;2;0;0;0m██    
[38;2;0;0;0m      ██                  ██[38;2;189;41;69m████[38;2;173;156;157m████[38;2;189;41;69m██[38;2;173;156;157m████[38;2;189;41;69m████[38;2;173;156;157m████[38;2;66;66;66m██[38;2;90;90;90m██[38;2;60;61;60m██[38;2;0;0;0m██[38;2;66;66;66m██[38;2;74;61;66m██[38;2;173;124;133m██[38;2;99;74;75m████████[38;2;99;90;91m██[38;2;0;0;0m████  
[38;2;0;0;0m                            ████[38;2;189;41;69m████[38;2;173;156;157m██[38;2;189;41;69m██████[38;2;173;156;157m██[38;2;66;61;66m██[38;2;66;66;66m██[38;2;90;82;82m████[38;2;66;66;66m████[38;2;0;0;0m██[38;2;123;111;107m██[38;2;82;75;71m██[38;2;123;107;107m████████[38;2;66;66;66m██[38;2;0;0;0m██  ██
[38;2;0;0;0m                                ████[38;2;173;156;157m████[38;2;66;66;66m████[38;2;66;61;66m██[38;2;102;93;96m██[38;2;90;82;82m████[38;2;66;66;66m████[38;2;0;0;0m██  [38;2;0;4;0m██[38;2;123;111;107m██[38;2;123;107;107m██[38;2;66;66;66m██[38;2;0;0;0m████[38;2;66;66;66m██[38;2;0;0;0m██    
[38;2;0;0;0m                                    ██[38;2;66;66;66m██[38;2;90;82;82m████████[38;2;77;55;58m████[38;2;123;111;107m██[38;2;0;4;0m██[38;2;0;0;0m    ██[38;2;66;66;66m██[38;2;0;0;0m██[38;2;66;66;66m██[38;2;0;0;0m██  ██[38;2;66;66;66m██[38;2;0;0;0m██  
[38;2;0;0;0m                                      ██[38;2;66;66;66m████████[38;2;198;132;142m██[38;2;137;93;100m██[38;2;82;75;71m██[38;2;123;111;107m██[38;2;0;0;0m██  ██[38;2;66;66;66m██[38;2;0;0;0m████[38;2;66;66;66m██[38;2;0;0;0m██  ██    
[38;2;0;0;0m                                      ██[38;2;189;41;69m██[38;2;173;156;157m██[38;2;189;41;69m██████[38;2;173;156;157m██[38;2;123;70;75m████[38;2;0;0;0m██    ██  ██[38;2;66;66;66m██[38;2;0;0;0m██        
[38;2;0;0;0m                                    ██[38;2;173;156;157m██[38;2;189;41;69m████[38;2;173;156;157m██[38;2;189;41;69m██[38;2;173;156;157m██[38;2;189;41;69m██[38;2;172;158;156m██[38;2;123;70;75m██[38;2;0;0;0m██          ██          
[38;2;0;0;0m                                      ██[38;2;189;140;149m████[38;2;189;41;69m██████[38;2;173;156;157m████[38;2;96;93;90m██[38;2;0;0;0m██                      
[38;2;0;0;0m                                        [38;2;16;0;0m██[38;2;131;93;99m██[38;2;173;156;157m██[38;2;189;41;69m██[38;2;173;156;157m██████[38;2;57;61;57m██[38;2;66;66;66m██[38;2;0;0;0m██████                
[38;2;0;0;0m                                        ██[38;2;173;156;157m██[38;2;189;41;69m██[38;2;173;156;157m██[38;2;132;77;86m██[38;2;181;148;157m██[38;2;66;66;66m██[38;2;206;181;182m████[38;2;206;74;102m████[38;2;206;181;182m██[38;2;0;0;0m██              
[38;2;0;0;0m                                ████████[38;2;173;156;157m██████[38;2;189;41;69m██[38;2;181;148;157m██[38;2;107;41;51m██[38;2;206;181;182m████[38;2;206;74;102m██[38;2;206;181;182m████[38;2;206;74;102m██[38;2;173;156;157m██[38;2;0;0;0m██            
[38;2;0;0;0m                              ██[38;2;159;112;122m██[38;2;181;41;69m██[38;2;165;100;113m██[38;2;165;45;69m██[38;2;173;156;157m████[38;2;189;41;69m██[38;2;173;156;157m██[38;2;129;88;97m██[38;2;82;49;58m██[38;2;206;181;182m██[38;2;206;74;102m██[38;2;206;181;182m██[38;2;206;74;102m██[38;2;190;79;99m██[38;2;173;156;157m██[38;2;140;88;95m██[38;2;8;0;0m██[38;2;0;0;0m            
[38;2;0;0;0m                          ██████[38;2;148;148;148m██[38;2;181;41;69m██[38;2;165;156;157m████[38;2;189;41;69m████[38;2;173;156;157m██[38;2;189;41;69m██[38;2;82;49;58m██[38;2;222;165;174m██[38;2;206;181;182m██[38;2;206;74;102m██[38;2;206;181;182m██[38;2;206;74;102m██[38;2;173;156;157m██[38;2;198;41;70m██[38;2;206;132;142m██[38;2;8;0;0m██[38;2;0;0;0m            
[38;2;0;0;0m                        ██      ██[38;2;173;156;157m██[38;2;189;41;69m████[38;2;173;156;157m████[38;2;189;41;69m██[38;2;173;156;157m████[38;2;80;74;74m██[38;2;198;173;174m████[38;2;190;79;99m██[38;2;173;156;157m██[38;2;131;93;99m██[38;2;189;140;149m██[38;2;0;0;0m██              
[38;2;0;0;0m                        ████      ██[38;2;173;156;157m████[38;2;189;41;69m████[38;2;173;156;157m████[38;2;80;74;74m██[38;2;126;115;116m██[38;2;0;0;0m██[38;2;198;173;174m██[38;2;173;156;157m██[38;2;198;41;70m██[38;2;189;140;149m██[38;2;16;0;0m██[38;2;0;0;0m                
[38;2;0;0;0m                          ██████    ██[38;2;66;66;66m██[38;2;173;156;157m██████[38;2;102;93;96m██[38;2;126;113;113m██[38;2;0;8;8m██[38;2;0;0;0m  ██[38;2;66;66;66m████[38;2;0;0;0m██                  
[38;2;0;0;0m                              ██████████[38;2;0;8;8m██[38;2;58;57;58m██[38;2;66;61;66m████[38;2;63;60;60m████[38;2;0;0;0m██[38;2;66;66;66m████[38;2;0;0;0m██                    
[38;2;0;0;0m                                          ████████████████                      [0m
