
[38;2;0;0;0m                ██                    
[38;2;0;0;0m              ██[38;2;66;66;66m██[38;2;0;0;0m██                  
[38;2;0;0;0m              ██[38;2;66;66;66m██[38;2;0;0;0m██  ████      ████  
[38;2;0;0;0m    ████████  ██[38;2;66;66;66m██[38;2;0;0;0m████[38;2;66;66;66m██[38;2;0;0;0m██    ██[38;2;231;82;63m██[38;2;0;0;0m██  
[38;2;0;0;0m  ██[38;2;66;66;66m██████[38;2;60;60;74m██[38;2;0;8;0m██[38;2;0;0;0m██[38;2;66;66;66m██[38;2;0;0;0m██[38;2;66;66;66m██[38;2;0;0;0m██    ██[38;2;206;107;94m████[38;2;0;0;0m██  
[38;2;0;0;0m██[38;2;66;66;66m████████[38;2;181;165;221m██[38;2;60;60;74m██[38;2;66;66;66m██[38;2;44;44;44m██[38;2;66;66;66m████[38;2;0;0;0m██    ██[38;2;206;107;94m██[38;2;0;0;0m██    
[38;2;0;0;0m██[38;2;66;66;66m████[38;2;57;61;57m██[38;2;181;156;221m██[38;2;66;66;66m████████[38;2;0;0;0m████        ██[38;2;231;82;63m██[38;2;0;0;0m██  
[38;2;0;0;0m██[38;2;66;66;66m████[38;2;57;61;57m████[38;2;66;66;66m██[38;2;49;49;49m████[38;2;66;66;66m████[38;2;0;0;0m██        ██[38;2;231;82;63m██[38;2;148;148;148m██[38;2;0;0;0m██
[38;2;0;0;0m██[38;2;66;66;66m████[38;2;181;156;221m██[38;2;66;66;66m██████[38;2;49;49;49m██[38;2;66;66;66m██████[38;2;0;0;0m██    ██[38;2;165;66;61m██[38;2;115;115;115m██[38;2;148;148;148m██[38;2;0;0;0m██
[38;2;0;0;0m  ██[38;2;66;66;66m██[38;2;181;156;221m██[38;2;66;66;66m████[38;2;0;0;0m██[38;2;66;66;66m████████[38;2;148;148;148m██[38;2;0;0;0m████[38;2;165;66;61m██[38;2;115;115;115m████[38;2;0;0;0m██  
[38;2;0;0;0m  ██[38;2;66;66;66m██████[38;2;0;0;0m██  ██[38;2;148;148;148m██████████[38;2;66;66;66m████[38;2;115;115;115m██[38;2;0;0;0m██    
[38;2;0;0;0m  ██[38;2;66;66;66m████[38;2;0;0;0m██  ██[38;2;148;148;148m████████████████[38;2;0;0;0m██      
[38;2;0;0;0m██[38;2;66;66;66m██████[38;2;0;0;0m████[38;2;115;115;115m██[38;2;66;66;66m██[38;2;148;148;148m██[38;2;66;66;66m██[38;2;148;148;148m████████████[38;2;0;0;0m██    
[38;2;0;0;0m██[38;2;66;66;66m████[38;2;0;0;0m██████[38;2;115;115;115m██[38;2;66;66;66m██[38;2;148;148;148m██[38;2;66;66;66m██[38;2;148;148;148m██[38;2;66;66;66m██[38;2;148;148;148m██████[38;2;74;74;74m██[38;2;0;0;0m██    
[38;2;0;0;0m  ██████    ██[38;2;66;66;66m████[38;2;55;52;55m██[38;2;148;148;148m██[38;2;49;49;49m██[38;2;0;0;0m██[38;2;148;140;148m██[38;2;74;70;74m██[38;2;0;0;0m██      
[38;2;0;0;0m            ██[38;2;66;66;66m██[38;2;0;0;0m██[38;2;8;4;8m██[38;2;55;52;55m██[38;2;0;0;0m██  ██[38;2;74;70;74m██[38;2;66;66;66m██[38;2;0;0;0m██    
[38;2;0;0;0m              ██  ██[38;2;66;66;66m██[38;2;0;0;0m██    ████      
[38;2;0;0;0m                  ████                [0m
