
[38;2;0;0;0m            [38;2;42;21;18m  [38;2;43;17;18m██[38;2;16;6;7m  [38;2;0;0;0m                  
[38;2;0;0;0m        [38;2;0;3;6m  [38;2;202;103;90m██[38;2;191;85;83m██[38;2;210;82;85m██[38;2;100;63;63m██[38;2;147;59;59m██[38;2;10;10;10m  [38;2;0;0;0m              
[38;2;0;0;0m      [38;2;87;45;38m  [38;2;176;84;80m██[38;2;132;78;74m██[38;2;203;82;86m██[38;2;222;86;87m██[38;2;109;71;72m██[38;2;222;87;87m██[38;2;56;39;39m██[38;2;0;0;0m              
[38;2;0;0;0m    [38;2;90;46;39m  [38;2;253;131;110m██[38;2;191;76;81m██[38;2;74;67;67m██[38;2;222;86;89m██[38;2;198;82;82m██[38;2;172;79;79m██[38;2;222;86;86m██[38;2;91;69;69m██[38;2;123;47;47m  [38;2;0;0;0m            
[38;2;0;0;0m    [38;2;99;51;43m██[38;2;161;69;77m██[38;2;222;87;89m██[38;2;213;84;87m██[38;2;161;78;78m██[38;2;207;84;84m██[38;2;198;82;85m██[38;2;178;80;82m██[38;2;196;82;82m██[38;2;135;52;52m██[38;2;0;0;0m            
[38;2;0;0;0m      [38;2;209;83;84m██[38;2;222;87;89m██[38;2;221;86;88m██[38;2;206;93;88m██[38;2;156;65;76m██[38;2;160;59;76m██[38;2;211;101;86m██[38;2;222;86;86m██[38;2;0;0;0m              
[38;2;0;0;0m    [38;2;27;27;22m  [38;2;154;61;74m██[38;2;218;92;88m██[38;2;187;77;82m██[38;2;241;147;90m██[38;2;255;165;87m██[38;2;255;162;89m██[38;2;200;117;80m██[38;2;142;82;75m██[38;2;0;0;0m              
[38;2;0;0;0m    [38;2;61;60;49m██[38;2;247;154;94m██[38;2;193;76;82m██[38;2;170;80;77m██[38;2;255;167;89m██[38;2;211;143;83m██[38;2;70;70;69m██[38;2;242;158;85m██[38;2;255;165;87m██[38;2;0;0;0m              
[38;2;0;0;0m    [38;2;203;197;179m██[38;2;171;142;98m██[38;2;237;147;85m██[38;2;255;165;87m██[38;2;230;157;79m██[38;2;168;168;166m██[38;2;105;105;84m██[38;2;148;124;90m██[38;2;255;168;89m██[38;2;99;64;33m  [38;2;0;0;0m            
[38;2;0;0;0m    [38;2;77;72;60m██[38;2;251;251;249m██[38;2;202;195;182m██[38;2;104;88;71m██[38;2;177;144;98m██[38;2;229;229;229m██[38;2;212;212;212m██[38;2;251;229;207m██[38;2;243;161;83m██[38;2;115;90;42m██[38;2;0;0;0m            
[38;2;0;0;0m    [38;2;28;27;22m  [38;2;244;188;134m██[38;2;241;213;183m██[38;2;216;205;186m██[38;2;219;190;149m██[38;2;191;183;156m██[38;2;255;255;255m██[38;2;182;163;117m██[38;2;189;147;68m██[38;2;31;24;11m  [38;2;0;0;0m            
[38;2;0;0;0m      [38;2;71;58;18m  [38;2;149;111;66m██[38;2;190;143;68m██[38;2;202;142;58m██[38;2;162;140;85m████[38;2;137;120;78m██[38;2;26;21;10m  [38;2;0;0;0m              
[38;2;0;0;0m    [38;2;81;65;22m  [38;2;252;203;70m██[38;2;220;177;70m██[38;2;88;81;66m██[38;2;88;80;66m██████[38;2;167;131;69m██[38;2;27;21;17m  [38;2;0;0;0m              
[38;2;0;0;0m    [38;2;26;20;9m  [38;2;179;147;66m██[38;2;243;197;69m██[38;2;255;206;68m██[38;2;241;192;70m██[38;2;192;147;67m██[38;2;158;126;67m██[38;2;158;126;68m██[38;2;131;103;48m██[38;2;0;0;0m              
[38;2;0;0;0m    [38;2;163;123;59m██[38;2;15;12;9m██[38;2;50;42;25m██[38;2;202;153;76m██[38;2;194;149;69m██[38;2;77;65;44m██[38;2;25;22;16m██[38;2;155;122;61m██[38;2;16;12;13m██[38;2;0;0;0m              
[38;2;0;0;0m  [38;2;48;31;17m  [38;2;157;111;58m██[38;2;0;0;0m  [38;2;57;42;26m  [38;2;96;87;69m██[38;2;96;96;85m██[38;2;154;114;61m██[38;2;0;2;3m  [38;2;27;21;11m  [38;2;113;75;43m██[38;2;0;0;0m      [38;2;5;2;2m  [38;2;100;39;40m██[38;2;0;0;0m    
[38;2;35;22;13m██[38;2;233;151;86m██[38;2;77;50;28m██[38;2;0;0;0m  [38;2;127;86;43m██[38;2;74;98;106m██[38;2;78;90;106m██[38;2;212;151;79m██[38;2;0;1;0m  [38;2;70;45;24m██[38;2;254;164;86m██[38;2;0;0;0m      [38;2;12;4;4m  [38;2;221;85;88m██[38;2;0;0;0m    
[38;2;32;25;13m  [38;2;167;126;62m██[38;2;206;171;69m██[38;2;145;112;55m██[38;2;134;117;84m██[38;2;102;109;106m████[38;2;239;157;85m██[38;2;78;63;48m██[38;2;179;121;75m██[38;2;193;120;70m██[38;2;22;22;22m  [38;2;0;0;0m    [38;2;7;5;3m  [38;2;161;102;61m██[38;2;115;93;32m  [38;2;0;0;0m  
[38;2;0;0;0m    [38;2;238;192;66m██[38;2;254;205;68m██[38;2;198;171;85m██[38;2;142;137;103m████[38;2;123;112;67m██[38;2;255;206;71m██[38;2;141;124;67m██[38;2;107;92;67m██[38;2;184;143;68m██[38;2;26;20;9m██[38;2;47;41;36m██[38;2;249;194;70m██[38;2;249;200;70m██[38;2;186;145;67m██[38;2;47;37;17m  
[38;2;0;0;0m    [38;2;73;57;25m██[38;2;213;167;67m██[38;2;234;187;69m██[38;2;255;206;71m████████[38;2;215;168;69m██[38;2;195;154;69m██[38;2;115;97;67m██[38;2;190;147;67m██[38;2;190;148;68m██[38;2;183;144;66m██[38;2;70;53;25m██[38;2;57;44;20m  [38;2;0;0;0m  
[38;2;0;0;0m      [38;2;148;114;51m  [38;2;113;88;41m██[38;2;0;0;12m  [38;2;0;0;0m  [38;2;205;164;59m██[38;2;192;146;69m████[38;2;76;69;56m██[38;2;157;121;56m██[38;2;157;121;54m██[38;2;155;121;55m██[38;2;0;0;0m        
[38;2;0;0;0m              [38;2;8;6;3m  [38;2;51;40;18m████[38;2;8;6;3m  [38;2;0;0;0m              [0m
