
[38;2;0;0;0m                    ████                        
[38;2;0;0;0m            ████  ██[38;2;120;200;248m██[38;2;0;0;0m██                        
[38;2;0;0;0m          ██[38;2;72;152;240m██[38;2;0;0;0m████[38;2;120;200;248m████[38;2;0;0;0m██████                    
[38;2;0;0;0m        ██[38;2;72;152;240m██[38;2;64;120;208m██[38;2;120;200;248m██████[38;2;64;120;208m██[38;2;72;152;240m██[38;2;120;200;248m████[38;2;0;0;0m██                  
[38;2;0;0;0m        ██[38;2;64;120;208m██[38;2;120;200;248m████[38;2;64;120;208m████[38;2;120;200;248m████[38;2;64;120;208m██[38;2;0;0;0m██    ██████          
[38;2;0;0;0m      ██[38;2;64;120;208m██[38;2;120;200;248m████[38;2;64;120;208m██[38;2;72;152;240m██[38;2;120;200;248m██████████[38;2;0;0;0m████[38;2;120;200;248m████[38;2;0;0;0m██          
[38;2;0;0;0m      ██[38;2;120;200;248m████[38;2;64;120;208m██[38;2;120;200;248m████████[38;2;72;152;240m██[38;2;120;200;248m██[38;2;64;64;64m██[38;2;120;200;248m████[38;2;72;152;240m██[38;2;64;64;64m██[38;2;0;0;0m██    ██████
[38;2;0;0;0m        ██[38;2;120;200;248m██[38;2;64;120;208m██[38;2;120;200;248m████[38;2;64;120;208m██[38;2;64;64;64m██[38;2;120;200;248m██[38;2;64;120;208m██[38;2;120;200;248m████[38;2;64;64;64m████[38;2;120;200;248m████[38;2;0;0;0m████[38;2;200;184;128m██[38;2;240;224;168m██[38;2;0;0;0m██
[38;2;0;0;0m      ██[38;2;120;200;248m██████[38;2;0;0;0m████[38;2;248;248;248m████[38;2;120;200;248m████████████[38;2;72;152;240m██[38;2;64;64;64m████[38;2;240;224;168m████[38;2;0;0;0m██  
[38;2;0;0;0m  ████[38;2;120;200;248m████████[38;2;248;248;248m██[38;2;64;64;64m██[38;2;248;248;248m██[38;2;120;200;248m████[38;2;64;120;208m██[38;2;72;152;240m██[38;2;120;200;248m██[38;2;72;152;240m██[38;2;64;64;64m████[38;2;240;224;168m████[38;2;160;144;96m████[38;2;0;0;0m████
[38;2;0;0;0m██[38;2;72;152;240m██[38;2;120;200;248m██████████████████[38;2;72;152;240m██[38;2;64;64;64m██████[38;2;72;152;240m████[38;2;64;64;64m██[38;2;240;224;168m██████████[38;2;0;0;0m██
[38;2;0;0;0m██[38;2;120;200;248m██[38;2;64;64;64m████[38;2;120;200;248m████[38;2;64;120;208m████[38;2;120;200;248m████[38;2;72;152;240m██[38;2;64;64;64m██[38;2;72;152;240m██████[38;2;64;64;64m██████[38;2;72;152;240m██[38;2;240;224;168m██[38;2;200;184;128m██[38;2;160;144;96m██[38;2;0;0;0m██  
[38;2;0;0;0m  ██[38;2;120;200;248m██████[38;2;0;0;0m████[38;2;64;64;64m████████[38;2;72;152;240m██████████████[38;2;200;184;128m██[38;2;160;144;96m████[38;2;0;0;0m██    
[38;2;0;0;0m    ██████  ██[38;2;240;224;168m██[38;2;200;184;128m████[38;2;240;224;168m██[38;2;120;200;248m██[38;2;72;152;240m██[38;2;64;120;208m██[38;2;64;64;64m████[38;2;72;152;240m██[38;2;200;184;128m██████████[38;2;0;0;0m██  
[38;2;0;0;0m              [38;2;64;64;64m██[38;2;240;224;168m██[38;2;64;64;64m██████[38;2;120;200;248m██[38;2;72;152;240m████[38;2;64;64;64m██[38;2;0;0;0m████████████    
[38;2;0;0;0m                [38;2;64;64;64m██[38;2;120;200;248m████[38;2;64;120;208m██[38;2;64;64;64m██[38;2;72;152;240m████[38;2;0;0;0m██                
[38;2;0;0;0m              ██[38;2;120;200;248m████[38;2;72;152;240m████[38;2;64;64;64m██[38;2;72;152;240m██[38;2;0;0;0m██                  
[38;2;0;0;0m              ██[38;2;64;120;208m██[38;2;72;152;240m██[38;2;64;120;208m██[38;2;64;64;64m██[38;2;72;152;240m██[38;2;64;120;208m██[38;2;0;0;0m██                  
[38;2;0;0;0m                ██[38;2;64;120;208m██[38;2;72;152;240m████[38;2;64;120;208m██[38;2;0;0;0m██                    
[38;2;0;0;0m                  ████████                      [0m
