
[38;2;0;0;0m                              ████[38;2;64;64;64m██[38;2;0;0;0m              
[38;2;0;0;0m                            ██[38;2;160;176;200m██[38;2;248;248;248m████[38;2;64;64;64m██[38;2;0;0;0m            
[38;2;0;0;0m                          ██[38;2;248;248;248m████[38;2;160;176;200m██[38;2;248;248;248m████[38;2;0;0;0m████████    
[38;2;0;0;0m                          ██[38;2;160;176;200m██[38;2;248;248;248m██████[38;2;64;64;64m██[38;2;248;248;248m████████[38;2;0;0;0m██  
[38;2;0;0;0m                            ████[38;2;248;248;248m████████[38;2;160;176;200m████[38;2;248;248;248m████[38;2;0;0;0m██
[38;2;0;0;0m                                ██[38;2;248;248;248m██████████[38;2;160;176;200m██[38;2;248;248;248m██[38;2;0;0;0m██
[38;2;0;0;0m                                ██[38;2;248;248;248m████[38;2;64;64;64m██[38;2;0;0;0m██[38;2;248;248;248m████[38;2;0;0;0m██  
[38;2;0;0;0m                                ██[38;2;248;248;248m████[38;2;0;0;0m██  ████    
[38;2;0;0;0m                ████          ██[38;2;248;248;248m██████[38;2;160;176;200m██[38;2;0;0;0m██        
[38;2;0;0;0m                ██[38;2;248;248;248m██[38;2;0;0;0m██    ████[38;2;248;248;248m████████[38;2;200;208;240m██[38;2;0;0;0m██        
[38;2;0;0;0m              ██[38;2;160;176;200m██[38;2;248;248;248m██[38;2;160;176;200m██[38;2;0;0;0m████[38;2;248;248;248m████████████[38;2;200;208;240m██[38;2;160;176;200m██[38;2;0;0;0m██      
[38;2;0;0;0m            ██[38;2;248;248;248m██[38;2;160;176;200m██[38;2;248;248;248m████[38;2;200;208;240m██[38;2;248;248;248m██[38;2;64;64;64m████[38;2;248;248;248m██████[38;2;200;208;240m██████[38;2;0;0;0m██      
[38;2;0;0;0m          ██[38;2;248;248;248m██[38;2;200;208;240m██[38;2;248;248;248m████████████[38;2;160;176;200m██[38;2;64;64;64m██[38;2;248;248;248m████[38;2;200;208;240m██████[38;2;0;0;0m██      
[38;2;0;0;0m      ████[38;2;152;112;88m██[38;2;200;208;240m██[38;2;248;248;248m████████[38;2;0;0;0m██[38;2;160;176;200m██[38;2;248;248;248m████[38;2;64;64;64m██[38;2;248;248;248m██[38;2;200;208;240m████████[38;2;0;0;0m██      
[38;2;0;0;0m  ████[38;2;160;176;200m██[38;2;0;0;0m██[38;2;240;208;152m██[38;2;152;112;88m██[38;2;160;176;200m██[38;2;248;248;248m████[38;2;160;176;200m██[38;2;248;248;248m██[38;2;0;0;0m██[38;2;248;248;248m██[38;2;200;208;240m████[38;2;64;64;64m██[38;2;200;208;240m██████[38;2;160;176;200m██[38;2;0;0;0m██      
[38;2;0;0;0m██[38;2;160;176;200m████[38;2;0;0;0m██[38;2;248;248;248m██[38;2;64;64;64m██[38;2;152;112;88m██[38;2;248;248;248m██[38;2;0;0;0m██[38;2;152;112;88m██[38;2;208;168;112m██[38;2;0;0;0m██[38;2;152;112;88m██[38;2;200;208;240m██████[38;2;64;64;64m██[38;2;200;208;240m██████[38;2;0;0;0m██        
[38;2;0;0;0m██[38;2;160;176;200m████[38;2;0;0;0m██[38;2;248;248;248m██[38;2;64;64;64m██[38;2;240;208;152m██[38;2;0;0;0m██[38;2;152;112;88m██[38;2;240;208;152m██████[38;2;208;168;112m██[38;2;152;112;88m██[38;2;200;208;240m██[38;2;160;176;200m██[38;2;64;64;64m████[38;2;200;208;240m██[38;2;160;176;200m██[38;2;0;0;0m██        
[38;2;0;0;0m  ██[38;2;160;176;200m████[38;2;0;0;0m██[38;2;64;64;64m██[38;2;152;112;88m██[38;2;240;208;152m████████[38;2;64;64;64m██[38;2;240;208;152m██[38;2;152;112;88m██[38;2;160;176;200m██[38;2;64;64;64m██[38;2;200;208;240m██[38;2;160;176;200m██[38;2;64;64;64m██[38;2;0;0;0m██          
[38;2;0;0;0m    ██████[38;2;152;112;88m██[38;2;240;144;120m██[38;2;152;112;88m████[38;2;240;208;152m██[38;2;64;64;64m██[38;2;248;248;248m██[38;2;64;64;64m██[38;2;160;176;200m██[38;2;64;64;64m██[38;2;200;208;240m██████[38;2;248;248;248m██[38;2;200;208;240m██[38;2;0;0;0m██        
[38;2;0;0;0m        ██[38;2;240;144;120m██[38;2;152;112;88m██[38;2;240;144;120m████[38;2;152;112;88m██[38;2;0;0;0m██[38;2;248;248;248m██[38;2;64;64;64m██[38;2;0;0;0m██[38;2;200;208;240m██████[38;2;160;176;200m████[38;2;248;248;248m████[38;2;0;0;0m██      
[38;2;0;0;0m          ██[38;2;240;144;120m████[38;2;152;112;88m██[38;2;0;0;0m██  ████  ██[38;2;200;208;240m████[38;2;248;248;248m████[38;2;160;176;200m██[38;2;248;248;248m██[38;2;0;0;0m██      
[38;2;0;0;0m            ██████            ████[38;2;248;248;248m██████[38;2;0;0;0m██        
[38;2;0;0;0m                                  ██████          [0m
