
[38;2;7;15;16m  [38;2;31;58;67m██[38;2;38;50;56m██[38;2;15;7;5m  [38;2;0;0;0m                            [38;2;1;0;0m  [38;2;4;0;0m  [38;2;0;0;0m    
[38;2;5;11;11m  [38;2;21;41;47m██[38;2;141;175;209m██[38;2;190;74;73m██[38;2;70;126;152m  [38;2;0;3;0m  [38;2;0;0;0m        [38;2;0;3;0m  [38;2;0;0;0m            [38;2;0;3;0m  [38;2;161;77;81m██[38;2;138;134;158m██[38;2;70;126;152m  [38;2;0;0;0m  
[38;2;0;0;0m  [38;2;0;1;0m  [38;2;60;84;97m██[38;2;109;83;91m██[38;2;148;168;137m██[38;2;224;190;81m██[38;2;0;2;0m  [38;2;0;0;0m    [38;2;0;3;0m  [38;2;107;104;88m██[38;2;20;23;17m██[38;2;0;0;0m      [38;2;0;1;0m  [38;2;106;108;69m██[38;2;137;206;221m██[38;2;147;78;77m██[38;2;78;50;51m██[38;2;0;1;0m  [38;2;0;0;0m  
[38;2;0;0;0m    [38;2;13;25;25m██[38;2;57;58;60m██[38;2;171;203;170m██[38;2;228;196;87m██[38;2;0;2;0m  [38;2;0;0;0m    [38;2;44;45;44m  [38;2;70;69;67m██[38;2;19;21;17m██[38;2;0;0;0m      [38;2;0;3;0m  [38;2;207;174;76m██[38;2;95;74;77m██[38;2;117;125;144m██[38;2;104;187;228m██[38;2;0;2;0m  [38;2;0;0;0m  
[38;2;0;0;0m      [38;2;37;69;82m  [38;2;111;103;98m██[38;2;223;185;83m██[38;2;83;69;23m  [38;2;0;0;0m  [38;2;27;29;27m  [38;2;174;204;217m██[38;2;185;214;227m██[38;2;92;91;88m██[38;2;26;28;22m  [38;2;0;0;0m    [38;2;0;3;0m  [38;2;236;198;80m██[38;2;136;151;154m██[38;2;49;24;24m  [38;2;0;2;0m  [38;2;0;0;0m    
[38;2;0;0;0m      [38;2;1;6;3m  [38;2;18;2;3m██[38;2;69;64;50m██[38;2;191;155;53m██[38;2;0;0;0m  [38;2;63;66;63m██[38;2;152;220;251m██[38;2;152;220;252m██[38;2;113;113;113m██[38;2;61;60;51m██[38;2;0;1;0m  [38;2;0;0;0m  [38;2;187;152;52m  [38;2;213;188;92m██[38;2;118;127;148m██[38;2;133;139;162m  [38;2;0;0;0m      
[38;2;0;0;0m          [38;2;0;1;0m  [38;2;115;91;42m██[38;2;71;63;36m██[38;2;33;28;9m  [38;2;150;144;126m██[38;2;136;135;134m██[38;2;73;72;67m██[38;2;163;132;51m██[38;2;33;28;11m  [38;2;33;28;9m  [38;2;224;181;62m██[38;2;23;25;23m  [38;2;0;1;0m    [38;2;0;0;0m      
[38;2;0;0;0m            [38;2;9;6;3m  [38;2;146;141;122m██[38;2;210;173;69m██[38;2;80;78;68m██[38;2;81;79;68m████[38;2;122;107;67m██[38;2;246;199;70m██[38;2;118;104;66m██[38;2;59;51;16m  [38;2;0;0;0m            
[38;2;12;14;10m  [38;2;49;49;41m██[38;2;49;50;41m████[38;2;0;1;0m  [38;2;0;0;0m  [38;2;37;43;34m██[38;2;228;231;218m██[38;2;255;235;182m██[38;2;198;171;97m██[38;2;180;150;69m████[38;2;255;235;182m██[38;2;198;194;180m██[38;2;119;108;58m██[38;2;13;16;11m  [38;2;0;0;0m    [38;2;0;2;0m    [38;2;0;0;0m    
[38;2;0;0;0m  [38;2;0;3;0m  [38;2;17;20;14m  [38;2;79;78;66m██[38;2;8;11;7m  [38;2;0;2;0m  [38;2;110;165;93m██[38;2;85;110;75m██[38;2;122;130;109m██[38;2;229;229;227m██████[38;2;194;196;188m██[38;2;77;87;67m██[38;2;90;112;77m██[38;2;63;74;57m██[38;2;0;0;0m  [38;2;0;3;0m  [38;2;71;70;67m██[38;2;73;71;61m██[38;2;14;17;11m██[38;2;4;5;3m  
[38;2;0;0;0m  [38;2;0;2;0m  [38;2;14;16;11m  [38;2;75;74;63m████[38;2;53;57;50m██[38;2;173;206;168m██[38;2;103;176;86m██[38;2;112;180;89m██[38;2;92;127;78m██[38;2;100;155;84m██[38;2;104;154;84m██[38;2;107;163;85m██[38;2;84;152;78m██[38;2;138;196;119m██[38;2;142;161;134m██[38;2;0;3;0m    [38;2;67;66;57m██[38;2;6;7;5m  [38;2;30;32;25m██[38;2;10;11;8m  
[38;2;15;17;13m  [38;2;63;62;53m██[38;2;47;47;39m  [38;2;47;47;40m  [38;2;77;75;65m██[38;2;53;54;51m██[38;2;113;113;113m██[38;2;230;241;249m██[38;2;144;200;128m██[38;2;118;174;108m██[38;2;154;196;144m██[38;2;144;200;128m██[38;2;172;213;160m██[38;2;223;223;222m██[38;2;177;177;175m██[38;2;76;74;67m██[38;2;57;57;53m██[38;2;65;65;55m██[38;2;81;80;69m██[38;2;34;36;29m██[38;2;0;0;0m    
[38;2;0;0;0m    [38;2;0;1;0m  [38;2;47;47;39m  [38;2;56;55;51m██[38;2;0;1;0m  [38;2;75;77;75m██[38;2;163;197;216m██[38;2;220;220;218m██[38;2;110;110;107m████[38;2;220;220;218m██[38;2;149;219;251m██[38;2;197;215;221m██[38;2;69;75;62m██[38;2;139;145;129m██[38;2;16;19;15m██[38;2;65;64;55m██[38;2;81;80;69m██[38;2;34;36;29m██[38;2;76;75;62m██[38;2;25;27;20m  
[38;2;0;0;0m  [38;2;19;21;16m  [38;2;33;34;28m██[38;2;56;56;47m██[38;2;38;38;35m  [38;2;0;0;0m  [38;2;24;32;34m  [38;2;196;202;206m██[38;2;102;103;95m██[38;2;75;75;67m██[38;2;75;74;67m██[38;2;164;164;163m██[38;2;160;223;252m██[38;2;218;233;239m██[38;2;124;129;115m██[38;2;90;106;85m██[38;2;0;2;0m  [38;2;0;3;0m  [38;2;61;60;51m██[38;2;0;1;0m  [38;2;0;2;0m  [38;2;0;0;0m  
[38;2;0;0;0m  [38;2;8;11;7m    [38;2;0;0;0m        [38;2;18;21;18m  [38;2;108;117;108m██[38;2;178;179;172m██[38;2;178;178;171m████[38;2;208;203;199m██[38;2;121;162;118m██[38;2;87;146;86m██[38;2;18;38;18m██[38;2;0;0;0m  [38;2;0;3;0m  [38;2;79;77;66m██[38;2;17;19;14m  [38;2;0;2;0m  [38;2;0;0;0m  
[38;2;0;0;0m              [38;2;0;3;0m  [38;2;78;80;78m  [38;2;0;2;0m  [38;2;50;84;50m██[38;2;70;103;70m██[38;2;33;65;33m  [38;2;30;31;30m  [38;2;79;80;79m██[38;2;0;1;0m  [38;2;0;0;0m    [38;2;12;14;10m  [38;2;49;49;41m██[38;2;59;61;48m  [38;2;0;0;0m  
[38;2;0;0;0m                    [38;2;40;45;41m██[38;2;163;170;166m██[38;2;0;3;0m  [38;2;0;0;0m  [38;2;8;11;8m██[38;2;0;1;0m  [38;2;0;0;0m            
[38;2;0;0;0m                [38;2;0;3;3m  [38;2;69;54;25m  [38;2;139;111;70m██[38;2;178;135;81m██[38;2;63;54;20m  [38;2;0;2;0m  [38;2;0;0;0m                
[38;2;0;0;0m              [38;2;0;3;0m  [38;2;128;108;45m██[38;2;254;205;72m██[38;2;141;108;50m  [38;2;138;109;50m  [38;2;194;163;61m██[38;2;127;115;72m██[38;2;0;3;0m  [38;2;0;0;0m              
[38;2;0;0;0m              [38;2;48;88;105m  [38;2;158;170;134m██[38;2;207;171;69m██[38;2;0;2;0m  [38;2;0;3;0m  [38;2;228;186;70m████[38;2;0;3;0m  [38;2;0;0;0m              
[38;2;0;0;0m            [38;2;4;0;0m  [38;2;102;95;112m██[38;2;112;91;102m██[38;2;169;185;217m██[38;2;55;44;51m██[38;2;95;156;190m██[38;2;158;171;134m██[38;2;196;171;83m██[38;2;180;155;67m██[38;2;0;1;0m  [38;2;0;0;0m            
[38;2;0;0;0m            [38;2;1;0;0m  [38;2;105;148;178m██[38;2;78;91;107m██[38;2;64;78;90m██[38;2;13;6;7m  [38;2;100;119;142m██[38;2;175;116;105m██[38;2;155;110;122m██[38;2;138;97;108m██[38;2;0;1;0m  [38;2;0;0;0m            
[38;2;0;0;0m              [38;2;0;2;0m  [38;2;29;42;50m  [38;2;24;44;50m  [38;2;3;0;0m  [38;2;129;139;165m██[38;2;45;35;35m  [38;2;70;130;157m  [38;2;86;155;188m██[38;2;0;1;0m  [38;2;0;0;0m            
[38;2;0;0;0m                      [38;2;23;44;50m  [38;2;0;0;0m    [38;2;23;44;50m  [38;2;0;0;0m              [0m
