
[38;2;0;0;0m              ██████████            
[38;2;0;0;0m          ████[38;2;148;132;84m██████[38;2;140;127;92m██[38;2;93;85;61m██[38;2;0;0;0m████        
[38;2;0;0;0m        [38;2;8;12;0m██[38;2;85;85;69m██[38;2;115;115;83m████[38;2;148;132;84m████████████[38;2;0;0;0m██      
[38;2;0;0;0m    ████[38;2;85;85;69m██[38;2;239;231;207m██[38;2;231;222;207m████[38;2;115;115;83m████[38;2;148;132;84m██████████[38;2;0;0;0m██    
[38;2;0;0;0m  ██[38;2;132;127;84m██[38;2;231;222;207m██████[38;2;115;115;83m██[38;2;173;165;133m████[38;2;231;222;207m██[38;2;126;121;100m████[38;2;148;131;84m██[38;2;82;74;66m██[38;2;140;132;84m██[38;2;0;0;0m██    
[38;2;0;0;0m  ██[38;2;132;127;84m██[38;2;231;222;207m████[38;2;115;115;83m██[38;2;173;165;133m████████[38;2;231;222;199m██[38;2;74;70;50m██[38;2;148;131;84m██[38;2;82;74;66m██[38;2;93;88;56m██[38;2;140;132;84m██[38;2;0;0;0m██  
[38;2;0;4;8m██[38;2;60;60;55m██[38;2;231;222;207m██[38;2;121;118;102m██[38;2;231;222;207m██[38;2;66;66;50m██[38;2;115;110;89m██[38;2;173;165;133m██[38;2;159;181;111m████[38;2;104;107;94m██[38;2;66;70;66m██[38;2;148;131;84m██[38;2;82;74;66m██[38;2;148;131;84m████[38;2;0;0;0m██  
[38;2;0;4;8m██[38;2;181;173;149m██[38;2;231;222;207m██[38;2;66;66;50m██[38;2;231;222;207m██[38;2;121;118;102m██[38;2;0;0;0m████[38;2;159;181;111m██[38;2;66;66;66m██[38;2;181;181;149m██[38;2;66;70;66m██[38;2;148;131;84m██████[38;2;82;74;66m██[38;2;0;0;0m██  
[38;2;0;0;0m  ██[38;2;77;74;69m██[38;2;231;222;207m██████[38;2;132;206;68m████[38;2;143;163;103m██[38;2;112;129;72m██[38;2;181;173;141m██[38;2;66;66;58m██[38;2;115;99;67m██[38;2;148;132;84m██[38;2;115;103;75m██[38;2;77;69;53m██[38;2;0;0;0m██  
[38;2;0;0;0m    ██[38;2;77;74;69m██[38;2;66;66;66m██[38;2;176;170;160m██[38;2;115;115;83m████[38;2;112;129;72m██[38;2;173;198;133m██[38;2;66;66;58m██[38;2;104;102;86m██[38;2;115;99;67m████[38;2;115;103;75m██[38;2;0;0;8m██[38;2;0;0;0m    
[38;2;0;0;0m      ██████[38;2;66;66;66m████[38;2;65;65;65m████[38;2;115;100;67m████[38;2;115;99;67m████[38;2;0;0;0m██      
[38;2;0;0;0m              ██[38;2;82;74;66m██████[38;2;115;100;67m██[38;2;115;99;67m██[38;2;0;0;0m██        
[38;2;0;0;0m                ██[38;2;121;110;94m██[38;2;115;99;67m████[38;2;0;0;0m██          
[38;2;0;0;0m              ██[38;2;181;165;141m██[38;2;60;55;47m██[38;2;115;99;67m██[38;2;0;0;0m██  ██████    
[38;2;0;0;0m        ████  ██[38;2;181;174;149m████[38;2;66;66;66m████[38;2;0;4;8m██[38;2;181;173;157m██[38;2;121;118;97m██[38;2;176;170;144m██[38;2;0;0;0m██  
[38;2;0;0;0m        ██[38;2;115;115;83m██[38;2;0;0;0m██[38;2;66;66;66m██[38;2;231;222;207m████[38;2;231;222;199m██[38;2;176;170;155m██[38;2;60;60;58m████[38;2;66;66;50m██[38;2;231;222;191m██[38;2;231;222;207m██[38;2;0;0;0m██
[38;2;0;0;0m          ██[38;2;115;115;83m████[38;2;77;74;69m██[38;2;231;222;207m██████[38;2;173;165;133m████[38;2;231;222;207m██████[38;2;0;0;0m██
[38;2;0;0;0m            ████████[38;2;231;222;207m████[38;2;173;165;133m██[38;2;231;222;207m████[38;2;0;0;0m████  
[38;2;0;0;0m                    ██████████      [0m
