
[38;2;0;0;0m        [38;2;49;49;49m██████[38;2;0;0;0m                                    
[38;2;0;0;0m    [38;2;49;49;49m████[38;2;230;205;172m██████[38;2;49;49;49m████[38;2;0;0;0m                                
[38;2;0;0;0m  [38;2;49;49;49m██[38;2;189;156;123m██[38;2;230;205;172m██████████[38;2;189;156;123m██[38;2;49;49;49m██[38;2;0;0;0m        [38;2;49;49;49m████[38;2;0;0;0m  [38;2;49;49;49m████[38;2;0;0;0m            
[38;2;0;0;0m  [38;2;49;49;49m██[38;2;230;205;172m████████████[38;2;189;156;123m██[38;2;255;255;255m██[38;2;49;49;49m████[38;2;0;0;0m  [38;2;49;49;49m██[38;2;230;205;172m██[38;2;49;49;49m████[38;2;230;205;172m██[38;2;49;49;49m████[38;2;0;0;0m          
[38;2;49;49;49m██[38;2;230;205;172m██████[38;2;189;156;123m██[38;2;49;49;49m██[38;2;82;82;82m██[38;2;189;156;123m██[38;2;255;255;255m██[38;2;197;205;230m██[38;2;82;82;82m██[38;2;230;205;172m██[38;2;49;49;49m██[38;2;230;205;172m██████[38;2;148;115;90m████[38;2;230;205;172m████[38;2;49;49;49m████[38;2;0;0;0m      
[38;2;49;49;49m██[38;2;189;156;123m██[38;2;230;205;172m██[38;2;189;156;123m██[38;2;49;49;49m██[38;2;0;0;0m  [38;2;49;49;49m██[38;2;82;82;82m██[38;2;255;255;255m██[38;2;82;82;82m████[38;2;189;156;123m██[38;2;82;82;82m████[38;2;148;115;90m████[38;2;230;205;172m████[38;2;148;115;90m██[38;2;230;205;172m████[38;2;189;156;123m██[38;2;49;49;49m██[38;2;0;0;0m    
[38;2;49;49;49m██[38;2;189;156;123m██████[38;2;49;49;49m████[38;2;230;205;172m██[38;2;189;156;123m██[38;2;82;82;82m██[38;2;230;205;172m████[38;2;148;115;90m██[38;2;230;205;172m██[38;2;82;82;82m██[38;2;230;205;172m██[38;2;148;115;90m████[38;2;230;205;172m████████[38;2;189;156;123m██[38;2;197;205;230m██[38;2;49;49;49m██[38;2;0;0;0m  
[38;2;0;0;0m  [38;2;49;49;49m██[38;2;189;156;123m████[38;2;82;82;82m██[38;2;230;205;172m██████████████████[38;2;82;82;82m██[38;2;230;205;172m██████████[38;2;189;156;123m██[38;2;49;49;49m██████[38;2;0;0;0m  
[38;2;0;0;0m  [38;2;49;49;49m██[38;2;189;156;123m██[38;2;123;82;57m██[38;2;246;98;106m██[38;2;189;156;123m██[38;2;230;205;172m████████████████[38;2;189;156;123m██[38;2;148;115;90m██[38;2;230;205;172m████[38;2;189;156;123m██[38;2;82;82;82m██[38;2;49;49;49m██[38;2;0;0;0m        
[38;2;0;0;0m    [38;2;49;49;49m██[38;2;123;82;57m██[38;2;255;255;255m██[38;2;148;115;90m██[38;2;230;205;172m██████[38;2;123;82;57m████[38;2;148;115;90m██[38;2;230;205;172m██████[38;2;82;82;82m██[38;2;230;205;172m████████[38;2;189;156;123m██[38;2;49;49;49m████[38;2;0;0;0m    
[38;2;0;0;0m      [38;2;49;49;49m████[38;2;123;82;57m██[38;2;189;156;123m██[38;2;230;205;172m██[38;2;148;115;90m██[38;2;246;98;106m████[38;2;123;82;57m██[38;2;148;115;90m██[38;2;230;205;172m████[38;2;82;82;82m██[38;2;148;115;90m██[38;2;230;205;172m██████████[38;2;189;156;123m██[38;2;49;49;49m██[38;2;0;0;0m  
[38;2;0;0;0m      [38;2;49;49;49m██[38;2;189;65;82m██[38;2;246;98;106m██████[38;2;123;82;57m██[38;2;49;49;49m██[38;2;255;255;255m██[38;2;189;65;82m██[38;2;148;115;90m██[38;2;230;205;172m██[38;2;189;156;123m██[38;2;49;49;49m████████[38;2;189;156;123m██[38;2;230;205;172m████[38;2;189;156;123m██[38;2;255;255;255m██[38;2;49;49;49m██
[38;2;0;0;0m        [38;2;49;49;49m██[38;2;246;98;106m██[38;2;189;65;82m██[38;2;246;98;106m██[38;2;189;156;123m██[38;2;123;82;57m████[38;2;148;115;90m██[38;2;230;205;172m██[38;2;189;156;123m██[38;2;49;49;49m██[38;2;0;0;0m        [38;2;49;49;49m████[38;2;189;156;123m██[38;2;255;255;255m██[38;2;197;205;230m██[38;2;49;49;49m██
[38;2;0;0;0m          [38;2;49;49;49m████[38;2;189;156;123m██████████[38;2;49;49;49m████[38;2;0;0;0m              [38;2;49;49;49m██[38;2;255;255;255m██[38;2;49;49;49m██[38;2;0;0;0m  
[38;2;0;0;0m              [38;2;49;49;49m██████████[38;2;0;0;0m                    [38;2;49;49;49m██[38;2;0;0;0m    [0m
