
[38;2;0;0;0m    [38;2;12;8;8m  [38;2;50;34;36m██[38;2;0;0;0m                                                
[38;2;0;0;0m    [38;2;153;97;103m██[38;2;190;122;130m██[38;2;112;76;81m  [38;2;139;98;112m  [38;2;186;131;150m████[38;2;139;99;112m  [38;2;0;0;0m  [38;2;159;109;118m██[38;2;186;131;150m██[38;2;0;0;0m                                
[38;2;0;0;0m    [38;2;126;65;71m██[38;2;124;98;104m██[38;2;248;176;200m██████████[38;2;221;153;168m██[38;2;244;171;194m██[38;2;235;157;176m██[38;2;186;131;150m██[38;2;0;0;0m                  [38;2;40;41;40m  [38;2;0;0;0m          
[38;2;0;0;0m    [38;2;3;3;3m  [38;2;189;135;153m██[38;2;248;176;200m██████[38;2;221;153;168m██[38;2;220;153;168m██[38;2;248;176;200m██[38;2;218;131;140m██[38;2;235;157;176m██[38;2;186;131;150m██[38;2;0;0;0m                  [38;2;161;167;161m██[38;2;0;0;0m          
[38;2;0;0;0m    [38;2;61;61;61m██[38;2;212;164;170m██[38;2;248;176;200m████[38;2;230;165;182m██[38;2;238;226;228m██[38;2;192;180;182m██[38;2;229;165;181m██[38;2;218;131;140m██[38;2;235;157;176m██[38;2;112;58;58m  [38;2;0;0;0m              [38;2;4;4;4m  [38;2;130;130;130m██[38;2;152;157;152m██[38;2;0;0;0m          
[38;2;0;0;0m    [38;2;43;34;25m██[38;2;167;119;84m██[38;2;176;122;92m██[38;2;229;162;172m██[38;2;211;163;169m██[38;2;248;248;248m██[38;2;201;201;201m██[38;2;212;164;170m██[38;2;244;171;194m██[38;2;96;58;63m██[38;2;0;0;0m          [38;2;121;126;121m  [38;2;0;0;0m    [38;2;166;172;166m██[38;2;111;113;111m██[38;2;99;99;99m██[38;2;31;31;31m  [38;2;0;0;0m        
[38;2;0;0;0m  [38;2;46;41;35m  [38;2;248;224;192m██████[38;2;194;156;115m██[38;2;187;153;117m██[38;2;224;211;200m██[38;2;245;241;241m██[38;2;218;164;174m██[38;2;248;176;200m██[38;2;108;77;87m██[38;2;0;0;0m          [38;2;162;168;162m██[38;2;156;161;156m██[38;2;166;172;166m██[38;2;216;224;216m██[38;2;215;224;215m██[38;2;203;209;203m██[38;2;168;168;168m██[38;2;0;0;0m        
[38;2;0;0;0m  [38;2;185;167;143m██[38;2;248;224;192m██[38;2;149;147;142m██[38;2;248;224;192m████[38;2;242;216;183m██[38;2;224;194;158m██[38;2;173;133;97m██[38;2;226;159;169m██[38;2;248;176;200m████[38;2;0;0;0m          [38;2;40;42;40m  [38;2;197;203;197m██[38;2;120;123;120m██[38;2;130;134;130m██[38;2;215;224;215m██[38;2;157;158;157m██[38;2;89;89;89m██[38;2;94;94;94m  [38;2;0;0;0m  [38;2;126;126;126m██[38;2;31;31;31m  
[38;2;0;0;0m    [38;2;129;125;119m██[38;2;202;184;160m██[38;2;213;193;167m██[38;2;248;224;192m████[38;2;243;216;184m██[38;2;193;161;135m██[38;2;170;124;80m██[38;2;248;176;200m████[38;2;186;131;150m██[38;2;0;0;0m        [38;2;162;168;162m██[38;2;216;224;216m██[38;2;206;213;206m██[38;2;187;193;187m██[38;2;101;104;101m██[38;2;118;120;118m██[38;2;168;168;168m██[38;2;94;103;112m██[38;2;136;136;136m██[38;2;94;94;94m  [38;2;0;0;0m  
[38;2;0;0;0m    [38;2;174;140;107m██[38;2;143;86;85m██[38;2;125;73;76m██[38;2;110;104;96m██[38;2;213;207;199m██[38;2;105;96;88m██[38;2;180;146;117m██[38;2;210;149;142m██[38;2;248;176;200m████[38;2;223;157;177m██[38;2;37;25;27m  [38;2;0;0;0m    [38;2;162;168;162m██[38;2;116;119;116m██[38;2;216;224;216m██[38;2;206;213;206m██[38;2;216;224;216m██[38;2;148;160;166m██[38;2;136;147;154m██[38;2;168;168;168m██[38;2;116;116;116m██[38;2;10;10;10m  [38;2;0;0;0m    
[38;2;0;0;0m  [38;2;185;131;149m██[38;2;230;162;173m██[38;2;198;153;118m██[38;2;192;108;97m██[38;2;206;124;116m██[38;2;129;111;96m██[38;2;206;163;128m██[38;2;193;135;118m██[38;2;248;176;200m██████[38;2;227;158;175m██[38;2;87;59;63m██[38;2;15;15;15m  [38;2;137;141;137m██[38;2;216;224;216m████[38;2;102;104;102m██[38;2;159;164;159m██[38;2;184;190;184m██[38;2;136;146;154m██[38;2;161;161;161m██[38;2;142;142;142m██[38;2;31;31;31m  [38;2;0;0;0m      
[38;2;46;32;37m  [38;2;232;164;187m██[38;2;213;155;174m██[38;2;195;141;147m██[38;2;210;149;143m██[38;2;170;124;80m██[38;2;183;132;100m██[38;2;224;157;164m██[38;2;248;176;200m████████[38;2;123;95;99m██[38;2;200;136;144m██[38;2;98;98;98m██[38;2;61;61;61m██[38;2;216;224;216m██████[38;2;187;193;187m██[38;2;128;128;128m██[38;2;89;89;89m██[38;2;103;103;103m██[38;2;142;142;142m██[38;2;157;157;157m██[38;2;31;31;31m  [38;2;0;0;0m    
[38;2;61;43;49m██[38;2;239;168;189m██[38;2;179;134;149m██[38;2;213;154;174m██[38;2;248;176;200m████████[38;2;179;134;149m██[38;2;213;154;174m██[38;2;248;176;200m████[38;2;97;81;84m██[38;2;200;136;144m██[38;2;165;117;123m██[38;2;196;197;196m██[38;2;216;224;216m██[38;2;199;205;194m██[38;2;118;118;104m██[38;2;118;118;105m██[38;2;239;241;239m██[38;2;215;224;215m██[38;2;163;164;165m██[38;2;150;154;158m██[38;2;168;168;168m██[38;2;91;94;97m██[38;2;31;31;31m  [38;2;0;0;0m  
[38;2;15;10;12m  [38;2;192;175;178m██[38;2;109;91;97m██[38;2;248;176;200m██████████[38;2;109;91;97m██[38;2;248;176;200m████[38;2;144;113;123m██[38;2;174;122;129m██[38;2;200;136;144m██[38;2;191;131;138m██[38;2;117;107;107m██[38;2;102;104;102m██[38;2;85;85;80m██[38;2;208;214;208m████[38;2;221;228;221m██[38;2;188;192;188m██[38;2;109;122;135m██[38;2;96;112;128m██[38;2;168;168;168m██[38;2;55;58;61m██[38;2;31;31;31m  [38;2;0;0;0m  
[38;2;0;0;0m  [38;2;37;25;26m  [38;2;166;118;124m██[38;2;170;138;87m██[38;2;234;167;166m██████[38;2;106;90;89m██[38;2;217;164;173m██[38;2;244;173;196m██[38;2;236;168;191m██[38;2;124;98;104m██[38;2;203;138;147m██[38;2;135;105;113m██[38;2;174;122;129m██[38;2;200;136;144m██[38;2;174;122;128m██[38;2;158;158;154m██[38;2;75;75;75m██[38;2;161;165;161m██[38;2;168;173;168m██[38;2;161;161;161m██[38;2;168;168;168m████[38;2;94;94;94m  [38;2;0;0;0m      
[38;2;0;0;0m  [38;2;149;101;107m██[38;2;166;118;124m██[38;2;201;183;159m██[38;2;234;204;160m██████[38;2;210;189;160m██[38;2;141;137;137m██[38;2;218;164;174m██[38;2;123;98;104m██[38;2;218;154;170m██[38;2;239;168;189m██[38;2;248;176;200m██[38;2;98;82;84m██[38;2;200;136;144m████[38;2;174;104;106m██[38;2;151;98;98m██[38;2;75;75;75m██[38;2;64;64;64m██[38;2;83;83;83m██[38;2;136;136;136m██[38;2;42;42;42m██[38;2;0;0;0m        
[38;2;0;0;0m  [38;2;112;76;80m  [38;2;200;136;144m██[38;2;98;82;84m██[38;2;208;166;104m██[38;2;234;204;160m██████[38;2;176;139;86m██[38;2;99;85;84m██[38;2;221;153;168m██[38;2;248;176;200m██████[38;2;201;147;165m██[38;2;166;118;124m██[38;2;187;127;134m██[38;2;73;61;62m██[38;2;89;89;89m████[38;2;157;157;157m██[38;2;31;31;31m  [38;2;0;0;0m            
[38;2;0;0;0m    [38;2;127;108;121m██[38;2;174;122;129m██[38;2;131;113;96m██[38;2;216;174;130m██████[38;2;210;169;134m██[38;2;116;92;82m██[38;2;248;176;200m████████[38;2;189;135;153m██[38;2;41;29;31m██[38;2;37;25;26m  [38;2;0;0;0m  [38;2;42;42;42m████[38;2;31;31;31m  [38;2;0;0;0m              
[38;2;0;0;0m  [38;2;134;142;140m██[38;2;102;104;102m██[38;2;137;102;106m██[38;2;112;76;81m  [38;2;85;58;31m  [38;2;127;89;51m██[38;2;170;124;80m██[38;2;183;138;97m██[38;2;92;82;74m██[38;2;213;155;174m██[38;2;248;176;200m████[38;2;213;155;174m██[38;2;0;0;0m                            
[38;2;0;0;0m  [38;2;13;16;19m  [38;2;54;56;54m██[38;2;13;14;13m  [38;2;0;0;0m    [38;2;13;11;9m  [38;2;56;46;38m████[38;2;14;11;9m  [38;2;39;35;36m██[38;2;110;92;97m████[38;2;152;111;117m██[38;2;0;0;0m                            
[38;2;0;0;0m                    [38;2;46;46;46m  [38;2;205;169;174m██[38;2;212;164;170m██[38;2;192;180;182m██[38;2;0;0;0m                            
[38;2;0;0;0m                      [38;2;46;46;46m  [38;2;62;62;62m██[38;2;15;15;15m  [38;2;0;0;0m                            [0m
