
[38;2;0;0;0m                          [38;2;0;1;0m  [38;2;15;12;4m  [38;2;61;52;17m██[38;2;63;62;17m████[38;2;0;0;0m              [38;2;0;1;1m  [38;2;46;42;14m  [38;2;0;1;0m  [38;2;0;0;0m        
[38;2;0;0;0m                      [38;2;0;2;0m  [38;2;47;50;47m  [38;2;182;104;96m██[38;2;197;89;68m██[38;2;253;135;77m██[38;2;255;220;71m██[38;2;111;106;31m██[38;2;0;0;0m              [38;2;0;6;6m  [38;2;127;112;45m██[38;2;141;118;51m██[38;2;0;2;0m  [38;2;0;0;0m      
[38;2;0;0;0m                [38;2;0;1;0m    [38;2;62;25;23m██[38;2;193;164;159m██[38;2;248;223;223m██[38;2;230;127;130m██████[38;2;179;75;65m██[38;2;0;0;0m                [38;2;0;3;0m  [38;2;81;80;69m██[38;2;81;81;69m██[38;2;135;123;97m██[38;2;18;16;10m  [38;2;0;0;0m    
[38;2;0;0;0m          [38;2;0;0;9m  [38;2;135;122;44m  [38;2;6;6;0m  [38;2;135;112;135m██[38;2;163;79;55m██[38;2;225;111;89m██[38;2;212;196;189m██[38;2;162;157;133m██[38;2;255;255;244m██[38;2;255;255;255m████[38;2;44;21;16m  [38;2;0;0;0m  [38;2;0;3;0m        [38;2;0;0;0m        [38;2;37;36;26m██[38;2;139;122;74m██[38;2;121;117;117m██[38;2;46;49;53m██[38;2;0;0;0m    
[38;2;0;0;0m        [38;2;13;6;5m  [38;2;71;58;38m██[38;2;198;177;76m██[38;2;153;153;190m██[38;2;122;77;69m██[38;2;210;114;94m██[38;2;225;148;147m██[38;2;163;124;92m██[38;2;162;156;120m██[38;2;213;210;203m██[38;2;215;203;204m██[38;2;140;133;132m██[38;2;100;101;100m██[38;2;63;66;63m██[38;2;240;189;180m██[38;2;222;120;80m██[38;2;235;209;85m██[38;2;202;187;61m██[38;2;0;2;0m  [38;2;0;0;0m      [38;2;0;0;3m  [38;2;50;44;31m  [38;2;158;163;204m██[38;2;26;30;33m  [38;2;0;0;0m    
[38;2;0;0;0m        [38;2;55;24;21m██[38;2;104;70;70m██[38;2;205;180;69m██[38;2;156;156;188m██[38;2;211;170;169m██[38;2;217;194;187m██[38;2;132;99;92m██[38;2;205;180;71m██[38;2;131;122;97m██[38;2;151;128;126m██[38;2;137;98;101m██[38;2;180;128;128m██[38;2;236;159;161m████[38;2;228;116;120m██[38;2;246;212;213m██[38;2;192;189;139m██[38;2;15;13;7m  [38;2;0;0;0m          [38;2;143;144;143m  [38;2;33;36;42m  [38;2;0;0;0m      
[38;2;0;0;0m      [38;2;0;3;0m  [38;2;204;127;148m██[38;2;94;94;106m██[38;2;236;203;70m██[38;2;112;101;66m██[38;2;255;255;255m██[38;2;224;222;186m██[38;2;146;131;78m██[38;2;181;155;68m██[38;2;83;70;67m██[38;2;200;88;82m██[38;2;242;104;82m██[38;2;235;124;118m██[38;2;255;255;255m████[38;2;239;239;239m██[38;2;191;192;191m██[38;2;0;2;0m  [38;2;0;0;0m          [38;2;0;1;0m  [38;2;191;192;191m██[38;2;0;2;0m  [38;2;0;0;0m      
[38;2;0;0;0m  [38;2;0;3;0m  [38;2;0;0;0m  [38;2;0;3;0m  [38;2;181;181;229m██[38;2;94;94;106m██[38;2;247;213;71m██[38;2;182;160;68m██[38;2;125;122;113m██[38;2;187;166;79m██[38;2;216;194;94m██[38;2;111;99;66m██[38;2;212;177;177m██[38;2;228;90;86m██[38;2;247;213;213m██[38;2;253;244;244m██[38;2;255;255;255m██[38;2;111;113;111m██[38;2;47;50;47m  [38;2;0;0;0m              [38;2;0;1;0m  [38;2;191;192;191m██[38;2;143;144;143m  [38;2;0;3;0m  [38;2;0;0;0m    
[38;2;0;0;0m  [38;2;106;90;43m  [38;2;49;43;18m██[38;2;61;59;53m██[38;2;135;134;157m██[38;2;168;150;71m██[38;2;71;81;104m██[38;2;64;71;91m██[38;2;182;157;74m██[38;2;235;202;70m██[38;2;168;140;63m██[38;2;215;212;184m██[38;2;255;255;255m██[38;2;222;221;220m██[38;2;211;210;209m██[38;2;145;138;102m██[38;2;109;101;65m██[38;2;15;14;4m  [38;2;0;0;0m                  [38;2;0;2;0m  [38;2;191;192;191m██[38;2;174;174;196m██[38;2;31;34;32m  [38;2;0;0;0m  
[38;2;0;0;0m  [38;2;37;38;28m  [38;2;122;106;55m██[38;2;168;141;68m██[38;2;142;121;67m██[38;2;69;82;119m██[38;2;75;103;174m██[38;2;67;103;177m██[38;2;77;82;96m██[38;2;99;94;72m██[38;2;217;187;85m██[38;2;141;135;102m██[38;2;125;125;113m██[38;2;185;166;81m██[38;2;205;180;71m██[38;2;236;205;71m██[38;2;123;112;71m██[38;2;76;73;57m██[38;2;0;3;0m    [38;2;0;0;0m                  [38;2;47;52;56m  [38;2;201;202;209m██[38;2;26;28;33m  
[38;2;33;36;42m  [38;2;167;169;212m██[38;2;149;152;185m██[38;2;136;118;67m██[38;2;101;114;159m██[38;2;88;118;181m██[38;2;87;119;186m██[38;2;65;76;130m██[38;2;88;144;198m██[38;2;80;134;186m██[38;2;114;99;67m██[38;2;243;210;70m██[38;2;243;214;71m██[38;2;215;188;71m██[38;2;185;166;81m██[38;2;125;125;113m██[38;2;157;157;148m██[38;2;255;255;255m██[38;2;211;211;208m██[38;2;196;196;196m██[38;2;45;48;57m████[38;2;33;36;42m  [38;2;0;1;0m  [38;2;0;0;0m            [38;2;63;66;63m████
[38;2;0;0;0m  [38;2;37;38;46m  [38;2;141;146;173m██[38;2;88;89;94m██[38;2;206;212;231m██[38;2;167;181;216m██[38;2;167;180;208m██[38;2;74;132;196m██[38;2;112;193;247m██[38;2;86;120;139m██[38;2;184;173;115m██[38;2;243;210;70m██[38;2;202;170;69m██[38;2;209;200;174m██[38;2;222;222;220m██[38;2;255;255;255m██████[38;2;211;211;208m██[38;2;196;196;196m██[38;2;94;94;106m██[38;2;143;143;161m██[38;2;167;167;183m██[38;2;191;192;191m██[38;2;46;46;46m  [38;2;0;2;0m  [38;2;0;0;0m      [38;2;0;4;9m  [38;2;159;161;162m██[38;2;63;66;63m██
[38;2;0;0;0m  [38;2;101;107;133m  [38;2;152;156;194m██[38;2;180;193;205m██[38;2;244;248;252m██[38;2;213;234;251m██[38;2;95;116;179m██[38;2;58;65;113m██[38;2;113;113;113m██[38;2;219;219;188m██[38;2;129;124;109m██[38;2;125;123;117m██[38;2;255;255;255m████[38;2;168;168;198m████[38;2;183;183;208m██[38;2;247;247;250m██[38;2;211;211;207m████[38;2;207;207;207m██[38;2;131;131;140m██[38;2;250;250;255m██[38;2;255;255;255m██[38;2;205;205;206m██[38;2;133;132;162m██[38;2;33;36;41m  [38;2;0;1;0m  [38;2;15;16;17m  [38;2;158;161;162m██[38;2;143;144;143m  [38;2;0;0;0m  
[38;2;0;0;0m    [38;2;50;52;59m██[38;2;115;152;193m██[38;2;90;131;199m██[38;2;175;205;238m██[38;2;242;244;249m██[38;2;205;212;233m██[38;2;240;241;250m██[38;2;203;185;145m██[38;2;182;163;114m██[38;2;113;113;113m██[38;2;148;148;148m██[38;2;255;255;255m████[38;2;190;190;212m██[38;2;183;183;208m██[38;2;247;247;250m██[38;2;211;211;207m████[38;2;69;68;66m██[38;2;104;104;102m██[38;2;255;255;255m████[38;2;186;186;192m██[38;2;100;98;107m██[38;2;72;70;84m██[38;2;135;136;171m██[38;2;139;139;147m██[38;2;94;96;96m██[38;2;0;0;0m    
[38;2;0;0;0m  [38;2;0;2;0m  [38;2;146;122;55m██[38;2;113;100;67m██[38;2;159;159;198m██[38;2;178;181;226m██[38;2;177;177;209m██[38;2;116;108;91m██[38;2;80;79;68m██[38;2;92;86;67m██[38;2;159;135;68m██[38;2;190;162;69m██[38;2;179;158;68m██[38;2;111;103;67m██[38;2;135;129;102m██[38;2;207;207;207m██████[38;2;176;176;179m██[38;2;70;70;73m██[38;2;70;69;66m██[38;2;69;69;66m██[38;2;255;255;255m██[38;2;168;168;198m██[38;2;233;233;240m██[38;2;63;66;63m██[38;2;0;0;0m  [38;2;0;3;0m    [38;2;0;0;0m      
[38;2;0;0;0m    [38;2;4;5;4m  [38;2;146;122;55m██[38;2;151;105;82m██[38;2;94;94;106m██[38;2;174;174;217m██[38;2;103;101;106m██[38;2;163;138;68m██[38;2;184;153;68m██[38;2;93;84;92m██[38;2;136;105;88m██[38;2;123;96;61m██[38;2;114;101;65m██[38;2;217;195;115m██[38;2;201;177;69m██[38;2;93;91;94m██[38;2;152;152;181m██[38;2;133;133;167m██[38;2;155;155;195m██[38;2;67;66;66m██[38;2;173;173;172m██[38;2;255;255;255m██[38;2;168;168;198m██[38;2;233;233;240m██[38;2;165;166;192m██[38;2;0;2;0m  [38;2;0;0;0m          
[38;2;0;0;0m    [38;2;35;32;12m██[38;2;35;31;12m  [38;2;89;66;57m██[38;2;187;164;191m██[38;2;108;109;126m██[38;2;173;173;218m██[38;2;111;105;97m██[38;2;163;137;65m██[38;2;162;135;77m██[38;2;123;95;101m██[38;2;183;120;132m██[38;2;216;165;143m██[38;2;113;113;113m████[38;2;216;215;221m██[38;2;142;141;171m██[38;2;145;145;179m██[38;2;171;172;219m██[38;2;37;38;37m    [38;2;241;241;250m██[38;2;175;176;207m██[38;2;164;164;200m██[38;2;165;165;212m██[38;2;33;36;42m  [38;2;0;0;0m          
[38;2;0;0;0m    [38;2;0;1;0m  [38;2;0;0;0m  [38;2;13;6;5m  [38;2;147;141;174m██[38;2;149;152;185m██[38;2;152;152;188m██[38;2;173;173;218m██[38;2;169;163;167m██[38;2;97;89;68m██[38;2;144;124;67m██[38;2;149;81;71m██[38;2;233;97;84m██[38;2;241;164;160m██[38;2;255;255;255m████[38;2;215;214;219m██[38;2;110;108;123m██[38;2;178;181;226m██[38;2;0;2;0m  [38;2;0;3;0m  [38;2;116;119;144m██[38;2;181;185;230m██[38;2;152;152;188m██[38;2;150;150;189m██[38;2;134;135;171m██[38;2;0;0;0m          
[38;2;0;0;0m          [38;2;0;2;0m  [38;2;34;36;41m  [38;2;83;81;96m██[38;2;191;194;233m██[38;2;93;94;106m██[38;2;159;159;198m██[38;2;116;116;137m██[38;2;94;94;106m████[38;2;156;145;178m██[38;2;128;92;111m██[38;2;230;93;86m██[38;2;222;103;83m██[38;2;209;175;64m██[38;2;46;44;34m██[38;2;0;0;0m    [38;2;12;14;13m  [38;2;83;81;96m██[38;2;106;106;123m██[38;2;171;171;215m██[38;2;101;103;128m  [38;2;0;0;0m          
[38;2;0;0;0m              [38;2;12;14;13m  [38;2;202;203;205m██[38;2;125;126;155m██[38;2;137;137;167m██[38;2;159;159;198m██[38;2;172;172;219m██[38;2;173;173;219m██[38;2;12;14;12m  [38;2;2;0;0m  [38;2;76;43;32m██[38;2;109;90;67m██[38;2;109;106;67m██[38;2;127;126;118m██[38;2;143;144;143m  [38;2;0;0;0m    [38;2;34;36;41m  [38;2;209;106;120m██[38;2;160;125;137m██[38;2;8;0;0m  [38;2;0;0;0m          
[38;2;0;0;0m                [38;2;0;2;0m  [38;2;1;2;0m  [38;2;181;168;210m██[38;2;104;107;123m██[38;2;157;157;199m██[38;2;44;47;56m██[38;2;0;0;0m      [38;2;143;144;143m  [38;2;228;228;233m██[38;2;224;224;233m██[38;2;191;192;191m██[38;2;0;0;0m    [38;2;14;16;12m  [38;2;207;207;207m██[38;2;241;234;232m██[38;2;8;0;0m  [38;2;0;0;0m          
[38;2;0;0;0m                  [38;2;6;0;0m  [38;2;177;118;138m██[38;2;200;107;118m██[38;2;62;59;69m██[38;2;12;12;13m  [38;2;0;0;0m      [38;2;0;3;0m  [38;2;247;247;250m████[38;2;47;50;47m  [38;2;0;0;0m  [38;2;14;16;12m  [38;2;72;69;64m██[38;2;77;76;68m██[38;2;111;114;109m██[38;2;0;0;0m            
[38;2;0;0;0m              [38;2;35;31;12m  [38;2;24;26;16m██[38;2;126;125;147m██[38;2;173;173;217m██[38;2;76;74;87m██[38;2;0;2;0m  [38;2;0;0;0m        [38;2;75;48;46m  [38;2;197;156;146m██[38;2;255;150;123m██[38;2;0;2;0m  [38;2;0;0;0m  [38;2;44;42;15m  [38;2;89;82;34m██[38;2;149;135;52m██[38;2;153;135;46m██[38;2;0;2;0m  [38;2;0;0;0m          
[38;2;0;0;0m            [38;2;0;1;0m  [38;2;141;118;51m██[38;2;99;81;42m██[38;2;103;91;70m██[38;2;95;92;99m██[38;2;20;21;17m██[38;2;0;0;0m        [38;2;15;16;21m  [38;2;104;101;91m██[38;2;119;116;108m██[38;2;221;220;185m██[38;2;37;37;37m  [38;2;0;0;0m    [38;2;0;1;2m    [38;2;0;1;0m  [38;2;0;0;0m            
[38;2;0;0;0m              [38;2;0;2;0m  [38;2;0;6;6m  [38;2;0;3;1m  [38;2;0;3;0m  [38;2;0;0;0m        [38;2;0;3;0m  [38;2;200;179;74m██[38;2;205;179;65m██[38;2;109;103;76m██[38;2;108;103;66m██[38;2;0;2;0m  [38;2;0;0;0m                      
[38;2;0;0;0m                                [38;2;51;50;22m████[38;2;30;33;16m████[38;2;0;0;0m                        [0m
