
[38;2;0;0;0m          [38;2;49;49;49m████[38;2;0;0;0m                        
[38;2;0;0;0m        [38;2;49;49;49m██[38;2;98;139;205m████[38;2;49;49;49m██████[38;2;0;0;0m                  
[38;2;0;0;0m    [38;2;49;49;49m████[38;2;65;106;164m████[38;2;139;172;246m████████[38;2;49;49;49m██████[38;2;0;0;0m            
[38;2;0;0;0m  [38;2;49;49;49m██[38;2;255;255;255m██[38;2;82;82;82m██[38;2;139;172;246m██████████[38;2;65;106;164m██[38;2;139;172;246m████[38;2;82;82;82m██[38;2;49;49;49m██[38;2;0;0;0m          
[38;2;0;0;0m  [38;2;49;49;49m██[38;2;82;82;82m██[38;2;139;172;246m██████████████████[38;2;82;82;82m██[38;2;139;172;246m██[38;2;49;49;49m██[38;2;0;0;0m        
[38;2;49;49;49m██[38;2;139;172;246m██[38;2;98;139;205m██[38;2;139;172;246m██████[38;2;255;255;255m██[38;2;82;82;82m██[38;2;139;172;246m██████[38;2;65;106;164m██[38;2;139;172;246m████[38;2;49;49;49m██[38;2;0;0;0m        
[38;2;49;49;49m██[38;2;82;82;82m██[38;2;139;172;246m████[38;2;123;123;123m██[38;2;139;172;246m██[38;2;82;82;82m██[38;2;49;49;49m██[38;2;139;172;246m████████[38;2;255;255;255m██[38;2;139;172;246m████[38;2;49;49;49m██[38;2;0;0;0m      
[38;2;49;49;49m██[38;2;222;222;222m██[38;2;82;82;82m████[38;2;139;172;246m████████[38;2;82;82;82m██[38;2;139;172;246m██████[38;2;255;255;255m████[38;2;139;172;246m██[38;2;49;49;49m██[38;2;0;0;0m      
[38;2;49;49;49m██[38;2;222;222;222m██[38;2;82;82;82m██[38;2;255;230;172m██[38;2;82;82;82m██[38;2;123;123;123m██[38;2;82;82;82m████[38;2;255;230;172m██[38;2;98;139;205m██[38;2;139;172;246m██████[38;2;255;255;255m██[38;2;98;139;205m██[38;2;49;49;49m██████[38;2;0;0;0m  
[38;2;0;0;0m  [38;2;49;49;49m██[38;2;255;230;172m████[38;2;82;82;82m██[38;2;255;255;255m██[38;2;82;82;82m██[38;2;255;230;172m██████[38;2;98;139;205m██[38;2;139;172;246m████[38;2;98;139;205m████[38;2;82;82;82m██[38;2;98;139;205m████[38;2;49;49;49m██
[38;2;0;0;0m    [38;2;49;49;49m██[38;2;255;230;172m████[38;2;82;82;82m██[38;2;255;230;172m████████[38;2;65;106;164m██[38;2;98;139;205m██[38;2;222;222;222m██[38;2;98;139;205m████[38;2;82;82;82m██[38;2;98;139;205m████[38;2;49;49;49m██
[38;2;0;0;0m  [38;2;49;49;49m██[38;2;82;82;82m██[38;2;222;197;123m██[38;2;255;230;172m██████████[38;2;222;197;123m████[38;2;65;106;164m██[38;2;98;139;205m████[38;2;82;82;82m██[38;2;98;139;205m████[38;2;49;49;49m██[38;2;0;0;0m  
[38;2;0;0;0m  [38;2;49;49;49m██[38;2;180;148;98m██[38;2;82;82;82m██[38;2;222;197;123m██[38;2;255;230;172m████[38;2;222;197;123m██████[38;2;82;82;82m██[38;2;65;106;164m██[38;2;98;139;205m██[38;2;222;222;222m██[38;2;82;82;82m██[38;2;49;49;49m████[38;2;0;0;0m    
[38;2;0;0;0m    [38;2;49;49;49m████████[38;2;222;197;123m██[38;2;82;82;82m██[38;2;222;197;123m████[38;2;255;230;172m██[38;2;82;82;82m██[38;2;98;139;205m██[38;2;49;49;49m████[38;2;0;0;0m        
[38;2;0;0;0m            [38;2;49;49;49m██████[38;2;255;230;172m██████[38;2;49;49;49m██[38;2;0;0;0m            
[38;2;0;0;0m                  [38;2;49;49;49m██████[38;2;0;0;0m              [0m
