
[38;2;0;0;0m            ████  ██          
[38;2;0;0;0m          ██[38;2;239;132;159m████[38;2;0;0;0m██[38;2;239;132;159m██[38;2;0;0;0m██        
[38;2;0;0;0m        ██[38;2;239;132;159m██████████[38;2;0;0;0m██        
[38;2;0;0;0m        [38;2;8;0;0m██[38;2;255;127;159m██[38;2;239;132;159m████[38;2;247;111;135m██[38;2;0;0;0m██          
[38;2;0;0;0m        [38;2;8;0;0m██[38;2;173;85;106m██[38;2;239;132;159m████[38;2;165;74;90m██[38;2;0;0;0m████        
[38;2;0;0;0m      ██[38;2;231;99;135m██[38;2;225;137;161m██[38;2;222;99;134m████[38;2;239;132;159m████[38;2;167;88;106m██[38;2;8;0;0m██[38;2;0;0;0m      
[38;2;0;0;0m    ██[38;2;222;99;134m██[38;2;214;214;214m████████[38;2;239;132;159m████[38;2;247;132;159m████[38;2;0;0;0m██    
[38;2;0;0;0m    ██[38;2;214;214;214m██[38;2;214;217;214m████[38;2;222;186;193m████[38;2;214;214;214m██[38;2;239;132;159m██[38;2;175;82;106m██[38;2;16;0;0m██[38;2;0;0;0m      
[38;2;0;0;0m  ██[38;2;214;214;214m████[38;2;214;217;214m████[38;2;247;255;255m██[38;2;173;49;69m██[38;2;214;214;214m██[38;2;239;132;159m██[38;2;255;123;159m██[38;2;175;82;106m██[38;2;0;0;0m██    
[38;2;0;0;0m██[38;2;214;214;214m██████[38;2;198;214;206m██[38;2;247;123;143m██[38;2;85;37;40m██[38;2;255;70;87m██[38;2;66;66;66m████[38;2;239;132;159m████[38;2;0;0;0m██████
[38;2;0;0;0m██[38;2;214;214;214m████[38;2;189;173;173m██[38;2;214;184;185m██[38;2;247;123;143m██[38;2;0;20;16m██[38;2;255;70;87m██[38;2;66;66;66m██[38;2;222;99;134m██[38;2;239;132;159m██[38;2;222;99;134m██[38;2;239;132;159m████[38;2;0;0;0m██
[38;2;0;0;0m  ████[38;2;189;173;173m██[38;2;189;176;173m████[38;2;162;101;111m██[38;2;123;45;59m██[38;2;214;214;214m██[38;2;209;118;139m██[38;2;231;111;143m████[38;2;239;132;159m████[38;2;0;0;0m██
[38;2;0;0;0m      ██[38;2;189;176;173m████[38;2;200;158;163m██[38;2;239;214;215m██[38;2;206;70;102m████[38;2;66;66;66m██[38;2;231;111;143m██[38;2;239;132;159m██[38;2;0;0;0m██  
[38;2;0;0;0m        ████[38;2;82;61;58m██[38;2;153;83;135m██[38;2;74;44;66m██[38;2;222;107;166m██[38;2;0;0;0m██████    
[38;2;0;0;0m          ██[38;2;153;83;135m██[38;2;189;94;173m██[38;2;148;75;116m██[38;2;0;12;16m██[38;2;0;0;0m          
[38;2;0;0;0m            ██████            [0m
