
[38;2;0;0;0m                        [38;2;32;32;32m████████[38;2;0;0;0m                        
[38;2;0;0;0m                  [38;2;32;32;32m██████[38;2;57;65;57m██[38;2;82;90;82m████[38;2;57;65;57m██[38;2;32;32;32m██████[38;2;0;0;0m                  
[38;2;0;0;0m            [38;2;32;32;32m██████[38;2;41;205;255m██████[38;2;57;65;57m████████[38;2;41;205;255m██████[38;2;32;32;32m██████[38;2;0;0;0m            
[38;2;0;0;0m      [38;2;32;32;32m██████[38;2;41;205;255m██████[38;2;148;156;164m██████[38;2;172;180;189m████[38;2;148;156;164m██[38;2;115;123;115m████[38;2;148;156;164m████[38;2;41;205;255m██████[38;2;32;32;32m██████[38;2;0;0;0m      
[38;2;0;0;0m    [38;2;32;32;32m██[38;2;82;90;82m████████[38;2;106;106;106m██[38;2;148;156;164m██[38;2;172;180;189m████[38;2;148;156;164m████████████[38;2;172;180;189m████[38;2;148;156;164m██[38;2;106;106;106m██[38;2;82;90;82m██[38;2;57;65;57m██████[38;2;32;32;32m██[38;2;0;0;0m    
[38;2;0;0;0m    [38;2;32;32;32m██[38;2;123;123;123m████[38;2;82;90;82m██[38;2;41;205;255m██████[38;2;148;156;164m████[38;2;115;123;115m████[38;2;148;156;164m██[38;2;172;180;189m████[38;2;115;123;115m████[38;2;148;156;164m██[38;2;41;205;255m██████[38;2;57;65;57m██[38;2;82;90;82m████[38;2;32;32;32m██[38;2;0;0;0m    
[38;2;0;0;0m    [38;2;32;32;32m██[38;2;123;123;123m████[38;2;82;90;82m██[38;2;148;156;164m██████[38;2;41;205;255m██████[38;2;106;106;106m██[38;2;82;90;82m████[38;2;106;106;106m██[38;2;41;205;255m██████[38;2;57;65;57m████████[38;2;82;90;82m████[38;2;32;32;32m██[38;2;0;0;0m    
[38;2;0;0;0m      [38;2;32;32;32m██[38;2;57;65;57m████[38;2;148;156;164m██████████[38;2;82;90;82m██████[38;2;57;65;57m██████████[38;2;82;90;82m██████[38;2;57;65;57m████[38;2;32;32;32m██[38;2;0;0;0m      
[38;2;0;0;0m        [38;2;32;32;32m██[38;2;148;156;164m██[38;2;57;65;57m████[38;2;82;90;82m██[38;2;148;156;164m████[38;2;82;90;82m██[38;2;123;123;123m████[38;2;82;90;82m████[38;2;57;65;57m██[38;2;82;90;82m████[38;2;57;65;57m██████[38;2;106;106;106m██[38;2;32;32;32m██[38;2;0;0;0m        
[38;2;0;0;0m        [38;2;32;32;32m██[38;2;106;106;106m████[38;2;172;180;189m██[38;2;148;156;164m██[38;2;57;65;57m██████[38;2;123;123;123m████[38;2;82;90;82m████[38;2;57;65;57m██████[38;2;106;106;106m████[38;2;57;65;57m████[38;2;32;32;32m██[38;2;0;0;0m        
[38;2;0;0;0m        [38;2;32;32;32m██[38;2;41;205;255m██[38;2;148;156;164m██[38;2;106;106;106m██████[38;2;148;156;164m████[38;2;57;65;57m████████[38;2;106;106;106m████[38;2;82;90;82m██[38;2;57;65;57m████[38;2;82;90;82m██[38;2;106;106;106m██[38;2;32;32;32m██[38;2;0;0;0m        
[38;2;0;0;0m        [38;2;32;32;32m██[38;2;41;205;255m██[38;2;148;156;164m██[38;2;172;180;189m██[38;2;148;156;164m████[38;2;106;106;106m██████[38;2;82;90;82m██[38;2;16;139;222m██[38;2;82;90;82m██[38;2;57;65;57m████[38;2;32;32;32m████[38;2;106;106;106m██[38;2;82;90;82m██[38;2;106;106;106m██[38;2;32;32;32m██[38;2;0;0;0m        
[38;2;0;0;0m        [38;2;32;32;32m██[38;2;106;106;106m████[38;2;172;180;189m██[38;2;148;156;164m████[38;2;172;180;189m██[38;2;148;156;164m████[38;2;106;106;106m██[38;2;82;90;82m██[38;2;41;205;255m██[38;2;32;32;32m████[38;2;16;139;222m██[38;2;32;32;32m██[38;2;106;106;106m██[38;2;57;65;57m████[38;2;32;32;32m██[38;2;0;0;0m        
[38;2;0;0;0m        [38;2;32;32;32m██[38;2;41;205;255m██[38;2;148;156;164m██[38;2;106;106;106m██████[38;2;172;180;189m██[38;2;148;156;164m████[38;2;106;106;106m██[38;2;82;90;82m██[38;2;41;205;255m██[38;2;32;32;32m██████[38;2;57;65;57m████[38;2;82;90;82m██[38;2;106;106;106m██[38;2;32;32;32m██[38;2;0;0;0m        
[38;2;0;0;0m      [38;2;32;32;32m██[38;2;106;106;106m██[38;2;41;205;255m██[38;2;148;156;164m██[38;2;172;180;189m██[38;2;148;156;164m████[38;2;106;106;106m██████[38;2;82;90;82m██[38;2;16;139;222m██[38;2;82;90;82m██[38;2;57;65;57m████[38;2;82;90;82m██[38;2;106;106;106m████[38;2;82;90;82m██[38;2;106;106;106m██[38;2;82;90;82m██[38;2;32;32;32m██[38;2;0;0;0m      
[38;2;0;0;0m      [38;2;32;32;32m██[38;2;148;156;164m██[38;2;106;106;106m████[38;2;172;180;189m██[38;2;148;156;164m████[38;2;172;180;189m██[38;2;148;156;164m████[38;2;106;106;106m██[38;2;16;139;222m██[38;2;82;90;82m██[38;2;106;106;106m████[38;2;82;90;82m██[38;2;106;106;106m████[38;2;57;65;57m████[38;2;82;90;82m██[38;2;32;32;32m██[38;2;0;0;0m      
[38;2;0;0;0m      [38;2;32;32;32m██[38;2;41;205;255m██[38;2;172;180;189m██[38;2;148;156;164m██[38;2;57;65;57m██[38;2;32;32;32m██[38;2;106;106;106m██[38;2;172;180;189m██[38;2;148;156;164m████[38;2;106;106;106m██[38;2;82;90;82m██[38;2;41;205;255m██[38;2;82;90;82m██[38;2;106;106;106m██[38;2;57;65;57m██████[38;2;82;90;82m██[38;2;106;106;106m██[38;2;82;90;82m██[38;2;32;32;32m██[38;2;0;0;0m      
[38;2;0;0;0m    [38;2;32;32;32m████[38;2;41;205;255m██[38;2;172;180;189m██[38;2;148;156;164m██[38;2;57;65;57m██[38;2;32;32;32m██[38;2;41;205;255m██[38;2;32;32;32m██[38;2;106;106;106m████[38;2;82;90;82m████[38;2;41;205;255m██[38;2;82;90;82m██[38;2;57;65;57m██[38;2;82;90;82m██[38;2;106;106;106m████[38;2;82;90;82m██[38;2;106;106;106m██[38;2;57;65;57m██[38;2;32;32;32m████[38;2;0;0;0m    
[38;2;0;0;0m  [38;2;32;32;32m██[38;2;123;123;123m████[38;2;82;90;82m██[38;2;106;106;106m████[38;2;172;180;189m██[38;2;57;65;57m██[38;2;32;32;32m████[38;2;148;156;164m████[38;2;106;106;106m██[38;2;16;139;222m██[38;2;82;90;82m██[38;2;106;106;106m████[38;2;82;90;82m██[38;2;106;106;106m████[38;2;57;65;57m████[38;2;82;90;82m██[38;2;57;65;57m██[38;2;82;90;82m██[38;2;32;32;32m██[38;2;0;0;0m  
[38;2;0;0;0m  [38;2;32;32;32m██[38;2;123;123;123m████[38;2;82;90;82m██[38;2;148;156;164m████[38;2;106;106;106m██████[38;2;172;180;189m██[38;2;148;156;164m████[38;2;106;106;106m██[38;2;16;139;222m██[38;2;82;90;82m██[38;2;106;106;106m████[38;2;57;65;57m██████[38;2;82;90;82m██[38;2;106;106;106m██[38;2;82;90;82m██[38;2;57;65;57m██[38;2;82;90;82m██[38;2;32;32;32m██[38;2;0;0;0m  
[38;2;0;0;0m  [38;2;32;32;32m██[38;2;57;65;57m████[38;2;32;32;32m████[38;2;148;156;164m██[38;2;172;180;189m██[38;2;148;156;164m████[38;2;106;106;106m██████[38;2;82;90;82m████[38;2;41;205;255m██[38;2;57;65;57m████[38;2;82;90;82m██[38;2;106;106;106m████[38;2;82;90;82m██[38;2;32;32;32m████[38;2;57;65;57m████[38;2;82;90;82m██[38;2;32;32;32m██
[38;2;32;32;32m██[38;2;57;65;57m████[38;2;24;156;246m██[38;2;32;32;32m██[38;2;0;0;0m  [38;2;32;32;32m██████[38;2;148;156;164m██[38;2;172;180;189m██[38;2;148;156;164m████[38;2;106;106;106m██[38;2;82;90;82m██[38;2;41;205;255m██[38;2;106;106;106m████[38;2;82;90;82m██[38;2;32;32;32m██████[38;2;0;0;0m  [38;2;32;32;32m██[38;2;57;65;57m██[38;2;24;156;246m██[38;2;82;90;82m██[38;2;32;32;32m██
[38;2;32;32;32m██[38;2;82;90;82m████[38;2;32;32;32m██[38;2;0;0;0m          [38;2;32;32;32m██████[38;2;148;156;164m██[38;2;106;106;106m██[38;2;57;65;57m██████[38;2;82;90;82m██[38;2;32;32;32m██[38;2;0;0;0m          [38;2;32;32;32m██[38;2;57;65;57m████[38;2;32;32;32m██
[38;2;32;32;32m██[38;2;82;90;82m██[38;2;24;156;246m██[38;2;57;65;57m██[38;2;32;32;32m██[38;2;0;0;0m              [38;2;32;32;32m██[38;2;57;65;57m██[38;2;123;123;123m████[38;2;82;90;82m██[38;2;32;32;32m██[38;2;0;0;0m          [38;2;32;32;32m██[38;2;82;90;82m████[38;2;32;32;32m██[38;2;0;0;0m  
[38;2;0;0;0m  [38;2;32;32;32m██[38;2;57;65;57m████[38;2;32;32;32m██[38;2;0;0;0m                [38;2;32;32;32m██[38;2;123;123;123m████[38;2;82;90;82m██[38;2;32;32;32m██[38;2;0;0;0m          [38;2;32;32;32m██[38;2;24;156;246m██[38;2;57;65;57m██[38;2;32;32;32m██[38;2;0;0;0m  
[38;2;0;0;0m    [38;2;32;32;32m████[38;2;0;0;0m                    [38;2;32;32;32m██[38;2;57;65;57m████[38;2;82;90;82m██[38;2;32;32;32m██[38;2;0;0;0m          [38;2;32;32;32m████[38;2;0;0;0m    
[38;2;0;0;0m                            [38;2;32;32;32m██[38;2;57;65;57m██[38;2;82;90;82m████[38;2;32;32;32m██[38;2;0;0;0m                  
[38;2;0;0;0m                          [38;2;32;32;32m██[38;2;123;123;123m████[38;2;82;90;82m██[38;2;32;32;32m██[38;2;0;0;0m                    
[38;2;0;0;0m                          [38;2;32;32;32m██[38;2;123;123;123m████[38;2;82;90;82m██[38;2;32;32;32m██[38;2;0;0;0m                    [0m
