
[38;2;0;0;0m            [38;2;49;49;49m████[38;2;0;0;0m                              
[38;2;0;0;0m        [38;2;49;49;49m████[38;2;98;90;82m████[38;2;49;49;49m██[38;2;0;0;0m                            
[38;2;0;0;0m      [38;2;49;49;49m██[38;2;98;90;82m████████[38;2;49;49;49m██[38;2;0;0;0m                            
[38;2;0;0;0m    [38;2;49;49;49m██[38;2;213;98;65m████[38;2;156;90;74m██[38;2;98;90;82m██████[38;2;49;49;49m██[38;2;0;0;0m                          
[38;2;0;0;0m  [38;2;49;49;49m██[38;2;213;98;65m████[38;2;156;90;74m██[38;2;98;90;82m████████[38;2;49;49;49m██[38;2;0;0;0m  [38;2;49;49;49m████[38;2;0;0;0m                    
[38;2;0;0;0m  [38;2;49;49;49m██[38;2;213;98;65m██████[38;2;82;82;82m██████[38;2;98;90;82m██[38;2;49;49;49m████[38;2;148;131;115m██[38;2;49;49;49m██[38;2;0;0;0m            [38;2;49;49;49m████[38;2;0;0;0m    
[38;2;49;49;49m██[38;2;213;98;65m████[38;2;82;82;82m████[38;2;255;255;255m████[38;2;148;131;115m██[38;2;82;82;82m████[38;2;148;131;115m██[38;2;123;106;90m██[38;2;49;49;49m██[38;2;0;0;0m      [38;2;49;49;49m██████[38;2;98;90;82m██[38;2;49;49;49m██[38;2;0;0;0m    
[38;2;49;49;49m██[38;2;213;98;65m██[38;2;82;82;82m██[38;2;255;255;255m██████[38;2;172;164;156m██[38;2;148;131;115m██████[38;2;123;106;90m██[38;2;49;49;49m██[38;2;0;0;0m    [38;2;49;49;49m████[38;2;98;90;82m██[38;2;82;82;82m██[38;2;98;90;82m████[38;2;49;49;49m████[38;2;0;0;0m  
[38;2;49;49;49m████[38;2;148;131;115m████[38;2;255;255;255m██[38;2;172;164;156m██[38;2;148;131;115m████[38;2;123;106;90m████[38;2;213;213;213m██[38;2;49;49;49m██[38;2;0;0;0m  [38;2;49;49;49m██[38;2;98;90;82m██[38;2;82;82;82m██[38;2;98;90;82m██[38;2;82;82;82m██[38;2;98;90;82m██[38;2;82;82;82m██[38;2;98;90;82m██[38;2;49;49;49m██[38;2;0;0;0m  
[38;2;0;0;0m    [38;2;49;49;49m██[38;2;172;164;156m██[38;2;148;131;115m████[38;2;49;49;49m██[38;2;123;106;90m██[38;2;213;213;213m████[38;2;98;90;82m██[38;2;49;49;49m██[38;2;0;0;0m  [38;2;49;49;49m██[38;2;98;90;82m██[38;2;82;82;82m████[38;2;123;106;90m██[38;2;82;82;82m██[38;2;98;90;82m████[38;2;49;49;49m██[38;2;0;0;0m  
[38;2;0;0;0m    [38;2;49;49;49m██[38;2;197;123;49m██[38;2;246;172;49m██[38;2;255;255;255m██[38;2;213;98;65m██[38;2;255;255;255m██[38;2;172;164;156m██[38;2;98;90;82m██████[38;2;49;49;49m████[38;2;82;82;82m██[38;2;123;106;90m██[38;2;82;82;82m██[38;2;123;106;90m██[38;2;82;82;82m██[38;2;98;90;82m██[38;2;82;82;82m██[38;2;98;90;82m██[38;2;49;49;49m██
[38;2;0;0;0m  [38;2;49;49;49m██[38;2;82;82;82m██[38;2;246;172;49m██████[38;2;172;164;156m████[38;2;255;255;255m██[38;2;98;90;82m████████[38;2;82;82;82m██████[38;2;123;106;90m██[38;2;82;82;82m██[38;2;123;106;90m██[38;2;82;82;82m██[38;2;98;90;82m████[38;2;49;49;49m██
[38;2;49;49;49m██[38;2;82;82;82m██████[38;2;197;123;49m████[38;2;255;255;255m████[38;2;98;90;82m████████[38;2;82;82;82m██[38;2;148;131;115m████[38;2;82;82;82m██[38;2;123;106;90m██[38;2;82;82;82m████[38;2;123;106;90m██[38;2;98;90;82m██[38;2;49;49;49m██[38;2;0;0;0m  
[38;2;0;0;0m  [38;2;49;49;49m████[38;2;172;164;156m██[38;2;255;255;255m████████[38;2;172;164;156m██[38;2;98;90;82m██████[38;2;82;82;82m██[38;2;148;131;115m██████[38;2;82;82;82m██[38;2;148;131;115m██[38;2;82;82;82m██[38;2;123;106;90m██[38;2;49;49;49m██[38;2;0;0;0m    
[38;2;0;0;0m    [38;2;49;49;49m██[38;2;82;82;82m██[38;2;255;255;255m████[38;2;98;90;82m██[38;2;255;255;255m████[38;2;98;90;82m██[38;2;82;82;82m██████[38;2;148;131;115m██████[38;2;82;82;82m██[38;2;148;131;115m██[38;2;49;49;49m████[38;2;0;0;0m      
[38;2;0;0;0m      [38;2;49;49;49m██[38;2;255;255;255m██[38;2;172;164;156m██[38;2;98;90;82m████[38;2;255;255;255m██[38;2;98;90;82m██[38;2;82;82;82m██[38;2;148;131;115m██████████████[38;2;49;49;49m██[38;2;0;0;0m        
[38;2;0;0;0m    [38;2;49;49;49m██[38;2;82;82;82m██[38;2;255;255;255m██[38;2;98;90;82m████[38;2;82;82;82m██[38;2;98;90;82m████[38;2;82;82;82m██[38;2;148;131;115m████████████[38;2;49;49;49m██[38;2;0;0;0m          
[38;2;0;0;0m    [38;2;49;49;49m██[38;2;82;82;82m██[38;2;98;90;82m████[38;2;82;82;82m██[38;2;148;131;115m██[38;2;82;82;82m████[38;2;98;90;82m██[38;2;82;82;82m██[38;2;148;131;115m██████████[38;2;49;49;49m██[38;2;0;0;0m          
[38;2;0;0;0m      [38;2;49;49;49m██[38;2;82;82;82m████[38;2;148;131;115m████████[38;2;82;82;82m████[38;2;123;106;90m██[38;2;148;131;115m██████[38;2;49;49;49m██[38;2;0;0;0m            
[38;2;0;0;0m      [38;2;49;49;49m████[38;2;123;106;90m██[38;2;148;131;115m██████████████[38;2;82;82;82m██[38;2;49;49;49m████[38;2;0;0;0m              
[38;2;0;0;0m    [38;2;49;49;49m██[38;2;246;172;49m██[38;2;197;123;49m██[38;2;49;49;49m████[38;2;123;106;90m████[38;2;148;131;115m██[38;2;123;106;90m██[38;2;148;131;115m██[38;2;123;106;90m██[38;2;49;49;49m██[38;2;0;0;0m                  
[38;2;0;0;0m      [38;2;49;49;49m██████[38;2;0;0;0m  [38;2;49;49;49m██[38;2;197;123;49m██[38;2;82;82;82m████[38;2;148;131;115m██[38;2;49;49;49m██[38;2;0;0;0m                    
[38;2;0;0;0m            [38;2;49;49;49m██[38;2;246;172;49m██[38;2;82;82;82m██[38;2;197;123;49m████[38;2;49;49;49m██[38;2;0;0;0m                      
[38;2;0;0;0m            [38;2;49;49;49m████[38;2;82;82;82m██[38;2;246;172;49m██[38;2;49;49;49m██[38;2;0;0;0m                        
[38;2;0;0;0m                [38;2;49;49;49m████[38;2;0;0;0m                          [0m
