
[38;2;0;0;0m                ████                  
[38;2;0;0;0m        ████  ██[38;2;160;152;200m██[38;2;104;96;184m██[38;2;0;0;0m██                
[38;2;0;0;0m      ██[38;2;96;88;144m████[38;2;0;0;0m████[38;2;160;152;200m██[38;2;104;96;184m██[38;2;0;0;0m██    ████        
[38;2;0;0;0m      ██[38;2;96;88;144m████[38;2;64;64;64m██[38;2;120;120;200m██[38;2;104;96;184m██[38;2;120;120;200m████[38;2;0;0;0m████[38;2;96;88;144m████[38;2;0;0;0m██      
[38;2;0;0;0m    ██[38;2;64;64;64m████[38;2;96;88;144m██[38;2;64;64;64m██[38;2;160;152;200m██[38;2;104;96;184m██[38;2;120;120;200m████[38;2;64;64;64m██[38;2;96;88;144m██████[38;2;0;0;0m██      
[38;2;0;0;0m  ██[38;2;160;152;200m██[38;2;120;120;200m██[38;2;104;96;184m██[38;2;64;64;64m████████[38;2;120;120;200m██████[38;2;64;64;64m██████[38;2;0;0;0m████    
[38;2;0;0;0m  ██[38;2;120;120;200m██[38;2;160;152;200m██████[38;2;64;64;64m██[38;2;192;184;80m████[38;2;64;64;64m██[38;2;120;120;200m██[38;2;64;64;64m████[38;2;120;120;200m██[38;2;160;152;200m██████[38;2;0;0;0m██  
[38;2;0;0;0m  ██[38;2;64;64;64m██[38;2;120;120;200m██[38;2;160;152;200m██[38;2;64;64;64m████[38;2;240;240;40m████[38;2;64;64;64m████[38;2;160;152;200m████████[38;2;104;96;184m████[38;2;0;0;0m██  
[38;2;0;0;0m██[38;2;104;96;184m██[38;2;64;64;64m██[38;2;104;96;184m██[38;2;64;64;64m██[38;2;240;240;40m██[38;2;192;184;80m██[38;2;240;240;40m██[38;2;192;184;80m██[38;2;240;240;40m████[38;2;64;64;64m██[38;2;160;152;200m██[38;2;104;96;184m████[38;2;120;120;200m██[38;2;0;0;0m██    
[38;2;0;0;0m██[38;2;104;96;184m████[38;2;64;64;64m████[38;2;240;240;40m██[38;2;64;64;64m██████[38;2;240;240;40m██[38;2;192;184;80m██[38;2;64;64;64m████[38;2;120;120;200m████[38;2;64;64;64m██[38;2;0;0;0m██    
[38;2;0;0;0m  ██[38;2;64;64;64m██[38;2;192;184;80m██[38;2;240;240;40m██[38;2;64;64;64m██[38;2;240;168;152m██[38;2;248;248;248m██[38;2;184;88;72m██[38;2;64;64;64m██[38;2;240;240;40m████[38;2;192;184;80m██[38;2;64;64;64m████[38;2;96;88;144m████[38;2;0;0;0m██  
[38;2;0;0;0m██[38;2;96;88;144m██[38;2;64;64;64m██[38;2;192;184;80m██[38;2;240;240;40m██[38;2;64;64;64m██[38;2;248;248;248m████[38;2;240;96;80m██[38;2;64;64;64m██[38;2;240;240;40m████[38;2;192;184;80m██[38;2;64;64;64m██[38;2;96;88;144m████████[38;2;0;0;0m██
[38;2;0;0;0m██[38;2;96;88;144m████[38;2;64;64;64m██████[38;2;184;88;72m██[38;2;240;96;80m██[38;2;184;88;72m██[38;2;64;64;64m██[38;2;192;184;80m██[38;2;64;64;64m████[38;2;104;96;184m██[38;2;64;64;64m██[38;2;96;88;144m██████[38;2;0;0;0m██
[38;2;0;0;0m  ████[38;2;120;120;200m██[38;2;64;64;64m██[38;2;192;184;80m██[38;2;64;64;64m██████[38;2;192;184;80m████[38;2;64;64;64m██[38;2;120;120;200m██[38;2;104;96;184m██[38;2;64;64;64m████[38;2;0;0;0m████  
[38;2;0;0;0m    ██[38;2;120;120;200m████[38;2;0;0;0m██[38;2;64;64;64m██[38;2;192;184;80m████[38;2;64;64;64m████[38;2;120;120;200m██████[38;2;104;96;184m██[38;2;0;0;0m██      
[38;2;0;0;0m      ████  ██[38;2;192;184;80m████[38;2;64;64;64m██[38;2;96;88;144m██[38;2;0;0;0m████[38;2;120;120;200m████[38;2;0;0;0m██      
[38;2;0;0;0m              ██[38;2;96;88;144m████[38;2;0;0;0m██    ████        
[38;2;0;0;0m                ████                  [0m
