
[38;2;0;0;0m                [38;2;21;21;23m  [38;2;59;59;61m██[38;2;11;12;16m  [38;2;0;0;0m                                        
[38;2;0;0;0m                [38;2;187;187;208m██[38;2;166;168;186m██[38;2;74;76;102m██[38;2;4;4;5m  [38;2;0;0;0m  [38;2;173;173;179m  [38;2;92;92;95m  [38;2;0;0;0m                                
[38;2;0;0;0m          [38;2;44;44;51m  [38;2;53;53;61m██[38;2;193;193;222m██[38;2;173;177;209m██[38;2;117;120;150m██[38;2;156;157;188m██[38;2;183;180;203m██[38;2;125;125;144m██[38;2;214;214;246m██[38;2;143;145;163m██[38;2;0;0;0m                                
[38;2;0;0;0m        [38;2;166;160;178m██[38;2;206;205;235m██[38;2;145;152;183m████[38;2;173;177;209m██[38;2;145;152;183m████[38;2;178;176;199m██[38;2;214;214;246m██[38;2;147;154;185m██[38;2;158;155;164m██[38;2;0;0;0m                                
[38;2;0;0;0m      [38;2;141;146;154m██[38;2;147;156;177m██[38;2;147;155;179m██[38;2;209;211;238m██[38;2;191;195;225m██[38;2;178;182;208m██[38;2;214;214;246m██[38;2;204;205;237m██[38;2;191;193;225m██[38;2;188;188;207m██[38;2;162;159;164m██[38;2;163;159;164m██[38;2;40;39;41m  [38;2;0;0;0m  [38;2;31;35;40m██[38;2;54;54;60m██[38;2;0;0;0m                        
[38;2;0;0;0m    [38;2;39;39;43m  [38;2;135;136;149m██[38;2;151;157;183m██[38;2;234;234;243m██[38;2;170;176;198m██[38;2;203;207;225m██[38;2;232;231;245m██[38;2;114;114;123m██[38;2;93;94;102m██[38;2;80;82;90m██[38;2;132;126;144m██[38;2;162;158;165m██[38;2;162;159;165m██[38;2;161;158;164m██[38;2;91;91;96m██[38;2;160;170;189m██[38;2;184;189;216m██[38;2;160;160;184m██[38;2;67;67;77m  [38;2;0;0;0m                    
[38;2;0;0;0m    [38;2;43;43;48m  [38;2;148;148;168m██[38;2;237;236;246m██[38;2;140;154;174m██[38;2;211;212;234m██[38;2;181;181;206m██[38;2;162;162;166m██[38;2;240;240;241m██[38;2;75;77;83m██[38;2;79;81;88m██[38;2;138;131;147m██[38;2;105;101;126m██[38;2;153;148;158m██[38;2;162;159;165m██[38;2;126;122;126m██[38;2;93;93;95m██[38;2;139;144;159m██[38;2;137;144;169m██[38;2;99;102;107m██[38;2;53;53;61m██[38;2;20;20;23m  [38;2;0;0;0m      [38;2;34;36;41m  [38;2;61;63;70m██[38;2;176;181;192m██[38;2;0;0;0m    
[38;2;0;0;0m    [38;2;47;46;53m  [38;2;202;200;228m██[38;2;196;198;225m██[38;2;160;167;182m██[38;2;151;154;166m██[38;2;28;28;29m██[38;2;171;154;161m██[38;2;243;242;248m██[38;2;72;74;78m██[38;2;142;150;169m██[38;2;162;158;165m██[38;2;168;166;183m██[38;2;157;157;183m██[38;2;132;138;163m██[38;2;152;152;170m██[38;2;104;105;127m██[38;2;128;129;130m██[38;2;136;144;169m██[38;2;145;148;160m██[38;2;113;113;124m██[38;2;181;181;208m██[38;2;139;139;160m  [38;2;103;103;119m  [38;2;160;160;184m██[38;2;148;149;169m██[38;2;163;166;185m██[38;2;70;73;83m██[38;2;0;0;0m    
[38;2;0;0;0m  [38;2;34;35;36m  [38;2;143;149;180m██[38;2;211;210;236m██[38;2;214;214;245m██[38;2;156;162;193m██[38;2;169;174;203m██[38;2;100;102;118m██[38;2;101;77;92m██[38;2;104;101;110m██[38;2;183;186;202m██[38;2;123;127;144m██[38;2;142;140;152m██[38;2;116;118;146m██[38;2;214;214;239m██[38;2;214;214;245m██[38;2;145;149;173m██[38;2;87;87;110m██[38;2;102;105;120m██[38;2;162;163;172m██[38;2;131;135;152m██[38;2;114;113;123m██[38;2;214;213;245m██[38;2;132;139;169m██[38;2;191;193;225m██[38;2;135;144;169m██[38;2;135;138;154m██[38;2;0;2;4m  [38;2;0;0;0m      
[38;2;33;35;36m  [38;2;166;170;178m██[38;2;151;158;183m██[38;2;159;166;188m██[38;2;145;152;183m██████[38;2;185;188;219m██[38;2;173;177;209m██[38;2;145;152;183m██[38;2;162;166;196m██[38;2;216;214;243m██[38;2;151;157;183m██[38;2;213;210;240m██[38;2;182;184;214m██[38;2;145;152;183m██[38;2;130;138;167m██[38;2;75;71;84m██[38;2;133;135;156m██[38;2;162;159;164m██[38;2;107;104;107m██[38;2;216;214;243m██[38;2;215;213;245m██[38;2;102;109;132m██[38;2;163;168;182m██[38;2;152;159;166m██[38;2;13;14;15m  [38;2;0;0;0m        
[38;2;44;47;49m██[38;2;207;204;232m██[38;2;198;198;227m██[38;2;204;207;223m██[38;2;177;187;201m██[38;2;166;177;193m██[38;2;194;200;214m██[38;2;205;206;237m██[38;2;217;213;243m██[38;2;152;158;189m██[38;2;215;214;245m██[38;2;217;214;243m██[38;2;203;204;236m██[38;2;197;193;217m██[38;2;127;129;143m██[38;2;123;119;123m██[38;2;59;56;59m  [38;2;123;119;123m██[38;2;132;128;132m██[38;2;90;89;90m██[38;2;133;129;133m██[38;2;137;144;167m██[38;2;160;163;187m██[38;2;155;161;176m██[38;2;135;141;158m██[38;2;77;83;102m  [38;2;0;0;0m          
[38;2;14;15;16m  [38;2;189;188;195m██[38;2;231;231;238m██[38;2;215;220;230m██[38;2;204;208;224m██[38;2;193;195;223m██[38;2;200;202;231m██[38;2;213;213;245m██[38;2;214;213;245m██[38;2;214;213;240m██[38;2;185;188;216m██[38;2;146;152;183m██[38;2;166;163;175m██[38;2;154;156;162m██[38;2;20;22;23m  [38;2;0;0;0m      [38;2;9;9;9m  [38;2;152;155;164m██[38;2;162;159;165m██[38;2;156;156;168m██[38;2;131;139;166m██[38;2;159;165;180m██[38;2;147;152;170m██[38;2;44;44;49m  [38;2;0;0;0m          
[38;2;0;0;0m  [38;2;0;4;4m  [38;2;122;125;128m██[38;2;210;214;226m██[38;2;204;206;224m██[38;2;193;193;223m██[38;2;192;193;224m██[38;2;140;145;171m██[38;2;133;138;163m██[38;2;133;138;158m██[38;2;158;159;172m██[38;2;137;135;138m██[38;2;90;87;90m██[38;2;41;43;41m██[38;2;0;1;0m  [38;2;0;0;0m    [38;2;30;32;40m██[38;2;91;96;108m██[38;2;133;138;151m██[38;2;162;159;165m██[38;2;158;157;166m██[38;2;149;156;173m██[38;2;139;147;172m██[38;2;127;133;154m██[38;2;124;124;139m██[38;2;105;105;119m██[38;2;0;0;0m        
[38;2;0;0;0m    [38;2;8;9;11m  [38;2;30;33;40m████[38;2;132;133;143m██[38;2;152;152;163m██[38;2;160;158;163m██[38;2;117;112;117m██[38;2;41;39;41m██[38;2;41;41;41m██[38;2;15;19;15m██[38;2;0;0;0m          [38;2;30;33;40m████[38;2;21;23;28m██[38;2;113;108;113m██[38;2;136;143;167m██[38;2;164;170;182m██[38;2;91;92;97m██[38;2;83;84;98m██[38;2;156;162;193m██[38;2;214;214;245m██[38;2;0;0;0m        
[38;2;0;0;0m                                          [38;2;4;4;4m  [38;2;68;69;78m██[38;2;109;116;143m██[38;2;136;130;146m██[38;2;157;155;163m██[38;2;151;153;177m██[38;2;0;0;0m        
[38;2;0;0;0m                                            [38;2;75;80;99m██[38;2;113;120;148m██[38;2;108;108;135m██[38;2;152;151;162m██[38;2;29;28;29m██[38;2;0;0;0m        
[38;2;0;0;0m                                      [38;2;1;1;1m  [38;2;21;21;28m██[38;2;27;27;36m██[38;2;82;83;99m██[38;2;108;115;140m██[38;2;90;92;115m██[38;2;120;120;131m██[38;2;214;214;244m██[38;2;43;43;49m  [38;2;0;0;0m      
[38;2;0;0;0m                                      [38;2;1;1;1m  [38;2;21;21;28m██[38;2;87;88;117m██[38;2;119;127;158m██[38;2;87;89;102m██[38;2;140;135;140m██[38;2;183;179;195m██[38;2;167;172;203m██[38;2;117;122;148m██[38;2;0;0;0m      
[38;2;0;0;0m                                          [38;2;11;12;15m██[38;2;123;133;163m██[38;2;118;128;156m██[38;2;124;118;138m██[38;2;134;135;155m██[38;2;185;184;211m██[38;2;206;203;232m██[38;2;84;84;97m██[38;2;0;0;0m    
[38;2;0;0;0m                            [38;2;44;48;59m██[38;2;92;101;122m  [38;2;0;0;0m          [38;2;2;3;3m  [38;2;87;94;115m██[38;2;100;106;127m██[38;2;124;127;151m██[38;2;137;137;151m██[38;2;116;118;147m██[38;2;54;53;61m██[38;2;167;167;192m██[38;2;160;160;184m██[38;2;41;41;47m  
[38;2;0;0;0m                            [38;2;44;48;59m  [38;2;122;134;162m██[38;2;97;103;129m██[38;2;15;15;15m  [38;2;0;0;0m        [38;2;28;28;28m  [38;2;79;81;93m██[38;2;127;127;139m██[38;2;110;116;138m██[38;2;39;38;39m  [38;2;0;0;0m        
[38;2;0;0;0m                              [38;2;92;99;122m██[38;2;85;86;113m██[38;2;63;63;63m  [38;2;0;0;0m    [38;2;37;37;49m  [38;2;4;4;4m  [38;2;118;116;120m██[38;2;152;149;156m██[38;2;99;103;125m██[38;2;92;100;115m██[38;2;0;0;0m          
[38;2;0;0;0m                                [38;2;25;25;25m  [38;2;85;86;113m██[38;2;87;88;113m██[38;2;18;21;23m██[38;2;84;87;105m██[38;2;117;126;155m██[38;2;107;112;125m██[38;2;97;103;118m██[38;2;92;98;122m██[38;2;77;83;102m  [38;2;0;0;0m          
[38;2;0;0;0m                                  [38;2;85;86;113m██[38;2;86;86;113m██[38;2;19;19;24m██[38;2;106;113;141m██[38;2;93;95;124m██[38;2;81;82;106m██[38;2;30;32;36m██[38;2;10;11;14m  [38;2;0;0;0m            
[38;2;0;0;0m                                        [38;2;35;38;47m  [38;2;69;70;93m██[38;2;47;51;63m██[38;2;0;0;0m                
[38;2;0;0;0m                                          [38;2;2;3;3m  [38;2;11;12;15m  [38;2;0;0;0m                [0m
