
[38;2;0;0;0m  [38;2;55;55;55m  [38;2;38;38;38m  [38;2;0;0;0m                                      
[38;2;37;38;37m  [38;2;173;175;173m██[38;2;207;207;207m██[38;2;181;181;181m██[38;2;0;0;0m                                    
[38;2;49;49;49m██[38;2;161;158;158m██[38;2;181;181;181m██[38;2;120;113;113m██[38;2;0;0;0m                                    
[38;2;4;4;4m  [38;2;146;145;145m██[38;2;161;161;154m██[38;2;20;20;19m██[38;2;0;0;0m          [38;2;201;201;201m████[38;2;119;119;119m  [38;2;0;0;0m                    
[38;2;0;0;0m  [38;2;42;39;39m  [38;2;64;62;61m██[38;2;2;2;2m  [38;2;0;0;0m      [38;2;4;4;4m  [38;2;85;83;83m██[38;2;108;108;108m██[38;2;128;128;128m██[38;2;101;101;101m██[38;2;5;5;5m  [38;2;0;0;0m          [38;2;115;109;107m██[38;2;101;99;98m██[38;2;73;73;73m██[38;2;10;10;10m  
[38;2;0;0;0m  [38;2;94;87;87m██[38;2;114;106;106m██[38;2;70;69;69m██[38;2;0;0;0m      [38;2;80;74;74m██[38;2;115;107;107m██[38;2;119;113;113m██[38;2;139;139;139m██[38;2;126;126;126m██[38;2;83;83;83m██[38;2;0;0;0m        [38;2;62;60;58m  [38;2;80;78;74m██[38;2;115;110;106m██[38;2;109;102;102m██[38;2;22;22;22m██
[38;2;0;0;0m    [38;2;80;80;77m██[38;2;176;176;175m██[38;2;103;105;103m██[38;2;181;181;181m██[38;2;199;199;199m██[38;2;189;197;189m██[38;2;151;153;151m██[38;2;139;138;139m██[38;2;88;84;84m██[38;2;84;82;81m██[38;2;73;73;73m██[38;2;142;142;142m██[38;2;11;11;11m  [38;2;0;0;0m    [38;2;48;46;46m██[38;2;113;105;105m██[38;2;108;102;102m██[38;2;73;73;73m██[38;2;10;10;10m  
[38;2;0;0;0m      [38;2;149;149;149m  [38;2;95;96;95m██[38;2;117;110;110m██[38;2;221;221;221m██[38;2;180;180;180m██[38;2;181;181;181m████[38;2;208;208;208m██[38;2;218;218;218m██[38;2;213;212;212m██[38;2;143;140;139m██[38;2;135;134;134m██[38;2;95;97;95m██[38;2;16;16;16m██[38;2;181;181;181m██[38;2;72;72;72m██[38;2;67;67;67m  [38;2;0;0;0m    
[38;2;0;0;0m      [38;2;0;1;0m  [38;2;83;82;81m██[38;2;166;166;166m██[38;2;195;195;195m██[38;2;185;185;185m██[38;2;228;228;228m██[38;2;189;189;189m██[38;2;228;228;228m██[38;2;181;181;181m██[38;2;161;158;158m██[38;2;106;103;104m██[38;2;74;73;72m██[38;2;80;79;78m██[38;2;181;181;181m██[38;2;166;166;166m██[38;2;128;128;128m██[38;2;0;0;0m      
[38;2;0;0;0m        [38;2;48;47;47m██[38;2;160;160;160m████[38;2;169;167;167m██[38;2;170;169;169m██[38;2;193;193;193m██[38;2;197;197;197m██[38;2;181;181;181m██[38;2;174;174;174m██[38;2;82;80;82m██[38;2;106;103;100m██[38;2;112;105;104m██[38;2;68;68;68m██[38;2;115;115;115m██[38;2;0;0;0m        
[38;2;0;0;0m      [38;2;80;76;76m  [38;2;145;141;141m██[38;2;119;119;119m████[38;2;82;76;76m██[38;2;33;34;32m██[38;2;75;77;75m██[38;2;181;181;181m████[38;2;147;147;147m██[38;2;132;132;132m██[38;2;77;77;77m██[38;2;81;83;79m██[38;2;22;22;22m██[38;2;0;0;0m          
[38;2;0;0;0m      [38;2;137;137;137m██[38;2;170;169;168m██[38;2;132;127;126m██[38;2;158;158;158m██[38;2;0;0;0m        [38;2;60;60;60m██[38;2;113;113;113m██[38;2;119;119;119m██[38;2;89;89;89m██[38;2;47;47;47m██[38;2;0;0;0m            
[38;2;0;0;0m      [38;2;134;134;134m██[38;2;151;148;147m██[38;2;180;181;180m██[38;2;160;160;159m██[38;2;0;0;0m        [38;2;47;47;47m██[38;2;162;162;162m██[38;2;160;160;160m██[38;2;141;141;141m██[38;2;128;128;128m██[38;2;0;0;0m            
[38;2;0;0;0m    [38;2;62;58;56m██[38;2;103;98;97m██[38;2;166;166;166m██[38;2;139;139;139m██[38;2;123;119;118m██[38;2;46;46;46m  [38;2;0;0;0m      [38;2;79;77;77m██[38;2;181;181;181m██[38;2;126;122;122m██[38;2;176;176;176m██[38;2;140;140;140m██[38;2;0;0;0m██          
[38;2;0;0;0m    [38;2;30;24;24m██[38;2;162;161;159m██[38;2;76;76;76m██[38;2;170;170;170m██[38;2;94;90;90m██[38;2;127;127;127m██[38;2;0;0;0m      [38;2;176;176;176m██[38;2;181;181;181m██[38;2;176;176;176m██[38;2;180;180;180m██[38;2;160;160;160m██[38;2;0;0;0m██          
[38;2;0;0;0m    [38;2;87;71;53m██[38;2;122;118;113m██[38;2;139;138;138m██[38;2;118;118;118m██[38;2;165;159;146m██[38;2;114;107;95m██[38;2;0;0;0m      [38;2;167;167;163m██[38;2;112;110;110m██[38;2;167;161;155m██[38;2;140;124;105m██[38;2;148;130;109m██[38;2;140;140;140m██[38;2;0;0;0m          
[38;2;0;0;0m    [38;2;155;122;83m██[38;2;74;71;67m██[38;2;187;180;175m██[38;2;74;66;58m██[38;2;167;149;128m██[38;2;104;81;53m██[38;2;0;0;0m      [38;2;106;97;86m██[38;2;160;160;161m██[38;2;107;107;107m██[38;2;76;76;76m██[38;2;165;167;161m██[38;2;115;90;59m██[38;2;0;0;0m          
[38;2;0;0;0m    [38;2;124;102;74m██[38;2;114;113;112m██[38;2;128;123;118m██[38;2;101;92;83m██[38;2;156;123;84m██[38;2;104;81;53m██[38;2;0;0;0m      [38;2;130;110;85m██[38;2;124;122;120m██[38;2;137;136;135m██[38;2;119;119;119m██[38;2;135;107;73m██[38;2;115;90;59m██[38;2;28;22;14m  [38;2;0;0;0m        
[38;2;0;0;0m    [38;2;50;41;33m  [38;2;141;112;76m██[38;2;122;99;73m██[38;2;136;123;110m██[38;2;133;104;70m██[38;2;95;74;48m  [38;2;0;0;0m      [38;2;133;108;79m██[38;2;153;152;151m██[38;2;115;112;110m██[38;2;81;80;79m██[38;2;156;123;84m██[38;2;115;91;59m██[38;2;52;41;26m██[38;2;0;0;0m        
[38;2;0;0;0m        [38;2;56;44;30m████[38;2;49;37;25m██[38;2;0;0;0m        [38;2;140;113;80m██[38;2;131;129;127m██[38;2;123;119;115m██[38;2;100;91;82m██[38;2;156;126;84m██[38;2;115;91;59m██[38;2;52;41;26m██[38;2;0;0;0m        
[38;2;0;0;0m                      [38;2;34;27;18m  [38;2;91;80;65m██[38;2;124;102;77m██[38;2;82;76;69m██[38;2;152;120;81m██[38;2;94;73;48m██[38;2;0;0;0m          
[38;2;0;0;0m                        [38;2;34;27;18m  [38;2;34;28;20m██[38;2;42;33;22m██[38;2;37;29;19m██[38;2;0;0;0m            [0m
