
[38;2;0;0;0m                    [38;2;14;10;6m  [38;2;57;41;27m██[38;2;0;0;0m                
[38;2;0;0;0m                    [38;2;56;39;26m██[38;2;224;158;104m██[38;2;0;0;0m                
[38;2;0;0;0m    [38;2;30;60;17m██[38;2;14;42;9m██[38;2;0;0;0m              [38;2;166;117;76m██[38;2;180;126;84m██[38;2;57;39;27m██[38;2;194;135;92m██[38;2;41;28;21m██[38;2;0;0;0m        
[38;2;0;0;0m  [38;2;0;2;0m  [38;2;92;186;52m██[38;2;53;161;34m██[38;2;0;0;0m            [38;2;41;29;19m  [38;2;208;146;95m██[38;2;141;98;71m██[38;2;58;39;29m██[38;2;39;26;19m██[38;2;10;7;5m  [38;2;0;0;0m        
[38;2;0;0;0m    [38;2;47;122;33m██[38;2;77;119;59m██[38;2;43;91;30m██[38;2;6;9;5m  [38;2;0;0;0m    [38;2;101;72;48m██[38;2;227;160;110m██[38;2;189;132;93m██[38;2;189;132;92m██[38;2;41;29;19m  [38;2;0;0;0m              
[38;2;0;0;0m  [38;2;8;2;8m  [38;2;51;62;34m██[38;2;88;165;55m██[38;2;70;190;46m██[38;2;13;38;8m██[38;2;0;0;0m    [38;2;228;162;110m██[38;2;227;159;108m██[38;2;220;153;105m██[38;2;220;153;104m██[38;2;206;143;97m██[38;2;41;28;19m  [38;2;0;0;0m            
[38;2;32;60;17m██[38;2;90;218;51m██[38;2;71;136;46m██[38;2;89;144;56m██[38;2;38;119;24m██[38;2;9;29;6m  [38;2;0;0;0m  [38;2;166;117;76m██[38;2;200;183;170m██[38;2;213;157;112m██[38;2;226;170;125m██[38;2;220;153;105m████[38;2;54;38;26m██[38;2;0;0;0m            
[38;2;13;43;9m██[38;2;61;169;39m██[38;2;79;95;60m██[38;2;67;50;42m██[38;2;0;0;0m    [38;2;41;29;19m  [38;2;208;146;95m██[38;2;180;126;82m██[38;2;186;162;132m██[38;2;111;84;66m██[38;2;220;153;105m████[38;2;54;38;26m██[38;2;0;0;0m      [38;2;78;144;42m  [38;2;66;134;38m██[38;2;13;37;9m  
[38;2;0;0;0m    [38;2;32;22;17m  [38;2;131;90;69m██[38;2;0;0;0m    [38;2;55;39;25m██[38;2;134;105;81m██[38;2;182;133;92m████[38;2;192;138;95m██[38;2;220;153;105m██[38;2;166;116;76m██[38;2;0;0;0m  [38;2;8;16;4m  [38;2;26;51;14m██[38;2;34;48;34m██[38;2;62;160;44m██[38;2;63;180;42m██[38;2;12;39;8m██
[38;2;0;0;0m      [38;2;125;87;65m██[38;2;98;67;52m  [38;2;6;3;4m  [38;2;143;100;72m██[38;2;220;153;104m██[38;2;181;131;95m████[38;2;191;136;97m██[38;2;220;153;105m██[38;2;41;29;19m  [38;2;0;0;0m  [38;2;22;53;14m██[38;2;81;196;51m██[38;2;54;142;41m██[38;2;60;92;55m██[38;2;49;76;45m██[38;2;3;9;2m  
[38;2;0;0;0m        [38;2;98;67;52m██[38;2;147;103;76m██[38;2;225;158;112m██[38;2;220;153;105m██[38;2;219;152;105m████[38;2;220;153;104m██[38;2;209;145;101m██[38;2;0;0;0m    [38;2;9;30;7m  [38;2;53;130;35m██[38;2;57;127;47m██[38;2;69;102;63m██[38;2;13;37;9m  [38;2;0;0;0m  
[38;2;0;0;0m          [38;2;26;18;12m  [38;2;215;149;102m██[38;2;220;153;105m██[38;2;239;191;81m██[38;2;219;152;105m██[38;2;220;153;104m██[38;2;209;146;98m██[38;2;124;87;57m  [38;2;0;0;0m  [38;2;43;29;23m  [38;2;144;100;80m██[38;2;69;101;65m██[38;2;82;200;54m██[38;2;43;126;27m██[38;2;0;0;0m  
[38;2;0;0;0m            [38;2;221;155;102m██[38;2;246;204;73m██[38;2;239;191;81m██[38;2;219;152;105m██[38;2;220;151;104m██[38;2;124;96;79m██[38;2;166;117;76m████[38;2;124;87;57m  [38;2;0;0;0m  [38;2;9;30;6m  [38;2;36;120;24m██[38;2;27;89;18m  [38;2;0;0;0m  
[38;2;0;0;0m            [38;2;240;192;80m██[38;2;226;165;97m██[38;2;219;152;105m████[38;2;221;152;105m██[38;2;89;61;44m██[38;2;0;0;0m                
[38;2;0;0;0m            [38;2;240;192;80m██[38;2;220;153;105m██[38;2;219;152;105m██[38;2;239;191;81m██[38;2;203;140;98m██[38;2;39;26;19m██[38;2;0;0;0m                
[38;2;0;0;0m            [38;2;221;155;102m██[38;2;220;153;105m██[38;2;239;191;81m██[38;2;219;152;105m██[38;2;207;143;101m██[38;2;42;28;22m██[38;2;0;0;0m                
[38;2;0;0;0m            [38;2;51;36;24m██[38;2;216;151;100m██[38;2;239;191;81m██[38;2;211;147;99m██[38;2;168;117;85m██[38;2;168;118;88m██[38;2;0;0;0m                
[38;2;0;0;0m            [38;2;137;93;71m██[38;2;179;122;88m██[38;2;180;126;91m██[38;2;172;118;86m██[38;2;169;115;84m██[38;2;168;117;85m██[38;2;95;64;50m  [38;2;0;0;0m              
[38;2;0;0;0m          [38;2;127;86;67m██[38;2;150;105;85m██[38;2;118;84;65m██[38;2;166;126;47m██[38;2;168;116;86m██[38;2;97;79;68m██[38;2;211;148;98m██[38;2;126;86;68m██[38;2;0;0;0m              
[38;2;0;0;0m          [38;2;31;21;16m  [38;2;137;93;72m██[38;2;10;7;5m    [38;2;41;29;27m██[38;2;60;42;36m██[38;2;209;146;98m██[38;2;77;55;47m██[38;2;0;0;1m  [38;2;0;0;0m            
[38;2;0;0;0m          [38;2;95;64;50m  [38;2;126;86;66m██[38;2;30;21;15m  [38;2;0;0;0m      [38;2;92;64;47m  [38;2;111;76;58m██[38;2;12;8;5m  [38;2;0;0;0m            
[38;2;0;0;0m                      [38;2;124;87;57m  [38;2;202;136;99m██[38;2;39;26;19m██[38;2;0;0;0m            [0m
