
[38;2;0;0;0m            ██████████              
[38;2;0;0;0m        ████[38;2;181;132;101m██[38;2;247;173;127m████[38;2;156;90;52m████[38;2;0;0;0m████          
[38;2;0;0;0m      [38;2;16;0;0m██[38;2;135;86;59m██[38;2;247;173;127m████[38;2;156;91;52m████[38;2;156;90;52m████[38;2;151;90;58m████[38;2;0;0;0m██        
[38;2;0;0;0m    ██[38;2;135;86;59m██[38;2;255;173;119m██[38;2;247;173;127m██[38;2;156;90;52m██[38;2;156;91;52m████[38;2;247;173;127m████[38;2;239;173;135m██[38;2;195;132;96m██[38;2;181;132;101m██[38;2;0;0;0m██      
[38;2;0;0;0m  ██[38;2;247;173;127m██[38;2;156;90;52m██[38;2;247;173;127m██[38;2;156;90;52m████[38;2;247;176;127m████████[38;2;247;173;127m████[38;2;156;90;52m██[38;2;0;0;0m██      
[38;2;0;0;0m  ██[38;2;247;173;127m██████[38;2;156;90;52m██[38;2;247;173;127m██[38;2;247;176;127m████████[38;2;247;173;127m██[38;2;156;90;52m██████[38;2;0;0;0m██    
[38;2;0;0;0m██[38;2;66;66;66m████[38;2;247;176;127m████████████[38;2;247;173;127m██[38;2;156;90;52m██████[38;2;247;173;127m████[38;2;0;0;0m██    
[38;2;0;0;0m██[38;2;187;137;107m██[38;2;247;173;127m██[38;2;247;176;127m████████████[38;2;156;90;52m████[38;2;247;173;127m██████[38;2;156;90;52m████[38;2;0;0;0m██  
[38;2;0;0;0m██[38;2;247;123;151m██[38;2;181;74;93m██[38;2;247;173;127m████[38;2;66;66;66m██[38;2;247;173;127m██████[38;2;247;176;127m████[38;2;247;173;127m██[38;2;156;90;52m██████[38;2;170;122;93m██[38;2;255;181;135m██[38;2;0;0;0m██
[38;2;0;0;0m██[38;2;181;74;93m██[38;2;247;123;151m██[38;2;181;74;93m██[38;2;247;173;127m████[38;2;66;66;66m████[38;2;247;173;127m██[38;2;247;176;127m████[38;2;156;90;52m████[38;2;247;173;127m████[38;2;85;63;50m██[38;2;0;4;8m██[38;2;0;0;0m  
[38;2;0;0;0m  ██[38;2;181;74;93m██[38;2;181;103;93m████[38;2;181;132;101m██[38;2;247;173;127m██████[38;2;255;181;127m████[38;2;255;181;135m██[38;2;170;121;90m██[38;2;66;66;66m██[38;2;0;0;0m████    
[38;2;0;0;0m    ██████[38;2;181;132;101m████████[38;2;170;122;87m██[38;2;0;4;8m██[38;2;0;0;0m██████        
[38;2;0;0;0m          ██████████                [0m
