
[38;2;0;0;0m        ██        ████                
[38;2;0;0;0m      ██[38;2;88;168;248m██[38;2;0;0;0m████  ██[38;2;88;168;248m████[38;2;0;0;0m██  ████        
[38;2;0;0;0m      ██[38;2;88;168;248m██[38;2;64;64;64m██[38;2;80;120;184m██[38;2;0;0;0m██[38;2;64;64;64m████[38;2;88;168;248m████[38;2;64;64;64m██[38;2;80;120;184m██[38;2;88;168;248m██[38;2;0;0;0m██      
[38;2;0;0;0m      ██[38;2;88;168;248m██[38;2;80;120;184m██[38;2;64;64;64m████[38;2;88;168;248m████[38;2;64;64;64m██████[38;2;88;168;248m██[38;2;0;0;0m██        
[38;2;0;0;0m    ████[38;2;80;120;184m██[38;2;88;168;248m██[38;2;64;64;64m██[38;2;88;168;248m██[38;2;64;64;64m████[38;2;80;120;184m██[38;2;88;168;248m██[38;2;64;64;64m██[38;2;88;168;248m██[38;2;64;64;64m██[38;2;0;0;0m██      
[38;2;0;0;0m  ████[38;2;80;120;184m██[38;2;64;64;64m████[38;2;80;120;184m██[38;2;64;64;64m████[38;2;88;168;248m████[38;2;64;64;64m██[38;2;80;120;184m██[38;2;88;168;248m██[38;2;64;64;64m██[38;2;80;120;184m██[38;2;0;0;0m██    
[38;2;0;0;0m██[38;2;88;168;248m██[38;2;80;120;184m██[38;2;64;64;64m██[38;2;80;120;184m██[38;2;64;64;64m██[38;2;80;120;184m██[38;2;64;64;64m██[38;2;88;168;248m██[38;2;80;120;184m██[38;2;64;64;64m██[38;2;88;168;248m████[38;2;64;64;64m██████[38;2;0;0;0m██    
[38;2;0;0;0m  ██[38;2;88;168;248m██[38;2;64;64;64m██[38;2;248;248;248m██[38;2;64;64;64m██████[38;2;80;120;184m██[38;2;64;64;64m██[38;2;80;120;184m██[38;2;64;64;64m████[38;2;80;120;184m██[38;2;64;64;64m██[38;2;88;168;248m██[38;2;80;120;184m██[38;2;0;0;0m██  
[38;2;0;0;0m  ██[38;2;80;120;184m██[38;2;184;184;184m██[38;2;128;128;128m██[38;2;64;64;64m████[38;2;248;248;248m██[38;2;80;120;184m██[38;2;64;64;64m██[38;2;88;168;248m████[38;2;64;64;64m████[38;2;80;120;184m██[38;2;64;64;64m██[38;2;88;168;248m████[38;2;0;0;0m██
[38;2;0;0;0m██[38;2;88;168;248m██[38;2;80;120;184m██[38;2;248;248;248m██[38;2;64;64;64m████[38;2;184;184;184m██[38;2;0;0;0m██[38;2;184;184;184m██[38;2;80;120;184m██[38;2;64;64;64m██[38;2;88;168;248m████[38;2;64;64;64m████[38;2;80;120;184m██[38;2;64;64;64m██[38;2;0;0;0m██  
[38;2;0;0;0m██[38;2;88;168;248m██[38;2;64;64;64m████████[38;2;184;184;184m██[38;2;248;248;248m████[38;2;64;64;64m██[38;2;80;120;184m██[38;2;64;64;64m██████[38;2;80;120;184m████[38;2;0;0;0m██    
[38;2;0;0;0m██[38;2;80;120;184m██[38;2;88;168;248m██[38;2;64;64;64m██████[38;2;128;128;128m██[38;2;248;248;248m██[38;2;128;128;128m██[38;2;64;64;64m████████[38;2;80;120;184m██[38;2;64;64;64m██[38;2;0;0;0m██      
[38;2;0;0;0m  ██[38;2;64;64;64m██[38;2;80;120;184m████[38;2;64;64;64m████████[38;2;80;120;184m██[38;2;64;64;64m████████[38;2;80;120;184m██[38;2;0;0;0m██      
[38;2;0;0;0m██[38;2;192;80;64m████[38;2;64;64;64m████[38;2;80;120;184m████[38;2;64;64;64m██[38;2;80;120;184m████[38;2;64;64;64m██[38;2;80;120;184m████[38;2;64;64;64m██[38;2;80;120;184m██[38;2;0;0;0m██      
[38;2;0;0;0m  ████[38;2;64;64;64m██[38;2;80;120;184m████[38;2;64;64;64m████[38;2;88;168;248m██[38;2;64;64;64m██[38;2;80;120;184m████[38;2;64;64;64m████[38;2;0;0;0m██        
[38;2;0;0;0m      ██[38;2;80;120;184m██[38;2;64;64;64m██[38;2;0;0;0m████[38;2;80;120;184m██[38;2;64;64;64m██████[38;2;192;80;64m██[38;2;0;0;0m██          
[38;2;0;0;0m        ████    ██[38;2;240;112;40m████[38;2;192;80;64m██[38;2;0;0;0m██            
[38;2;0;0;0m                  ██████              [0m
