
[38;2;0;0;0m                              [38;2;39;58;64m████[38;2;36;53;59m  [38;2;0;0;0m                  
[38;2;0;0;0m                        [38;2;93;45;51m  [38;2;193;93;106m██[38;2;85;114;124m██[38;2;152;224;248m████[38;2;88;95;101m██[38;2;149;43;68m██[38;2;0;0;0m                
[38;2;0;0;0m                    [38;2;25;7;11m  [38;2;240;136;159m██[38;2;247;212;237m██[38;2;64;64;64m██[38;2;152;224;248m██[38;2;151;222;245m██[38;2;122;135;149m██[38;2;244;136;160m██[38;2;197;63;96m██[38;2;192;56;88m██[38;2;107;31;49m██[38;2;0;0;0m            
[38;2;0;0;0m                    [38;2;172;50;79m██[38;2;245;130;150m██[38;2;175;141;165m██[38;2;136;195;214m██[38;2;152;224;248m██[38;2;148;218;241m██[38;2;166;160;164m██[38;2;247;191;231m██[38;2;241;137;164m██[38;2;192;56;88m████[38;2;134;39;61m  [38;2;0;0;0m          
[38;2;0;0;0m                  [38;2;60;17;27m  [38;2;192;56;88m████[38;2;106;141;152m██[38;2;152;224;247m██[38;2;152;224;248m██[38;2;70;67;69m██[38;2;247;181;217m██[38;2;247;190;229m██[38;2;247;139;161m██[38;2;192;56;88m████[38;2;173;50;79m██[38;2;21;6;9m  [38;2;0;0;0m        
[38;2;0;0;0m                [38;2;22;22;22m  [38;2;181;55;85m██[38;2;232;95;113m██[38;2;87;64;69m██[38;2;145;212;234m██[38;2;152;224;248m██[38;2;119;191;230m██[38;2;69;64;65m██[38;2;226;101;125m██[38;2;248;129;148m██[38;2;219;87;111m██[38;2;226;83;101m██[38;2;204;66;93m██[38;2;192;56;88m██[38;2;64;18;29m██[38;2;0;0;0m        
[38;2;0;0;0m            [38;2;21;31;34m  [38;2;57;85;94m██[38;2;129;183;201m██[38;2;172;100;110m██[38;2;142;110;119m██[38;2;57;112;182m██[38;2;152;224;247m████[38;2;114;186;227m██[38;2;99;122;131m██[38;2;170;57;83m██[38;2;192;56;88m████[38;2;216;75;97m██[38;2;201;63;91m██[38;2;184;56;86m██[38;2;112;102;115m██[38;2;24;47;64m  [38;2;0;0;0m      
[38;2;0;0;0m            [38;2;142;209;232m██[38;2;152;224;248m████[38;2;143;209;230m██[38;2;147;215;237m██[38;2;59;116;186m██[38;2;65;123;190m██[38;2;151;223;247m██[38;2;103;168;216m██[38;2;65;121;185m██[38;2;135;59;77m██[38;2;192;56;88m████[38;2;195;59;89m██[38;2;237;102;120m██[38;2;215;106;121m██[38;2;122;170;186m██[38;2;90;161;210m██[38;2;136;201;223m██[38;2;0;0;0m    
[38;2;0;0;0m            [38;2;61;106;149m██[38;2;111;176;221m██[38;2;152;224;248m████[38;2;109;174;219m██[38;2;224;200;229m██[38;2;220;99;110m██[38;2;64;64;64m██[38;2;125;192;230m██[38;2;110;182;225m██[38;2;110;159;181m██[38;2;138;59;77m██[38;2;180;65;87m██[38;2;248;120;136m██[38;2;199;105;116m██[38;2;108;144;157m██[38;2;131;203;236m██[38;2;152;224;247m██[38;2;152;224;248m██[38;2;101;166;215m██[38;2;17;33;50m██
[38;2;0;0;0m            [38;2;29;55;76m██[38;2;78;149;206m██[38;2;98;161;212m██[38;2;152;224;248m██[38;2;109;174;219m██[38;2;187;63;98m██[38;2;222;77;70m██[38;2;64;63;64m██[38;2;152;224;248m██[38;2;151;223;247m██[38;2;150;222;246m██[38;2;146;214;236m██[38;2;103;126;135m██[38;2;75;67;68m██[38;2;120;159;174m██[38;2;141;213;242m██[38;2;126;198;233m██[38;2;152;224;247m██[38;2;88;149;205m██[38;2;62;118;163m██[38;2;1;2;3m  
[38;2;0;0;0m                [38;2;33;49;54m  [38;2;146;216;239m██[38;2;152;224;247m██[38;2;63;91;123m██[38;2;104;137;148m██[38;2;151;223;247m██[38;2;152;224;248m██[38;2;152;224;247m██████████[38;2;124;191;229m██[38;2;107;172;218m████[38;2;60;117;177m██[38;2;8;17;29m  [38;2;0;0;0m    
[38;2;0;0;0m                  [38;2;2;4;4m  [38;2;110;175;220m██[38;2;146;217;244m██[38;2;152;224;247m██[38;2;152;224;248m██[38;2;115;187;227m██[38;2;84;156;210m██[38;2;152;224;248m██████[38;2;141;211;241m██[38;2;71;137;199m██[38;2;79;151;207m████[38;2;1;2;3m  [38;2;0;0;0m      
[38;2;0;0;0m                [38;2;34;30;27m  [38;2;65;64;64m██[38;2;84;129;168m██[38;2;148;219;245m██[38;2;116;188;227m██[38;2;72;108;136m████[38;2;128;128;128m██[38;2;116;136;143m██[38;2;116;188;227m██[38;2;87;154;209m██[38;2;61;90;125m██[38;2;51;87;115m██[38;2;0;0;0m            
[38;2;0;0;0m              [38;2;3;2;2m██[38;2;167;151;135m██[38;2;71;70;69m██[38;2;72;103;127m██[38;2;79;150;205m██[38;2;64;64;65m██[38;2;189;189;190m██[38;2;95;95;95m██[38;2;192;193;193m██[38;2;189;189;190m██[38;2;64;64;64m████[38;2;67;75;80m██[38;2;64;126;191m██[38;2;68;129;177m██[38;2;0;0;0m          
[38;2;0;0;0m        [38;2;90;82;73m████[38;2;101;92;84m██[38;2;112;105;97m██[38;2;115;107;99m██[38;2;120;111;102m██[38;2;90;86;82m██[38;2;109;147;159m██[38;2;76;132;176m██[38;2;67;75;82m██[38;2;140;149;157m██[38;2;145;145;146m██[38;2;70;82;94m██[38;2;75;90;105m██[38;2;123;122;121m██[38;2;112;105;97m██[38;2;82;95;113m██[38;2;68;129;177m██[38;2;0;0;0m          
[38;2;0;0;0m    [38;2;56;51;46m██[38;2;168;152;136m██[38;2;105;95;85m  [38;2;0;0;0m  [38;2;104;97;91m██[38;2;161;146;131m██[38;2;124;115;105m██[38;2;70;69;68m██[38;2;118;109;101m██[38;2;148;218;241m██[38;2;80;152;208m██[38;2;79;146;199m██[38;2;64;71;79m██[38;2;64;63;62m██[38;2;110;103;96m██[38;2;160;145;130m██[38;2;124;115;105m██[38;2;157;142;128m██[38;2;127;118;108m██[38;2;60;59;58m██[38;2;1;1;1m  [38;2;0;0;0m        
[38;2;0;0;0m  [38;2;75;68;61m  [38;2;168;152;136m██[38;2;88;80;71m██[38;2;0;0;0m  [38;2;83;75;67m  [38;2;151;138;124m██[38;2;70;69;68m██[38;2;142;130;118m██[38;2;112;104;97m██[38;2;86;105;111m██[38;2;110;181;222m██[38;2;75;127;167m██[38;2;26;26;26m██[38;2;0;0;0m  [38;2;2;2;2m  [38;2;100;92;84m██[38;2;112;104;97m██[38;2;142;130;118m██[38;2;114;106;98m██[38;2;140;128;116m██[38;2;110;103;95m██[38;2;106;97;87m██[38;2;0;0;0m        
[38;2;4;3;3m  [38;2;134;121;108m██[38;2;118;106;95m██[38;2;0;0;0m    [38;2;143;129;115m██[38;2;129;119;109m██[38;2;156;142;127m██[38;2;125;116;106m██[38;2;160;145;130m██[38;2;103;135;145m██[38;2;89;161;213m██[38;2;37;70;97m  [38;2;0;0;0m      [38;2;100;91;81m██[38;2;53;53;53m  [38;2;89;81;72m  [38;2;156;142;128m██[38;2;129;119;109m██[38;2;72;71;70m██[38;2;126;116;107m██[38;2;140;126;113m██[38;2;4;4;4m  [38;2;0;0;0m    
[38;2;43;39;35m██[38;2;168;152;136m██[38;2;44;40;36m  [38;2;0;0;0m    [38;2;54;49;44m  [38;2;153;139;125m██[38;2;106;99;93m██[38;2;109;99;90m██[38;2;60;55;49m██[38;2;83;115;134m██[38;2;150;222;247m██[38;2;0;0;0m      [38;2;106;96;86m██[38;2;110;99;89m██[38;2;0;0;0m    [38;2;163;148;132m██[38;2;112;105;97m██[38;2;152;138;125m██[38;2;64;64;64m██[38;2;168;152;136m██[38;2;49;45;40m██[38;2;0;0;0m    
[38;2;0;0;0m            [38;2;144;130;116m██[38;2;16;14;12m  [38;2;0;0;0m    [38;2;30;58;79m  [38;2;79;151;206m██[38;2;0;0;0m    [38;2;87;78;70m██[38;2;168;152;136m██[38;2;74;67;60m██[38;2;0;0;0m    [38;2;18;16;15m██[38;2;111;104;97m██[38;2;155;141;127m██[38;2;98;93;88m██[38;2;75;72;70m██[38;2;168;152;136m██[38;2;0;0;0m    
[38;2;0;0;0m                      [38;2;26;49;68m  [38;2;0;0;0m    [38;2;140;127;113m██[38;2;163;148;132m██[38;2;25;22;20m  [38;2;0;0;0m    [38;2;18;16;15m██[38;2;168;152;136m██[38;2;79;77;74m██[38;2;70;65;59m██[38;2;10;9;8m  [38;2;57;51;46m██[38;2;0;0;0m    
[38;2;0;0;0m                            [38;2;168;152;136m██[38;2;161;146;130m██[38;2;0;0;0m      [38;2;45;41;36m██[38;2;156;142;127m██[38;2;70;68;65m██[38;2;0;0;0m          
[38;2;0;0;0m                            [38;2;168;152;136m██[38;2;161;146;130m██[38;2;0;0;0m      [38;2;168;152;136m██[38;2;102;96;90m██[38;2;42;38;34m  [38;2;0;0;0m          
[38;2;0;0;0m                            [38;2;156;142;128m██[38;2;139;127;115m██[38;2;0;0;0m      [38;2;131;118;106m██[38;2;48;43;39m  [38;2;0;0;0m            
[38;2;0;0;0m                            [38;2;30;28;26m██[38;2;16;16;16m  [38;2;0;0;0m                      [0m
