
[38;2;0;0;0m        ██████████                    
[38;2;0;0;0m    ████[38;2;247;148;119m██████[38;2;231;132;111m████[38;2;0;0;0m████                
[38;2;0;0;0m  [38;2;0;4;8m██[38;2;247;156;127m██[38;2;247;148;119m██████████████[38;2;214;115;102m██[38;2;0;0;0m██              
[38;2;0;0;0m  [38;2;0;4;8m██[38;2;82;55;48m██[38;2;247;148;119m████████████████[38;2;214;115;102m██[38;2;0;0;0m██            
[38;2;0;0;0m██[38;2;66;66;66m██[38;2;247;148;119m██[38;2;66;66;66m██[38;2;247;148;119m██[38;2;66;66;66m██[38;2;192;121;101m██[38;2;247;148;119m████████[38;2;239;156;127m██[38;2;0;8;16m██[38;2;0;0;0m            
[38;2;0;0;0m██[38;2;247;148;119m██████[38;2;66;66;66m██[38;2;255;148;119m██[38;2;66;66;66m██[38;2;247;148;119m██████[38;2;214;115;102m██[38;2;80;57;53m████[38;2;0;0;0m██          
[38;2;0;0;0m██[38;2;247;148;119m██████████[38;2;66;66;66m██[38;2;247;148;119m██████[38;2;66;66;66m██[38;2;255;239;223m██[38;2;74;61;58m██[38;2;0;0;0m██          
[38;2;0;0;0m██[38;2;247;148;119m██████████[38;2;66;66;66m██████[38;2;247;148;119m██[38;2;66;66;66m██[38;2;74;61;58m██[38;2;195;180;168m██[38;2;0;0;0m██          
[38;2;0;0;0m██[38;2;239;140;111m████[38;2;247;148;119m██████████[38;2;66;66;66m██[38;2;247;148;119m██████[38;2;214;115;102m██[38;2;80;57;53m██[38;2;0;8;16m██[38;2;0;0;0m██      
[38;2;0;0;0m  ██[38;2;239;140;111m██[38;2;247;148;119m██████████[38;2;66;66;66m██████[38;2;214;115;102m████[38;2;80;57;53m██[38;2;239;156;127m██[38;2;66;66;66m██[38;2;0;0;0m██    
[38;2;0;0;0m  ██[38;2;214;115;102m████[38;2;247;148;119m████████[38;2;214;115;102m██[38;2;214;118;102m████[38;2;214;115;102m██[38;2;66;66;66m██[38;2;247;148;119m████[38;2;178;165;149m██[38;2;24;0;0m██[38;2;0;0;0m    
[38;2;0;0;0m    ██[38;2;214;115;102m████████████[38;2;214;118;102m████[38;2;214;115;102m██[38;2;66;66;66m██[38;2;247;148;119m████[38;2;178;165;149m██[38;2;255;247;223m██[38;2;0;0;0m██  
[38;2;0;0;0m      ████[38;2;214;119;102m████[38;2;214;115;102m██████[38;2;66;66;66m██[38;2;123;57;51m██[38;2;167;123;116m██[38;2;222;115;94m██[38;2;233;162;145m██[38;2;239;255;255m██[38;2;206;115;104m██[38;2;214;115;102m██[38;2;0;0;0m██
[38;2;0;0;0m          [38;2;0;12;16m██[38;2;71;48;45m██[38;2;66;66;66m██████[38;2;214;115;102m██[38;2;167;123;116m██[38;2;255;255;247m████[38;2;222;115;94m██[38;2;222;185;180m██[38;2;206;115;104m██[38;2;214;115;102m██[38;2;0;0;0m██
[38;2;0;0;0m        ██[38;2;189;102;85m████[38;2;231;181;183m██[38;2;157;121;122m██[38;2;214;115;102m████[38;2;231;255;255m██[38;2;236;148;122m██[38;2;255;148;119m██[38;2;74;66;66m██[38;2;71;52;53m██[38;2;214;123;110m██[38;2;214;115;102m██[38;2;0;0;0m██
[38;2;0;0;0m        ██[38;2;189;102;85m████[38;2;8;0;0m████[38;2;189;189;189m████[38;2;234;201;188m██[38;2;236;148;122m██[38;2;255;148;119m██[38;2;195;121;101m██[38;2;71;52;53m██[38;2;0;16;24m██[38;2;0;0;0m██  
[38;2;0;0;0m          ████    ██████[38;2;189;99;85m██[38;2;247;148;119m████[38;2;0;0;0m██      
[38;2;0;0;0m                        ██[38;2;247;148;119m████[38;2;0;0;0m██      
[38;2;0;0;0m                          ████        [0m
