
[38;2;0;0;0m                [38;2;49;49;49m████[38;2;0;0;0m                      
[38;2;0;0;0m              [38;2;49;49;49m██[38;2;115;189;65m████[38;2;49;49;49m██████[38;2;0;0;0m                
[38;2;0;0;0m            [38;2;49;49;49m██[38;2;164;222;57m████[38;2;65;139;74m██[38;2;164;222;57m████[38;2;65;139;74m██[38;2;49;49;49m██[38;2;0;0;0m              
[38;2;0;0;0m            [38;2;49;49;49m██[38;2;164;222;57m██[38;2;90;164;74m██[38;2;164;222;57m████████[38;2;49;49;49m██[38;2;0;0;0m              
[38;2;0;0;0m          [38;2;49;49;49m██[38;2;213;189;90m██[38;2;164;222;57m██[38;2;90;164;74m██[38;2;164;222;57m██████[38;2;115;189;65m██[38;2;49;49;49m██[38;2;0;0;0m              
[38;2;0;0;0m  [38;2;49;49;49m████[38;2;0;0;0m    [38;2;49;49;49m██[38;2;213;189;90m██[38;2;164;222;57m██[38;2;90;164;74m██[38;2;164;222;57m██[38;2;115;189;65m██[38;2;49;49;49m██[38;2;213;189;90m██[38;2;115;189;65m██[38;2;49;49;49m██[38;2;0;0;0m            
[38;2;49;49;49m██[38;2;115;189;65m██[38;2;49;49;49m██[38;2;0;0;0m    [38;2;49;49;49m██[38;2;90;164;74m██[38;2;164;222;57m████[38;2;115;189;65m██[38;2;255;255;255m██[38;2;82;82;82m██[38;2;246;230;41m██[38;2;115;189;65m██[38;2;49;49;49m██[38;2;0;0;0m            
[38;2;49;49;49m██[38;2;90;164;74m██[38;2;65;139;74m██[38;2;49;49;49m████[38;2;164;222;57m████████[38;2;115;189;65m██[38;2;246;230;41m██[38;2;49;49;49m██[38;2;246;230;41m██[38;2;90;164;74m██[38;2;49;49;49m██[38;2;0;0;0m            
[38;2;49;49;49m██[38;2;82;82;82m██[38;2;90;164;74m████[38;2;82;82;82m██[38;2;164;222;57m████[38;2;115;189;65m██[38;2;164;222;57m██████[38;2;246;230;41m██[38;2;90;164;74m██[38;2;49;49;49m██[38;2;0;0;0m      [38;2;49;49;49m████[38;2;0;0;0m    
[38;2;0;0;0m  [38;2;49;49;49m██████[38;2;90;164;74m██[38;2;82;82;82m██[38;2;164;222;57m██████[38;2;90;164;74m██[38;2;230;90;106m████[38;2;49;49;49m██[38;2;0;0;0m      [38;2;49;49;49m██[38;2;164;222;57m██[38;2;82;82;82m██[38;2;49;49;49m██[38;2;0;0;0m  
[38;2;0;0;0m        [38;2;49;49;49m██████[38;2;90;164;74m████[38;2;230;90;106m██[38;2;180;82;106m██[38;2;90;164;74m██[38;2;49;49;49m██████[38;2;82;82;82m██[38;2;164;222;57m████[38;2;65;139;74m██[38;2;115;189;65m██[38;2;49;49;49m██
[38;2;0;0;0m              [38;2;49;49;49m██[38;2;180;82;106m██[38;2;90;164;74m████[38;2;82;82;82m██[38;2;90;164;74m██[38;2;115;189;65m██[38;2;164;222;57m██████[38;2;65;139;74m██[38;2;49;49;49m████[38;2;0;0;0m  
[38;2;0;0;0m              [38;2;49;49;49m██[38;2;238;139;148m██[38;2;230;90;106m██[38;2;115;189;65m██[38;2;82;82;82m████[38;2;49;49;49m██████████[38;2;0;0;0m      
[38;2;0;0;0m            [38;2;49;49;49m██[38;2;180;82;106m██[38;2;238;139;148m████[38;2;230;90;106m██[38;2;115;189;65m██[38;2;49;49;49m██[38;2;0;0;0m          [38;2;49;49;49m████[38;2;0;0;0m  
[38;2;0;0;0m            [38;2;49;49;49m██[38;2;238;139;148m████[38;2;230;90;106m██[38;2;180;82;106m██[38;2;115;189;65m██[38;2;82;82;82m██[38;2;49;49;49m██████████[38;2;90;197;98m██[38;2;65;139;74m██[38;2;49;49;49m██
[38;2;0;0;0m            [38;2;49;49;49m██[38;2;180;82;106m████[38;2;230;90;106m██[38;2;180;82;106m██[38;2;115;189;65m██[38;2;82;82;82m████[38;2;65;139;74m████[38;2;90;197;98m██[38;2;65;139;74m████[38;2;90;197;98m██[38;2;49;49;49m██
[38;2;0;0;0m          [38;2;49;49;49m██[38;2;82;82;82m████[38;2;230;90;106m██[38;2;180;82;106m██[38;2;115;189;65m██[38;2;65;139;74m██[38;2;90;164;74m██[38;2;49;49;49m████[38;2;65;139;74m████[38;2;90;197;98m████[38;2;49;49;49m██[38;2;0;0;0m  
[38;2;0;0;0m          [38;2;49;49;49m██[38;2;115;189;65m██[38;2;90;164;74m██[38;2;82;82;82m██[38;2;49;49;49m████[38;2;90;164;74m████[38;2;49;49;49m██[38;2;0;0;0m  [38;2;49;49;49m████████[38;2;0;0;0m    
[38;2;0;0;0m            [38;2;49;49;49m██████[38;2;0;0;0m  [38;2;49;49;49m██[38;2;90;164;74m██[38;2;115;189;65m██[38;2;90;164;74m██[38;2;49;49;49m██[38;2;0;0;0m            
[38;2;0;0;0m                    [38;2;49;49;49m██[38;2;164;222;57m██[38;2;82;82;82m██[38;2;164;222;57m██[38;2;49;49;49m██[38;2;0;0;0m            
[38;2;0;0;0m                      [38;2;49;49;49m██████[38;2;0;0;0m              [0m
