
[38;2;0;0;0m                                                        [38;2;0;4;0m████[38;2;0;0;0m                
[38;2;0;0;0m                    [38;2;0;4;0m████[38;2;0;0;0m              [38;2;0;4;0m██[38;2;0;0;0m              [38;2;0;4;0m██[38;2;140;115;116m████[38;2;0;4;0m██[38;2;0;0;0m              
[38;2;0;0;0m                  [38;2;0;4;0m██[38;2;140;115;116m████[38;2;0;4;0m██[38;2;0;0;0m      [38;2;0;4;0m██[38;2;0;0;0m  [38;2;0;4;0m██[38;2;90;173;122m██[38;2;0;4;0m██[38;2;0;0;0m  [38;2;0;4;0m██[38;2;0;0;0m      [38;2;0;4;0m██[38;2;140;115;116m████[38;2;0;4;0m██[38;2;0;0;0m                
[38;2;0;0;0m                    [38;2;0;4;0m██[38;2;140;115;116m████[38;2;0;4;0m██[38;2;0;0;0m  [38;2;0;4;0m██[38;2;189;165;125m██[38;2;0;4;0m██[38;2;90;173;122m██████[38;2;0;4;0m██[38;2;90;173;122m██[38;2;0;4;0m██[38;2;0;0;0m    [38;2;0;4;0m██[38;2;140;115;116m████[38;2;0;4;0m██[38;2;0;0;0m                
[38;2;0;0;0m                      [38;2;0;4;0m██[38;2;137;118;116m██[38;2;0;8;0m██[38;2;0;0;0m  [38;2;0;4;0m██[38;2;198;165;134m██[38;2;66;66;71m██[38;2;88;178;122m████████[38;2;90;173;122m██[38;2;0;4;0m██[38;2;0;0;0m      [38;2;0;4;0m██[38;2;193;164;125m██[38;2;140;115;116m██[38;2;0;4;0m██[38;2;0;0;0m              
[38;2;0;0;0m                      [38;2;0;4;0m██[38;2;137;118;116m██[38;2;69;63;58m██[38;2;0;4;0m██[38;2;140;115;116m██[38;2;132;115;103m██[38;2;66;66;71m██[38;2;88;178;122m██[38;2;68;134;98m████[38;2;88;178;122m██[38;2;0;4;0m██[38;2;0;0;0m        [38;2;0;4;0m██[38;2;193;164;125m████[38;2;0;4;0m██[38;2;0;0;0m              
[38;2;0;0;0m                    [38;2;0;4;0m██[38;2;140;115;116m██[38;2;57;74;65m██[38;2;90;101;90m██[38;2;66;66;71m██[38;2;132;115;103m██[38;2;192;165;123m██[38;2;66;66;66m██[38;2;70;136;98m████[38;2;69;136;95m████[38;2;82;119;98m██[38;2;8;0;0m██[38;2;0;0;0m  [38;2;0;4;0m██[38;2;0;8;8m██[38;2;198;165;142m██[38;2;132;111;92m██[38;2;198;165;134m██[38;2;0;4;0m██[38;2;0;0;0m              
[38;2;0;0;0m                    [38;2;0;4;0m██[38;2;140;115;116m██[38;2;123;129;115m██[38;2;57;74;65m██[38;2;66;66;71m██[38;2;198;165;134m██[38;2;192;165;123m████[38;2;66;66;66m██[38;2;70;136;98m██[38;2;69;136;95m████[38;2;57;79;65m████[38;2;0;4;0m██[38;2;189;165;125m██[38;2;132;113;97m████[38;2;198;165;134m██[38;2;0;4;8m██[38;2;0;0;0m                
[38;2;0;0;0m                    [38;2;0;4;0m██[38;2;140;115;116m██[38;2;140;118;113m████[38;2;140;115;112m██[38;2;66;66;66m██[38;2;198;165;134m██[38;2;135;115;105m██[38;2;140;119;108m██[38;2;69;67;58m██[38;2;66;66;66m██[38;2;140;115;112m██[38;2;140;115;113m██[38;2;189;165;125m██[38;2;192;165;125m████████[38;2;189;165;125m██[38;2;0;4;0m██[38;2;0;0;0m                
[38;2;0;0;0m                      [38;2;0;4;0m██[38;2;140;118;113m████[38;2;140;115;112m████[38;2;71;66;77m██[38;2;135;115;105m██[38;2;104;93;83m██[38;2;140;119;108m██[38;2;140;115;112m████[38;2;140;115;113m████[38;2;192;165;125m████████[38;2;0;4;0m██[38;2;0;0;0m                  
[38;2;0;0;0m                        [38;2;0;4;0m████[38;2;137;118;119m██[38;2;69;63;63m██[38;2;74;61;66m████[38;2;66;66;66m██████[38;2;140;115;112m██[38;2;113;93;73m████[38;2;132;111;95m██[38;2;198;165;142m██[38;2;0;4;0m████[38;2;0;0;0m                    
[38;2;0;0;0m            [38;2;0;4;0m████[38;2;0;0;0m            [38;2;0;8;8m██[38;2;69;63;63m██[38;2;195;152;171m██[38;2;255;198;223m██[38;2;247;140;167m██[38;2;66;66;66m████[38;2;140;115;112m██[38;2;140;115;116m████[38;2;0;4;0m████[38;2;0;0;0m            [38;2;0;4;0m████[38;2;0;0;0m        
[38;2;0;0;0m            [38;2;0;4;0m██[38;2;140;115;116m██[38;2;0;4;0m██[38;2;0;0;0m          [38;2;0;4;0m██[38;2;189;165;125m██[38;2;66;70;66m██[38;2;247;165;159m██[38;2;66;66;66m████[38;2;107;90;75m██[38;2;148;126;103m██[38;2;140;115;116m██[38;2;0;4;0m██[38;2;0;0;0m              [38;2;0;4;0m██[38;2;189;165;125m██[38;2;0;4;0m██[38;2;0;0;0m        
[38;2;0;0;0m              [38;2;0;4;0m██[38;2;140;115;116m██[38;2;0;4;0m██[38;2;0;0;0m      [38;2;0;4;0m██[38;2;189;165;125m████[38;2;187;133;128m██[38;2;66;70;66m██[38;2;66;66;66m██[38;2;113;93;73m██[38;2;190;162;131m██[38;2;107;90;75m██[38;2;140;115;116m██[38;2;0;4;0m██[38;2;0;0;0m            [38;2;0;4;0m██[38;2;189;165;125m██[38;2;0;4;0m██[38;2;0;0;0m          
[38;2;0;0;0m          [38;2;0;4;0m██[38;2;0;0;0m  [38;2;0;4;0m██[38;2;137;117;116m██[38;2;0;4;0m██[38;2;0;0;0m        [38;2;0;4;0m██[38;2;189;165;125m██[38;2;192;165;123m████████[38;2;198;165;126m██[38;2;110;96;81m██[38;2;140;115;116m████[38;2;0;4;0m██[38;2;0;0;0m          [38;2;0;8;0m██[38;2;181;173;133m██[38;2;0;4;0m██[38;2;0;0;0m          
[38;2;0;0;0m    [38;2;0;4;0m██[38;2;0;0;0m  [38;2;0;4;0m██[38;2;90;173;122m██[38;2;0;4;0m██[38;2;140;115;116m██[38;2;69;60;58m██[38;2;0;4;0m██[38;2;0;0;0m        [38;2;0;4;0m██[38;2;189;165;125m██[38;2;66;66;66m████[38;2;192;165;123m██[38;2;66;66;66m██[38;2;66;61;58m██[38;2;198;165;126m██[38;2;0;4;0m████[38;2;0;0;0m        [38;2;0;4;0m████[38;2;121;118;89m████[38;2;66;65;66m██[38;2;0;4;0m██[38;2;0;0;0m        
[38;2;0;0;0m  [38;2;0;4;0m██[38;2;90;173;122m██[38;2;8;0;0m██[38;2;74;125;87m██[38;2;82;181;114m██[38;2;82;173;114m██[38;2;66;66;66m██[38;2;90;189;130m██[38;2;0;8;8m██[38;2;0;0;0m          [38;2;0;4;0m██[38;2;66;66;66m██████████[38;2;0;4;0m██[38;2;0;0;0m          [38;2;0;4;0m██[38;2;88;176;120m██[38;2;66;66;66m██[38;2;88;176;120m██[38;2;66;66;66m██[38;2;86;177;122m████[38;2;0;4;0m██[38;2;0;0;0m      
[38;2;0;0;0m  [38;2;0;4;0m██[38;2;90;173;122m██[38;2;49;86;61m██[38;2;65;68;60m████[38;2;77;137;98m████[38;2;60;129;89m████[38;2;0;4;0m██[38;2;0;0;0m          [38;2;0;4;0m██[38;2;66;66;66m██████████[38;2;0;4;0m██[38;2;0;0;0m        [38;2;0;4;0m██[38;2;88;176;120m████████[38;2;74;140;74m██[38;2;86;177;122m██[38;2;90;173;122m██[38;2;0;4;0m████[38;2;0;0;0m  
[38;2;0;0;0m    [38;2;0;8;0m██[38;2;93;85;72m██[38;2;140;118;113m████[38;2;71;69;66m██[38;2;66;132;98m██[38;2;68;134;98m██[38;2;88;178;122m██[38;2;69;63;63m██[38;2;0;8;8m██[38;2;0;4;0m████[38;2;0;0;0m  [38;2;0;4;0m██[38;2;192;165;123m██[38;2;66;66;66m██[38;2;192;165;123m██[38;2;66;66;66m██[38;2;198;165;126m██[38;2;135;115;100m██[38;2;66;60;55m██[38;2;0;8;16m██[38;2;0;0;0m    [38;2;0;4;0m██[38;2;90;173;122m██[38;2;135;147;111m██[38;2;104;112;88m██[38;2;115;94;75m████[38;2;86;174;122m████[38;2;74;140;74m██████[38;2;0;4;0m██
[38;2;0;0;0m  [38;2;0;4;0m██[38;2;93;85;72m██[38;2;140;123;108m██[38;2;140;118;113m████[38;2;71;69;66m████[38;2;68;134;98m████[38;2;69;63;63m██[38;2;137;118;119m██[38;2;140;115;116m████[38;2;0;4;0m██[38;2;66;65;66m██[38;2;192;165;123m████████[38;2;198;165;126m██[38;2;71;66;74m██[38;2;66;60;55m██[38;2;198;165;134m██[38;2;0;4;0m██████[38;2;90;173;122m██[38;2;74;78;66m██[38;2;165;181;133m██[38;2;192;163;126m████[38;2;115;94;75m████[38;2;74;140;74m██[38;2;86;177;122m██[38;2;0;4;0m██[38;2;0;0;0m  
[38;2;0;4;0m██[38;2;140;115;116m██[38;2;91;82;77m██[38;2;140;115;116m██[38;2;66;66;66m████[38;2;90;82;66m██[38;2;107;93;83m██[38;2;66;66;66m██[38;2;70;136;98m██[38;2;66;132;98m██[38;2;0;4;0m████████[38;2;66;65;66m██[38;2;135;115;105m██[38;2;198;165;134m██[38;2;192;165;123m████[38;2;140;115;112m██[38;2;66;66;66m██[38;2;132;113;100m██[38;2;198;165;142m██[38;2;189;165;125m████[38;2;79;80;68m████[38;2;193;164;125m██[38;2;140;115;116m██[38;2;193;164;125m██[38;2;140;115;116m████[38;2;193;164;125m██[38;2;0;16;0m██[38;2;90;98;66m██[38;2;74;140;74m██[38;2;0;4;0m██
[38;2;0;4;0m██[38;2;140;115;116m████[38;2;66;66;58m██[38;2;82;80;69m████[38;2;140;115;116m████[38;2;66;66;66m██[38;2;70;136;98m██[38;2;0;4;0m██[38;2;0;0;0m        [38;2;0;4;0m██[38;2;135;115;105m██[38;2;71;66;77m██[38;2;192;165;123m██[38;2;66;66;66m██[38;2;140;115;112m████[38;2;66;60;58m██[38;2;0;8;16m██[38;2;0;4;0m██[38;2;189;165;125m██[38;2;79;80;68m██[38;2;189;165;125m██[38;2;193;164;125m████[38;2;140;115;116m██[38;2;193;164;125m████[38;2;140;115;116m██[38;2;181;181;133m██[38;2;0;16;0m██[38;2;74;140;74m██[38;2;0;4;0m██
[38;2;0;0;0m  [38;2;0;4;0m██[38;2;140;115;116m██[38;2;0;4;0m██[38;2;140;115;116m██████[38;2;0;4;0m██████[38;2;0;0;0m            [38;2;0;8;16m██[38;2;66;60;55m██[38;2;66;66;66m████████[38;2;0;4;0m██[38;2;0;0;0m    [38;2;0;4;0m████[38;2;189;165;125m██[38;2;198;165;134m██[38;2;132;111;92m██[38;2;0;4;0m██[38;2;189;165;125m██[38;2;192;165;125m████[38;2;113;93;73m██[38;2;140;115;116m██[38;2;0;4;0m██[38;2;0;0;0m  
[38;2;0;0;0m    [38;2;0;4;0m██[38;2;0;0;0m  [38;2;0;4;0m██████[38;2;0;0;0m                [38;2;0;4;0m██[38;2;198;165;134m██[38;2;66;60;55m██[38;2;192;165;123m██[38;2;66;66;66m████[38;2;140;115;112m██[38;2;111;92;75m██[38;2;0;4;0m██[38;2;0;0;0m      [38;2;0;4;0m██[38;2;198;165;134m██[38;2;0;4;8m██[38;2;0;0;0m  [38;2;0;4;0m██[38;2;192;165;125m████[38;2;113;93;73m██[38;2;140;115;116m██[38;2;0;4;0m██[38;2;0;0;0m  
[38;2;0;0;0m                          [38;2;0;4;0m████[38;2;110;95;83m██[38;2;193;164;125m██████[38;2;140;115;116m██[38;2;115;94;75m██[38;2;137;116;113m██[38;2;113;93;73m██[38;2;140;115;116m██[38;2;0;4;0m██[38;2;0;0;0m      [38;2;0;4;0m██[38;2;0;0;0m    [38;2;0;4;0m██[38;2;189;165;125m██[38;2;0;4;0m██[38;2;140;115;116m██[38;2;0;4;0m██[38;2;0;0;0m    
[38;2;0;0;0m                    [38;2;0;4;0m██████[38;2;156;140;132m██[38;2;165;140;125m██[38;2;110;95;83m██[38;2;193;164;125m██[38;2;140;115;116m██[38;2;193;164;125m██[38;2;140;115;116m██[38;2;137;116;113m████[38;2;140;115;116m██[38;2;113;93;73m██[38;2;189;165;125m██[38;2;0;4;0m████[38;2;0;0;0m          [38;2;0;4;0m██[38;2;0;0;0m  [38;2;0;4;0m██[38;2;0;0;0m      
[38;2;0;0;0m                  [38;2;0;4;0m██[38;2;159;139;127m████[38;2;164;141;114m██[38;2;115;94;75m████[38;2;192;163;126m██[38;2;132;113;97m████[38;2;137;116;113m████[38;2;115;94;75m████[38;2;137;116;113m████[38;2;132;111;95m██[38;2;198;165;142m██[38;2;189;165;125m██[38;2;0;4;0m██[38;2;0;0;0m                    
[38;2;0;0;0m                  [38;2;0;4;0m██[38;2;159;139;127m██[38;2;0;4;0m██[38;2;115;94;75m██[38;2;189;165;133m██[38;2;192;163;126m████[38;2;198;165;142m██[38;2;0;8;8m██[38;2;137;116;113m██[38;2;115;94;75m██[38;2;192;163;126m████[38;2;115;94;75m██[38;2;137;116;113m██[38;2;0;4;0m████[38;2;189;165;125m████[38;2;0;4;0m██[38;2;0;0;0m                  
[38;2;0;0;0m                    [38;2;0;4;0m██[38;2;0;0;0m  [38;2;0;4;0m██[38;2;189;165;125m████[38;2;140;115;113m██[38;2;0;4;0m██[38;2;0;0;0m  [38;2;0;4;0m████[38;2;189;165;125m████[38;2;99;86;63m██[38;2;0;8;0m██[38;2;0;0;0m    [38;2;0;4;0m██[38;2;189;165;125m██[38;2;0;4;0m██[38;2;0;0;0m                  
[38;2;0;0;0m                          [38;2;0;4;0m██[38;2;140;115;113m████[38;2;0;4;0m██[38;2;0;0;0m      [38;2;0;4;0m██[38;2;189;165;125m██[38;2;198;165;126m██[38;2;0;8;0m██[38;2;0;0;0m      [38;2;0;4;0m██[38;2;0;0;0m                    
[38;2;0;0;0m                            [38;2;0;4;0m████[38;2;0;0;0m        [38;2;0;4;0m██[38;2;189;165;125m██[38;2;111;92;75m██[38;2;0;4;0m██[38;2;0;0;0m                            
[38;2;0;0;0m                                          [38;2;0;4;0m████[38;2;0;0;0m                              [0m
