
[38;2;0;0;0m                        ████████                              
[38;2;0;0;0m                      ██[38;2;255;255;255m████[38;2;170;170;170m████[38;2;0;0;0m██        ██████              
[38;2;0;0;0m                    ██[38;2;255;255;255m████████[38;2;0;0;0m██        ██[38;2;255;255;255m██████[38;2;0;0;0m██            
[38;2;0;0;0m                    ██[38;2;170;170;170m██[38;2;255;255;255m████[38;2;0;0;0m██          ██[38;2;170;170;170m████[38;2;0;0;0m██              
[38;2;0;0;0m                  ██[38;2;255;255;255m██████████[38;2;0;0;0m██      ██[38;2;255;255;255m██████[38;2;170;170;170m██[38;2;0;0;0m██    ██████  
[38;2;0;0;0m                ██[38;2;170;170;170m██[38;2;255;255;255m██████████[38;2;0;0;0m██    ██[38;2;255;255;255m██████████[38;2;0;0;0m██  [38;2;0;0;8m██[38;2;82;143;170m██[38;2;132;222;252m██[38;2;90;137;162m██[38;2;0;0;0m██
[38;2;0;0;0m              ██[38;2;255;255;255m████[38;2;170;175;173m████[38;2;255;255;255m████[38;2;170;170;170m██[38;2;255;255;255m██[38;2;0;0;0m██  ██[38;2;255;255;255m████████████[38;2;0;0;0m██[38;2;82;143;170m██[38;2;123;214;251m██[38;2;49;53;73m██[38;2;132;222;252m██[38;2;0;0;0m██
[38;2;0;0;0m            ██[38;2;239;247;239m██[38;2;255;255;255m██████████████████[38;2;8;4;8m██[38;2;255;255;255m██[38;2;170;175;173m████[38;2;255;255;255m██████[38;2;82;156;206m██[38;2;140;231;252m██[38;2;82;156;206m████[38;2;123;214;251m██[38;2;82;143;170m██[38;2;0;0;0m██
[38;2;0;0;0m          ██[38;2;239;247;239m██[38;2;159;165;159m██[38;2;255;255;255m██[38;2;148;150;140m██[38;2;148;148;140m████[38;2;255;255;255m████████[38;2;90;88;90m██[38;2;255;255;255m████████████[38;2;82;156;202m██[38;2;140;231;252m██[38;2;82;156;206m██[38;2;140;231;252m██[38;2;82;156;206m██[38;2;82;143;170m██[38;2;0;0;8m██[38;2;0;0;0m  
[38;2;0;0;0m        ██[38;2;222;247;230m██[38;2;162;134;191m██[38;2;222;247;230m██[38;2;148;148;140m██[38;2;173;181;170m██[38;2;222;247;230m██[38;2;178;170;197m██[38;2;148;148;140m██[38;2;255;255;255m████[38;2;96;96;96m██[38;2;255;255;255m██████████████[38;2;57;115;185m██[38;2;140;231;252m████[38;2;82;156;202m██[38;2;0;0;0m████    
[38;2;0;0;0m        ██[38;2;222;247;230m██[38;2;162;134;191m██[38;2;222;247;230m██[38;2;148;148;140m██[38;2;222;247;230m██[38;2;156;132;180m██[38;2;222;247;230m██[38;2;148;148;140m██[38;2;255;255;255m████[38;2;96;96;96m██[38;2;255;255;255m████████████████[38;2;57;118;185m████[38;2;0;0;0m██        
[38;2;0;0;0m        [38;2;0;4;0m██[38;2;239;255;247m██[38;2;156;142;164m██[38;2;222;247;230m██[38;2;148;148;140m██[38;2;222;247;230m██[38;2;162;134;191m██[38;2;222;247;230m██[38;2;148;148;140m██[38;2;131;197;214m██[38;2;99;99;91m██[38;2;151;151;146m██[38;2;148;148;140m██[38;2;255;255;255m██████████████████[38;2;0;0;0m██        
[38;2;0;0;0m      ██[38;2;239;255;247m██[38;2;159;171;165m██[38;2;222;247;230m██[38;2;156;142;164m██[38;2;173;181;170m██[38;2;222;247;230m██[38;2;162;134;191m██[38;2;222;247;230m██[38;2;148;148;140m██[38;2;123;222;251m██[38;2;99;99;91m██[38;2;255;255;255m████[38;2;148;148;140m██[38;2;255;255;255m████[38;2;148;148;140m████[38;2;255;255;255m██[38;2;112;178;224m██[38;2;139;226;251m██[38;2;255;255;255m██[38;2;0;0;0m██        
[38;2;0;0;0m  ██[38;2;0;0;24m██[38;2;189;239;253m██[38;2;255;255;255m██[38;2;160;133;192m████[38;2;255;255;255m████[38;2;164;148;184m██[38;2;222;247;230m██[38;2;156;140;175m██[38;2;255;255;255m██[38;2;96;96;96m██[38;2;255;255;255m██████████[38;2;148;150;140m██[38;2;255;255;255m████[38;2;123;156;163m██[38;2;185;205;209m██[38;2;112;178;224m██[38;2;255;255;255m████[38;2;0;0;0m██      
[38;2;0;0;0m██[38;2;140;231;252m██[38;2;189;239;253m██[38;2;94;119;138m██[38;2;255;255;255m██[38;2;160;133;192m██████[38;2;164;148;184m████[38;2;156;140;175m████[38;2;255;255;255m██████[38;2;160;133;192m████[38;2;255;255;255m██████████[38;2;247;255;255m████[38;2;255;255;255m██████[38;2;0;0;0m██      
[38;2;0;0;0m  ██[38;2;189;239;253m██[38;2;94;119;138m██[38;2;255;255;255m████[38;2;160;133;192m██████████[38;2;255;255;255m████████[38;2;160;133;192m██[38;2;159;136;191m████████████[38;2;160;133;192m██[38;2;255;255;255m██████████[38;2;0;4;0m████[38;2;0;0;0m  
[38;2;0;0;0m    [38;2;0;0;24m██[38;2;189;239;253m██[38;2;255;255;255m██████████[38;2;160;133;192m██[38;2;255;255;255m████████████[38;2;159;136;191m████████████[38;2;255;255;255m██████[38;2;57;115;185m██[38;2;82;156;202m████[38;2;255;255;255m██[38;2;127;129;127m██[38;2;0;0;0m██
[38;2;0;0;0m    ██[38;2;255;255;255m████████████████[38;2;99;189;235m██[38;2;151;211;242m██[38;2;255;255;255m██[38;2;140;231;252m██[38;2;111;181;223m██[38;2;255;255;255m████████████[38;2;111;181;223m██[38;2;140;231;252m██[38;2;57;119;185m██[38;2;85;156;207m██[38;2;140;231;252m████[38;2;57;115;185m██[38;2;255;255;255m██[38;2;0;0;0m██
[38;2;0;0;0m      ██[38;2;255;255;255m██[38;2;222;226;218m██[38;2;82;156;202m██[38;2;255;255;255m████████[38;2;151;211;242m██[38;2;99;189;235m██[38;2;255;255;255m██[38;2;111;181;223m██[38;2;140;231;252m██[38;2;255;255;255m████████████[38;2;140;231;252m██[38;2;111;181;223m██[38;2;57;119;185m██[38;2;140;231;252m████[38;2;82;156;206m██[38;2;57;115;185m██[38;2;255;255;255m██[38;2;0;0;0m██
[38;2;0;0;0m        ██[38;2;82;156;202m██[38;2;111;181;223m██[38;2;82;156;202m██[38;2;197;222;232m██[38;2;255;255;247m██[38;2;214;231;222m██[38;2;74;156;210m██[38;2;255;255;247m████[38;2;255;255;255m████[38;2;255;255;247m████[38;2;74;156;202m██[38;2;247;255;255m██[38;2;255;255;255m████[38;2;255;255;247m████[38;2;247;255;255m██[38;2;41;115;185m██[38;2;57;115;185m████[38;2;255;255;255m██[38;2;127;129;127m██[38;2;0;0;0m██
[38;2;0;0;0m          ██[38;2;111;181;223m████[38;2;82;156;202m████[38;2;74;156;210m██[38;2;121;181;214m██[38;2;90;156;202m██[38;2;200;222;232m██[38;2;255;255;255m████[38;2;200;222;232m██[38;2;90;156;202m██[38;2;132;189;220m██[38;2;74;156;202m██[38;2;222;226;218m██[38;2;255;255;255m██[38;2;200;222;232m██[38;2;90;156;202m██[38;2;110;162;208m██[38;2;247;255;255m██[38;2;255;255;255m████[38;2;0;4;0m████[38;2;0;0;0m  
[38;2;0;0;0m            ████[38;2;99;173;219m████[38;2;110;181;222m████[38;2;111;181;223m██[38;2;82;156;202m████████[38;2;111;181;223m██[38;2;110;181;222m████[38;2;82;156;202m██████[38;2;111;181;223m████[38;2;82;156;202m████[38;2;0;0;0m██      
[38;2;0;0;0m                ██[38;2;99;173;219m██[38;2;110;181;222m████[38;2;111;181;223m██[38;2;82;156;202m██[38;2;111;181;223m████[38;2;82;156;202m██[38;2;111;181;223m██[38;2;110;181;222m████[38;2;82;156;202m██[38;2;111;181;223m██████[38;2;82;156;202m██[38;2;111;181;223m██[38;2;0;0;0m██        
[38;2;0;0;0m                ██[38;2;140;231;252m██[38;2;107;168;192m██[38;2;132;222;252m██[38;2;82;156;202m██[38;2;101;181;219m██[38;2;82;156;202m██[38;2;111;181;223m████[38;2;82;156;202m██[38;2;107;181;219m██[38;2;66;66;66m██[38;2;111;181;223m████[38;2;115;181;219m████[38;2;0;0;0m████          
[38;2;0;0;0m                  ██[38;2;132;222;252m██[38;2;57;61;73m██[38;2;82;156;202m██[38;2;140;231;252m██[38;2;82;156;202m██[38;2;111;181;223m██████[38;2;66;66;66m██[38;2;107;181;219m██[38;2;82;156;202m██[38;2;111;181;223m██[38;2;49;63;73m██[38;2;16;4;0m██[38;2;0;0;0m              
[38;2;0;0;0m                  ██[38;2;140;231;252m██[38;2;0;0;0m██[38;2;140;231;252m██████[38;2;82;156;206m██[38;2;140;231;252m████[38;2;0;0;0m██[38;2;140;231;252m██[38;2;93;154;171m██[38;2;140;231;252m██[38;2;0;0;0m██                
[38;2;0;0;0m                    ██  ██[38;2;140;231;252m██[38;2;82;156;206m██[38;2;140;231;252m████[38;2;0;0;0m██  ██[38;2;140;231;252m██[38;2;0;0;8m██[38;2;0;0;0m                  
[38;2;0;0;0m                        ██[38;2;82;156;202m██[38;2;140;231;252m████[38;2;0;0;0m██      ██                    
[38;2;0;0;0m                          ██[38;2;82;156;206m██[38;2;140;231;252m██[38;2;0;0;0m██                            
[38;2;0;0;0m                          ██[38;2;140;231;252m██[38;2;0;0;0m██                              
[38;2;0;0;0m                            ██                                [0m
