
[38;2;0;0;0m  [38;2;16;18;21m  [38;2;46;44;50m██[38;2;4;4;4m  [38;2;0;0;0m                                    
[38;2;0;0;0m  [38;2;129;126;144m██[38;2;168;156;177m██[38;2;142;136;154m██[38;2;0;0;0m        [38;2;76;72;103m  [38;2;0;0;0m                          
[38;2;0;0;0m  [38;2;150;143;163m██[38;2;163;150;169m██[38;2;184;176;200m██[38;2;25;24;27m  [38;2;0;0;0m    [38;2;50;48;68m██[38;2;134;127;181m██[38;2;0;0;0m                          
[38;2;0;0;0m  [38;2;37;35;40m  [38;2;170;158;179m██[38;2;181;173;196m██[38;2;100;96;109m██[38;2;0;0;0m  [38;2;65;62;88m  [38;2;160;152;216m██[38;2;58;55;78m██[38;2;0;0;0m                          
[38;2;0;0;0m    [38;2;172;161;182m██[38;2;153;146;164m██[38;2;121;116;131m██[38;2;0;0;0m  [38;2;105;100;142m██[38;2;145;138;196m██[38;2;0;0;0m                            
[38;2;0;0;0m    [38;2;148;141;158m██[38;2;104;103;136m██[38;2;134;130;144m██[38;2;48;48;48m██[38;2;160;152;216m██[38;2;36;34;49m  [38;2;0;0;0m                  [38;2;91;85;88m  [38;2;168;156;162m████[38;2;137;127;132m  [38;2;0;0;0m  
[38;2;0;0;0m    [38;2;111;107;118m██[38;2;114;114;158m██[38;2;73;74;82m██[38;2;159;151;215m██[38;2;160;152;216m██[38;2;0;0;0m            [38;2;20;18;19m  [38;2;56;52;54m██[38;2;122;114;123m██[38;2;213;199;211m██[38;2;194;184;204m██████[38;2;197;186;205m██[38;2;58;54;57m██
[38;2;0;0;0m    [38;2;38;38;51m██[38;2;118;118;165m██[38;2;112;114;150m██[38;2;159;151;215m██[38;2;94;89;127m██[38;2;0;0;0m    [38;2;21;20;29m  [38;2;120;114;162m██[38;2;0;0;0m  [38;2;137;127;132m  [38;2;158;150;169m██[38;2;193;183;203m██[38;2;214;200;212m████[38;2;224;208;216m██████[38;2;222;206;215m██[38;2;58;54;57m██
[38;2;0;0;0m    [38;2;43;43;61m██[38;2;110;112;153m██[38;2;127;125;170m██[38;2;160;152;216m██[38;2;72;69;98m██[38;2;3;3;4m  [38;2;116;110;157m██[38;2;147;141;199m██[38;2;86;86;102m██[38;2;142;140;153m██[38;2;197;186;205m██[38;2;224;208;216m████████[38;2;213;199;211m██████[38;2;205;192;202m██[38;2;45;42;44m  
[38;2;0;0;0m    [38;2;90;92;123m██[38;2;135;132;181m██[38;2;160;152;216m████[38;2;105;101;134m██[38;2;123;117;166m██[38;2;114;110;143m██[38;2;77;78;90m██[38;2;157;151;162m██[38;2;199;188;206m██[38;2;222;206;215m██[38;2;224;208;216m██[38;2;196;186;205m██[38;2;193;183;203m████[38;2;214;200;212m██████[38;2;37;36;40m  [38;2;0;0;0m  
[38;2;0;0;0m  [38;2;50;50;50m  [38;2;140;136;193m██[38;2;160;152;215m██[38;2;132;130;177m██[38;2;100;104;132m██[38;2;160;152;216m██[38;2;129;124;168m██[38;2;68;70;74m██[38;2;118;120;138m██[38;2;171;157;173m██[38;2;221;205;214m██[38;2;213;199;211m██[38;2;194;184;204m████[38;2;203;191;207m██[38;2;213;199;211m████[38;2;218;203;211m██[38;2;61;56;58m  [38;2;0;0;0m    
[38;2;37;40;40m  [38;2;115;117;117m██[38;2;160;152;216m██[38;2;160;152;215m██[38;2;160;152;216m██[38;2;87;85;101m████[38;2;76;82;94m██[38;2;129;129;149m██[38;2;162;149;168m██[38;2;189;179;199m██[38;2;181;166;179m██[38;2;214;200;212m██[38;2;224;208;216m████[38;2;219;204;214m██[38;2;214;200;212m██[38;2;122;114;123m██[38;2;50;47;49m  [38;2;0;0;0m      
[38;2;42;49;50m  [38;2;110;121;123m██[38;2;160;152;216m██[38;2;150;144;205m██[38;2;116;115;141m██[38;2;247;247;247m██[38;2;198;206;208m██[38;2;99;102;104m██[38;2;138;128;143m██[38;2;182;174;197m██[38;2;164;151;170m██[38;2;221;205;214m██[38;2;214;200;211m██[38;2;194;183;204m██████[38;2;168;156;162m██[38;2;0;0;0m          
[38;2;0;0;0m  [38;2;42;49;50m  [38;2;130;128;180m██[38;2;120;120;169m██[38;2;118;125;125m██[38;2;110;110;110m██[38;2;87;88;90m██[38;2;189;214;220m██[38;2;109;105;136m██[38;2;108;105;114m██[38;2;181;173;196m██[38;2;181;166;179m██[38;2;214;200;211m██[38;2;194;183;204m████[38;2;207;194;209m██[38;2;0;0;0m██          
[38;2;0;0;0m  [38;2;170;170;170m██[38;2;116;117;162m██[38;2;120;126;141m██[38;2;115;127;132m██[38;2;112;126;140m██[38;2;106;117;126m██[38;2;164;186;192m██[38;2;133;127;174m██[38;2;150;144;197m██[38;2;165;152;167m██[38;2;214;199;208m██[38;2;188;178;187m██[38;2;188;178;188m██[38;2;220;205;213m██[38;2;122;113;117m██[38;2;0;0;0m            
[38;2;0;0;0m  [38;2;42;42;42m  [38;2;74;75;84m██[38;2;231;231;232m██[38;2;98;97;121m██[38;2;100;108;110m████[38;2;131;126;171m██[38;2;88;86;102m██[38;2;109;109;149m██[38;2;101;103;113m██[38;2;127;127;143m██[38;2;158;154;176m████[38;2;119;121;136m██[38;2;30;28;29m  [38;2;0;0;0m            
[38;2;0;0;0m    [38;2;63;61;52m██[38;2;77;78;80m██[38;2;154;147;209m██[38;2;160;152;216m██[38;2;119;116;158m██[38;2;112;109;104m██[38;2;194;188;178m██[38;2;97;101;106m██[38;2;113;104;114m██[38;2;154;138;155m██[38;2;160;146;163m██[38;2;176;165;188m██[38;2;219;204;213m██[38;2;147;137;142m██[38;2;0;0;0m            
[38;2;0;0;0m    [38;2;15;15;13m  [38;2;65;67;70m██[38;2;108;110;147m██[38;2;88;86;102m██[38;2;178;172;160m██[38;2;206;199;186m██[38;2;138;137;131m██[38;2;112;115;117m██[38;2;88;86;83m██[38;2;171;160;181m██[38;2;160;146;163m██[38;2;206;190;200m██[38;2;195;184;203m██[38;2;207;194;209m██[38;2;0;0;0m██          
[38;2;0;0;0m        [38;2;99;98;94m██[38;2;105;105;141m██[38;2;85;87;91m██[38;2;108;111;115m██[38;2;103;106;108m██[38;2;137;132;116m██[38;2;153;146;127m██[38;2;34;34;34m  [38;2;137;127;132m  [38;2;194;183;204m██[38;2;212;198;211m██[38;2;147;137;142m██[38;2;0;0;0m            
[38;2;0;0;0m          [38;2;15;15;15m  [38;2;131;127;118m██[38;2;89;88;83m██[38;2;118;115;105m██[38;2;183;176;163m██[38;2;184;176;153m██[38;2;69;61;48m  [38;2;0;0;0m  [38;2;56;52;54m██[38;2;46;44;50m██[38;2;132;122;127m██[38;2;168;156;162m██[38;2;76;70;73m  [38;2;0;0;0m        
[38;2;0;0;0m            [38;2;149;138;120m██[38;2;214;205;189m██[38;2;207;199;182m██[38;2;182;170;151m██[38;2;136;122;98m██[38;2;119;112;94m██[38;2;0;0;0m        [38;2;167;155;161m  [38;2;76;70;73m  [38;2;0;0;0m        
[38;2;0;0;0m            [38;2;89;83;70m██[38;2;151;137;115m██[38;2;155;142;119m██[38;2;163;153;129m██[38;2;172;164;140m██[38;2;23;20;16m  [38;2;0;0;0m                    
[38;2;0;0;0m              [38;2;131;126;108m██[38;2;152;143;121m██[38;2;159;148;124m██[38;2;108;95;75m██[38;2;0;0;0m                      
[38;2;0;0;0m                [38;2;20;17;13m  [38;2;34;30;24m██[38;2;12;11;9m  [38;2;0;0;0m                      [0m
