
[38;2;0;0;0m                      [38;2;10;4;5m  [38;2;63;49;49m██[38;2;60;48;49m██[38;2;58;34;38m██[38;2;0;2;1m  [38;2;0;0;0m                        
[38;2;0;0;0m                    [38;2;79;36;44m  [38;2;201;92;112m██[38;2;255;141;156m██[38;2;115;94;98m██[38;2;118;76;82m██[38;2;42;31;30m  [38;2;0;0;0m                        
[38;2;0;0;0m              [38;2;67;33;37m██[38;2;255;137;154m██[38;2;255;223;217m██[38;2;255;135;150m██[38;2;205;87;105m██[38;2;141;105;87m██[38;2;202;162;75m██[38;2;190;153;74m██[38;2;150;127;70m██[38;2;94;74;33m██[38;2;35;22;28m██[38;2;237;115;134m██[38;2;255;186;189m██[38;2;255;151;164m██[38;2;63;31;35m██[38;2;60;30;33m  [38;2;0;0;0m          
[38;2;0;0;0m            [38;2;191;132;136m██[38;2;255;124;143m██[38;2;255;140;154m██[38;2;250;148;159m██[38;2;205;87;112m██[38;2;183;75;99m██[38;2;197;134;102m██[38;2;159;123;63m██[38;2;147;115;62m██[38;2;182;156;78m██[38;2;235;192;84m██[38;2;116;68;83m██[38;2;203;78;106m██[38;2;255;152;162m████[38;2;255;126;143m██[38;2;251;203;201m██[38;2;78;71;68m  [38;2;0;0;0m        
[38;2;0;0;0m            [38;2;93;44;51m  [38;2;233;111;130m██[38;2;205;77;105m██[38;2;209;81;108m██[38;2;255;126;143m██[38;2;255;130;140m██[38;2;156;103;97m██[38;2;201;176;87m████[38;2;204;174;85m██[38;2;114;83;71m██[38;2;255;121;143m██[38;2;255;126;143m██[38;2;205;76;105m████[38;2;240;108;130m██[38;2;251;119;141m██[38;2;191;94;107m██[38;2;0;0;0m        
[38;2;0;0;0m            [38;2;93;43;51m  [38;2;234;109;131m██[38;2;255;126;143m████[38;2;255;174;180m██[38;2;255;191;193m██[38;2;156;95;102m██[38;2;65;65;65m██[38;2;174;101;110m██[38;2;208;108;123m██[38;2;228;109;131m██[38;2;205;77;105m██[38;2;250;121;139m██[38;2;255;124;143m██[38;2;255;202;201m██[38;2;229;148;161m██[38;2;181;81;101m██[38;2;0;0;0m          
[38;2;0;0;0m        [38;2;26;13;14m  [38;2;63;31;35m██[38;2;255;138;152m██[38;2;255;231;223m██[38;2;255;171;178m██[38;2;255;130;148m██[38;2;215;184;180m██[38;2;0;0;0m    [38;2;133;96;57m██[38;2;149;112;116m██[38;2;244;191;197m██[38;2;255;136;152m██[38;2;255;126;143m██[38;2;211;91;112m██[38;2;181;92;106m██[38;2;254;126;142m██[38;2;255;126;143m██[38;2;255;150;163m██[38;2;142;95;99m██[38;2;0;0;0m        
[38;2;0;0;0m        [38;2;26;13;14m  [38;2;244;121;137m██[38;2;255;139;152m██[38;2;255;152;162m██[38;2;255;137;151m██[38;2;237;117;133m██[38;2;23;11;13m  [38;2;0;0;0m  [38;2;83;65;32m  [38;2;150;111;57m██[38;2;91;79;64m██[38;2;244;130;145m██[38;2;255;125;143m██[38;2;255;154;165m██[38;2;255;198;199m██[38;2;144;132;130m██[38;2;112;80;84m██[38;2;186;110;118m██[38;2;255;231;223m██[38;2;255;185;187m██[38;2;167;83;93m  [38;2;0;0;0m      
[38;2;0;0;0m            [38;2;93;45;51m  [38;2;203;113;121m██[38;2;228;120;133m██[38;2;13;26;18m  [38;2;0;0;0m  [38;2;2;2;2m  [38;2;113;88;47m██[38;2;157;129;63m██[38;2;98;84;62m██[38;2;222;115;129m██[38;2;255;147;159m██[38;2;255;139;155m██[38;2;255;197;197m██[38;2;255;169;176m██[38;2;115;81;86m██[38;2;65;84;74m██[38;2;207;108;123m██[38;2;198;100;114m██[38;2;0;0;0m        
[38;2;0;0;0m            [38;2;24;41;29m  [38;2;62;105;75m██[38;2;87;87;81m██[38;2;59;112;79m██[38;2;45;86;60m██[38;2;49;82;61m██[38;2;80;72;64m██[38;2;157;129;63m██[38;2;160;127;59m██[38;2;123;83;89m██[38;2;255;213;210m██[38;2;255;220;215m██[38;2;255;132;148m██[38;2;255;126;143m████[38;2;64;91;74m██[38;2;63;102;78m██[38;2;53;93;67m██[38;2;0;0;0m        
[38;2;0;0;0m        [38;2;15;28;20m██[38;2;61;98;74m██[38;2;63;108;79m██[38;2;63;102;77m████[38;2;69;87;75m██[38;2;68;88;75m██[38;2;68;100;80m██[38;2;65;77;69m██[38;2;137;108;59m██[38;2;153;110;57m██[38;2;111;89;84m██[38;2;228;175;184m██[38;2;213;162;171m██[38;2;247;126;142m██[38;2;204;117;127m██[38;2;75;87;80m██[38;2;56;95;68m██[38;2;0;0;0m            
[38;2;0;0;0m        [38;2;35;49;40m██[38;2;77;119;140m██[38;2;68;102;110m██[38;2;108;182;108m██[38;2;108;177;102m██[38;2;114;191;111m██[38;2;68;126;88m██[38;2;67;109;80m██[38;2;68;85;75m██[38;2;72;67;64m██[38;2;86;75;63m██[38;2;81;71;63m██[38;2;94;82;84m██[38;2;91;101;90m██[38;2;110;87;86m██[38;2;72;114;88m██[38;2;91;136;104m██[38;2;105;169;93m██[38;2;0;0;0m            
[38;2;0;0;0m        [38;2;14;22;15m  [38;2;78;100;75m██[38;2;90;131;89m██[38;2;83;138;93m██[38;2;75;142;94m██[38;2;86;146;92m██[38;2;127;214;115m██[38;2;92;163;98m██[38;2;78;149;101m██[38;2;75;137;99m██[38;2;66;70;68m██[38;2;72;106;85m██[38;2;79;151;105m██[38;2;76;145;102m██[38;2;78;153;108m██[38;2;85;156;101m██[38;2;69;123;86m██[38;2;81;139;90m██[38;2;115;189;107m██[38;2;123;203;112m██[38;2;26;46;25m  [38;2;0;0;0m      
[38;2;0;0;0m        [38;2;64;101;68m██[38;2;93;164;107m██[38;2;87;152;99m██[38;2;115;189;107m██[38;2;124;202;112m██[38;2;127;207;113m██[38;2;111;186;105m██[38;2;125;210;113m██[38;2;82;146;91m██[38;2;75;137;99m██[38;2;66;70;68m██[38;2;72;105;85m██[38;2;71;126;90m██[38;2;79;142;102m██[38;2;112;193;110m██[38;2;102;182;105m██[38;2;111;197;110m██[38;2;129;214;115m██[38;2;115;189;107m██[38;2;90;161;100m██[38;2;91;165;100m██[38;2;98;160;87m██[38;2;0;0;0m    
[38;2;0;0;0m    [38;2;13;18;11m  [38;2;65;100;58m██[38;2;129;214;115m██[38;2;131;214;115m██[38;2;104;175;102m██[38;2;129;214;115m████[38;2;115;198;111m██[38;2;98;167;98m██[38;2;114;187;111m██[38;2;88;125;101m██[38;2;90;125;117m██[38;2;129;179;164m██[38;2;125;143;135m██[38;2;73;68;69m██[38;2;84;116;102m██[38;2;106;176;104m██[38;2;92;135;89m██[38;2;131;213;115m██[38;2;103;180;109m██[38;2;129;213;115m██[38;2;121;199;110m██[38;2;131;214;115m██[38;2;129;214;115m██[38;2;106;171;93m██[38;2;0;0;0m  
[38;2;0;0;0m    [38;2;27;47;30m██[38;2;80;139;90m██[38;2;107;184;110m██[38;2;131;213;115m████[38;2;82;141;90m██[38;2;131;213;115m██[38;2;111;199;116m██[38;2;89;125;86m██[38;2;72;93;84m██[38;2;118;196;174m██[38;2;142;182;174m██[38;2;219;109;121m██[38;2;235;118;135m██[38;2;89;87;90m██[38;2;85;136;153m██[38;2;78;122;143m██[38;2;77;121;143m██[38;2;82;103;79m██[38;2;94;147;111m██[38;2;122;210;113m██[38;2;102;168;99m██[38;2;125;207;114m██[38;2;115;197;111m██[38;2;89;143;89m██[38;2;24;42;23m  
[38;2;0;0;0m    [38;2;108;170;156m██[38;2;67;70;69m██[38;2;127;214;113m██[38;2;116;178;104m██[38;2;97;156;96m██[38;2;130;212;115m██[38;2;93;143;92m██[38;2;80;103;96m██[38;2;106;167;153m██[38;2;123;206;188m██[38;2;123;206;190m██[38;2;135;186;181m██[38;2;202;124;138m██[38;2;189;119;129m██[38;2;102;105;117m██[38;2;85;141;170m████[38;2;83;140;170m██[38;2;82;140;170m██[38;2;86;124;118m██[38;2;61;89;86m██[38;2;95;145;93m██[38;2;108;170;101m██[38;2;109;185;107m██[38;2;64;102;75m██[38;2;9;13;13m  
[38;2;0;0;0m  [38;2;74;124;112m  [38;2;122;206;187m██[38;2;110;175;160m██[38;2;82;103;78m██[38;2;107;167;152m██[38;2;96;138;119m██[38;2;82;104;79m██[38;2;108;170;156m██[38;2;122;206;190m██████[38;2;123;206;190m██[38;2;118;202;191m██[38;2;138;153;158m██[38;2;83;118;130m██[38;2;81;137;165m██[38;2;85;141;170m████████[38;2;116;198;190m██[38;2;109;192;183m██[38;2;87;141;152m██[38;2;75;115;132m██[38;2;48;59;46m██[38;2;12;23;16m  [38;2;0;0;0m  
[38;2;17;17;17m██[38;2;111;178;165m██[38;2;123;206;190m██████████[38;2;122;206;190m██[38;2;115;196;189m██[38;2;91;156;175m██[38;2;111;187;184m██[38;2;123;206;190m██████[38;2;121;206;192m██[38;2;89;152;174m██[38;2;92;156;173m██[38;2;123;206;190m██[38;2;97;162;175m██[38;2;81;133;158m██[38;2;81;139;169m██[38;2;115;191;177m██[38;2;120;205;192m██[38;2;95;160;177m██[38;2;84;140;170m██[38;2;27;47;57m██[38;2;0;0;0m    
[38;2;15;21;26m██[38;2;76;97;97m██[38;2;123;206;188m██[38;2;123;206;190m████████[38;2;122;205;189m██[38;2;102;174;182m██[38;2;122;206;188m██[38;2;137;189;180m██[38;2;84;113;110m██[38;2;124;170;168m██[38;2;123;206;190m██[38;2;121;206;192m██[38;2;112;190;182m██[38;2;113;197;187m██[38;2;123;206;190m██[38;2;121;206;191m██[38;2;91;134;133m██[38;2;81;138;168m██[38;2;76;123;144m██[38;2;93;156;175m██[38;2;84;141;170m██[38;2;107;179;175m██[38;2;20;35;43m██[38;2;0;0;0m    
[38;2;15;23;29m██[38;2;64;69;74m██[38;2;128;204;189m██[38;2;123;206;190m████████[38;2;122;205;189m██[38;2;108;183;183m██[38;2;112;155;146m██[38;2;71;47;51m██[38;2;235;255;254m██[38;2;137;172;179m██[38;2;120;202;188m██[38;2;111;189;186m██[38;2;75;116;140m██[38;2;99;169;169m██[38;2;122;206;190m██[38;2;112;191;187m██[38;2;83;140;169m██[38;2;60;63;65m██[38;2;64;104;128m██[38;2;90;140;166m██[38;2;85;136;162m██[38;2;74;125;152m██[38;2;20;35;43m  [38;2;0;0;0m    
[38;2;3;5;7m  [38;2;110;136;136m██[38;2;100;135;129m██[38;2;123;206;190m████████[38;2;123;206;189m██[38;2;99;147;136m██[38;2;214;196;205m██[38;2;244;218;224m██[38;2;234;241;244m██[38;2;97;150;176m██[38;2;92;155;173m██[38;2;82;140;170m██[38;2;72;95;107m██[38;2;81;137;165m██[38;2;91;156;175m██[38;2;85;144;170m██[38;2;94;153;157m██[38;2;23;20;16m██[38;2;10;18;22m  [38;2;69;103;127m██[38;2;97;126;147m██[38;2;126;145;157m██[38;2;0;0;0m      
[38;2;0;0;0m    [38;2;31;52;47m  [38;2;119;199;181m██[38;2;116;193;179m██[38;2;122;204;188m██[38;2;122;206;191m██[38;2;111;189;187m████[38;2;84;141;169m██[38;2;85;141;169m██[38;2;78;128;155m████[38;2;72;122;149m██[38;2;52;76;90m██[38;2;48;74;88m██[38;2;84;141;169m██[38;2;88;148;171m██[38;2;80;130;157m██[38;2;84;141;169m██[38;2;1;2;3m██[38;2;0;0;0m              
[38;2;0;0;0m      [38;2;26;45;40m  [38;2;49;82;91m██[38;2;91;154;173m██[38;2;92;156;175m██[38;2;81;139;169m██[38;2;69;118;144m██[38;2;64;99;127m██[38;2;85;101;118m██[38;2;101;100;111m██[38;2;57;64;73m██[38;2;10;17;21m  [38;2;0;0;0m  [38;2;26;43;51m██[38;2;85;141;170m██[38;2;89;148;171m██[38;2;79;129;157m██[38;2;56;93;113m██[38;2;0;0;0m                
[38;2;0;0;0m              [38;2;41;69;84m██[38;2;84;57;65m██[38;2;117;49;51m██[38;2;136;103;108m██[38;2;5;0;0m  [38;2;0;0;0m      [38;2;130;137;147m██[38;2;88;127;149m██[38;2;92;127;149m██[38;2;80;127;154m██[38;2;35;58;70m  [38;2;0;0;0m                
[38;2;0;0;0m                              [38;2;18;19;21m  [38;2;27;28;35m██[38;2;35;37;43m██[38;2;18;25;31m██[38;2;0;0;0m                  [0m
