
[38;2;0;0;0m                    [38;2;49;49;49m████[38;2;0;0;0m                              
[38;2;0;0;0m                  [38;2;49;49;49m██[38;2;246;98;106m██[38;2;49;49;49m████[38;2;0;0;0m                            
[38;2;0;0;0m                [38;2;49;49;49m██[38;2;246;98;106m██[38;2;82;82;82m██[38;2;246;98;106m██[38;2;49;49;49m██████[38;2;0;0;0m                        
[38;2;0;0;0m              [38;2;49;49;49m██[38;2;246;98;106m████████[38;2;82;82;82m██[38;2;255;255;255m████[38;2;49;49;49m██[38;2;0;0;0m                      
[38;2;0;0;0m              [38;2;49;49;49m██[38;2;246;98;106m██████[38;2;82;82;82m██[38;2;189;189;189m██[38;2;255;255;255m████[38;2;213;213;213m██[38;2;49;49;49m████[38;2;0;0;0m                  
[38;2;0;0;0m            [38;2;49;49;49m██[38;2;148;115;90m██[38;2;246;98;106m████[38;2;189;65;82m██[38;2;82;82;82m██[38;2;255;255;255m██████[38;2;131;131;131m██[38;2;255;255;255m██[38;2;49;49;49m██[38;2;0;0;0m                  
[38;2;0;0;0m            [38;2;49;49;49m██[38;2;213;213;213m██[38;2;189;65;82m████[38;2;82;82;82m██[38;2;148;115;90m████[38;2;255;255;255m████[38;2;189;189;189m██[38;2;255;255;255m██[38;2;131;131;131m██[38;2;49;49;49m██[38;2;0;0;0m                
[38;2;0;0;0m      [38;2;49;49;49m██████[38;2;148;115;90m██[38;2;49;49;49m██[38;2;131;131;131m████[38;2;148;115;90m██[38;2;255;255;255m████[38;2;148;115;90m██[38;2;255;255;255m██████[38;2;213;213;213m██[38;2;49;49;49m██[38;2;0;0;0m                
[38;2;0;0;0m  [38;2;49;49;49m████[38;2;213;213;213m████[38;2;82;82;82m██[38;2;213;213;213m██[38;2;246;98;106m██[38;2;189;65;82m██[38;2;213;213;213m██[38;2;189;156;123m██[38;2;49;49;49m██[38;2;255;255;255m██[38;2;189;156;123m██[38;2;255;255;255m████[38;2;189;189;189m██[38;2;255;255;255m██[38;2;49;49;49m██[38;2;0;0;0m                
[38;2;49;49;49m██[38;2;189;189;189m██[38;2;213;213;213m██████[38;2;189;189;189m██[38;2;49;49;49m██[38;2;189;65;82m████[38;2;131;131;131m██[38;2;255;255;255m██[38;2;189;156;123m████[38;2;255;255;255m████[38;2;131;131;131m██[38;2;255;255;255m████[38;2;189;189;189m██[38;2;49;49;49m████[38;2;0;0;0m            
[38;2;49;49;49m██[38;2;82;82;82m██[38;2;189;189;189m██[38;2;213;213;213m██[38;2;49;49;49m████[38;2;0;0;0m  [38;2;49;49;49m██[38;2;148;65;98m██████[38;2;255;255;255m████[38;2;148;65;98m██[38;2;255;255;255m████[38;2;131;131;131m██[38;2;255;255;255m████████[38;2;49;49;49m████[38;2;0;0;0m        
[38;2;49;49;49m██[38;2;131;131;131m██[38;2;82;82;82m██[38;2;49;49;49m██[38;2;0;0;0m      [38;2;49;49;49m██[38;2;189;156;123m██[38;2;148;65;98m████████[38;2;148;115;90m██[38;2;255;255;255m██[38;2;131;131;131m██[38;2;189;189;189m██[38;2;255;255;255m████████████[38;2;49;49;49m██[38;2;0;0;0m      
[38;2;49;49;49m██[38;2;131;131;131m██[38;2;49;49;49m████[38;2;0;0;0m        [38;2;49;49;49m██[38;2;189;156;123m██████[38;2;148;115;90m██[38;2;189;189;189m██[38;2;131;131;131m████[38;2;255;255;255m██[38;2;189;189;189m██[38;2;255;255;255m████████████[38;2;49;49;49m██[38;2;0;0;0m    
[38;2;0;0;0m  [38;2;49;49;49m████[38;2;0;0;0m            [38;2;49;49;49m██[38;2;82;82;82m██[38;2;131;131;131m██[38;2;189;189;189m████████[38;2;255;255;255m████[38;2;49;49;49m████[38;2;189;189;189m██[38;2;255;255;255m████████[38;2;49;49;49m██[38;2;0;0;0m  
[38;2;0;0;0m                [38;2;49;49;49m██[38;2;82;82;82m██[38;2;213;213;213m██[38;2;189;189;189m████████[38;2;255;255;255m██████[38;2;49;49;49m██[38;2;0;0;0m  [38;2;49;49;49m████[38;2;255;255;255m██████[38;2;189;189;189m██[38;2;49;49;49m██
[38;2;0;0;0m              [38;2;49;49;49m██[38;2;213;213;213m██[38;2;131;131;131m████[38;2;213;213;213m██[38;2;131;131;131m██[38;2;213;213;213m██[38;2;255;255;255m██████[38;2;189;189;189m████[38;2;49;49;49m██[38;2;0;0;0m    [38;2;49;49;49m██[38;2;255;255;255m████[38;2;131;131;131m██[38;2;49;49;49m██
[38;2;0;0;0m              [38;2;49;49;49m██[38;2;213;213;213m████[38;2;131;131;131m████[38;2;189;189;189m████[38;2;255;255;255m████[38;2;189;189;189m████[38;2;255;255;255m████[38;2;49;49;49m██[38;2;0;0;0m    [38;2;49;49;49m██[38;2;131;131;131m██[38;2;82;82;82m██[38;2;49;49;49m██
[38;2;0;0;0m            [38;2;49;49;49m██[38;2;131;131;131m██[38;2;82;82;82m██[38;2;213;213;213m████[38;2;189;189;189m██[38;2;49;49;49m██████[38;2;255;255;255m██████████[38;2;189;189;189m██[38;2;49;49;49m██[38;2;0;0;0m  [38;2;49;49;49m██[38;2;131;131;131m██[38;2;49;49;49m██[38;2;0;0;0m  
[38;2;0;0;0m            [38;2;49;49;49m████[38;2;131;131;131m██[38;2;82;82;82m██[38;2;189;189;189m██[38;2;49;49;49m██[38;2;0;0;0m      [38;2;49;49;49m██[38;2;189;189;189m██[38;2;255;255;255m████[38;2;189;189;189m████[38;2;49;49;49m██[38;2;0;0;0m  [38;2;49;49;49m████[38;2;0;0;0m    
[38;2;0;0;0m              [38;2;49;49;49m████████[38;2;0;0;0m          [38;2;49;49;49m████[38;2;189;189;189m████[38;2;82;82;82m██[38;2;131;131;131m██[38;2;49;49;49m██[38;2;0;0;0m        
[38;2;0;0;0m                                  [38;2;49;49;49m██[38;2;189;189;189m██[38;2;82;82;82m██[38;2;131;131;131m██[38;2;49;49;49m████[38;2;0;0;0m        
[38;2;0;0;0m                                    [38;2;49;49;49m████████[38;2;0;0;0m          [0m
