
[38;2;0;0;0m    [38;2;38;43;21m██[38;2;9;10;5m  [38;2;0;0;0m                            
[38;2;0;0;0m    [38;2;119;132;73m██[38;2;36;41;22m██[38;2;0;0;0m                            
[38;2;0;0;0m    [38;2;122;136;74m██[38;2;11;12;7m  [38;2;0;0;0m                            
[38;2;0;0;0m    [38;2;147;165;84m██[38;2;128;143;73m██[38;2;0;0;0m                            
[38;2;0;0;0m  [38;2;111;123;63m██[38;2;108;117;83m██[38;2;74;75;75m██[38;2;78;78;78m██[38;2;83;83;83m██[38;2;71;77;58m██[38;2;67;77;43m██[38;2;65;77;37m██[38;2;16;19;9m  [38;2;0;0;0m    [38;2;16;19;9m  [38;2;158;185;91m██[38;2;155;180;87m██[38;2;74;85;42m██[38;2;0;0;0m    
[38;2;0;0;1m  [38;2;111;117;69m██[38;2;72;72;72m██[38;2;90;90;89m██[38;2;84;84;84m██[38;2;147;168;94m██[38;2;177;207;104m██[38;2;189;222;109m████[38;2;170;200;98m██[38;2;164;193;94m████[38;2;150;177;88m██[38;2;110;128;69m██[38;2;143;160;82m██[38;2;51;57;29m██[38;2;0;0;0m    
[38;2;0;0;1m  [38;2;60;62;50m██[38;2;89;89;89m██[38;2;82;82;82m██[38;2;132;150;89m██[38;2;189;222;108m██[38;2;189;222;109m██[38;2;162;190;99m██[38;2;153;180;95m██[38;2;168;194;98m██[38;2;172;199;99m██[38;2;154;174;87m██[38;2;90;102;52m██[38;2;22;26;17m  [38;2;0;0;0m        
[38;2;0;0;0m  [38;2;67;67;67m██[38;2;84;84;84m██[38;2;150;173;95m██[38;2;179;210;105m██[38;2;95;103;76m██[38;2;86;91;72m██[38;2;136;152;83m██[38;2;143;160;83m██[38;2;146;163;83m██[38;2;114;127;64m██[38;2;12;14;7m██[38;2;0;0;0m            
[38;2;22;22;22m██[38;2;82;82;82m██[38;2;119;133;80m██[38;2;199;195;145m██[38;2;116;84;72m██[38;2;247;224;220m██[38;2;146;152;139m██[38;2;133;147;111m██[38;2;131;147;74m██[38;2;20;23;11m  [38;2;0;0;0m                
[38;2;0;0;0m  [38;2;174;174;163m██[38;2;199;200;181m██[38;2;238;238;220m██[38;2;236;235;219m██[38;2;239;238;223m██[38;2;203;214;178m██[38;2;135;153;83m██[38;2;4;5;8m  [38;2;0;0;0m                  
[38;2;0;0;0m    [38;2;124;124;116m████[38;2;160;167;138m██[38;2;192;196;169m██[38;2;128;146;81m██[38;2;115;130;79m██[38;2;134;117;76m██[38;2;122;75;68m██[38;2;0;0;0m                
[38;2;0;0;0m        [38;2;0;1;0m  [38;2;94;100;74m  [38;2;158;179;90m██[38;2;128;137;84m██[38;2;220;178;122m██[38;2;59;36;33m  [38;2;0;0;0m    [38;2;37;41;21m██[38;2;36;41;20m██[38;2;0;0;0m        
[38;2;0;0;0m            [38;2;189;222;109m██[38;2;174;201;100m██[38;2;150;173;86m██[38;2;24;28;14m  [38;2;0;0;0m  [38;2;57;64;32m  [38;2;141;158;83m██[38;2;139;163;90m██[38;2;96;113;55m██[38;2;22;26;13m  [38;2;0;0;0m    
[38;2;0;0;0m          [38;2;141;166;81m██[38;2;189;222;109m██████[38;2;186;218;107m██[38;2;183;215;107m██[38;2;187;220;108m██[38;2;189;222;109m████[38;2;101;119;75m██[38;2;31;37;22m██[38;2;0;0;0m    
[38;2;0;0;0m        [38;2;26;31;15m  [38;2;168;197;97m██[38;2;189;222;109m████[38;2;176;206;104m██[38;2;146;171;92m██[38;2;159;172;123m██[38;2;129;143;94m██[38;2;187;217;115m██[38;2;135;153;93m██[38;2;119;133;84m██[38;2;154;175;93m██[38;2;62;69;36m  [38;2;0;0;0m  
[38;2;0;0;0m        [38;2;27;31;21m██[38;2;163;190;101m██[38;2;127;147;91m██[38;2;187;219;108m██[38;2;126;148;85m██[38;2;183;215;106m██[38;2;146;162;110m██[38;2;79;83;73m██[38;2;153;177;97m██[38;2;199;211;168m██[38;2;239;239;223m██[38;2;110;115;87m██[38;2;33;37;24m  [38;2;33;37;19m██
[38;2;0;0;0m        [38;2;52;53;48m██[38;2;190;196;172m██[38;2;203;207;185m██[38;2;166;195;100m██[38;2;189;222;109m██[38;2;162;190;98m████[38;2;147;160;117m██[38;2;161;166;146m██[38;2;239;239;223m██[38;2;202;202;189m██[38;2;23;23;21m  [38;2;0;0;0m    
[38;2;0;0;0m          [38;2;123;123;112m  [38;2;172;172;159m██[38;2;116;129;95m██[38;2;189;222;109m████[38;2;111;125;83m██[38;2;122;125;113m██[38;2;100;100;96m██[38;2;222;222;201m██[38;2;158;158;146m██[38;2;39;30;29m██[38;2;0;0;0m    
[38;2;0;0;0m            [38;2;135;118;88m██[38;2;101;98;79m██[38;2;189;212;106m██[38;2;145;172;93m██[38;2;97;104;77m██[38;2;37;39;31m██[38;2;172;128;117m██[38;2;157;163;132m██[38;2;126;124;101m██[38;2;179;150;104m██[38;2;0;0;0m    
[38;2;0;0;0m            [38;2;38;47;22m██[38;2;87;84;71m██[38;2;176;176;103m██[38;2;205;152;116m██[38;2;0;0;0m    [38;2;34;35;28m██[38;2;75;79;64m██[38;2;205;150;119m██[38;2;37;32;23m██[38;2;0;0;0m    
[38;2;0;0;0m            [38;2;11;12;6m  [38;2;133;130;83m██[38;2;201;204;115m██[38;2;47;55;27m██[38;2;0;0;0m    [38;2;6;6;6m    [38;2;62;69;43m██[38;2;28;31;18m██[38;2;0;0;0m    
[38;2;0;0;0m            [38;2;4;4;4m  [38;2;72;74;70m██[38;2;133;161;74m██[38;2;0;0;0m          [38;2;17;17;17m██  [38;2;0;0;0m    
[38;2;0;0;0m            [38;2;5;5;5m  [38;2;23;24;23m██[38;2;27;31;18m  [38;2;0;0;0m                  [0m
