
[38;2;0;0;0m                                                  [38;2;20;48;62m██[38;2;6;16;20m  [38;2;0;1;0m  [38;2;0;0;0m      
[38;2;0;0;0m                                                [38;2;0;2;0m  [38;2;81;181;250m██[38;2;68;151;207m██[38;2;61;136;187m██[38;2;17;41;54m  [38;2;0;3;0m    
[38;2;0;0;0m                                                  [38;2;13;32;40m██[38;2;81;181;249m██[38;2;81;181;250m██████[38;2;83;181;250m██
[38;2;0;0;0m                                                  [38;2;3;8;10m  [38;2;62;138;189m██[38;2;80;172;237m██[38;2;75;137;186m████[38;2;36;71;94m██
[38;2;0;0;0m                                                    [38;2;50;86;111m██[38;2;70;119;156m██[38;2;16;29;35m  [38;2;0;2;0m  [38;2;0;0;0m  
[38;2;0;0;0m                  [38;2;0;2;0m  [38;2;0;3;0m          [38;2;0;2;0m  [38;2;0;0;0m                  [38;2;8;17;19m  [38;2;68;113;149m██[38;2;14;28;33m  [38;2;0;0;0m      
[38;2;0;0;0m            [38;2;10;20;22m  [38;2;29;55;62m██[38;2;26;52;62m██[38;2;76;168;231m██[38;2;81;181;250m████[38;2;144;218;251m██[38;2;251;253;254m██[38;2;234;249;254m██[38;2;212;242;254m██[38;2;20;48;62m██[38;2;35;59;62m██[38;2;63;66;63m██[38;2;20;50;62m██[38;2;20;48;62m██[38;2;25;44;57m██[38;2;3;14;20m  [38;2;0;1;0m    [38;2;27;48;60m██[38;2;73;123;162m██[38;2;0;3;0m  [38;2;0;0;0m      
[38;2;0;0;0m        [38;2;0;3;0m  [38;2;72;130;157m  [38;2;97;174;210m██[38;2;118;209;251m██[38;2;95;159;197m██[38;2;103;190;237m██[38;2;81;181;250m████[38;2;207;243;253m██[38;2;255;255;255m██[38;2;213;239;253m██[38;2;125;205;251m██[38;2;81;181;250m██[38;2;226;247;254m██[38;2;207;236;253m██[38;2;81;188;250m██[38;2;157;213;252m██[38;2;194;226;246m██[38;2;76;145;202m██[38;2;46;92;124m██[38;2;55;93;121m██[38;2;73;126;165m██[38;2;73;123;162m██[38;2;44;75;97m  [38;2;0;0;0m      
[38;2;0;0;0m      [38;2;16;39;50m  [38;2;112;205;250m██[38;2;118;209;251m██[38;2;118;209;250m██[38;2;118;209;251m████[38;2;108;199;251m██[38;2;78;133;170m██[38;2;89;186;250m██[38;2;81;181;250m████████████████[38;2;81;181;249m██[38;2;81;181;250m██[38;2;81;181;249m██[38;2;81;175;241m██[38;2;74;128;173m██[38;2;73;126;165m████[38;2;73;125;164m██[38;2;21;38;47m██[38;2;0;0;0m    
[38;2;0;0;0m    [38;2;17;41;54m  [38;2;78;172;237m██[38;2;84;183;250m██[38;2;91;188;250m██[38;2;116;207;250m██[38;2;118;209;251m██[38;2;90;188;250m██[38;2;113;205;250m██[38;2;96;191;250m██[38;2;91;188;250m██[38;2;81;181;250m████████████████[38;2;81;181;249m██[38;2;81;181;250m██[38;2;81;181;249m██[38;2;81;181;250m██[38;2;80;171;236m██[38;2;73;126;165m████[38;2;77;125;164m██[38;2;61;84;124m██[38;2;0;2;0m  [38;2;0;0;0m  
[38;2;0;0;0m  [38;2;0;3;0m  [38;2;81;180;250m██[38;2;81;181;250m████████[38;2;81;180;250m██[38;2;91;188;250m██[38;2;84;182;250m██[38;2;98;193;250m██[38;2;81;181;250m██████████████████[38;2;81;181;249m██[38;2;81;181;250m██[38;2;81;181;249m██[38;2;81;181;250m██[38;2;81;181;249m██[38;2;75;137;182m██[38;2;73;125;163m██[38;2;73;119;159m██[38;2;131;161;174m██[38;2;12;15;12m  [38;2;0;1;0m  
[38;2;0;0;0m  [38;2;47;106;145m  [38;2;81;180;250m██[38;2;81;181;250m████████[38;2;81;180;250m██[38;2;81;181;250m████████████████████████[38;2;81;181;249m██[38;2;81;181;250m██[38;2;81;181;249m██[38;2;81;181;250m██[38;2;81;181;249m██[38;2;79;164;224m██[38;2;67;80;89m██[38;2;67;78;88m██[38;2;76;86;97m██[38;2;135;154;153m██[38;2;124;142;141m██
[38;2;5;13;16m  [38;2;68;151;207m██[38;2;81;180;250m██[38;2;81;181;250m████████[38;2;81;180;250m██[38;2;81;181;250m████████████████████████[38;2;81;181;249m██[38;2;81;181;250m██[38;2;81;181;249m██[38;2;78;152;204m██[38;2;80;170;233m██[38;2;81;181;250m██[38;2;81;181;249m██[38;2;80;164;235m██[38;2;81;176;245m██[38;2;38;39;38m  [38;2;0;3;0m  
[38;2;21;49;64m██[38;2;102;171;232m██[38;2;72;133;211m██[38;2;78;131;206m████[38;2;71;134;212m██[38;2;99;172;235m██[38;2;81;180;250m██[38;2;81;181;250m████████[38;2;80;168;230m██[38;2;73;108;128m██[38;2;105;174;218m██[38;2;81;181;250m██████████[38;2;81;181;249m██[38;2;80;172;236m██[38;2;77;147;196m██[38;2;71;108;135m██[38;2;70;99;121m██[38;2;70;94;112m██[38;2;78;153;205m██[38;2;79;163;234m██[38;2;37;81;112m██[38;2;0;0;0m    
[38;2;20;45;60m██[38;2;100;154;219m██[38;2;225;251;254m██[38;2;230;247;255m████[38;2;224;252;254m██[38;2;108;149;212m██[38;2;112;146;206m██[38;2;100;153;217m██[38;2;80;164;235m██[38;2;81;171;241m██[38;2;81;181;250m██[38;2;76;140;185m██[38;2;157;183;187m██[38;2;50;109;151m██[38;2;81;181;250m██████████[38;2;81;181;249m██[38;2;81;181;250m██[38;2;74;128;165m██[38;2;69;94;111m████[38;2;81;104;119m██[38;2;106;116;116m██[38;2;39;41;39m  [38;2;0;0;0m      
[38;2;4;8;12m  [38;2;180;198;207m██[38;2;227;246;255m██[38;2;227;247;255m████[38;2;227;246;255m████[38;2;227;247;255m██[38;2;216;234;248m██[38;2;192;213;239m██[38;2;143;178;224m██[38;2;76;130;205m██[38;2;81;178;244m██[38;2;62;132;177m██[38;2;81;176;241m██[38;2;81;181;250m████████[38;2;81;175;241m██[38;2;76;144;192m██[38;2;81;181;250m██[38;2;81;181;249m██[38;2;76;130;205m██[38;2;79;162;234m██[38;2;79;162;220m██[38;2;49;55;53m██[38;2;0;0;0m        
[38;2;0;0;0m  [38;2;134;144;148m  [38;2;226;243;250m██[38;2;227;244;251m██[38;2;227;247;255m██[38;2;227;246;255m████[38;2;227;247;255m██████[38;2;227;246;255m██[38;2;227;247;255m██[38;2;115;147;207m██[38;2;105;152;214m██[38;2;92;158;224m██[38;2;80;164;235m████[38;2;80;157;223m██[38;2;97;161;210m██[38;2;91;113;160m██[38;2;95;103;122m██[38;2;83;102;111m██[38;2;89;154;195m██[38;2;81;153;201m██[38;2;90;118;131m██[38;2;41;42;41m  [38;2;0;0;0m          
[38;2;0;0;0m  [38;2;0;3;0m  [38;2;190;212;215m██[38;2;225;244;251m██[38;2;196;219;221m██[38;2;228;246;255m██[38;2;211;232;237m██[38;2;223;241;248m██[38;2;227;247;255m██[38;2;185;210;210m██[38;2;229;246;255m██[38;2;227;247;255m██[38;2;228;246;255m██[38;2;226;248;254m██[38;2;188;214;240m██[38;2;189;213;238m████[38;2;142;163;177m██[38;2;143;163;177m██[38;2;155;189;196m██[38;2;165;189;191m██[38;2;103;130;146m██[38;2;121;136;140m██[38;2;124;140;139m██[38;2;25;39;41m██[38;2;0;0;0m            
[38;2;0;0;0m    [38;2;49;56;55m  [38;2;217;235;242m██[38;2;191;215;214m██[38;2;226;244;251m██[38;2;211;232;237m██[38;2;210;230;234m██[38;2;228;247;255m██[38;2;230;247;255m██[38;2;193;217;219m██[38;2;227;246;253m██[38;2;228;246;255m██[38;2;228;247;255m██████[38;2;220;240;246m██[38;2;165;189;189m██[38;2;155;178;180m██[38;2;146;167;171m██[38;2;105;122;133m██[38;2;79;92;99m██[38;2;47;57;54m  [38;2;0;2;0m  [38;2;0;0;0m              
[38;2;0;0;0m      [38;2;46;52;51m  [38;2;107;125;122m██[38;2;186;211;210m██[38;2;231;246;255m██[38;2;216;235;240m██[38;2;200;222;224m██[38;2;228;247;255m██[38;2;222;241;248m██[38;2;183;208;207m██[38;2;203;224;227m██[38;2;228;247;255m██[38;2;229;247;255m██[38;2;181;206;205m██[38;2;147;171;174m██[38;2;115;133;142m██[38;2;133;153;159m██[38;2;141;162;165m██[38;2;31;39;37m██[38;2;0;1;0m  [38;2;0;0;0m                  
[38;2;0;0;0m          [38;2;0;3;0m  [38;2;61;68;67m  [38;2;173;186;191m██[38;2;150;169;166m██[38;2;175;193;199m██[38;2;198;214;223m████[38;2;169;193;196m██[38;2;115;133;142m██[38;2;95;111;119m██[38;2;74;88;95m██[38;2;98;115;118m██[38;2;119;138;137m  [38;2;0;3;0m  [38;2;0;2;0m  [38;2;0;0;0m                      
[38;2;0;0;0m              [38;2;0;1;0m  [38;2;0;2;0m  [38;2;52;58;57m  [38;2;24;32;32m██[38;2;24;31;32m██[38;2;41;50;48m██[38;2;41;50;47m██[38;2;21;26;24m  [38;2;0;1;0m    [38;2;0;0;0m                            [0m
