
[38;2;0;0;0m                      [38;2;48;45;17m  [38;2;214;210;137m██[38;2;228;228;182m██[38;2;229;229;182m██[38;2;230;230;182m██[38;2;125;119;57m  [38;2;0;0;0m                            
[38;2;0;0;0m                      [38;2;180;169;64m  [38;2;227;227;183m██████[38;2;228;228;183m██[38;2;210;205;124m██[38;2;0;0;0m        [38;2;14;12;6m  [38;2;152;133;65m  [38;2;0;0;0m                
[38;2;0;0;0m    [38;2;19;18;6m  [38;2;66;62;23m  [38;2;0;0;0m                [38;2;165;161;89m  [38;2;217;213;143m██[38;2;224;222;164m██[38;2;217;213;143m  [38;2;61;57;21m  [38;2;0;0;0m      [38;2;37;33;16m  [38;2;195;174;107m██[38;2;206;189;144m██[38;2;194;173;103m██[38;2;111;97;54m  [38;2;0;0;0m            
[38;2;44;41;15m  [38;2;170;160;61m  [38;2;185;178;93m  [38;2;223;222;169m██[38;2;113;108;41m  [38;2;0;0;0m              [38;2;9;9;3m  [38;2;22;20;8m  [38;2;112;106;46m  [38;2;22;20;8m  [38;2;0;0;0m        [38;2;109;95;47m  [38;2;206;189;144m██[38;2;206;189;142m████[38;2;195;171;103m██[38;2;0;0;0m            
[38;2;196;186;81m██[38;2;225;223;168m██[38;2;229;229;183m██[38;2;227;227;183m██[38;2;217;214;146m██[38;2;30;29;11m  [38;2;0;0;0m                              [38;2;190;166;88m██[38;2;201;182;126m██[38;2;198;178;116m██[38;2;140;123;72m  [38;2;0;0;0m            
[38;2;202;193;99m██[38;2;228;228;183m██[38;2;227;227;183m████[38;2;193;182;72m██[38;2;30;29;11m  [38;2;0;0;0m    [38;2;0;1;0m  [38;2;67;64;88m  [38;2;149;145;202m██[38;2;9;13;13m  [38;2;0;0;0m            [38;2;0;2;0m  [38;2;0;3;0m  [38;2;0;1;0m  [38;2;24;21;10m  [38;2;77;67;34m  [38;2;7;6;3m  [38;2;2;2;1m  [38;2;0;0;0m            
[38;2;124;120;58m  [38;2;223;223;170m██[38;2;223;221;166m██[38;2;211;206;126m██[38;2;227;227;183m██[38;2;198;188;87m██[38;2;0;0;0m    [38;2;0;1;0m  [38;2;118;119;162m██[38;2;131;131;179m████[38;2;77;79;109m██[38;2;2;4;3m  [38;2;77;79;109m██[38;2;0;1;0m  [38;2;0;0;0m    [38;2;66;64;88m██[38;2;148;134;202m██[38;2;97;92;126m██[38;2;70;72;99m  [38;2;0;1;0m  [38;2;72;74;100m██[38;2;11;13;11m  [38;2;0;0;0m            
[38;2;0;0;0m  [38;2;143;134;51m  [38;2;131;123;47m  [38;2;0;0;0m  [38;2;185;174;66m  [38;2;29;28;10m  [38;2;0;0;0m  [38;2;5;8;7m  [38;2;64;66;90m██[38;2;158;156;222m██[38;2;159;156;223m████████[38;2;156;151;220m██[38;2;122;117;164m██[38;2;2;4;4m  [38;2;10;14;15m██[38;2;157;156;221m██[38;2;159;156;223m██████[38;2;159;153;221m██[38;2;135;117;178m██[38;2;53;55;75m  [38;2;0;0;0m            
[38;2;0;0;0m            [38;2;31;34;45m  [38;2;147;147;207m██[38;2;148;139;203m██[38;2;157;155;221m██[38;2;151;145;209m██[38;2;157;152;220m██[38;2;159;156;223m████[38;2;148;145;205m██[38;2;137;133;187m██[38;2;95;96;126m██[38;2;157;156;221m████████[38;2;160;149;222m██[38;2;150;146;209m██[38;2;138;134;193m██[38;2;0;1;0m  [38;2;0;0;0m            
[38;2;0;0;0m            [38;2;39;37;54m  [38;2;136;122;177m██[38;2;159;152;221m██[38;2;156;155;220m██[38;2;122;114;165m██[38;2;159;153;217m██[38;2;158;156;222m████[38;2;159;156;223m██[38;2;158;155;222m██[38;2;112;112;145m██[38;2;159;156;223m██[38;2;115;118;160m██[38;2;97;107;123m██[38;2;99;109;123m██[38;2;75;82;98m██[38;2;136;137;184m██[38;2;157;154;220m██[38;2;52;55;73m██[38;2;0;0;0m            
[38;2;0;0;0m            [38;2;36;38;41m  [38;2;176;176;190m██[38;2;159;156;223m██[38;2;159;152;221m██[38;2;162;154;198m██[38;2;121;117;155m██[38;2;115;110;155m██[38;2;157;154;220m██[38;2;159;156;223m██[38;2;158;155;222m██[38;2;112;112;145m██[38;2;159;156;223m██[38;2;154;149;201m██[38;2;175;170;204m██[38;2;255;255;255m██[38;2;169;169;175m██[38;2;174;172;215m██[38;2;163;161;219m██[38;2;69;72;75m██[38;2;0;0;0m            
[38;2;0;0;0m            [38;2;81;84;101m██[38;2;154;154;217m██[38;2;159;156;223m██[38;2;159;152;221m██[38;2;176;164;205m██[38;2;253;253;253m██[38;2;142;143;142m██[38;2;130;122;151m██[38;2;136;132;175m██[38;2;138;138;190m██[38;2;102;98;127m██[38;2;146;146;204m██[38;2;156;156;220m██[38;2;141;143;198m████[38;2;136;133;190m██[38;2;92;97;119m██[38;2;93;94;120m██[38;2;37;34;49m  [38;2;0;0;0m  [38;2;24;23;8m  [38;2;197;190;91m██[38;2;199;190;91m██[38;2;37;34;13m  [38;2;9;8;3m  
[38;2;0;0;0m          [38;2;0;3;0m  [38;2;165;170;171m██[38;2;97;106;132m██[38;2;100;109;137m██[38;2;151;150;212m██[38;2;153;150;214m██[38;2;180;180;227m██[38;2;161;149;193m██[38;2;159;154;192m██[38;2;167;158;218m██[38;2;59;66;59m██[38;2;132;124;183m██[38;2;105;102;138m██[38;2;112;108;161m██[38;2;201;198;211m██[38;2;115;106;155m██[38;2;116;106;158m██[38;2;133;120;169m██[38;2;114;104;137m██[38;2;0;1;0m  [38;2;22;21;8m  [38;2;194;190;119m  [38;2;230;230;183m██[38;2;228;228;182m██[38;2;218;215;152m██[38;2;161;153;76m  
[38;2;0;0;0m      [38;2;41;35;17m  [38;2;34;29;14m  [38;2;0;2;0m  [38;2;66;71;78m██[38;2;152;73;101m██[38;2;191;67;95m██[38;2;112;96;109m██[38;2;119;114;122m██[38;2;142;132;179m██[38;2;135;138;189m██[38;2;142;132;193m██[38;2;122;109;126m██[38;2;135;132;189m██[38;2;76;78;94m██[38;2;82;82;95m██[38;2;101;97;131m██[38;2;133;123;164m██[38;2;140;125;175m██[38;2;178;174;184m██[38;2;144;141;149m██[38;2;79;73;105m██[38;2;34;36;42m██[38;2;30;29;11m  [38;2;198;189;90m██[38;2;229;229;183m██[38;2;227;227;182m██[38;2;220;218;159m██[38;2;202;193;98m██
[38;2;0;0;0m    [38;2;44;38;18m  [38;2;193;174;117m  [38;2;186;167;109m  [38;2;24;21;10m  [38;2;55;55;78m██[38;2;143;138;200m██[38;2;100;90;102m██[38;2;119;84;92m██[38;2;181;137;133m██[38;2;159;118;117m██[38;2;135;100;107m██[38;2;171;176;175m██[38;2;180;173;177m██[38;2;79;92;106m██[38;2;129;112;174m██[38;2;122;109;164m██[38;2;5;8;7m  [38;2;28;27;36m██[38;2;86;82;94m██[38;2;24;24;32m  [38;2;0;0;0m  [38;2;19;22;24m██[38;2;4;6;4m  [38;2;163;158;72m  [38;2;226;225;175m██[38;2;227;227;182m████[38;2;218;214;145m██[38;2;79;75;33m  
[38;2;0;0;0m    [38;2;193;171;98m██[38;2;206;189;142m██[38;2;175;156;98m  [38;2;19;17;8m  [38;2;0;1;0m  [38;2;95;89;129m██[38;2;148;144;208m██[38;2;155;154;218m██[38;2;105;112;145m████[38;2;104;105;138m██[38;2;99;97;128m████[38;2;131;111;174m██[38;2;129;112;174m██[38;2;64;62;75m██[38;2;15;17;17m  [38;2;2;3;2m  [38;2;68;62;88m██[38;2;20;22;20m  [38;2;0;0;0m      [38;2;138;133;60m  [38;2;224;223;170m██[38;2;227;227;183m██[38;2;227;227;182m██[38;2;195;192;121m  [38;2;31;30;11m  
[38;2;0;0;0m    [38;2;70;62;32m  [38;2;190;167;88m██[38;2;14;12;6m  [38;2;0;0;0m  [38;2;29;29;38m  [38;2;68;67;73m██[38;2;190;189;203m██[38;2;192;192;194m██[38;2;131;116;178m██[38;2;132;117;176m██[38;2;129;113;177m██[38;2;127;111;174m██[38;2;128;111;174m██[38;2;129;111;173m██[38;2;71;62;93m██[38;2;10;13;12m██[38;2;74;70;86m██[38;2;83;77;108m██[38;2;95;85;121m██[38;2;81;74;104m██[38;2;0;1;0m  [38;2;0;0;0m    [38;2;3;3;1m  [38;2;140;133;58m  [38;2;197;186;82m████[38;2;16;16;6m  [38;2;0;0;0m  
[38;2;0;0;0m    [38;2;23;22;8m  [38;2;81;76;29m  [38;2;25;24;9m  [38;2;81;76;29m  [38;2;13;15;13m  [38;2;52;49;66m██[38;2;29;31;37m  [38;2;110;112;106m██[38;2;173;165;199m██[38;2;133;120;161m██[38;2;163;154;180m██[38;2;170;164;185m██[38;2;104;97;136m██[38;2;74;66;100m  [38;2;0;1;0m  [38;2;0;0;0m  [38;2;20;22;20m  [38;2;82;77;99m██[38;2;95;85;121m██[38;2;48;45;63m  [38;2;0;0;0m                  
[38;2;0;0;0m  [38;2;143;134;51m  [38;2;198;190;98m  [38;2;229;229;178m██[38;2;197;191;102m  [38;2;198;188;86m██[38;2;0;0;0m        [38;2;6;8;10m██[38;2;64;61;72m██[38;2;80;87;111m██[38;2;79;92;106m██[38;2;68;63;92m██[38;2;0;0;0m        [38;2;2;6;2m██[38;2;3;7;4m██[38;2;0;0;0m  [38;2;111;97;47m  [38;2;0;0;0m                
[38;2;124;120;58m  [38;2;223;223;170m██[38;2;227;227;183m████[38;2;224;222;164m██[38;2;115;109;49m  [38;2;0;0;0m          [38;2;0;1;0m  [38;2;47;46;59m██[38;2;61;63;85m██[38;2;21;24;29m  [38;2;0;0;0m            [38;2;18;15;7m  [38;2;199;179;119m██[38;2;197;176;113m██[38;2;131;115;65m  [38;2;0;0;0m            
[38;2;202;193;99m██[38;2;228;228;183m██[38;2;227;227;183m██████[38;2;198;188;87m██[38;2;0;0;0m                [38;2;3;3;1m  [38;2;0;0;0m  [38;2;7;6;2m    [38;2;0;0;0m      [38;2;190;164;88m██[38;2;206;189;142m██[38;2;205;188;141m██[38;2;190;168;99m  [38;2;0;0;0m            
[38;2;114;108;52m  [38;2;225;223;168m██[38;2;229;229;183m██[38;2;227;227;183m██[38;2;221;220;161m██[38;2;101;96;43m  [38;2;0;0;0m                [38;2;160;155;85m  [38;2;110;104;40m  [38;2;213;208;134m██[38;2;211;206;131m  [38;2;50;47;18m  [38;2;0;0;0m    [38;2;91;78;42m  [38;2;196;175;106m██[38;2;181;161;97m  [38;2;28;24;12m  [38;2;0;0;0m            
[38;2;0;0;0m  [38;2;131;123;47m  [38;2;225;224;169m██[38;2;223;222;169m██[38;2;113;108;41m  [38;2;0;0;0m              [38;2;101;95;41m  [38;2;193;186;82m██[38;2;230;230;183m████[38;2;227;227;183m██[38;2;231;231;182m██[38;2;210;203;120m██[38;2;0;0;0m                        
[38;2;0;0;0m    [38;2;66;62;23m    [38;2;0;0;0m              [38;2;118;110;42m  [38;2;223;221;161m██[38;2;228;228;183m██[38;2;227;227;183m██████[38;2;230;229;180m██[38;2;129;123;62m  [38;2;0;0;0m                        
[38;2;0;0;0m                      [38;2;145;136;52m  [38;2;226;225;171m██[38;2;228;228;183m██[38;2;227;227;183m██[38;2;227;227;182m██[38;2;208;201;117m██[38;2;220;218;157m  [38;2;68;66;25m  [38;2;0;0;0m                        
[38;2;0;0;0m                        [38;2;120;114;55m  [38;2;229;229;180m██[38;2;230;230;182m██[38;2;199;193;99m  [38;2;51;48;18m  [38;2;49;47;17m  [38;2;0;0;0m                          [0m
