
[38;2;0;0;0m  ████                            
[38;2;0;0;0m  ██[38;2;192;192;184m██[38;2;0;0;0m██                      ████
[38;2;0;0;0m  ██[38;2;192;192;184m██[38;2;0;0;0m██                  ████[38;2;248;248;248m██[38;2;0;0;0m██
[38;2;0;0;0m  ██[38;2;208;152;144m████[38;2;0;0;0m██  ████        ██[38;2;248;248;248m██████[38;2;0;0;0m██
[38;2;0;0;0m  ██[38;2;184;112;96m██[38;2;208;152;144m████[38;2;0;0;0m██[38;2;248;192;176m████[38;2;0;0;0m██    ██[38;2;248;192;176m██[38;2;64;64;64m██[38;2;248;248;248m██[38;2;0;0;0m██  
[38;2;0;0;0m    ██[38;2;208;152;144m██[38;2;64;64;64m██[38;2;248;192;176m██████[38;2;184;112;96m██[38;2;0;0;0m██  ██[38;2;184;112;96m██[38;2;64;64;64m██[38;2;248;192;176m██[38;2;0;0;0m██  
[38;2;0;0;0m    ██[38;2;184;112;96m██[38;2;64;64;64m██[38;2;248;192;176m██[38;2;184;112;96m████[38;2;208;152;144m██[38;2;0;0;0m████[38;2;248;192;176m██[38;2;64;64;64m██[38;2;184;112;96m██[38;2;208;152;144m██[38;2;0;0;0m██  
[38;2;0;0;0m      ██[38;2;64;64;64m██[38;2;208;152;144m██████████[38;2;0;0;0m██[38;2;184;112;96m██[38;2;64;64;64m██[38;2;248;192;176m██[38;2;0;0;0m██    
[38;2;0;0;0m    ██[38;2;208;152;144m██[38;2;248;192;176m██[38;2;64;64;64m██[38;2;208;152;144m██████[38;2;64;64;64m██[38;2;248;192;176m██[38;2;64;64;64m██[38;2;248;192;176m██[38;2;64;64;64m██[38;2;0;0;0m██    
[38;2;0;0;0m    ██[38;2;248;192;176m██████[38;2;64;64;64m██████[38;2;248;192;176m██████[38;2;64;64;64m██[38;2;0;0;0m██      
[38;2;0;0;0m  ██[38;2;112;192;168m██[38;2;248;192;176m████████████████[38;2;64;64;64m██[38;2;208;152;144m██[38;2;0;0;0m██      
[38;2;0;0;0m  [38;2;64;64;64m██[38;2;248;248;248m██[38;2;248;192;176m██████[38;2;112;192;168m██[38;2;64;128;112m██[38;2;112;192;168m██[38;2;248;192;176m██████[38;2;208;152;144m██[38;2;0;0;0m██      
[38;2;64;64;64m██[38;2;248;192;176m██████████[38;2;64;128;112m██[38;2;248;248;248m██[38;2;64;128;112m██[38;2;248;248;248m██[38;2;248;192;176m████[38;2;208;152;144m████[38;2;0;0;0m██    
[38;2;0;0;0m██[38;2;248;248;248m██[38;2;64;64;64m██[38;2;248;248;248m████[38;2;248;192;176m██[38;2;112;192;168m██[38;2;64;128;112m██[38;2;112;192;168m██[38;2;248;248;248m██[38;2;248;192;176m██[38;2;208;152;144m██████[38;2;0;0;0m██    
[38;2;0;0;0m██[38;2;248;248;248m████[38;2;64;64;64m████[38;2;248;248;248m██[38;2;248;192;176m██[38;2;248;248;248m████[38;2;248;192;176m████[38;2;208;152;144m██████[38;2;0;0;0m██    
[38;2;0;0;0m██[38;2;248;248;248m████████████[38;2;248;192;176m██████[38;2;184;112;96m██[38;2;208;152;144m████████[38;2;0;0;0m██  
[38;2;0;0;0m██[38;2;192;192;184m██[38;2;248;248;248m████████████[38;2;248;192;176m██████[38;2;184;112;96m██[38;2;208;152;144m████████[38;2;0;0;0m██
[38;2;0;0;0m  ██[38;2;192;192;184m██[38;2;248;248;248m████████[38;2;192;192;184m██[38;2;64;64;64m██[38;2;248;192;176m████[38;2;184;112;96m██[38;2;208;152;144m████████[38;2;0;0;0m██
[38;2;0;0;0m  ██[38;2;192;192;184m██████████████[38;2;64;64;64m████[38;2;208;152;144m████████[38;2;0;0;0m██  
[38;2;0;0;0m██[38;2;184;112;96m██[38;2;64;64;64m██[38;2;192;192;184m████████████[38;2;208;152;144m██████████[38;2;0;0;0m██    
[38;2;0;0;0m  ██████[38;2;192;192;184m██████████[38;2;208;152;144m████████[38;2;0;0;0m██      
[38;2;0;0;0m        ████[38;2;192;192;184m████[38;2;208;152;144m██████[38;2;0;0;0m████        
[38;2;0;0;0m            ██[38;2;64;64;64m████[38;2;0;0;0m████            
[38;2;0;0;0m          ██[38;2;208;152;144m██████[38;2;0;0;0m██              
[38;2;0;0;0m            ██████                [0m
