
[38;2;0;0;0m        ████                            
[38;2;0;0;0m    ████[38;2;132;132;132m██[38;2;0;0;0m██                            
[38;2;0;0;0m  ██[38;2;107;107;107m██[38;2;131;131;131m██[38;2;140;140;140m██[38;2;0;4;0m██[38;2;0;0;0m                  ████      
[38;2;0;0;0m██[38;2;107;107;107m██████[38;2;93;95;93m██[38;2;0;4;0m██[38;2;0;0;0m██  ██            ██[38;2;132;132;132m██[38;2;0;0;0m██    
[38;2;0;0;0m██[38;2;107;107;107m██[38;2;0;0;0m██[38;2;107;107;107m██[38;2;66;66;74m████[38;2;165;222;253m██[38;2;0;0;0m██[38;2;148;206;244m██[38;2;0;0;0m████        ██[38;2;131;131;131m████[38;2;0;0;0m██  
[38;2;0;0;0m████  ██[38;2;156;222;252m██[38;2;126;170;193m██[38;2;165;222;253m████[38;2;148;206;244m████[38;2;165;222;253m██[38;2;0;0;0m██    ██[38;2;107;107;107m████[38;2;131;131;131m██[38;2;0;0;0m██  
[38;2;0;0;0m    ██[38;2;156;214;252m██[38;2;165;222;253m██████████████[38;2;132;170;193m██[38;2;0;0;0m████[38;2;107;110;107m████[38;2;107;107;107m████[38;2;132;132;132m██[38;2;0;0;0m██
[38;2;0;0;0m    ██[38;2;104;143;168m██[38;2;115;174;227m██[38;2;165;222;253m████████████[38;2;66;66;74m██[38;2;71;71;71m██[38;2;107;107;107m██[38;2;107;110;107m████[38;2;107;107;107m██[38;2;0;0;0m██[38;2;132;132;132m██[38;2;0;0;0m██
[38;2;0;0;0m  ██[38;2;195;134;141m██[38;2;255;173;175m██[38;2;247;189;175m██[38;2;142;148;161m██[38;2;165;222;253m████████[38;2;115;173;227m██[38;2;98;102;109m██[38;2;107;103;107m██[38;2;71;69;71m██[38;2;0;0;0m██[38;2;107;107;107m██[38;2;0;0;0m██  ████
[38;2;0;0;0m  ██[38;2;74;57;74m██[38;2;255;173;175m██[38;2;90;127;154m██[38;2;247;189;175m██[38;2;107;107;107m██[38;2;165;222;253m██[38;2;66;66;66m██[38;2;165;222;253m██[38;2;107;137;168m██[38;2;115;173;227m██[38;2;71;69;71m██[38;2;0;0;0m██  ████      
[38;2;0;0;0m  ██[38;2;85;57;64m████[38;2;99;115;139m██[38;2;239;111;143m██[38;2;99;136;173m██[38;2;66;61;66m██[38;2;115;173;227m██[38;2;66;66;66m██[38;2;115;176;227m████[38;2;115;173;227m██[38;2;0;0;0m██            
[38;2;0;0;0m    [38;2;0;8;8m██[38;2;170;107;119m██[38;2;192;112;142m██[38;2;99;115;139m██[38;2;115;173;227m████████[38;2;115;176;227m████[38;2;0;0;0m██              
[38;2;0;0;0m      ██[38;2;63;69;68m██[38;2;189;206;205m██[38;2;189;108;139m████[38;2;115;173;227m████[38;2;123;181;243m██[38;2;82;121;162m██[38;2;0;0;0m██              
[38;2;0;0;0m        ████[38;2;239;103;127m██[38;2;90;119;162m██[38;2;115;173;227m██[38;2;90;123;178m██[38;2;0;0;0m████                
[38;2;0;0;0m            ████████                    [0m
