
[38;2;0;0;0m                      [38;2;43;46;23m  [38;2;206;206;104m██[38;2;183;182;70m██[38;2;142;141;65m██[38;2;165;165;67m██[38;2;189;189;69m██[38;2;165;164;66m██[38;2;158;157;66m██[38;2;51;54;29m██[38;2;15;16;10m  [38;2;63;65;44m██[38;2;247;247;170m██[38;2;246;246;170m██[38;2;240;234;158m██[38;2;199;199;127m██[38;2;180;182;112m██[38;2;41;44;25m  [38;2;0;0;0m    
[38;2;0;0;0m                    [38;2;43;46;23m  [38;2;175;176;95m██[38;2;96;96;66m██[38;2;165;165;68m██[38;2;165;165;67m██[38;2;189;187;65m██[38;2;96;96;66m██[38;2;78;105;120m██[38;2;65;65;65m██[38;2;172;172;131m██[38;2;200;194;135m██[38;2;236;235;151m██[38;2;224;226;134m██[38;2;134;134;95m██[38;2;105;105;82m██[38;2;75;75;70m██[38;2;12;14;12m  [38;2;0;0;0m      
[38;2;0;0;0m                    [38;2;8;9;9m  [38;2;48;57;67m██[38;2;119;119;67m██[38;2;189;189;69m██[38;2;135;138;73m██[38;2;67;80;89m██[38;2;95;122;118m██[38;2;107;116;103m██[38;2;228;228;163m██[38;2;195;195;135m██[38;2;225;225;134m██[38;2;135;135;95m██[38;2;105;105;82m████[38;2;225;225;134m██[38;2;222;222;134m██[38;2;124;126;75m  [38;2;0;0;0m      
[38;2;0;0;0m                [38;2;19;25;30m    [38;2;68;97;117m██[38;2;65;80;90m██[38;2;189;187;66m████[38;2;158;160;72m██[38;2;91;103;90m██[38;2;112;114;71m██[38;2;125;127;92m██[38;2;90;90;80m██[38;2;153;153;104m██[38;2;222;222;134m████[38;2;192;192;121m██[38;2;105;105;82m████[38;2;68;70;45m██[38;2;0;0;0m        
[38;2;0;0;0m            [38;2;47;50;17m██[38;2;59;61;29m██[38;2;57;85;110m████[38;2;73;108;141m██[38;2;149;156;90m██[38;2;189;187;65m██[38;2;175;176;78m██[38;2;141;142;74m██[38;2;69;72;77m██[38;2;168;171;79m██[38;2;159;159;67m██[38;2;144;144;71m██[38;2;192;192;121m██[38;2;154;161;117m██[38;2;79;90;98m██[38;2;78;99;124m██[38;2;112;153;211m██[38;2;86;124;182m██[38;2;21;33;45m  [38;2;0;0;0m        
[38;2;0;0;0m          [38;2;0;2;0m  [38;2;153;154;56m██[38;2;96;96;66m██[38;2;71;108;137m██[38;2;72;108;138m██[38;2;98;107;91m██[38;2;117;117;74m██[38;2;189;187;65m██[38;2;114;115;69m██[38;2;127;162;189m██[38;2;78;90;110m██[38;2;100;109;95m██[38;2;109;145;191m██[38;2;105;105;82m██[38;2;134;134;95m██[38;2;78;114;150m██[38;2;86;135;183m██[38;2;183;204;165m██[38;2;64;77;89m██[38;2;0;1;0m  [38;2;0;0;0m          
[38;2;0;0;0m          [38;2;0;3;0m  [38;2;86;88;86m██[38;2;183;183;117m██[38;2;68;80;90m██[38;2;73;123;162m██[38;2;105;105;74m██[38;2;132;129;68m██[38;2;135;135;67m██[38;2;102;140;198m██[38;2;99;149;212m██[38;2;107;157;227m██[38;2;102;140;198m██[38;2;104;113;111m██[38;2;222;222;134m██[38;2;225;225;134m██[38;2;166;167;100m████[38;2;124;126;75m  [38;2;0;0;0m              
[38;2;0;0;0m          [38;2;9;3;0m  [38;2;93;100;90m██[38;2;212;212;129m██[38;2;169;147;115m██[38;2;87;104;103m██[38;2;73;81;85m██[38;2;188;188;114m██[38;2;75;84;99m██[38;2;111;158;231m██[38;2;84;133;182m██[38;2;115;165;243m██[38;2;95;95;78m██[38;2;212;212;129m██[38;2;192;192;121m██[38;2;68;70;45m██[38;2;0;1;0m    [38;2;0;3;0m  [38;2;0;0;0m              
[38;2;0;0;0m        [38;2;6;9;16m  [38;2;77;102;113m██[38;2;96;81;92m██[38;2;222;182;134m██[38;2;144;124;94m██[38;2;88;91;76m██[38;2;156;159;84m██[38;2;190;192;120m██[38;2;75;84;99m██[38;2;111;158;231m████[38;2;104;113;111m██[38;2;210;213;133m██[38;2;94;95;79m██[38;2;72;73;50m██[38;2;0;1;0m  [38;2;0;0;2m  [38;2;41;43;25m  [38;2;166;167;100m██[38;2;0;1;0m  [38;2;0;0;0m          [38;2;0;1;0m  
[38;2;0;0;0m      [38;2;0;2;0m  [38;2;141;161;140m██[38;2;78;89;93m██[38;2;186;175;133m██[38;2;222;182;134m██[38;2;73;73;66m██[38;2;105;132;153m██[38;2;149;155;97m██[38;2;206;214;113m██[38;2;95;95;78m██[38;2;104;113;111m██[38;2;102;140;198m██[38;2;183;183;117m██[38;2;115;127;106m██[38;2;132;135;71m██[38;2;154;154;64m██[38;2;12;14;12m  [38;2;83;83;58m██[38;2;137;164;167m██[38;2;107;135;152m██[38;2;12;14;12m  [38;2;0;0;0m      [38;2;124;75;75m  [38;2;41;27;25m  [38;2;41;28;25m██
[38;2;0;0;0m      [38;2;0;2;0m  [38;2;152;152;94m██[38;2;194;177;118m██[38;2;215;130;127m██[38;2;222;180;134m██[38;2;222;204;134m██[38;2;134;134;95m██[38;2;105;105;82m████[38;2;195;207;161m██[38;2;98;101;89m██[38;2;105;105;82m██[38;2;194;203;139m██[38;2;127;164;187m██[38;2;134;134;95m██[38;2;78;90;110m████[38;2;212;212;129m██[38;2;176;188;128m██[38;2;78;98;120m██[38;2;112;162;237m██[38;2;21;33;45m  [38;2;0;1;0m  [38;2;67;47;45m██[38;2;184;108;94m██[38;2;166;100;100m██[38;2;0;1;0m  
[38;2;0;0;0m        [38;2;55;55;41m██[38;2;194;123;107m██[38;2;209;136;121m██[38;2;215;131;127m██[38;2;173;141;106m██[38;2;206;205;156m██[38;2;105;107;78m██[38;2;163;175;153m██[38;2;137;165;178m██[38;2;100;128;176m██[38;2;97;101;92m██[38;2;129;146;128m██[38;2;136;149;163m██[38;2;84;105;101m██[38;2;127;152;181m██[38;2;105;146;212m██[38;2;83;108;114m██[38;2;94;132;187m██[38;2;76;90;97m██[38;2;81;130;177m██[38;2;71;80;95m██[38;2;138;87;87m██[38;2;194;119;121m██[38;2;222;131;134m██[38;2;41;27;25m  [38;2;0;0;0m  
[38;2;0;0;0m  [38;2;0;0;3m  [38;2;11;13;7m  [38;2;53;57;29m██[38;2;59;54;39m██[38;2;162;144;105m██[38;2;182;134;101m██[38;2;143;94;67m██[38;2;160;150;102m██[38;2;84;78;72m██[38;2;208;208;191m██[38;2;112;125;124m██[38;2;110;125;118m██[38;2;23;20;10m██[38;2;85;90;90m██[38;2;85;97;97m██[38;2;100;117;140m██[38;2;215;222;223m██[38;2;126;149;173m██[38;2;112;162;240m██[38;2;139;148;165m██[38;2;110;124;145m██[38;2;75;70;70m██[38;2;105;82;82m██[38;2;222;131;134m██[38;2;195;116;118m██[38;2;126;76;76m  [38;2;0;3;0m  [38;2;0;0;0m    
[38;2;0;0;0m  [38;2;61;70;49m  [38;2;140;149;86m██[38;2;213;218;117m██[38;2;72;60;37m██[38;2;79;62;56m██[38;2;179;172;107m██[38;2;75;75;70m██[38;2;107;107;107m██[38;2;222;218;213m██[38;2;103;82;83m██[38;2;129;129;86m██[38;2;82;93;76m██[38;2;59;60;75m██[38;2;68;77;106m██[38;2;102;140;198m██[38;2;102;144;204m██[38;2;105;132;148m██[38;2;115;151;182m██[38;2;112;162;237m██[38;2;110;96;109m██[38;2;169;166;122m██[38;2;193;170;121m██[38;2;225;131;134m██[38;2;105;82;82m██[38;2;164;104;110m██[38;2;0;6;6m  [38;2;0;0;0m      
[38;2;26;45;55m██[38;2;104;155;222m██[38;2;103;139;138m██[38;2;166;159;60m██[38;2;135;130;63m██[38;2;207;189;159m██[38;2;147;138;121m██[38;2;252;231;194m██[38;2;101;96;89m██[38;2;30;43;46m██[38;2;67;86;80m██[38;2;129;160;151m██[38;2;75;99;141m██[38;2;78;60;55m██[38;2;112;147;210m██[38;2;107;157;227m██[38;2;111;153;193m██[38;2;77;87;97m██[38;2;123;158;227m██[38;2;110;96;109m██[38;2;222;165;134m██[38;2;224;148;134m██[38;2;214;127;129m██[38;2;95;78;78m██[38;2;108;97;107m██[38;2;221;128;128m██[38;2;168;100;100m██[38;2;0;1;0m  [38;2;0;0;0m    
[38;2;40;46;23m██[38;2;135;142;85m██[38;2;132;136;75m██[38;2;183;177;64m██[38;2;120;99;72m██[38;2;222;146;139m██[38;2;238;175;159m██[38;2;254;231;191m██[38;2;126;123;83m██[38;2;173;181;126m██[38;2;198;202;159m██[38;2;140;116;105m██[38;2;45;43;34m██[38;2;21;19;23m██[38;2;47;46;54m██[38;2;172;185;193m██[38;2;115;150;188m██[38;2;75;89;106m██[38;2;105;96;111m██[38;2;198;178;135m██[38;2;224;148;134m██[38;2;223;131;134m██[38;2;105;96;112m██[38;2;102;140;201m██[38;2;90;77;75m██[38;2;169;99;79m██[38;2;208;124;125m██[38;2;41;27;25m  [38;2;0;0;0m    
[38;2;35;37;12m  [38;2;201;202;113m██[38;2;124;127;75m  [38;2;0;6;0m  [38;2;105;74;66m██[38;2;161;104;102m██[38;2;207;189;159m██[38;2;101;96;89m██[38;2;49;55;38m██[38;2;196;208;154m██[38;2;218;156;133m██[38;2;195;156;128m██[38;2;222;168;134m██[38;2;203;187;151m██[38;2;119;133;106m██[38;2;28;47;72m██[38;2;27;42;38m██[38;2;55;48;33m██[38;2;78;62;62m██[38;2;166;99;100m██[38;2;168;99;100m██[38;2;175;111;115m██[38;2;81;101;127m██[38;2;115;165;245m██[38;2;91;69;61m██[38;2;157;90;63m██[38;2;169;98;76m██[38;2;217;129;129m██[38;2;41;27;25m  [38;2;0;0;0m  
[38;2;0;0;0m  [38;2;41;44;25m  [38;2;0;0;0m    [38;2;9;7;4m  [38;2;112;69;52m██[38;2;118;79;64m██[38;2;70;98;120m██[38;2;69;107;146m██[38;2;151;164;131m██[38;2;202;201;131m██[38;2;96;102;110m██[38;2;222;199;134m████[38;2;215;218;140m██[38;2;195;207;161m██[38;2;194;203;139m██[38;2;222;179;134m██[38;2;166;127;100m██[38;2;166;136;100m██[38;2;166;167;100m██[38;2;54;55;39m██[38;2;27;36;44m██[38;2;28;44;60m██[38;2;53;40;33m██[38;2;158;91;65m██[38;2;106;76;64m██[38;2;168;98;76m██[38;2;166;100;100m██[38;2;0;1;0m  
[38;2;0;0;0m          [38;2;89;51;35m  [38;2;159;89;63m██[38;2;107;76;65m██[38;2;79;106;151m██[38;2;168;168;100m██[38;2;79;123;167m██[38;2;36;47;60m██[38;2;0;3;0m    [38;2;63;58;70m██[38;2;86;124;182m██[38;2;106;120;96m██[38;2;160;165;106m██[38;2;222;204;134m██[38;2;222;153;134m████[38;2;222;136;134m██[38;2;221;201;130m██[38;2;218;213;121m██[38;2;162;162;104m██[38;2;69;62;43m██[38;2;91;83;65m██[38;2;136;83;64m██[38;2;124;75;75m  [38;2;0;0;0m  
[38;2;0;0;0m            [38;2;39;25;15m██[38;2;127;73;54m██[38;2;55;72;87m██[38;2;58;68;53m██[38;2;139;149;105m██[38;2;9;15;15m██[38;2;0;0;0m    [38;2;54;38;37m██[38;2;120;104;96m██[38;2;166;98;102m██[38;2;166;99;101m██[38;2;55;58;33m██████[38;2;55;41;33m██[38;2;230;204;150m██[38;2;218;207;127m██[38;2;207;208;131m██[38;2;255;252;175m██[38;2;149;148;107m██[38;2;34;23;16m██[38;2;0;0;0m    
[38;2;0;0;0m              [38;2;0;2;0m  [38;2;18;14;14m  [38;2;36;40;38m██[38;2;124;126;75m██[38;2;0;3;0m  [38;2;0;0;0m    [38;2;63;57;47m██[38;2;147;132;121m██[38;2;97;93;85m██[38;2;12;14;12m  [38;2;0;0;0m    [38;2;0;1;0m  [38;2;165;160;118m██[38;2;46;46;37m██[38;2;0;3;0m  [38;2;0;6;0m  [38;2;0;3;0m  [38;2;0;2;0m  [38;2;0;0;0m      
[38;2;0;0;0m                [38;2;0;1;0m  [38;2;107;105;95m██[38;2;80;79;71m██[38;2;0;0;0m      [38;2;63;60;48m██[38;2;252;231;194m██[38;2;47;45;35m  [38;2;0;0;0m      [38;2;47;45;35m  [38;2;217;202;172m██[38;2;46;45;37m  [38;2;0;0;0m              
[38;2;0;0;0m                [38;2;28;31;28m██[38;2;108;108;103m██[38;2;78;80;74m  [38;2;0;0;0m      [38;2;63;60;48m██[38;2;252;231;194m██[38;2;0;3;0m  [38;2;0;0;0m    [38;2;0;2;0m  [38;2;49;49;49m████[38;2;0;2;0m  [38;2;0;0;0m              
[38;2;0;0;0m                [38;2;16;19;16m██[38;2;17;20;16m██[38;2;0;0;0m        [38;2;202;183;159m██[38;2;254;231;191m██[38;2;0;3;0m  [38;2;0;0;0m      [38;2;0;1;0m    [38;2;0;0;0m                
[38;2;0;0;0m                        [38;2;0;1;0m  [38;2;58;54;49m██[38;2;110;101;89m██[38;2;51;50;39m██[38;2;0;0;0m                            
[38;2;0;0;0m                          [38;2;12;14;12m  [38;2;16;19;16m██[38;2;4;5;4m  [38;2;0;0;0m                            [0m
