
[38;2;0;0;0m                                  [38;2;0;1;1m  [38;2;10;13;22m  [38;2;0;0;0m                        
[38;2;0;0;0m                        [38;2;32;38;67m  [38;2;2;5;4m  [38;2;0;1;0m  [38;2;0;3;0m  [38;2;0;1;0m  [38;2;73;81;151m██[38;2;40;46;83m██[38;2;0;0;0m                        
[38;2;0;0;0m              [38;2;0;1;0m  [38;2;47;47;28m  [38;2;0;0;0m    [38;2;0;1;0m  [38;2;57;64;119m██[38;2;53;58;87m██[38;2;62;70;119m██[38;2;80;87;143m██[38;2;61;68;127m██[38;2;87;99;186m██[38;2;39;46;83m██[38;2;0;0;0m                        
[38;2;0;0;0m            [38;2;0;1;0m  [38;2;171;165;103m  [38;2;136;128;69m██[38;2;0;0;0m  [38;2;32;38;69m  [38;2;76;88;164m██[38;2;79;85;137m██[38;2;83;93;171m██[38;2;130;148;215m██[38;2;84;95;172m██[38;2;87;99;186m██[38;2;87;96;180m██[38;2;4;7;9m  [38;2;0;0;0m                        
[38;2;0;0;0m          [38;2;51;50;19m  [38;2;106;102;51m██[38;2;189;181;101m██[38;2;133;126;67m██[38;2;80;91;103m██[38;2;126;133;197m██[38;2;76;85;139m██[38;2;88;99;184m██[38;2;139;158;223m██[38;2;106;120;199m██[38;2;87;99;185m██[38;2;82;91;159m██[38;2;50;56;103m  [38;2;0;1;0m        [38;2;0;0;0m        [38;2;0;1;0m    [38;2;0;0;0m      
[38;2;0;0;0m        [38;2;45;46;18m  [38;2;143;135;56m██[38;2;95;92;62m██[38;2;145;137;56m██[38;2;113;108;59m██[38;2;169;192;234m██[38;2;76;85;139m██[38;2;154;99;141m██[38;2;76;81;121m██[38;2;88;99;185m██[38;2;135;154;220m██[38;2;87;98;185m██[38;2;77;82;126m██[38;2;83;92;173m  [38;2;0;3;0m  [38;2;205;198;132m██[38;2;86;95;178m██[38;2;78;86;161m  [38;2;0;3;0m  [38;2;0;0;0m  [38;2;0;3;0m    [38;2;144;140;87m  [38;2;0;3;0m  [38;2;0;0;0m      
[38;2;0;0;0m        [38;2;47;47;18m██[38;2;79;77;64m██[38;2;147;140;67m██[38;2;133;126;57m██[38;2;128;122;57m██[38;2;94;80;94m██[38;2;147;88;110m██[38;2;136;80;89m██[38;2;107;105;95m██[38;2;86;98;183m██[38;2;87;99;186m██[38;2;87;99;185m██[38;2;82;90;153m██[38;2;65;70;96m██[38;2;100;104;108m██[38;2;66;74;124m██[38;2;83;93;173m██[38;2;151;149;151m██[38;2;120;119;108m██[38;2;119;112;77m██[38;2;175;146;122m██[38;2;156;84;108m██[38;2;116;98;79m██[38;2;0;1;0m  [38;2;0;0;0m  [38;2;25;26;15m  [38;2;28;29;17m  
[38;2;0;0;0m    [38;2;54;55;20m██[38;2;38;40;26m██[38;2;145;137;56m██[38;2;78;77;71m██[38;2;188;179;74m██[38;2;82;80;66m██[38;2;113;108;59m██[38;2;136;74;104m██[38;2;166;116;101m██[38;2;84;68;74m██[38;2;135;129;67m██[38;2;87;97;180m██[38;2;78;82;125m██[38;2;68;66;67m██[38;2;69;68;67m██[38;2;65;74;122m██[38;2;65;74;123m██[38;2;78;84;116m██[38;2;187;179;69m██[38;2;81;80;72m██[38;2;225;205;133m██[38;2;148;74;108m██[38;2;196;93;109m██[38;2;113;90;73m██[38;2;1;3;3m  [38;2;1;2;0m  [38;2;8;12;5m██[38;2;225;211;134m██[38;2;58;57;34m██
[38;2;0;0;0m    [38;2;55;55;19m██[38;2;147;140;55m██[38;2;113;109;60m██[38;2;78;77;67m██[38;2;132;129;79m██[38;2;160;155;100m██[38;2;121;117;78m██[38;2;223;200;132m██[38;2;110;67;91m██[38;2;139;119;89m██[38;2;135;129;67m██[38;2;75;79;114m██[38;2;113;75;98m██[38;2;91;71;83m██[38;2;168;162;98m██[38;2;65;66;66m██[38;2;65;72;108m██[38;2;115;118;101m██[38;2;65;73;112m██[38;2;157;149;106m██[38;2;171;104;113m██[38;2;182;100;112m██[38;2;173;130;118m██[38;2;117;106;55m██[38;2;132;124;74m██[38;2;135;127;85m██[38;2;167;134;118m██[38;2;194;185;116m██[38;2;24;24;14m  
[38;2;0;0;0m    [38;2;49;48;17m  [38;2;187;176;67m██[38;2;98;95;63m██[38;2;78;77;70m██[38;2;136;134;87m██[38;2;203;195;118m██[38;2;137;133;97m██[38;2;145;87;109m██[38;2;125;96;92m██[38;2;95;99;95m██[38;2;135;129;67m██[38;2;124;80;104m██[38;2;119;76;102m██[38;2;84;83;73m██[38;2;222;214;134m██[38;2;70;69;66m██[38;2;129;124;69m██[38;2;84;84;73m██[38;2;164;161;123m██[38;2;214;200;131m██[38;2;171;87;109m██[38;2;137;92;110m██[38;2;211;198;130m████[38;2;160;118;116m██[38;2;147;83;109m██[38;2;152;92;109m██[38;2;152;147;91m  [38;2;0;0;0m  
[38;2;0;0;0m    [38;2;0;0;2m  [38;2;102;93;49m██[38;2;100;94;70m██[38;2;146;143;103m██[38;2;152;148;117m██[38;2;181;168;105m██[38;2;167;167;153m██[38;2;98;87;86m██[38;2;148;139;122m██[38;2;159;156;86m██[38;2;135;129;67m██[38;2;84;74;81m██[38;2;171;158;114m██[38;2;222;214;134m██[38;2;169;164;111m██[38;2;149;142;67m██[38;2;143;139;69m██[38;2;129;128;80m██[38;2;225;211;134m██[38;2;170;115;117m██[38;2;183;96;111m██[38;2;173;88;108m██████[38;2;158;84;108m██[38;2;158;99;110m██[38;2;143;122;102m██[38;2;0;3;0m  [38;2;0;0;0m  
[38;2;0;0;0m  [38;2;0;3;0m  [38;2;81;80;28m██[38;2;116;95;73m██[38;2;111;74;96m██[38;2;173;166;113m██[38;2;182;181;148m██[38;2;88;101;181m██[38;2;111;121;173m████[38;2;145;148;151m██[38;2;191;185;120m██[38;2;166;86;108m██[38;2;142;80;107m██[38;2;135;79;108m██[38;2;221;213;133m██[38;2;141;139;82m██[38;2;90;88;66m██[38;2;146;139;66m██[38;2;183;173;67m██[38;2;111;74;87m██[38;2;198;97;107m██[38;2;189;93;108m██[38;2;181;92;110m██[38;2;159;99;113m██[38;2;146;104;114m██[38;2;177;159;118m██[38;2;168;163;114m██[38;2;71;76;106m██[38;2;53;62;102m██[38;2;3;5;6m  
[38;2;0;0;0m  [38;2;0;5;9m  [38;2;194;186;73m██[38;2;116;95;73m██[38;2;127;78;106m██[38;2;75;67;72m██[38;2;148;144;101m██[38;2;189;187;145m██[38;2;177;172;114m██[38;2;108;96;73m██[38;2;148;141;127m██[38;2;74;74;74m██[38;2;198;94;110m████[38;2;164;86;110m██[38;2;221;213;133m██[38;2;81;81;68m██[38;2;200;172;70m██[38;2;146;109;88m██[38;2;188;167;74m██[38;2;113;79;89m██[38;2;147;83;109m██[38;2;178;139;119m██[38;2;198;174;126m██[38;2;215;198;131m██[38;2;203;196;119m██[38;2;90;95;126m██[38;2;82;91;158m██[38;2;82;92;162m██[38;2;55;57;70m██[38;2;4;8;8m██
[38;2;0;1;0m  [38;2;104;102;43m██[38;2;102;101;51m██[38;2;137;118;72m██[38;2;98;72;87m██[38;2;145;137;66m██[38;2;201;191;97m██[38;2;170;162;81m██[38;2;91;90;77m██[38;2;68;84;65m██[38;2;201;162;165m██[38;2;77;78;91m██[38;2;90;80;115m██[38;2;187;99;112m██[38;2;175;141;120m██[38;2;222;213;133m██[38;2;139;121;97m██[38;2;146;83;104m██[38;2;148;105;90m██[38;2;89;61;88m██[38;2;222;208;134m██[38;2;222;214;134m██[38;2;210;199;121m██[38;2;203;190;114m██[38;2;179;169;91m██[38;2;174;168;104m██[38;2;111;109;85m██[38;2;88;99;184m██[38;2;87;99;185m██[38;2;18;23;38m  [38;2;0;0;0m  
[38;2;30;31;12m  [38;2;138;130;54m██[38;2;117;112;60m██[38;2;172;163;68m██[38;2;136;129;69m██[38;2;145;134;91m██[38;2;222;208;124m██[38;2;110;108;71m██[38;2;84;83;74m██[38;2;104;101;77m██[38;2;129;92;87m██[38;2;174;91;113m██[38;2;184;91;105m██[38;2;147;79;109m██[38;2;219;194;131m██[38;2;224;210;133m██[38;2;106;73;85m██[38;2;145;82;104m██[38;2;140;113;75m██[38;2;106;88;75m██[38;2;169;163;110m██[38;2;165;157;77m██[38;2;212;204;124m██[38;2;197;185;115m██[38;2;137;101;94m██[38;2;201;194;125m██[38;2;71;76;101m██[38;2;41;45;64m██[38;2;87;98;186m██[38;2;69;77;143m██[38;2;0;1;0m  
[38;2;44;44;23m██[38;2;211;202;124m██[38;2;122;116;59m██[38;2;132;126;67m██[38;2;122;117;67m██[38;2;210;202;123m██[38;2;167;162;110m████[38;2;138;138;138m██[38;2;117;84;89m██[38;2;181;96;111m██[38;2;170;115;117m██[38;2;161;125;118m██[38;2;222;208;133m██[38;2;200;190;113m██[38;2;104;104;70m██[38;2;169;160;68m██[38;2;152;130;76m██[38;2;109;74;92m██[38;2;106;76;91m██[38;2;149;145;90m██[38;2;189;167;125m██[38;2;166;115;114m██[38;2;154;83;108m██[38;2;132;79;97m██[38;2;65;67;75m██[38;2;36;42;69m██[38;2;0;1;0m  [38;2;41;47;86m  [38;2;87;99;186m██[38;2;22;28;47m██
[38;2;57;57;34m██[38;2;69;69;41m██[38;2;92;89;62m██[38;2;79;77;64m██[38;2;184;176;68m██[38;2;104;99;73m██[38;2;125;134;181m██[38;2;204;204;204m██[38;2;77;77;77m██[38;2;185;91;105m██[38;2;176;82;109m██[38;2;225;196;133m██[38;2;200;107;112m██[38;2;221;210;133m██[38;2;146;142;100m██[38;2;190;179;71m██[38;2;100;77;84m██[38;2;114;99;93m██[38;2;76;56;76m██[38;2;205;190;126m██[38;2;183;137;120m██[38;2;190;92;110m██[38;2;153;100;102m██[38;2;80;62;77m██[38;2;157;150;106m██[38;2;181;176;119m██[38;2;65;73;112m██[38;2;0;3;0m  [38;2;0;2;0m  [38;2;71;80;148m██[38;2;2;4;5m  
[38;2;0;0;0m  [38;2;0;1;0m  [38;2;86;83;33m██[38;2;95;91;37m██[38;2;35;35;12m  [38;2;121;116;62m██[38;2;87;71;74m██[38;2;69;68;68m██[38;2;132;79;93m██[38;2;178;81;106m██[38;2;192;142;121m██[38;2;187;108;114m██[38;2;214;176;126m██[38;2;158;153;106m██[38;2;155;145;69m██[38;2;142;128;71m██[38;2;102;94;84m██[38;2;137;121;103m██[38;2;184;157;120m██[38;2;155;96;104m██[38;2;157;91;111m██[38;2;191;92;109m██[38;2;130;104;102m██[38;2;227;208;138m██[38;2;181;173;114m██[38;2;65;72;100m██[38;2;47;53;81m██[38;2;0;1;0m    [38;2;40;46;83m  [38;2;0;0;0m  
[38;2;0;0;0m  [38;2;0;3;0m  [38;2;106;101;41m██[38;2;1;1;0m  [38;2;0;1;0m  [38;2;161;154;56m██[38;2;153;141;72m██[38;2;124;77;103m██[38;2;196;93;109m██[38;2;178;105;111m██[38;2;187;104;111m██[38;2;219;201;131m██[38;2;71;71;68m██[38;2;183;173;68m██[38;2;137;123;71m██[38;2;113;94;74m██[38;2;94;83;86m██[38;2;72;62;76m██[38;2;68;62;73m██[38;2;74;65;75m██[38;2;167;86;108m██[38;2;191;92;109m██[38;2;187;159;123m██[38;2;197;184;119m██[38;2;50;47;44m██[38;2;65;75;125m██[38;2;21;26;40m██[38;2;0;0;0m        
[38;2;0;0;0m    [38;2;0;1;0m  [38;2;0;0;0m    [38;2;0;1;0m  [38;2;129;124;46m██[38;2;151;136;70m██[38;2;166;110;115m██[38;2;218;206;132m██[38;2;150;134;100m██[38;2;119;94;84m██[38;2;142;99;100m██[38;2;190;179;69m██[38;2;98;95;66m██[38;2;66;70;95m██[38;2;114;90;103m██[38;2;95;83;86m██[38;2;163;139;115m██[38;2;174;142;121m██[38;2;162;85;108m██[38;2;98;86;87m██[38;2;148;141;129m██[38;2;0;0;0m  [38;2;0;1;0m  [38;2;27;32;52m  [38;2;0;0;0m          
[38;2;0;0;0m            [38;2;26;23;26m██[38;2;178;154;77m██[38;2;215;208;131m██[38;2;92;72;86m██[38;2;167;135;85m██[38;2;191;92;109m██[38;2;180;149;77m██[38;2;73;71;66m██[38;2;104;100;62m██[38;2;66;74;124m██[38;2;141;137;108m██[38;2;122;73;102m██[38;2;159;87;113m██[38;2;118;64;78m  [38;2;0;3;0m  [38;2;21;24;20m██[38;2;220;220;217m██[38;2;0;3;0m  [38;2;0;0;0m              
[38;2;0;0;0m            [38;2;17;17;11m  [38;2;95;68;85m██[38;2;138;132;66m██[38;2;166;118;93m██[38;2;146;99;91m██[38;2;166;134;86m██[38;2;126;103;76m██[38;2;122;116;44m██[38;2;74;76;83m██[38;2;97;104;146m██[38;2;89;88;78m██[38;2;0;1;0m  [38;2;0;2;1m  [38;2;0;3;3m  [38;2;0;1;0m  [38;2;134;135;133m██[38;2;131;132;130m██[38;2;0;1;0m  [38;2;0;0;0m              
[38;2;0;0;0m            [38;2;0;2;0m  [38;2;63;45;54m  [38;2;182;172;66m██[38;2;196;180;69m██[38;2;183;167;69m██[38;2;88;69;78m██[38;2;117;98;69m██[38;2;83;85;72m██[38;2;92;100;172m██[38;2;68;69;79m██[38;2;105;106;107m██[38;2;0;3;0m  [38;2;0;0;0m    [38;2;33;35;33m  [38;2;58;58;58m██[38;2;22;24;22m  [38;2;0;0;0m                
[38;2;0;0;0m              [38;2;0;3;0m  [38;2;115;112;64m██[38;2;113;106;69m██[38;2;92;86;66m██[38;2;142;134;56m██[38;2;24;16;20m  [38;2;0;1;0m  [38;2;58;66;123m██[38;2;86;98;185m██[38;2;55;62;103m██[38;2;0;1;0m  [38;2;0;0;0m      [38;2;0;1;0m  [38;2;0;0;0m                  
[38;2;0;0;0m                [38;2;46;46;18m  [38;2;117;90;83m██[38;2;117;99;70m██[38;2;7;10;3m  [38;2;0;0;0m  [38;2;0;3;0m  [38;2;65;65;65m██[38;2;83;92;161m██[38;2;0;1;0m  [38;2;0;0;0m                            
[38;2;0;0;0m                  [38;2;35;36;13m  [38;2;22;23;8m  [38;2;0;0;0m    [38;2;0;1;0m  [38;2;17;20;17m██  [38;2;0;0;0m                              [0m
