
[38;2;0;0;0m                                                          [38;2;0;4;0m██████[38;2;0;0;0m            
[38;2;0;0;0m                          [38;2;0;4;0m██[38;2;0;0;0m                            [38;2;0;4;0m██[38;2;255;239;71m██████[38;2;0;4;0m████[38;2;0;0;0m        
[38;2;0;0;0m                        [38;2;0;4;0m██[38;2;255;247;71m██[38;2;8;8;8m██[38;2;0;0;0m                        [38;2;0;4;0m██[38;2;255;239;71m██[38;2;255;239;68m████[38;2;255;239;71m████[38;2;247;222;71m██[38;2;0;0;0m██      
[38;2;0;0;0m          [38;2;0;4;0m██[38;2;0;0;0m          [38;2;0;4;0m██[38;2;255;239;71m██[38;2;255;247;71m██[38;2;131;127;39m██[38;2;0;4;0m██[38;2;0;0;0m                    [38;2;0;4;0m██[38;2;255;239;71m████[38;2;255;239;68m████[38;2;255;239;71m██[38;2;145;137;57m██[38;2;165;148;47m██[38;2;247;222;71m██[38;2;0;4;0m██[38;2;0;0;0m    
[38;2;0;0;0m        [38;2;0;4;0m██[38;2;189;189;69m██[38;2;0;4;0m██[38;2;0;0;0m  [38;2;0;4;0m██[38;2;0;0;0m  [38;2;0;4;0m██[38;2;255;239;68m████████[38;2;33;37;33m██[38;2;0;0;0m    [38;2;0;4;0m████[38;2;0;0;0m            [38;2;0;4;0m██[38;2;255;239;68m████████[38;2;255;206;71m██[38;2;255;239;71m██[38;2;255;222;71m██[38;2;0;4;0m██[38;2;0;0;0m      
[38;2;0;0;0m        [38;2;0;4;0m██[38;2;189;189;69m████[38;2;0;4;0m██[38;2;173;239;213m██[38;2;0;4;0m██[38;2;66;65;66m██[38;2;255;239;68m████████[38;2;255;239;71m██[38;2;33;37;33m██[38;2;0;4;0m██[38;2;255;255;183m██[38;2;66;65;66m██[38;2;0;4;0m██[38;2;0;0;0m        [38;2;0;4;0m██[38;2;255;239;71m██[38;2;255;239;68m████████[38;2;255;239;71m██[38;2;255;206;71m██[38;2;255;222;71m████[38;2;0;4;0m██[38;2;0;0;0m    
[38;2;0;0;0m        [38;2;0;4;0m██[38;2;189;187;66m████[38;2;66;66;66m██[38;2;173;239;213m██[38;2;66;66;66m██[38;2;255;247;127m██[38;2;255;239;71m██[38;2;255;250;183m██[38;2;255;255;167m██[38;2;222;217;123m██[38;2;156;148;36m██[38;2;255;255;135m██[38;2;255;255;183m██[38;2;66;66;66m██[38;2;94;96;94m██[38;2;0;4;0m██[38;2;0;0;0m        [38;2;0;4;0m██[38;2;255;239;71m██████[38;2;0;4;0m████[38;2;255;222;71m████[38;2;255;206;68m████[38;2;0;4;0m██[38;2;0;0;0m    
[38;2;0;0;0m        [38;2;0;4;0m██[38;2;189;187;66m████[38;2;66;66;66m██[38;2;173;239;213m██[38;2;66;66;66m██[38;2;255;247;127m██[38;2;255;250;183m████[38;2;255;255;167m██[38;2;156;140;36m██[38;2;222;219;102m████[38;2;255;255;183m██[38;2;66;66;66m██[38;2;94;96;94m██[38;2;0;4;0m██[38;2;0;0;0m        [38;2;0;4;0m██[38;2;255;239;71m████[38;2;0;4;0m██[38;2;0;0;0m    [38;2;0;4;0m██[38;2;255;222;71m██[38;2;255;206;68m████[38;2;255;206;71m██[38;2;0;4;0m██[38;2;0;0;0m  
[38;2;0;0;0m        [38;2;0;4;0m██[38;2;189;189;77m██[38;2;63;66;42m██[38;2;170;236;213m████[38;2;66;66;66m██[38;2;255;247;127m██[38;2;255;250;183m██[38;2;255;239;71m████[38;2;145;137;57m██[38;2;255;239;68m████[38;2;66;66;66m██[38;2;231;181;71m██[38;2;94;96;94m██[38;2;0;4;0m██[38;2;0;0;0m      [38;2;0;4;0m██[38;2;255;239;68m████[38;2;0;4;0m██[38;2;0;0;0m    [38;2;0;4;0m██[38;2;247;206;71m████[38;2;255;206;68m████[38;2;255;206;71m██[38;2;0;4;0m██[38;2;0;0;0m  
[38;2;0;0;0m          [38;2;0;4;24m██[38;2;63;66;42m██[38;2;170;236;213m██[38;2;115;214;211m██[38;2;66;66;66m██[38;2;255;247;127m██[38;2;255;239;71m████████[38;2;255;239;68m████[38;2;66;66;66m██[38;2;231;181;71m██[38;2;94;96;94m██[38;2;0;4;0m██[38;2;0;0;0m      [38;2;0;4;0m██[38;2;255;239;68m████[38;2;0;4;0m██[38;2;0;0;0m      [38;2;0;4;0m██[38;2;165;139;47m██[38;2;255;206;68m████[38;2;255;206;71m████[38;2;0;4;0m██
[38;2;0;0;0m          [38;2;0;4;0m██[38;2;66;65;66m██[38;2;115;214;208m████[38;2;57;70;81m██[38;2;222;255;134m██[38;2;255;239;68m████████[38;2;255;239;71m██[38;2;66;66;66m██[38;2;74;78;74m████[38;2;0;4;0m██[38;2;0;0;0m      [38;2;8;12;8m██[38;2;255;255;79m██[38;2;255;239;71m██[38;2;0;4;0m██[38;2;0;0;0m          [38;2;0;4;0m██[38;2;165;139;47m██[38;2;247;206;71m██[38;2;144;140;56m██[38;2;247;214;71m██[38;2;0;4;0m██
[38;2;0;0;0m            [38;2;0;4;0m██[38;2;115;214;208m████[38;2;167;193;116m██[38;2;57;70;81m██[38;2;255;239;68m████████[38;2;255;239;71m██[38;2;66;66;66m██[38;2;74;78;74m██[38;2;255;239;71m████[38;2;0;4;0m██[38;2;0;0;0m  [38;2;0;4;0m██[38;2;173;174;55m████[38;2;0;4;0m██[38;2;0;0;0m              [38;2;0;4;0m██[38;2;247;206;71m██[38;2;247;214;71m██[38;2;144;140;56m██[38;2;0;4;0m██
[38;2;0;0;0m    [38;2;0;4;0m████[38;2;0;0;0m  [38;2;8;0;0m██[38;2;44;71;70m██[38;2;66;66;66m██[38;2;115;214;211m████[38;2;66;66;66m██[38;2;255;239;71m████[38;2;195;193;149m██[38;2;74;70;50m██[38;2;74;70;58m██[38;2;255;239;71m██████[38;2;66;66;66m██[38;2;192;181;69m██[38;2;8;0;0m██[38;2;135;165;121m██[38;2;189;189;69m██[38;2;0;4;0m██[38;2;0;0;0m                  [38;2;0;4;0m██[38;2;247;214;71m██[38;2;0;4;0m██[38;2;0;0;0m  
[38;2;0;0;0m    [38;2;0;4;0m██[38;2;115;214;211m██[38;2;0;4;0m██[38;2;115;214;211m████[38;2;66;66;66m██[38;2;115;214;211m████[38;2;66;66;66m██[38;2;96;96;93m██[38;2;255;239;71m██[38;2;74;70;50m██[38;2;255;255;199m██[38;2;134;126;62m██[38;2;255;239;71m██[38;2;66;66;66m████[38;2;255;239;71m██[38;2;66;66;66m██[38;2;198;247;182m██[38;2;71;82;61m██[38;2;0;4;0m██[38;2;0;0;0m                    [38;2;0;4;0m██[38;2;247;214;71m██[38;2;0;4;0m██[38;2;0;0;0m  
[38;2;0;0;0m      [38;2;0;4;0m██[38;2;115;214;211m██[38;2;66;65;66m██[38;2;0;4;0m██[38;2;123;206;203m██[38;2;52;69;68m██[38;2;115;206;203m██[38;2;66;61;58m██[38;2;85;85;85m██[38;2;0;0;0m██[38;2;151;195;194m██[38;2;206;255;254m██[38;2;66;66;66m████[38;2;115;214;211m████[38;2;66;66;66m██[38;2;140;222;212m██[38;2;63;66;34m██[38;2;0;4;16m██[38;2;0;0;0m        [38;2;0;8;0m████[38;2;0;0;0m            [38;2;0;4;0m██[38;2;0;0;0m    
[38;2;0;0;0m        [38;2;0;4;0m████[38;2;0;0;0m  [38;2;16;0;0m██[38;2;52;69;68m██[38;2;66;61;58m██[38;2;82;109;106m██[38;2;85;85;85m██[38;2;255;255;255m██[38;2;151;195;194m██[38;2;41;74;73m██[38;2;115;214;211m████[38;2;66;66;66m██[38;2;115;214;211m██[38;2;140;222;212m██[38;2;66;66;66m██[38;2;189;189;69m████[38;2;0;4;0m██[38;2;0;0;0m    [38;2;0;4;0m██[38;2;255;247;79m██[38;2;127;127;39m██[38;2;0;4;0m██[38;2;0;0;0m                
[38;2;0;0;0m          [38;2;0;4;0m████[38;2;255;239;71m██[38;2;66;66;66m██[38;2;85;85;85m████[38;2;94;99;94m██[38;2;66;66;66m████[38;2;94;99;94m██[38;2;66;66;66m██████████[38;2;189;189;69m████[38;2;66;66;66m██[38;2;99;99;99m██[38;2;0;4;0m██[38;2;0;0;16m██[38;2;170;165;58m██[38;2;255;239;71m██████[38;2;0;4;0m██[38;2;0;0;0m              
[38;2;0;0;0m      [38;2;0;4;0m████[38;2;255;239;71m██████[38;2;192;181;69m██[38;2;85;85;85m██[38;2;255;255;255m██[38;2;94;99;94m██████[38;2;66;66;66m████████[38;2;189;189;69m██████[38;2;66;66;66m████[38;2;66;67;66m██[38;2;99;99;99m██[38;2;85;82;37m██[38;2;255;247;79m██[38;2;96;96;93m██[38;2;255;239;71m██████[38;2;0;4;0m██[38;2;0;0;0m            
[38;2;0;0;0m    [38;2;0;4;0m██[38;2;255;239;68m████[38;2;255;239;71m██[38;2;189;184;69m██[38;2;189;189;69m██████[38;2;0;4;0m██████[38;2;189;189;69m████[38;2;66;66;66m████[38;2;189;189;69m████[38;2;189;181;61m██[38;2;66;66;66m██[38;2;148;139;63m████[38;2;0;4;0m████[38;2;131;127;39m██[38;2;255;247;71m██[38;2;255;247;127m██[38;2;96;98;96m██[38;2;255;239;71m██[38;2;255;250;183m██[38;2;90;93;80m██[38;2;8;12;24m██[38;2;0;0;0m          
[38;2;0;0;0m  [38;2;0;4;0m██[38;2;255;239;71m██[38;2;255;239;68m████[38;2;189;184;69m████[38;2;115;214;211m██[38;2;189;189;69m██[38;2;0;4;0m██[38;2;0;0;0m      [38;2;0;4;0m██[38;2;189;189;69m████████[38;2;115;214;211m██[38;2;66;66;66m██[38;2;148;143;63m██[38;2;74;71;39m██[38;2;0;4;16m██[38;2;0;0;0m    [38;2;8;8;8m██[38;2;255;247;71m██[38;2;96;98;96m██[38;2;255;247;127m██[38;2;255;250;183m████[38;2;255;255;191m██[38;2;90;93;80m██[38;2;0;4;0m██[38;2;0;0;0m        
[38;2;0;4;0m██[38;2;255;239;71m████[38;2;205;201;125m██[38;2;156;148;44m██[38;2;98;125;94m██[38;2;156;231;188m██[38;2;0;4;0m████[38;2;0;0;0m          [38;2;0;4;0m██[38;2;66;66;66m██[38;2;115;214;211m████[38;2;93;99;93m██[38;2;94;99;94m██[38;2;66;66;66m██[38;2;0;4;0m██[38;2;0;0;0m      [38;2;0;4;0m██[38;2;255;255;183m██[38;2;96;98;93m██████[38;2;255;255;183m██[38;2;255;239;71m██[38;2;96;96;93m██[38;2;0;4;0m██[38;2;0;0;0m        
[38;2;0;4;0m██[38;2;255;239;71m██[38;2;145;137;57m██[38;2;156;148;44m██[38;2;255;255;207m██[38;2;98;125;94m██[38;2;41;20;1m██[38;2;0;0;0m                  [38;2;66;66;66m██[38;2;93;99;93m████[38;2;66;66;66m████[38;2;255;239;71m██[38;2;0;4;0m██[38;2;0;0;0m      [38;2;0;4;0m██[38;2;255;255;183m████[38;2;96;98;93m████[38;2;255;239;71m██[38;2;96;96;93m██[38;2;255;239;71m██[38;2;0;4;0m██[38;2;0;0;0m      
[38;2;0;4;0m██[38;2;98;101;80m██[38;2;247;247;239m██[38;2;129;129;100m██[38;2;239;239;231m██[38;2;0;4;0m██[38;2;0;0;0m              [38;2;0;4;0m██████[38;2;189;189;69m██[38;2;66;66;66m████[38;2;255;239;68m████[38;2;255;239;71m██[38;2;66;66;66m██[38;2;0;4;0m██[38;2;0;0;0m    [38;2;0;4;0m██[38;2;255;239;71m██████████████[38;2;0;4;0m██[38;2;0;0;0m      
[38;2;0;0;0m  [38;2;24;28;0m██[38;2;173;174;159m██[38;2;239;239;231m██[38;2;74;74;34m██[38;2;173;173;173m██[38;2;0;4;0m██[38;2;0;0;0m        [38;2;0;4;0m████[38;2;189;189;69m████████[38;2;255;239;71m████[38;2;255;239;68m████[38;2;255;239;71m██████[38;2;0;4;0m██[38;2;0;0;0m    [38;2;0;4;0m██[38;2;255;239;71m████[38;2;145;137;57m██[38;2;255;239;71m██[38;2;145;137;57m██[38;2;255;239;71m██[38;2;0;4;0m██[38;2;0;0;0m      
[38;2;0;0;0m    [38;2;0;4;0m████████[38;2;0;0;0m        [38;2;0;4;0m██[38;2;189;189;69m██[38;2;94;98;94m██[38;2;189;189;69m████████[38;2;170;173;53m██[38;2;255;255;79m██[38;2;255;239;63m████[38;2;96;96;93m████[38;2;255;239;71m██[38;2;96;96;93m██[38;2;0;4;0m██[38;2;0;0;0m  [38;2;0;4;0m██[38;2;255;239;71m████[38;2;145;137;57m██[38;2;255;247;71m██[38;2;131;127;39m██[38;2;255;239;71m██[38;2;0;4;0m██[38;2;0;0;0m      
[38;2;0;0;0m                    [38;2;0;4;0m██[38;2;189;189;69m██[38;2;94;98;94m██████[38;2;189;189;69m██[38;2;0;4;0m██[38;2;0;8;0m████[38;2;200;192;72m██[38;2;90;99;90m██[38;2;96;96;93m██[38;2;255;239;71m██[38;2;96;96;93m████[38;2;189;189;69m██[38;2;0;4;0m██[38;2;0;0;0m  [38;2;0;4;0m██[38;2;255;239;71m██[38;2;145;137;57m██[38;2;255;247;71m██[38;2;8;8;8m██[38;2;0;4;0m██[38;2;0;0;0m        
[38;2;0;0;0m                      [38;2;0;4;24m██[38;2;173;173;93m██[38;2;189;181;77m██[38;2;66;66;74m██[38;2;0;4;0m██[38;2;0;0;0m      [38;2;0;4;0m██[38;2;94;96;94m██[38;2;255;247;71m██████[38;2;192;187;69m██[38;2;189;189;69m██[38;2;0;4;0m██[38;2;0;0;0m    [38;2;0;4;0m██████[38;2;0;0;0m            
[38;2;0;0;0m                    [38;2;0;4;0m██[38;2;115;117;70m██[38;2;58;60;47m██[38;2;66;66;74m██[38;2;107;104;75m██[38;2;94;96;94m██[38;2;0;4;0m██[38;2;0;0;0m      [38;2;0;4;0m██[38;2;8;12;8m██[38;2;173;169;50m██[38;2;66;66;66m██[38;2;192;187;69m██[38;2;0;4;0m██[38;2;0;0;0m                        
[38;2;0;0;0m                  [38;2;0;4;0m██[38;2;255;255;255m██[38;2;85;90;85m██[38;2;255;255;255m██[38;2;94;96;94m██[38;2;0;4;0m████[38;2;0;0;0m            [38;2;0;4;0m██[38;2;94;99;94m██[38;2;66;66;66m██[38;2;94;96;94m██[38;2;0;4;0m██[38;2;0;0;0m                      
[38;2;0;0;0m                    [38;2;0;4;0m██[38;2;0;8;0m████[38;2;0;4;0m██[38;2;0;0;0m              [38;2;0;4;0m██[38;2;94;96;94m██[38;2;94;99;94m████[38;2;94;96;94m████[38;2;0;4;0m██[38;2;0;0;0m                    
[38;2;0;0;0m                                          [38;2;0;4;0m██[38;2;255;255;255m██[38;2;82;85;82m██[38;2;247;255;247m██[38;2;82;85;82m██[38;2;247;255;247m██[38;2;0;4;0m██[38;2;0;0;0m                    
[38;2;0;0;0m                                            [38;2;0;4;0m██[38;2;0;0;0m████████                      [0m
