
[38;2;0;0;0m                ████  ██                                                
[38;2;0;0;0m                [38;2;66;66;66m██[38;2;255;255;255m██[38;2;0;0;0m██[38;2;255;255;255m██[38;2;0;0;0m██                      ████                    
[38;2;0;0;0m              ██[38;2;85;85;85m██[38;2;255;255;255m████████[38;2;0;0;0m██                  ██[38;2;255;255;255m██[38;2;0;0;0m██                    
[38;2;0;0;0m            ██[38;2;255;255;255m████████████[38;2;0;0;0m██    ████████    ██[38;2;255;255;255m██████[38;2;0;0;0m██████              
[38;2;0;0;0m              ██[38;2;255;255;255m██████████[38;2;255;255;247m██[38;2;0;0;0m████[38;2;255;255;255m██████[38;2;255;255;247m██[38;2;0;0;0m████[38;2;255;255;247m██[38;2;255;255;255m██████████[38;2;0;0;0m██              
[38;2;0;0;0m                ██[38;2;255;255;255m████████[38;2;255;255;247m██[38;2;127;127;123m██[38;2;255;255;255m████████[38;2;255;255;247m██[38;2;127;127;123m████[38;2;255;255;247m██[38;2;255;255;255m████████[38;2;0;0;0m██                
[38;2;0;0;0m                ██[38;2;255;255;255m██████████[38;2;132;132;108m██[38;2;255;255;255m██████[38;2;132;132;108m████[38;2;255;255;255m████████████[38;2;66;66;66m██[38;2;85;85;85m██[38;2;0;0;0m██              
[38;2;0;0;0m                  ██[38;2;255;255;255m████[38;2;132;132;108m██[38;2;255;255;255m████[38;2;132;132;108m██[38;2;255;255;255m██[38;2;132;132;108m██[38;2;255;255;255m██████████████████████[38;2;0;0;0m██            
[38;2;0;0;0m                    ██[38;2;255;255;255m██[38;2;210;150;214m██[38;2;195;182;195m██[38;2;255;247;255m██[38;2;255;255;255m████[38;2;255;247;255m████[38;2;131;131;107m████[38;2;255;255;255m████████████[38;2;0;0;0m████              
[38;2;0;0;0m                    ██[38;2;255;255;255m██[38;2;210;150;214m██[38;2;74;53;74m██[38;2;255;247;255m██[38;2;255;255;255m████[38;2;134;115;118m██[38;2;195;181;187m██[38;2;206;148;214m████[38;2;255;255;255m██████████[38;2;0;0;0m██                  
[38;2;0;0;0m                  ██[38;2;255;255;255m██[38;2;66;66;66m██[38;2;255;255;255m██[38;2;210;150;214m██[38;2;255;255;255m██████[38;2;195;172;195m██[38;2;74;53;74m██[38;2;210;150;214m████[38;2;255;255;255m██████[38;2;82;78;66m██[38;2;0;0;0m██                    
[38;2;0;0;0m                  ██[38;2;255;255;255m██████████████[38;2;255;231;255m██[38;2;195;172;195m██[38;2;210;150;214m██[38;2;255;255;255m████[38;2;82;82;66m██[38;2;82;78;66m██[38;2;197;196;192m██[38;2;198;198;190m██[38;2;0;0;0m██                  
[38;2;0;0;0m                ██[38;2;255;255;255m██████████████████████████████[38;2;195;193;181m██[38;2;198;198;190m██[38;2;0;0;0m██                  
[38;2;0;0;0m              ██[38;2;82;78;70m██[38;2;255;255;255m████[38;2;132;132;108m██[38;2;255;255;255m████[38;2;132;132;108m██[38;2;255;255;255m██████[38;2;132;132;108m██[38;2;255;255;255m████[38;2;132;132;108m██[38;2;255;255;255m████[38;2;134;132;108m██[38;2;198;198;190m████[38;2;0;0;0m██                
[38;2;0;0;0m          ████[38;2;198;198;190m██[38;2;82;79;69m██[38;2;134;137;116m██[38;2;255;255;247m██[38;2;132;132;108m██[38;2;255;255;255m██[38;2;132;132;108m██[38;2;209;107;67m██[38;2;255;255;255m██████[38;2;132;132;108m██[38;2;255;255;255m████[38;2;132;132;108m██[38;2;255;255;255m██████[38;2;134;132;108m██[38;2;195;193;181m██[38;2;0;0;0m██                
[38;2;0;0;0m        ██[38;2;198;198;190m████████[38;2;74;78;50m██[38;2;134;137;116m██[38;2;132;132;108m██[38;2;255;255;255m██[38;2;132;132;108m██[38;2;209;107;67m██[38;2;132;132;108m████[38;2;255;255;255m████[38;2;132;132;108m██[38;2;255;255;255m████[38;2;132;132;108m██[38;2;255;255;255m████[38;2;134;132;108m██[38;2;255;255;255m████[38;2;0;0;0m██              
[38;2;0;0;0m    ████[38;2;88;143;120m██[38;2;71;123;122m██[38;2;198;198;190m██[38;2;189;198;189m██[38;2;66;82;74m██[38;2;255;255;255m██████[38;2;132;132;108m██[38;2;134;132;108m██[38;2;195;193;181m██[38;2;198;198;190m██[38;2;132;134;108m██[38;2;255;255;255m████[38;2;132;132;108m██[38;2;255;255;255m████[38;2;132;132;108m██████[38;2;255;255;255m████████[38;2;0;0;0m██            
[38;2;0;0;0m  ██[38;2;90;140;122m██[38;2;88;143;120m████[38;2;71;123;122m██[38;2;198;198;190m██[38;2;107;121;112m██[38;2;66;82;74m██[38;2;255;255;255m██[38;2;132;132;108m██[38;2;255;255;255m████████[38;2;198;198;190m████[38;2;132;132;108m████[38;2;255;255;255m██[38;2;132;132;108m████[38;2;255;255;255m████████████████[38;2;0;0;0m████        
[38;2;0;0;0m  ██[38;2;88;143;120m██[38;2;87;141;122m████[38;2;86;144;122m██[38;2;74;123;122m██[38;2;82;82;66m██[38;2;255;255;255m████[38;2;132;132;108m██[38;2;255;255;255m██[38;2;132;132;108m██[38;2;255;255;255m████████████████████[38;2;82;82;66m██[38;2;255;255;255m██████████[38;2;86;141;122m██[38;2;140;189;180m██[38;2;93;133;120m██[38;2;0;4;0m██[38;2;0;0;0m      
[38;2;0;0;0m██[38;2;88;143;120m████[38;2;87;141;122m████[38;2;86;144;122m████[38;2;82;82;66m██[38;2;255;255;255m██[38;2;132;132;108m██[38;2;255;255;255m████[38;2;132;132;108m██[38;2;255;255;255m██████[38;2;132;132;108m██[38;2;255;255;255m██[38;2;132;132;108m██[38;2;255;255;255m██[38;2;132;132;108m██[38;2;255;255;255m██████[38;2;82;82;66m██[38;2;255;255;255m████████[38;2;86;141;122m██[38;2;140;189;180m██[38;2;140;198;180m████[38;2;0;0;0m██    
[38;2;0;0;0m████[38;2;90;140;122m██[38;2;82;78;70m██[38;2;90;140;122m████[38;2;82;78;70m██[38;2;198;198;190m██[38;2;132;134;108m██[38;2;123;140;120m██[38;2;255;255;247m██[38;2;132;132;108m██[38;2;255;255;255m████████[38;2;132;132;108m██[38;2;255;255;255m██[38;2;132;132;108m██[38;2;255;255;255m██[38;2;132;132;108m██[38;2;255;255;255m██████[38;2;82;82;66m██[38;2;255;255;255m██[38;2;82;148;122m████[38;2;255;255;255m██[38;2;86;141;122m██[38;2;140;189;180m██████[38;2;0;0;0m██    
[38;2;0;0;0m    ██[38;2;82;78;70m██[38;2;90;140;122m████[38;2;82;78;70m██[38;2;198;198;190m████[38;2;57;82;57m██[38;2;123;140;120m██[38;2;132;132;108m██[38;2;255;255;255m████████[38;2;132;132;108m██[38;2;255;255;255m██[38;2;132;132;108m██[38;2;255;255;255m████[38;2;132;132;108m██[38;2;255;255;255m████[38;2;82;82;66m██[38;2;82;148;122m██[38;2;140;184;166m████[38;2;82;148;122m██[38;2;86;141;122m██[38;2;140;189;180m████████[38;2;0;0;0m██  
[38;2;0;0;0m    ██[38;2;88;143;120m████[38;2;0;0;0m████[38;2;198;206;190m██[38;2;66;79;69m██[38;2;86;141;122m██[38;2;57;94;73m██[38;2;198;198;190m████[38;2;200;195;190m██[38;2;255;255;255m██████[38;2;132;134;108m████[38;2;255;255;255m████[38;2;118;129;107m████[38;2;132;134;108m██[38;2;198;198;190m██[38;2;82;82;66m██[38;2;140;189;180m██████████████[38;2;140;198;180m██[38;2;0;4;0m██[38;2;0;0;0m  
[38;2;0;0;0m      ████    [38;2;0;16;8m██[38;2;66;79;69m██[38;2;86;141;122m████[38;2;57;94;73m██[38;2;198;198;190m██[38;2;200;195;190m████████[38;2;198;198;190m████[38;2;132;132;108m████[38;2;74;94;66m██[38;2;206;198;190m██[38;2;198;198;190m████[38;2;82;82;66m██[38;2;140;189;180m██████████████[38;2;93;133;120m██[38;2;140;198;180m██[38;2;0;0;0m██
[38;2;0;0;0m                ██[38;2;66;66;66m██[38;2;82;140;122m████[38;2;71;91;85m██[38;2;66;74;69m██[38;2;198;198;190m██████[38;2;201;198;190m████[38;2;198;198;190m██[38;2;49;99;73m██[38;2;86;141;122m██[38;2;57;94;73m██[38;2;198;198;190m████[38;2;206;198;190m██[38;2;74;69;63m██[38;2;140;189;180m████[38;2;140;198;180m██[38;2;93;133;120m██[38;2;140;189;180m██████[38;2;0;0;0m██  
[38;2;0;0;0m              ██[38;2;90;140;122m██[38;2;71;91;85m██[38;2;66;66;66m██████[38;2;66;74;69m████[38;2;0;0;0m████[38;2;201;198;190m████[38;2;49;99;73m██[38;2;99;132;112m██[38;2;86;141;122m████[38;2;66;79;69m████[38;2;74;69;63m██[38;2;8;4;0m██[38;2;0;0;0m██[38;2;140;189;180m██[38;2;140;198;180m██[38;2;0;4;0m██[38;2;0;0;0m██[38;2;140;189;180m████[38;2;0;0;0m██  
[38;2;0;0;0m            ████[38;2;57;90;73m██[38;2;88;143;120m████[38;2;0;0;0m██[38;2;90;140;122m████[38;2;0;0;0m██    ██[38;2;66;66;66m██████████[38;2;57;66;57m██[38;2;82;140;122m██[38;2;0;0;0m██    ████    ████    
[38;2;0;0;0m                ██████  ████        ██[38;2;82;140;122m██[38;2;71;91;85m██[38;2;86;144;122m████[38;2;65;91;79m██[38;2;82;140;122m██[38;2;90;140;122m██[38;2;0;0;0m██                  
[38;2;0;0;0m                                      ██████[38;2;90;140;122m████[38;2;0;0;0m████                    
[38;2;0;0;0m                                            ████                        [0m
