
[38;2;0;0;0m                            ██                              
[38;2;0;0;0m                          ██[38;2;255;255;255m██[38;2;0;0;0m██                            
[38;2;0;0;0m                          [38;2;8;8;0m██[38;2;255;255;239m██[38;2;0;0;0m██                            
[38;2;0;0;0m                        ██[38;2;255;255;239m██[38;2;173;173;159m██[38;2;165;148;69m██[38;2;0;0;0m██                          
[38;2;0;0;0m                        ██[38;2;255;255;207m██[38;2;140;134;92m██[38;2;165;148;69m██[38;2;0;0;0m██                          
[38;2;0;0;0m                        ██[38;2;197;195;149m██[38;2;82;74;34m██[38;2;165;148;69m██[38;2;0;0;0m██                          
[38;2;0;0;0m                      [38;2;8;4;0m██[38;2;255;255;223m██[38;2;165;148;69m████[38;2;66;66;66m██[38;2;165;148;69m██[38;2;0;0;0m██                        
[38;2;0;0;0m                      [38;2;8;4;0m██[38;2;173;171;149m██[38;2;66;66;66m██[38;2;165;148;69m██[38;2;66;66;66m██[38;2;165;148;69m██[38;2;0;0;0m██                        
[38;2;0;0;0m            ██        [38;2;0;0;16m██[38;2;214;198;94m██[38;2;165;148;69m██[38;2;66;66;66m██[38;2;165;148;69m██[38;2;66;66;66m██[38;2;0;0;0m██                        
[38;2;0;0;0m          ██[38;2;165;148;69m██[38;2;0;0;0m██    ██[38;2;71;66;42m██[38;2;214;198;94m██[38;2;165;148;69m██[38;2;66;66;66m██[38;2;165;148;69m██[38;2;66;66;66m██[38;2;127;111;35m██[38;2;0;0;0m██      ██              
[38;2;0;0;0m          ██[38;2;165;148;69m██[38;2;148;137;73m██[38;2;0;0;16m████[38;2;156;140;84m██[38;2;74;66;50m██[38;2;121;110;62m██[38;2;167;154;74m██[38;2;74;66;50m██[38;2;127;113;35m████[38;2;165;148;69m████[38;2;0;0;8m████[38;2;0;0;0m██[38;2;214;198;94m██[38;2;0;0;0m██            
[38;2;0;0;0m          ██[38;2;165;148;69m██[38;2;74;69;45m██[38;2;222;206;102m██[38;2;78;70;50m████[38;2;214;198;86m████[38;2;121;110;62m██[38;2;214;198;86m██[38;2;165;148;69m████[38;2;66;66;66m████[38;2;159;148;82m██[38;2;80;74;45m██[38;2;214;198;94m████[38;2;0;0;0m██            
[38;2;0;0;0m          ██[38;2;165;148;69m██[38;2;66;66;66m██[38;2;214;198;86m██[38;2;214;198;94m████[38;2;66;66;66m████████████[38;2;165;148;69m████[38;2;66;66;66m██[38;2;214;198;94m████[38;2;164;148;68m██[38;2;0;0;0m██            
[38;2;0;0;0m            ██[38;2;165;154;79m██[38;2;66;66;66m██[38;2;214;198;94m██[38;2;255;255;255m██[38;2;214;198;94m████████[38;2;165;148;69m████████[38;2;66;66;66m██[38;2;214;198;94m██[38;2;164;148;68m████[38;2;0;0;0m██            
[38;2;0;0;0m          [38;2;0;4;0m██[38;2;55;59;55m██[38;2;173;156;69m██[38;2;63;57;34m██[38;2;170;170;149m██[38;2;255;255;223m██[38;2;214;198;94m████████[38;2;165;148;69m████[38;2;66;66;66m████[38;2;165;148;69m██████[38;2;71;71;71m██[38;2;0;0;0m██            
[38;2;0;0;0m        ██[38;2;82;86;82m████[38;2;8;8;16m██[38;2;118;107;51m██[38;2;0;0;0m██[38;2;85;85;74m██[38;2;66;66;66m████████████[38;2;127;111;35m██[38;2;66;66;66m██[38;2;165;148;69m████[38;2;71;71;71m████[38;2;82;82;82m██[38;2;0;0;0m██          
[38;2;0;0;0m        ██[38;2;82;82;82m██[38;2;0;0;0m██  ██[38;2;123;111;51m██[38;2;0;0;8m██[38;2;162;154;199m██[38;2;255;255;255m██[38;2;165;140;237m██[38;2;0;4;0m██[38;2;0;0;8m██[38;2;165;148;77m██[38;2;66;66;66m██[38;2;165;165;165m██[38;2;80;74;45m██[38;2;159;148;82m██[38;2;165;148;69m██[38;2;0;0;0m██[38;2;82;82;82m████[38;2;0;0;0m██        
[38;2;0;0;0m      ██[38;2;82;82;82m██[38;2;0;0;0m██      [38;2;0;0;8m██[38;2;82;74;37m██[38;2;115;103;171m██[38;2;162;154;199m██[38;2;110;95;158m██[38;2;0;4;0m██[38;2;82;74;42m██[38;2;165;148;77m██[38;2;66;66;66m██[38;2;165;165;165m██[38;2;0;0;8m████[38;2;0;0;0m██  ██[38;2;82;82;82m████[38;2;0;0;0m██      
[38;2;0;0;0m      ██[38;2;82;82;82m██[38;2;0;0;0m██        ██[38;2;66;66;66m████████[38;2;165;148;69m██[38;2;66;66;66m██[38;2;165;165;165m██[38;2;0;0;0m██          ██[38;2;82;82;82m██[38;2;0;0;0m██      
[38;2;0;0;0m        ██[38;2;82;82;82m██[38;2;0;0;0m██    ██[38;2;66;66;66m██[38;2;165;132;109m████████[38;2;66;66;66m████[38;2;165;165;165m██[38;2;0;0;0m██          ██[38;2;82;82;82m████[38;2;0;0;0m██    
[38;2;0;0;0m        ██[38;2;82;82;82m████[38;2;0;0;0m████[38;2;156;139;97m████[38;2;82;82;82m██[38;2;165;132;109m████[38;2;214;198;94m██[38;2;165;134;109m████[38;2;80;66;56m██[38;2;0;0;0m██        ██[38;2;82;82;82m██████[38;2;0;0;0m██    
[38;2;0;0;0m          ██[38;2;82;82;82m██[38;2;80;66;56m██[38;2;159;132;111m██[38;2;222;198;102m██[38;2;90;79;93m██[38;2;82;82;82m████[38;2;214;198;94m████[38;2;165;150;69m████[38;2;159;132;111m██[38;2;0;0;0m██    ████[38;2;82;82;82m████[38;2;0;0;0m████      
[38;2;0;0;0m████        ██[38;2;66;61;66m██[38;2;165;146;85m██[38;2;222;198;102m██[38;2;85;82;87m██[38;2;151;137;122m██[38;2;99;78;59m██[38;2;214;189;78m██[38;2;170;152;77m██[38;2;164;148;68m██[38;2;214;198;94m██[38;2;165;137;95m██[38;2;66;66;66m██[38;2;0;0;0m████[38;2;82;82;82m██████[38;2;0;0;0m██          
[38;2;0;0;0m██[38;2;115;107;171m██[38;2;0;0;0m████    ██[38;2;165;146;85m██[38;2;214;189;94m██[38;2;85;82;87m██[38;2;153;140;95m██[38;2;255;255;247m██[38;2;151;137;122m██[38;2;82;78;74m██[38;2;170;152;77m██[38;2;214;198;94m██[38;2;164;148;68m██[38;2;165;137;95m████[38;2;60;57;60m██[38;2;90;86;90m██[38;2;82;82;82m██[38;2;0;0;0m████            
[38;2;0;0;0m  ██[38;2;115;107;171m████[38;2;0;0;0m██[38;2;8;4;0m██[38;2;63;58;82m██[38;2;156;139;97m██[38;2;222;198;102m██[38;2;82;82;82m████[38;2;165;132;109m██[38;2;82;82;82m██[38;2;85;82;87m██[38;2;222;198;102m██[38;2;164;148;68m████[38;2;214;198;94m██[38;2;165;132;109m██[38;2;66;66;66m██[38;2;0;0;0m████        ████████
[38;2;0;0;0m  ██[38;2;115;107;171m██████[38;2;118;111;163m██[38;2;63;58;82m██[38;2;156;139;97m██[38;2;90;79;93m██[38;2;165;132;109m██[38;2;82;82;82m██████[38;2;153;140;95m██[38;2;85;82;87m██[38;2;164;148;68m██[38;2;214;198;94m████[38;2;165;132;109m██[38;2;66;66;66m██████[38;2;0;0;0m████████[38;2;156;132;228m██████[38;2;0;0;0m██
[38;2;0;0;0m    ██[38;2;63;58;82m████[38;2;115;110;171m████[38;2;66;66;66m██[38;2;165;132;109m██[38;2;255;255;247m██[38;2;151;137;122m██[38;2;85;82;87m██[38;2;153;140;95m██[38;2;255;255;247m██[38;2;151;137;122m██[38;2;85;82;87m██[38;2;222;198;102m██[38;2;165;132;109m████[38;2;66;66;66m██[38;2;115;107;171m██[38;2;115;110;171m████[38;2;156;132;228m████████[38;2;156;140;228m██[38;2;0;4;0m██[38;2;0;0;0m  
[38;2;0;0;0m      [38;2;8;4;0m██[38;2;118;111;163m██[38;2;115;110;171m████[38;2;66;66;66m██[38;2;99;88;80m██[38;2;151;137;122m██[38;2;99;78;59m██[38;2;222;198;102m██[38;2;85;82;87m██[38;2;151;137;122m██[38;2;99;78;59m██[38;2;85;82;87m██[38;2;153;140;95m██[38;2;165;132;109m██[38;2;66;66;66m██[38;2;115;107;171m████[38;2;115;110;171m████[38;2;156;132;228m██[38;2;115;107;171m██[38;2;126;110;174m██[38;2;66;66;66m██[38;2;52;49;76m██[38;2;0;4;0m██[38;2;0;0;0m  
[38;2;0;0;0m      ██[38;2;66;66;66m████[38;2;115;107;171m██[38;2;115;111;163m██[38;2;58;58;82m██[38;2;71;71;74m██[38;2;214;198;94m██[38;2;214;198;86m██[38;2;181;154;96m██[38;2;82;82;82m████[38;2;99;88;80m██[38;2;165;132;109m██[38;2;60;58;60m██[38;2;165;165;165m██[38;2;58;58;84m██[38;2;115;111;169m██[38;2;115;107;171m██[38;2;156;132;228m██████████[38;2;0;0;0m██    
[38;2;0;0;0m        ██[38;2;115;107;171m████[38;2;0;4;0m████[38;2;71;71;74m████[38;2;165;132;101m████[38;2;165;132;109m████[38;2;66;66;66m████[38;2;165;165;165m██[38;2;8;4;8m██[38;2;0;4;0m██[38;2;115;111;169m██[38;2;156;132;228m████[38;2;115;107;171m████[38;2;57;49;76m██[38;2;8;8;0m██[38;2;0;0;0m      
[38;2;0;0;0m          ████    ██[38;2;255;255;255m██[38;2;66;66;66m████[38;2;74;70;50m████[38;2;255;255;255m████[38;2;0;0;0m██    ████[38;2;156;132;228m████[38;2;0;0;0m████        
[38;2;0;0;0m                  ████[38;2;160;160;160m██[38;2;255;255;255m██[38;2;134;132;113m██[38;2;255;255;239m██[38;2;170;170;170m██[38;2;0;0;0m████        ████            
[38;2;0;0;0m                      ██[38;2;255;255;255m██████[38;2;0;0;0m██                            
[38;2;0;0;0m                        ██[38;2;255;255;255m██[38;2;0;0;0m██                              
[38;2;0;0;0m                          ██                                [0m
