
[38;2;0;0;0m    [38;2;49;49;49m████[38;2;0;0;0m    [38;2;49;49;49m████[38;2;0;0;0m                                
[38;2;0;0;0m  [38;2;49;49;49m██[38;2;197;164;205m████[38;2;49;49;49m██████[38;2;197;164;205m██[38;2;49;49;49m██[38;2;0;0;0m                              
[38;2;0;0;0m  [38;2;49;49;49m██[38;2;197;164;205m████[38;2;82;82;82m██[38;2;197;164;205m██[38;2;82;82;82m██[38;2;197;164;205m██[38;2;82;82;82m██[38;2;49;49;49m██[38;2;0;0;0m                            
[38;2;49;49;49m██[38;2;156;131;197m██[38;2;197;164;205m██[38;2;115;90;180m██[38;2;82;82;82m██[38;2;197;164;205m██[38;2;156;131;197m██[38;2;197;164;205m████[38;2;49;49;49m██[38;2;0;0;0m      [38;2;49;49;49m████[38;2;0;0;0m                  
[38;2;49;49;49m██[38;2;156;131;197m██[38;2;115;90;180m██[38;2;156;131;197m██[38;2;197;164;205m████████[38;2;156;131;197m██[38;2;197;164;205m██[38;2;49;49;49m██[38;2;0;0;0m  [38;2;49;49;49m██[38;2;197;164;205m████[38;2;49;49;49m██[38;2;0;0;0m                
[38;2;49;49;49m██[38;2;156;131;197m██[38;2;82;82;82m██[38;2;197;164;205m████████████████[38;2;49;49;49m██[38;2;197;164;205m██[38;2;156;131;197m████[38;2;49;49;49m██[38;2;0;0;0m    [38;2;49;49;49m████[38;2;0;0;0m        
[38;2;0;0;0m  [38;2;49;49;49m██[38;2;255;255;255m██[38;2;246;246;172m██[38;2;197;164;205m██████████████[38;2;115;90;180m██[38;2;156;131;197m██[38;2;246;246;172m██[38;2;156;131;197m██[38;2;49;49;49m██████[38;2;246;246;172m████[38;2;49;49;49m██[38;2;0;0;0m      
[38;2;0;0;0m  [38;2;49;49;49m████[38;2;255;255;255m██[38;2;197;164;205m████[38;2;222;197;82m██[38;2;255;255;255m████[38;2;222;197;82m██[38;2;197;164;205m██[38;2;115;90;180m██[38;2;246;246;172m████[38;2;156;131;197m██[38;2;49;49;49m██[38;2;246;246;172m██[38;2;49;49;49m██[38;2;246;246;172m████[38;2;156;131;74m██[38;2;49;49;49m████[38;2;0;0;0m  
[38;2;0;0;0m  [38;2;49;49;49m██[38;2;82;82;82m██[38;2;255;255;255m██[38;2;246;246;172m████[38;2;255;255;255m████[38;2;49;49;49m██[38;2;255;255;255m██[38;2;222;197;82m██[38;2;115;90;180m██[38;2;246;246;172m██[38;2;222;197;82m██[38;2;156;131;197m██[38;2;49;49;49m██[38;2;246;246;172m██[38;2;222;197;82m██[38;2;156;131;74m██[38;2;222;197;82m██[38;2;82;82;82m██[38;2;246;246;172m██[38;2;222;197;82m██[38;2;49;49;49m██
[38;2;0;0;0m  [38;2;49;49;49m██[38;2;246;246;172m████████[38;2;255;255;255m██[38;2;49;49;49m████[38;2;255;255;255m██[38;2;222;197;82m██[38;2;156;131;197m██[38;2;115;90;180m██[38;2;156;131;197m██[38;2;49;49;49m██[38;2;0;0;0m  [38;2;49;49;49m██[38;2;222;197;82m██[38;2;246;246;172m████[38;2;222;197;82m██████[38;2;49;49;49m██
[38;2;0;0;0m    [38;2;49;49;49m██[38;2;189;189;180m██[38;2;255;255;255m██[38;2;246;246;172m████[38;2;255;255;255m████[38;2;222;197;82m██[38;2;156;131;197m██[38;2;115;90;180m██[38;2;49;49;49m████[38;2;0;0;0m    [38;2;49;49;49m██[38;2;246;246;172m████████[38;2;82;82;82m██[38;2;49;49;49m██[38;2;0;0;0m  
[38;2;0;0;0m      [38;2;49;49;49m████[38;2;189;189;180m██[38;2;255;255;255m██[38;2;222;197;82m████[38;2;156;131;197m██[38;2;82;82;82m██[38;2;49;49;49m██[38;2;0;0;0m        [38;2;49;49;49m██[38;2;222;197;82m██[38;2;246;246;172m████[38;2;222;197;82m██[38;2;49;49;49m██[38;2;0;0;0m    
[38;2;0;0;0m      [38;2;49;49;49m██[38;2;197;164;205m██[38;2;82;82;82m████████[38;2;49;49;49m████[38;2;0;0;0m            [38;2;49;49;49m██[38;2;222;197;82m████[38;2;49;49;49m██[38;2;0;0;0m      
[38;2;0;0;0m        [38;2;49;49;49m██[38;2;82;82;82m██[38;2;246;246;172m████[38;2;156;131;197m██[38;2;197;164;205m██[38;2;156;131;197m██[38;2;49;49;49m██████[38;2;0;0;0m      [38;2;49;49;49m██[38;2;115;90;180m██[38;2;49;49;49m██[38;2;0;0;0m        
[38;2;0;0;0m          [38;2;49;49;49m██[38;2;222;197;82m██[38;2;246;246;172m████[38;2;82;82;82m██[38;2;197;164;205m████[38;2;49;49;49m██[38;2;115;90;180m██[38;2;49;49;49m██[38;2;0;0;0m    [38;2;49;49;49m██[38;2;156;131;197m██[38;2;49;49;49m██[38;2;0;0;0m        
[38;2;0;0;0m        [38;2;49;49;49m██[38;2;222;197;82m██[38;2;82;82;82m██[38;2;222;197;82m████[38;2;156;131;197m██[38;2;82;82;82m████[38;2;49;49;49m████[38;2;115;90;180m██[38;2;49;49;49m████[38;2;115;90;180m██[38;2;156;131;197m██[38;2;49;49;49m██[38;2;0;0;0m        
[38;2;0;0;0m          [38;2;49;49;49m██████[38;2;82;82;82m████[38;2;115;90;180m██[38;2;49;49;49m██[38;2;0;0;0m    [38;2;49;49;49m██[38;2;115;90;180m██[38;2;156;131;197m████[38;2;49;49;49m██[38;2;0;0;0m          
[38;2;0;0;0m                [38;2;49;49;49m██[38;2;246;246;172m██[38;2;222;197;82m██[38;2;49;49;49m██[38;2;0;0;0m      [38;2;49;49;49m██████[38;2;0;0;0m            
[38;2;0;0;0m                  [38;2;49;49;49m████[38;2;0;0;0m                          [0m
