
[38;2;0;0;0m                ██████████                    
[38;2;0;0;0m                ██[38;2;255;255;239m████████[38;2;0;0;0m████                
[38;2;0;0;0m                  ██[38;2;247;205;207m██[38;2;255;255;239m████████[38;2;0;0;0m██              
[38;2;0;0;0m                    [38;2;16;0;8m██[38;2;255;231;231m██[38;2;255;255;239m████████[38;2;0;0;0m██            
[38;2;0;0;0m                ████[38;2;255;231;231m██[38;2;175;154;157m██[38;2;255;255;239m██[38;2;247;205;207m██[38;2;255;255;239m██████[38;2;0;0;0m██          
[38;2;0;0;0m        ████  ██[38;2;255;255;239m██[38;2;247;205;207m██[38;2;230;148;166m██[38;2;255;255;239m████[38;2;231;148;167m██[38;2;255;255;239m████[38;2;255;239;231m██[38;2;0;0;0m██          
[38;2;0;0;0m      ██[38;2;247;90;95m██[38;2;165;60;63m██[38;2;0;0;0m██[38;2;255;255;239m██[38;2;247;205;207m██[38;2;255;255;239m██████[38;2;243;201;203m██[38;2;231;148;167m██[38;2;255;255;239m████[38;2;255;239;231m████[38;2;0;0;0m██        
[38;2;0;0;0m      ██[38;2;156;57;60m██[38;2;247;90;95m██[38;2;156;57;60m██[38;2;255;255;239m████████[38;2;247;205;207m██[38;2;230;148;166m██[38;2;255;255;239m██████[38;2;247;206;207m████[38;2;165;60;63m██[38;2;0;0;0m██      
[38;2;0;0;0m    ██[38;2;156;57;60m██[38;2;247;90;95m████[38;2;156;57;60m██[38;2;255;255;239m████[38;2;247;205;207m██████[38;2;255;255;239m██████[38;2;198;107;134m██[38;2;201;127;133m██[38;2;156;49;60m██[38;2;247;90;95m████[38;2;0;0;0m██    
[38;2;0;0;0m    [38;2;16;0;0m██[38;2;255;255;239m██[38;2;156;61;60m████[38;2;198;107;134m██[38;2;255;255;239m██████████████[38;2;206;107;134m██[38;2;255;255;239m██[38;2;156;57;60m██[38;2;247;90;95m██[38;2;156;57;60m██[38;2;247;90;95m██[38;2;0;0;0m██    
[38;2;0;0;0m  ██[38;2;255;255;239m██[38;2;175;170;159m██[38;2;255;255;255m██[38;2;222;190;190m██[38;2;198;107;134m██[38;2;236;206;204m██[38;2;255;255;239m████████[38;2;236;206;204m██[38;2;198;107;134m██[38;2;222;156;169m██[38;2;255;255;239m██[38;2;156;57;60m████[38;2;247;90;95m██[38;2;156;57;60m████[38;2;0;0;0m██  
[38;2;0;0;0m  ██[38;2;255;255;239m████[38;2;225;155;169m██[38;2;247;206;207m██[38;2;197;107;133m██[38;2;247;206;207m██████████[38;2;255;189;207m██[38;2;172;121;136m██[38;2;230;148;166m██[38;2;255;255;239m██[38;2;173;49;53m██[38;2;200;115;112m██[38;2;247;90;95m████[38;2;131;86;91m██[38;2;16;0;0m██[38;2;0;0;0m  
[38;2;0;0;0m  ██[38;2;247;205;207m████[38;2;247;206;207m██[38;2;203;104;131m██[38;2;247;206;207m██[38;2;197;107;133m██[38;2;247;206;207m██[38;2;197;107;133m██[38;2;247;206;207m████[38;2;172;121;136m██[38;2;90;53;66m██[38;2;255;255;239m██[38;2;230;148;166m██[38;2;255;247;231m██[38;2;173;49;53m██[38;2;156;57;60m████[38;2;247;173;183m████[38;2;0;0;0m██
[38;2;0;0;0m    ██[38;2;247;206;207m████[38;2;66;66;66m██[38;2;214;140;158m██[38;2;255;239;255m██[38;2;197;107;133m██[38;2;247;206;207m██[38;2;198;107;134m████[38;2;255;198;199m██[38;2;99;49;51m██[38;2;247;222;215m████[38;2;255;255;239m██[38;2;236;206;204m██[38;2;247;206;207m██[38;2;222;156;170m██[38;2;173;132;138m██[38;2;255;198;207m██[38;2;0;0;0m██
[38;2;0;0;0m  ██[38;2;247;206;207m██[38;2;82;69;69m██[38;2;66;66;66m████[38;2;214;140;158m██[38;2;173;41;61m██[38;2;247;206;207m████[38;2;236;206;215m██[38;2;255;255;255m██[38;2;177;123;125m██[38;2;255;198;199m██[38;2;66;66;66m██[38;2;247;222;215m██[38;2;236;206;204m██[38;2;198;107;134m██████[38;2;255;198;207m██[38;2;8;0;0m██[38;2;0;0;0m  
[38;2;0;0;0m██[38;2;239;181;191m██[38;2;230;148;166m██[38;2;255;255;239m██[38;2;255;222;223m██[38;2;82;53;58m██[38;2;208;163;171m██[38;2;162;104;111m██[38;2;255;255;239m██████[38;2;247;90;95m██[38;2;181;53;61m██[38;2;255;206;207m██[38;2;168;146;148m██[38;2;82;45;58m██[38;2;66;66;66m██[38;2;247;206;207m██████[38;2;0;0;0m██    
[38;2;0;0;0m██[38;2;239;181;191m██[38;2;255;255;239m████[38;2;255;222;223m██[38;2;168;137;140m██[38;2;115;45;51m██[38;2;255;222;231m██[38;2;255;255;239m██████[38;2;247;90;95m██[38;2;206;104;110m████[38;2;255;247;239m████[38;2;247;206;207m██[38;2;66;66;66m██████[38;2;198;107;134m██[38;2;0;0;0m██  
[38;2;0;0;0m██[38;2;231;148;167m██[38;2;247;206;207m████[38;2;230;155;169m██[38;2;206;104;131m██[38;2;255;206;207m██[38;2;82;57;66m██[38;2;255;255;239m██[38;2;99;66;67m██[38;2;255;255;239m██████[38;2;198;107;134m██[38;2;255;255;239m██████[38;2;247;205;207m██[38;2;247;206;207m████[38;2;198;107;134m██[38;2;0;0;0m██  
[38;2;0;0;0m  ██[38;2;247;206;207m██[38;2;230;148;166m██[38;2;230;155;169m██[38;2;255;206;207m████[38;2;168;131;136m██[38;2;99;66;67m████[38;2;66;66;66m████[38;2;198;107;134m██[38;2;255;255;239m████[38;2;247;205;207m██[38;2;255;255;239m████[38;2;247;206;207m██[38;2;230;148;166m██[38;2;198;107;134m██[38;2;0;0;0m██  
[38;2;0;0;0m    ██[38;2;247;206;207m██████[38;2;0;0;0m██[38;2;66;66;66m██[38;2;255;255;239m████████[38;2;255;206;207m██[38;2;168;131;136m██[38;2;255;255;239m████[38;2;244;203;204m██[38;2;233;151;169m██[38;2;230;148;166m████[38;2;247;206;207m██[38;2;0;0;0m██  
[38;2;0;0;0m      ██████  ██[38;2;198;107;134m██[38;2;255;255;239m████[38;2;247;205;207m██[38;2;255;206;207m██[38;2;82;57;66m██[38;2;247;205;207m██[38;2;255;255;239m████[38;2;244;203;204m██[38;2;247;206;207m████[38;2;0;0;0m██    
[38;2;0;0;0m            ██[38;2;247;206;207m██[38;2;82;45;58m██[38;2;168;146;148m██[38;2;198;107;134m████[38;2;66;66;66m██[38;2;247;206;207m██[38;2;66;66;66m██[38;2;255;231;223m██[38;2;231;148;167m██████[38;2;0;0;0m██      
[38;2;0;0;0m          ██[38;2;247;206;207m██[38;2;82;69;69m██[38;2;255;247;239m████[38;2;255;255;239m██[38;2;236;206;204m██[38;2;247;206;207m██[38;2;66;66;66m██[38;2;255;231;223m██[38;2;66;66;66m██████[38;2;0;0;0m██        
[38;2;0;0;0m          ██[38;2;85;85;80m██[38;2;255;255;239m████[38;2;230;148;166m██[38;2;247;205;207m██[38;2;255;255;239m██[38;2;255;206;207m██[38;2;82;57;66m██[38;2;255;255;239m██████[38;2;0;0;0m██          
[38;2;0;0;0m            ██[38;2;255;255;239m██[38;2;230;148;166m████[38;2;255;255;239m████[38;2;255;206;207m██[38;2;168;131;136m██[38;2;66;66;66m██[38;2;255;255;239m██[38;2;0;0;0m██            
[38;2;0;0;0m          ██[38;2;231;148;167m██[38;2;255;255;239m██[38;2;230;148;166m██[38;2;255;255;239m████[38;2;244;203;204m██[38;2;230;148;166m████[38;2;255;206;207m██[38;2;74;66;66m██[38;2;162;100;119m██[38;2;8;4;8m██[38;2;0;0;0m          
[38;2;0;0;0m        ██[38;2;247;206;207m██[38;2;243;201;203m██[38;2;231;148;167m██[38;2;255;255;239m████[38;2;244;203;204m██[38;2;233;151;169m██[38;2;230;148;166m██[38;2;247;206;207m██[38;2;255;206;207m██[38;2;195;159;160m██[38;2;239;148;175m████[38;2;0;0;0m██        
[38;2;0;0;0m          ██[38;2;247;206;207m████████[38;2;230;148;166m████[38;2;247;206;207m████[38;2;230;148;166m████[38;2;247;206;207m██████[38;2;0;0;0m██      
[38;2;0;0;0m            ██████[38;2;247;206;207m██████[38;2;0;0;0m████[38;2;247;206;207m██████[38;2;0;0;0m████        
[38;2;0;0;0m                  ██████    ██████            [0m
