
[38;2;0;0;0m    [38;2;49;49;49m████[38;2;0;0;0m                                
[38;2;0;0;0m  [38;2;49;49;49m██[38;2;82;82;82m██[38;2;123;123;123m██[38;2;49;49;49m██[38;2;0;0;0m                              
[38;2;0;0;0m  [38;2;49;49;49m██[38;2;230;189;65m████[38;2;82;82;82m██[38;2;49;49;49m██████[38;2;0;0;0m                        
[38;2;0;0;0m  [38;2;49;49;49m██[38;2;82;82;82m██[38;2;255;255;255m██[38;2;246;148;41m██[38;2;213;98;65m██[38;2;255;238;57m██[38;2;230;189;65m██[38;2;49;49;49m██[38;2;0;0;0m                      
[38;2;0;0;0m  [38;2;49;49;49m██[38;2;213;98;65m██[38;2;246;148;41m████[38;2;213;98;65m██[38;2;255;238;57m████[38;2;230;189;65m██[38;2;49;49;49m██████[38;2;0;0;0m                
[38;2;0;0;0m  [38;2;49;49;49m██[38;2;255;238;57m██[38;2;213;98;65m████[38;2;255;238;57m██████[38;2;82;82;82m██[38;2;123;123;123m██[38;2;255;238;57m██[38;2;123;123;123m██[38;2;49;49;49m██[38;2;0;0;0m              
[38;2;49;49;49m██[38;2;255;255;255m██[38;2;255;238;57m████████████[38;2;82;82;82m██[38;2;123;123;123m██[38;2;255;238;57m██[38;2;82;82;82m██[38;2;49;49;49m██[38;2;0;0;0m              
[38;2;49;49;49m████[38;2;255;238;57m██████████[38;2;230;189;65m██[38;2;156;123;65m██[38;2;82;82;82m██[38;2;230;189;65m██[38;2;49;49;49m██[38;2;0;0;0m                
[38;2;49;49;49m██[38;2;255;238;57m██████[38;2;255;255;255m██[38;2;49;49;49m██[38;2;255;238;57m██[38;2;230;189;65m████[38;2;49;49;49m████[38;2;0;0;0m                  
[38;2;49;49;49m██[38;2;255;238;57m██████[38;2;49;49;49m████[38;2;230;189;65m████[38;2;82;82;82m██[38;2;49;49;49m██[38;2;0;0;0m                    
[38;2;49;49;49m██[38;2;230;189;65m██[38;2;255;238;57m████████[38;2;156;123;65m██[38;2;82;82;82m██[38;2;230;189;65m██[38;2;49;49;49m██[38;2;0;0;0m            [38;2;49;49;49m████[38;2;0;0;0m    
[38;2;0;0;0m  [38;2;49;49;49m██[38;2;82;82;82m██████████[38;2;230;189;65m██[38;2;82;82;82m████[38;2;49;49;49m██[38;2;0;0;0m        [38;2;49;49;49m██[38;2;255;255;255m██[38;2;246;148;41m██[38;2;49;49;49m██[38;2;0;0;0m  
[38;2;0;0;0m  [38;2;49;49;49m██[38;2;230;189;65m██████[38;2;82;82;82m████████[38;2;230;189;65m██[38;2;49;49;49m██[38;2;0;0;0m        [38;2;49;49;49m██[38;2;246;148;41m██[38;2;213;98;65m██[38;2;49;49;49m██[38;2;0;0;0m  
[38;2;49;49;49m██[38;2;230;189;65m██████[38;2;82;82;82m██[38;2;255;255;255m████[38;2;230;189;65m████████[38;2;49;49;49m████[38;2;0;0;0m      [38;2;49;49;49m██[38;2;82;82;82m██[38;2;49;49;49m██[38;2;0;0;0m  
[38;2;0;0;0m  [38;2;49;49;49m██████[38;2;156;123;65m██[38;2;255;255;255m██████[38;2;230;189;65m██[38;2;156;123;65m██[38;2;255;238;57m████[38;2;230;189;65m██[38;2;49;49;49m██[38;2;0;0;0m      [38;2;49;49;49m██[38;2;230;189;65m██[38;2;49;49;49m██
[38;2;0;0;0m      [38;2;49;49;49m██[38;2;255;255;255m████████[38;2;230;189;65m████[38;2;82;82;82m██[38;2;255;238;57m██████[38;2;49;49;49m██[38;2;0;0;0m    [38;2;49;49;49m██[38;2;82;82;82m██[38;2;49;49;49m██
[38;2;0;0;0m    [38;2;49;49;49m██[38;2;230;189;65m██[38;2;255;255;255m██████████[38;2;230;189;65m████[38;2;82;82;82m████[38;2;49;49;49m██[38;2;0;0;0m    [38;2;49;49;49m██[38;2;230;189;65m████[38;2;49;49;49m██
[38;2;0;0;0m    [38;2;49;49;49m██[38;2;230;189;65m██[38;2;189;189;189m██[38;2;255;255;255m████████[38;2;230;189;65m████[38;2;255;238;57m██[38;2;156;123;65m██[38;2;230;189;65m██[38;2;49;49;49m████[38;2;82;82;82m████[38;2;230;189;65m██[38;2;49;49;49m██
[38;2;0;0;0m      [38;2;49;49;49m██[38;2;156;123;65m██[38;2;255;255;255m████████[38;2;156;123;65m██[38;2;255;238;57m██████[38;2;156;123;65m██[38;2;230;189;65m██████[38;2;82;82;82m██[38;2;49;49;49m██[38;2;0;0;0m  
[38;2;0;0;0m      [38;2;49;49;49m██[38;2;230;189;65m██[38;2;156;123;65m██[38;2;255;255;255m██████[38;2;156;123;65m██[38;2;255;238;57m██████[38;2;156;123;65m██[38;2;230;189;65m████████[38;2;49;49;49m██[38;2;0;0;0m  
[38;2;0;0;0m    [38;2;49;49;49m██[38;2;255;255;255m██[38;2;255;238;57m██[38;2;230;189;65m██[38;2;49;49;49m████[38;2;189;189;189m████[38;2;156;123;65m██[38;2;255;238;57m██[38;2;230;189;65m██[38;2;156;123;65m██[38;2;230;189;65m████[38;2;49;49;49m████[38;2;0;0;0m    
[38;2;0;0;0m      [38;2;49;49;49m██████[38;2;0;0;0m    [38;2;49;49;49m████[38;2;82;82;82m██[38;2;230;189;65m██[38;2;156;123;65m██[38;2;230;189;65m██[38;2;49;49;49m████[38;2;0;0;0m        
[38;2;0;0;0m                    [38;2;49;49;49m██[38;2;255;238;57m████[38;2;49;49;49m██[38;2;0;0;0m            
[38;2;0;0;0m                    [38;2;49;49;49m██[38;2;255;255;255m██[38;2;230;189;65m██[38;2;49;49;49m██[38;2;0;0;0m            
[38;2;0;0;0m                      [38;2;49;49;49m████[38;2;0;0;0m              [0m
