
[38;2;0;0;0m                          ██████                                    
[38;2;0;0;0m                        ██[38;2;140;165;180m██████[38;2;0;0;0m██                                  
[38;2;0;0;0m                ██████[38;2;0;8;8m██[38;2;140;173;180m██[38;2;140;165;177m████[38;2;189;214;221m██[38;2;139;164;175m██[38;2;0;0;0m██                ██████          
[38;2;0;0;0m              ██[38;2;189;214;221m██████[38;2;93;118;123m██[38;2;140;173;180m██[38;2;140;165;177m████[38;2;139;164;175m████[38;2;0;0;0m██              ██[38;2;140;165;180m██████[38;2;0;0;0m██        
[38;2;0;0;0m            ██[38;2;189;214;221m████[38;2;189;211;224m██[38;2;255;255;255m██[38;2;189;214;221m██[38;2;90;134;144m██[38;2;140;173;148m██[38;2;112;137;123m██[38;2;99;117;109m██[38;2;148;173;156m██[38;2;0;0;0m██            ██[38;2;140;165;177m████[38;2;140;169;182m██[38;2;90;131;144m██[38;2;121;143;147m██[38;2;0;0;0m██      
[38;2;0;0;0m          ██[38;2;66;66;66m██[38;2;90;134;144m██[38;2;189;214;221m██[38;2;189;211;224m████[38;2;189;214;221m██[38;2;90;134;144m██[38;2;57;66;73m██[38;2;140;173;148m██[38;2;148;173;156m██[38;2;0;4;16m██[38;2;0;0;0m              ██[38;2;140;165;177m████[38;2;90;131;144m██[38;2;189;206;221m██[38;2;181;214;221m████[38;2;0;0;0m██    
[38;2;0;0;0m        ██[38;2;189;214;224m████[38;2;195;214;219m██[38;2;90;132;146m██[38;2;165;206;221m██[38;2;110;137;147m██[38;2;107;126;101m██[38;2;57;71;87m██[38;2;90;132;146m██[38;2;0;0;0m██[38;2;165;173;109m████[38;2;0;0;0m██            ██[38;2;140;181;196m██[38;2;93;123;133m██[38;2;189;214;224m████[38;2;189;211;224m██[38;2;255;255;255m██[38;2;189;214;221m██[38;2;0;0;0m██  
[38;2;0;0;0m      ██[38;2;189;214;221m██[38;2;189;214;224m████[38;2;247;255;255m██[38;2;195;214;219m██[38;2;110;137;147m██[38;2;0;0;0m██[38;2;156;181;116m████[38;2;0;0;0m██  ██[38;2;165;173;109m██[38;2;0;0;0m██              [38;2;0;8;8m██[38;2;93;123;133m██[38;2;189;214;224m████[38;2;189;211;224m████[38;2;189;214;221m██[38;2;0;0;0m██  
[38;2;0;0;0m      [38;2;0;4;0m██[38;2;198;222;238m██[38;2;189;214;224m████[38;2;189;214;221m████[38;2;0;0;0m██  [38;2;8;4;16m██[38;2;165;181;117m██[38;2;156;165;108m██[38;2;0;0;0m████[38;2;165;173;109m██[38;2;159;170;109m██[38;2;0;0;8m██[38;2;0;0;0m            ██[38;2;121;143;147m██[38;2;90;134;144m██[38;2;189;214;221m██████[38;2;140;165;180m██[38;2;0;0;0m██  
[38;2;0;0;0m      [38;2;0;4;0m██[38;2;132;149;159m██[38;2;189;214;224m████[38;2;189;214;221m██[38;2;139;164;175m██[38;2;66;66;66m██[38;2;0;0;0m██[38;2;60;63;50m████[38;2;78;82;54m██[38;2;0;0;0m██  ██[38;2;159;170;109m██[38;2;80;85;58m██[38;2;0;0;0m██████    ██[38;2;181;214;221m████[38;2;189;214;221m██[38;2;90;134;144m██[38;2;139;173;179m██[38;2;90;132;138m██[38;2;0;0;0m██    
[38;2;0;0;0m      [38;2;8;4;16m██[38;2;60;63;50m██[38;2;143;165;175m████[38;2;66;66;66m████[38;2;173;231;237m██[38;2;74;94;106m██[38;2;68;90;111m██[38;2;173;214;237m██[38;2;189;214;221m████[38;2;0;0;0m██[38;2;55;63;71m██[38;2;66;66;66m██[38;2;90;136;142m██[38;2;113;93;73m████[38;2;77;88;93m██[38;2;16;0;0m██[38;2;0;0;0m██[38;2;189;214;221m██[38;2;189;214;224m████[38;2;255;255;255m██[38;2;189;211;224m██[38;2;66;66;66m██[38;2;206;231;78m██[38;2;0;0;0m██    
[38;2;0;0;0m    ██[38;2;165;181;117m██[38;2;60;63;50m██[38;2;66;66;66m████[38;2;189;214;221m████[38;2;74;94;106m██[38;2;140;185;193m██[38;2;121;152;174m██[38;2;68;90;111m██[38;2;66;94;106m██[38;2;107;134;144m██[38;2;82;94;106m████[38;2;66;66;66m████[38;2;113;93;73m██[38;2;93;133;141m██[38;2;107;132;139m████[38;2;63;71;74m██[38;2;189;214;221m██[38;2;189;214;224m████[38;2;189;211;224m████[38;2;66;66;66m██[38;2;206;231;78m██[38;2;0;0;0m██    
[38;2;0;0;0m    ██[38;2;140;148;132m██[38;2;74;74;58m██[38;2;189;214;221m████[38;2;181;214;221m██[38;2;74;90;106m██[38;2;82;156;202m██[38;2;78;90;102m██████[38;2;93;132;141m██[38;2;80;90;104m██[38;2;82;156;202m████[38;2;80;90;104m██[38;2;159;136;127m██[38;2;74;66;66m██[38;2;104;91;86m██[38;2;82;88;85m██[38;2;74;66;58m██[38;2;66;66;66m██[38;2;154;170;143m██[38;2;159;184;154m██[38;2;132;156;180m██[38;2;181;214;229m██[38;2;121;144;153m██[38;2;0;0;0m██[38;2;165;173;109m██[38;2;206;231;78m██[38;2;0;0;0m██  
[38;2;0;0;0m    ██[38;2;74;74;58m██[38;2;206;222;206m██[38;2;189;214;221m██[38;2;79;90;106m██[38;2;74;90;106m██[38;2;110;131;144m██[38;2;78;90;102m██[38;2;82;156;202m██████[38;2;80;90;104m██[38;2;93;132;141m██[38;2;255;255;255m████[38;2;80;90;104m████[38;2;165;140;125m██[38;2;74;66;66m██[38;2;99;132;139m██[38;2;74;66;58m██[38;2;154;170;143m██[38;2;66;66;66m██[38;2;132;156;180m██[38;2;214;239;102m██[38;2;121;144;153m██[38;2;0;4;0m██[38;2;0;0;0m  ██[38;2;206;231;78m██[38;2;0;0;0m██  
[38;2;0;0;0m  ██[38;2;156;165;108m██[38;2;49;53;57m██[38;2;189;206;221m██[38;2;74;86;114m██[38;2;91;166;189m██[38;2;80;90;104m████[38;2;91;166;189m██[38;2;99;206;227m██[38;2;82;156;202m██████[38;2;82;93;101m██[38;2;255;255;255m████[38;2;82;124;151m██[38;2;82;93;101m██[38;2;156;140;132m██[38;2;57;66;73m██[38;2;66;66;66m██[38;2;165;176;106m██[38;2;66;66;66m██[38;2;80;91;104m██[38;2;60;63;50m██[38;2;165;181;117m██[38;2;206;231;78m██[38;2;0;0;0m██  ██[38;2;66;88;98m██[38;2;0;0;0m██  
[38;2;0;0;0m  ██[38;2;78;82;54m██[38;2;189;206;221m██[38;2;96;104;112m██[38;2;99;206;227m██[38;2;91;166;189m██[38;2;80;90;104m██[38;2;93;132;141m██[38;2;74;86;114m██[38;2;91;166;189m██[38;2;82;156;202m██[38;2;78;90;102m██[38;2;82;93;101m██[38;2;82;124;151m██[38;2;90;134;144m████[38;2;82;93;101m██[38;2;82;156;202m██[38;2;90;91;93m██[38;2;156;140;132m██[38;2;66;66;66m██[38;2;165;176;106m██[38;2;66;66;66m██[38;2;80;91;104m██[38;2;8;4;16m██[38;2;60;63;50m██[38;2;206;231;78m██[38;2;0;0;0m██    ██[38;2;99;132;147m██[38;2;0;0;0m██
[38;2;0;0;0m██[38;2;90;136;142m██[38;2;66;66;66m██[38;2;189;214;221m██[38;2;79;90;106m██[38;2;82;156;202m██[38;2;115;211;209m██[38;2;159;136;127m██[38;2;80;90;104m██[38;2;93;132;141m██[38;2;80;90;104m████[38;2;93;132;141m██[38;2;80;90;104m████[38;2;78;90;102m████[38;2;82;156;202m██[38;2;115;211;209m██[38;2;82;87;98m██[38;2;140;147;156m██[38;2;66;66;66m████[38;2;78;90;106m██[38;2;0;0;0m██  ██[38;2;140;161;68m██[38;2;206;239;94m██[38;2;0;0;0m██  ██[38;2;93;132;141m██[38;2;0;0;0m██
[38;2;0;0;0m██[38;2;90;136;142m██[38;2;66;66;66m██[38;2;189;214;221m██[38;2;79;90;106m██[38;2;82;156;202m██[38;2;115;211;209m██[38;2;159;136;127m██[38;2;80;90;104m██[38;2;93;132;141m██████[38;2;80;90;104m██[38;2;159;136;127m████[38;2;82;156;202m████[38;2;115;211;209m██[38;2;82;156;202m██[38;2;82;87;98m██[38;2;198;206;214m██[38;2;66;66;66m██[38;2;80;91;104m██[38;2;0;0;0m██      [38;2;8;4;16m██[38;2;206;239;94m██[38;2;0;0;0m██  ██[38;2;93;132;141m██[38;2;0;0;0m██
[38;2;0;0;0m██[38;2;96;132;141m██[38;2;52;66;71m██[38;2;189;214;221m████[38;2;78;90;102m██[38;2;82;156;202m██[38;2;123;214;203m██[38;2;107;134;134m██[38;2;111;117;123m██[38;2;74;94;106m██[38;2;131;123;119m████[38;2;82;156;202m██[38;2;115;211;209m████[38;2;82;156;202m██[38;2;140;185;193m██[38;2;74;94;106m██[38;2;189;214;221m████[38;2;0;0;0m████        ██[38;2;78;90;106m██[38;2;0;0;0m██    ██  
[38;2;0;0;0m██[38;2;96;132;141m██[38;2;8;0;0m██[38;2;66;66;66m██[38;2;189;214;221m██[38;2;78;90;102m████[38;2;99;94;99m██[38;2;107;134;134m██[38;2;74;94;106m██[38;2;148;140;140m██[38;2;131;123;119m██[38;2;82;156;202m██[38;2;115;211;209m██[38;2;82;156;202m██[38;2;115;211;209m████[38;2;74;94;106m██[38;2;173;231;237m██[38;2;189;214;221m██[38;2;0;0;0m██              ██[38;2;90;132;146m██[38;2;0;0;0m██      
[38;2;0;0;0m  ██  ██[38;2;140;165;180m██[38;2;181;206;221m██[38;2;74;90;98m██[38;2;93;132;141m██[38;2;80;90;104m██[38;2;74;94;106m██[38;2;140;185;193m██[38;2;115;214;211m████[38;2;82;156;202m██[38;2;82;93;101m██[38;2;79;90;103m████[38;2;189;214;221m████[38;2;140;165;180m██[38;2;0;0;0m██              ██[38;2;93;132;141m██[38;2;0;0;0m██      
[38;2;0;0;0m        ██[38;2;145;167;180m████[38;2;80;90;104m████[38;2;173;231;237m██[38;2;74;94;106m██[38;2;76;90;103m████[38;2;82;93;101m██[38;2;82;124;151m██[38;2;79;90;103m██[38;2;143;165;175m██[38;2;139;164;175m████[38;2;0;0;0m██                ██[38;2;93;132;141m██[38;2;0;0;0m██      
[38;2;0;0;0m          ████[38;2;140;165;180m████[38;2;140;165;177m████████[38;2;79;90;103m████[38;2;140;165;180m████[38;2;0;0;0m████                  ██[38;2;90;132;146m██[38;2;0;0;0m██      
[38;2;0;0;0m              ████[38;2;140;165;177m████████[38;2;143;165;175m████[38;2;0;0;0m████                        ██        
[38;2;0;0;0m                  ████████████                                      [0m
