
[38;2;0;0;0m                                                        ████              
[38;2;0;0;0m                                                    ████[38;2;255;231;183m████[38;2;0;0;0m██            
[38;2;0;0;0m                  ██                              ██[38;2;255;231;183m██████[38;2;0;0;0m██              
[38;2;0;0;0m                ██[38;2;255;231;183m██[38;2;0;0;0m██      ██                ████[38;2;255;228;180m████[38;2;255;222;175m██[38;2;90;90;98m██[38;2;206;173;134m██[38;2;0;4;8m██[38;2;0;0;0m            
[38;2;0;0;0m            ████[38;2;255;231;183m██████[38;2;0;0;0m██  ██[38;2;255;231;183m██[38;2;0;0;0m██            ██[38;2;255;231;183m████[38;2;255;228;180m████[38;2;255;222;175m██[38;2;200;178;149m██[38;2;206;173;134m██[38;2;69;60;50m██[38;2;0;0;0m██          
[38;2;0;0;0m          ██[38;2;206;165;134m██[38;2;66;66;66m██[38;2;255;231;183m██[38;2;255;228;180m████[38;2;255;231;183m██[38;2;0;0;0m██[38;2;255;228;180m████[38;2;0;0;0m██          ██[38;2;255;231;183m██[38;2;255;228;180m████████████████[38;2;173;155;122m██[38;2;8;4;0m██[38;2;0;0;0m        
[38;2;0;0;0m        ██[38;2;206;165;134m████[38;2;255;231;183m████[38;2;255;228;180m████[38;2;255;231;183m████[38;2;255;228;180m████[38;2;255;231;183m██[38;2;0;0;0m██      ██[38;2;255;231;183m████[38;2;255;228;180m████████████████[38;2;255;231;183m████[38;2;0;0;0m██      
[38;2;0;0;0m        ██[38;2;203;170;134m██[38;2;255;231;183m██[38;2;255;228;180m████████████[38;2;255;231;183m████[38;2;136;119;92m██[38;2;206;165;134m██[38;2;0;0;0m██    ██[38;2;255;228;180m████████████████████████[38;2;255;231;183m██[38;2;0;0;0m██    
[38;2;0;0;0m      ██[38;2;255;231;183m██[38;2;203;170;134m██[38;2;255;231;183m██[38;2;255;228;180m████████████[38;2;255;231;183m██[38;2;203;170;134m██[38;2;206;165;134m████[38;2;66;66;66m██[38;2;0;0;0m████[38;2;255;231;183m██[38;2;255;228;180m████████████████████████[38;2;255;231;183m██[38;2;0;0;0m██    
[38;2;0;0;0m  [38;2;0;4;0m████[38;2;255;228;180m████████████████████████[38;2;255;231;183m██[38;2;203;170;134m██[38;2;206;165;134m████[38;2;66;66;66m██[38;2;255;222;175m██[38;2;255;228;180m████████████[38;2;255;231;183m████████████[38;2;203;168;131m████[38;2;0;0;0m██  
[38;2;0;0;0m██[38;2;198;156;102m██[38;2;132;105;68m██[38;2;255;228;180m████████████████████████[38;2;203;170;134m████[38;2;206;165;134m██[38;2;66;66;66m██[38;2;192;170;139m████[38;2;255;228;180m████████████[38;2;255;231;183m██[38;2;203;170;134m██[38;2;255;231;183m██[38;2;203;170;134m██[38;2;255;231;183m██[38;2;134;121;89m██[38;2;203;168;131m████[38;2;0;0;0m██  
[38;2;0;0;0m  ██[38;2;198;148;94m██[38;2;134;121;89m██[38;2;255;231;183m██[38;2;255;228;180m████████████████[38;2;255;222;151m██[38;2;74;66;58m██[38;2;66;66;66m██████[38;2;231;165;111m██[38;2;66;66;66m██[38;2;206;165;134m██[38;2;192;170;139m██[38;2;255;222;175m██[38;2;255;231;183m████████[38;2;203;170;134m██[38;2;255;231;183m██[38;2;203;170;134m██[38;2;255;231;183m██[38;2;66;66;66m██[38;2;206;165;134m██[38;2;203;168;131m████[38;2;206;165;134m██[38;2;0;0;0m██
[38;2;0;0;0m  ██[38;2;198;148;94m██[38;2;134;121;89m██[38;2;255;231;183m██[38;2;255;228;180m████████████████[38;2;74;66;58m██[38;2;195;170;120m██[38;2;255;165;87m████[38;2;231;165;111m██[38;2;66;66;66m██[38;2;206;165;134m██[38;2;66;66;66m████[38;2;192;170;139m██[38;2;203;170;134m██[38;2;255;231;183m████[38;2;203;170;134m██[38;2;255;231;183m██[38;2;203;170;134m██[38;2;255;231;183m██[38;2;203;170;134m██[38;2;66;66;66m██[38;2;206;165;134m██[38;2;203;168;131m████[38;2;0;0;0m██  
[38;2;0;0;0m    ██[38;2;255;228;180m████████████[38;2;255;231;183m████[38;2;255;214;143m██[38;2;74;61;50m██[38;2;222;173;110m██[38;2;206;148;78m██[38;2;255;228;180m████[38;2;255;189;119m████[38;2;66;66;66m██[38;2;206;165;134m████[38;2;66;66;66m██[38;2;203;168;131m████████████[38;2;206;165;134m████[38;2;66;66;66m██[38;2;206;165;134m████████[38;2;0;0;0m██
[38;2;0;0;0m    ██[38;2;255;228;180m████████████[38;2;66;66;66m████[38;2;195;163;112m████[38;2;206;148;78m██[38;2;255;222;175m██[38;2;255;228;180m████[38;2;255;189;119m██[38;2;66;66;66m██[38;2;206;165;134m████[38;2;66;66;66m██[38;2;206;165;134m██[38;2;203;168;131m████████████[38;2;206;165;134m██[38;2;66;66;66m██[38;2;206;165;134m██████[38;2;0;0;0m████  
[38;2;0;0;0m      ██[38;2;255;222;167m██[38;2;255;231;183m████[38;2;255;255;239m██[38;2;0;0;0m██[38;2;255;255;255m████[38;2;135;119;91m██[38;2;255;165;87m██████████[38;2;66;66;66m██[38;2;206;165;134m████[38;2;66;66;66m████[38;2;206;165;134m██████[38;2;203;168;131m████████[38;2;206;165;134m██[38;2;0;0;0m████████      
[38;2;0;0;0m      ██[38;2;170;148;111m██[38;2;195;148;91m██[38;2;255;231;183m██[38;2;0;0;0m██[38;2;127;127;119m██[38;2;255;255;255m████[38;2;135;119;91m██[38;2;255;165;87m██[38;2;66;66;66m████████[38;2;206;165;134m██████████[38;2;66;66;66m████[38;2;206;165;134m██[38;2;203;168;131m████████[38;2;0;0;0m██              
[38;2;0;0;0m    ██[38;2;255;231;183m██████[38;2;195;148;91m██[38;2;255;165;87m████████[38;2;222;173;110m██[38;2;206;148;78m██[38;2;255;228;180m████████[38;2;255;231;183m████[38;2;231;165;111m██[38;2;66;66;66m████[38;2;255;165;87m████[38;2;66;66;66m██[38;2;206;165;134m██████[38;2;0;0;0m██                
[38;2;0;0;0m  ██[38;2;66;66;66m████[38;2;255;231;183m██████[38;2;197;146;89m████████[38;2;206;148;78m██[38;2;255;222;175m██[38;2;255;228;180m████████[38;2;255;231;183m██[38;2;134;121;89m██[38;2;66;66;66m██[38;2;231;165;111m██[38;2;255;165;87m████████[38;2;66;66;66m██[38;2;206;165;134m██[38;2;0;0;0m██                  
[38;2;0;0;0m  ██[38;2;255;231;183m██[38;2;255;228;180m████████[38;2;255;231;183m████████[38;2;255;228;180m████████[38;2;255;231;183m████[38;2;255;231;175m████[38;2;255;231;183m██[38;2;74;74;82m██[38;2;255;165;87m████████[38;2;110;93;83m██[38;2;0;0;16m██[38;2;0;0;0m  ████  ██          
[38;2;0;0;0m    ██[38;2;255;228;180m████████[38;2;197;176;136m██[38;2;140;121;89m████[38;2;197;176;136m██[38;2;255;228;180m████████[38;2;255;231;183m██[38;2;134;121;89m██[38;2;129;121;97m██[38;2;66;66;58m██[38;2;74;74;82m████[38;2;90;93;104m██[38;2;255;165;87m████[38;2;90;93;104m██[38;2;110;93;83m██[38;2;165;140;117m██[38;2;0;0;0m██[38;2;66;66;66m██[38;2;255;231;183m██[38;2;0;0;0m██[38;2;255;231;183m██[38;2;0;0;0m██        
[38;2;0;0;0m      ██[38;2;132;119;92m██[38;2;136;119;92m████[38;2;255;255;255m██[38;2;206;167;131m██[38;2;197;170;133m██[38;2;140;119;92m██[38;2;255;228;180m████████[38;2;206;165;134m████[38;2;66;66;66m██[38;2;198;156;110m██[38;2;200;147;93m██[38;2;255;173;87m██[38;2;252;165;84m████[38;2;255;165;87m██[38;2;90;93;104m██[38;2;255;173;87m██[38;2;200;147;93m██[38;2;66;66;66m██[38;2;255;231;183m██[38;2;255;228;180m████[38;2;255;231;183m██[38;2;0;0;0m██        
[38;2;0;0;0m        ██[38;2;206;165;134m████[38;2;206;167;131m████[38;2;197;170;133m██[38;2;255;222;175m██[38;2;255;228;180m████████[38;2;206;165;134m██[38;2;136;119;92m██[38;2;198;156;110m██[38;2;66;66;66m██[38;2;90;94;106m██[38;2;200;147;93m██[38;2;252;165;84m████[38;2;255;165;87m████[38;2;200;147;93m██[38;2;90;94;106m██[38;2;66;66;66m██[38;2;255;231;183m██[38;2;255;228;180m████[38;2;0;0;0m██          
[38;2;0;0;0m        ██[38;2;255;239;191m██[38;2;178;166;133m██[38;2;203;170;134m██[38;2;255;231;183m██[38;2;255;228;180m████[38;2;255;231;183m████[38;2;255;222;175m██[38;2;140;119;92m██[38;2;136;119;92m██[38;2;206;165;134m██████[38;2;66;66;66m██[38;2;88;93;104m██[38;2;198;148;94m██[38;2;66;66;66m██[38;2;255;173;87m██[38;2;200;147;93m██[38;2;88;93;107m████[38;2;66;66;66m██[38;2;255;222;175m██[38;2;255;231;183m██████[38;2;0;0;0m██        
[38;2;0;0;0m          [38;2;24;20;16m██[38;2;101;93;74m██[38;2;255;231;183m████[38;2;255;228;180m████[38;2;134;121;89m██[38;2;255;231;183m██[38;2;140;119;92m██[38;2;197;170;133m██[38;2;206;165;134m████[38;2;66;66;66m████[38;2;88;93;104m████[38;2;66;66;66m██[38;2;198;148;94m██[38;2;200;147;93m██[38;2;90;94;106m██[38;2;88;93;107m██[38;2;198;148;94m██[38;2;66;66;66m██[38;2;192;170;139m██[38;2;255;231;183m██[38;2;203;170;134m██[38;2;0;0;0m██          
[38;2;0;0;0m          ██[38;2;206;165;134m██[38;2;136;119;92m██[38;2;206;165;134m██[38;2;255;231;183m██[38;2;203;170;134m██[38;2;206;165;134m██[38;2;136;119;92m██[38;2;203;168;131m████[38;2;206;165;134m██[38;2;66;66;66m██[38;2;88;93;104m████[38;2;198;148;94m██[38;2;0;0;0m████[38;2;198;148;94m██████[38;2;189;148;101m██[38;2;101;93;82m██[38;2;66;66;66m██[38;2;206;165;134m████[38;2;0;0;0m██            
[38;2;0;0;0m            ██[38;2;206;165;134m████[38;2;203;170;134m████[38;2;206;165;134m████[38;2;203;168;131m████[38;2;206;165;134m████[38;2;66;66;66m██[38;2;88;93;104m██[38;2;0;0;0m██    ██[38;2;66;66;66m██[38;2;198;148;94m██[38;2;57;66;73m████[38;2;206;165;134m██████[38;2;0;0;0m██            
[38;2;0;0;0m              ██[38;2;60;63;65m██[38;2;206;165;134m████[38;2;203;168;131m████████[38;2;198;156;110m██[38;2;66;66;66m██[38;2;198;148;94m████[38;2;85;80;74m██[38;2;0;4;16m██[38;2;0;0;0m  ██[38;2;206;173;134m██[38;2;69;60;50m██[38;2;66;66;66m██[38;2;206;165;134m██████[38;2;0;0;0m██              
[38;2;0;0;0m              ██[38;2;90;94;98m██[38;2;66;66;66m██[38;2;206;165;134m██[38;2;203;168;131m████████[38;2;66;66;66m██[38;2;198;156;110m██[38;2;198;148;94m██[38;2;88;93;107m██[38;2;85;80;74m██[38;2;255;231;191m██[38;2;0;0;0m██  [38;2;0;4;8m██[38;2;206;173;134m██[38;2;206;165;134m██████[38;2;0;0;0m██                
[38;2;0;0;0m            ██[38;2;198;148;94m██[38;2;88;93;107m██[38;2;104;93;85m██[38;2;57;66;81m██[38;2;206;165;134m██[38;2;0;0;0m██[38;2;206;173;134m██[38;2;69;60;50m██[38;2;90;93;104m██[38;2;255;165;87m██[38;2;90;93;104m████[38;2;255;231;183m████[38;2;0;0;0m██    [38;2;66;66;66m██████[38;2;66;55;42m██[38;2;0;8;16m██[38;2;0;0;0m                
[38;2;0;0;0m            ██[38;2;198;148;94m████████[38;2;0;0;0m██  [38;2;0;4;8m████[38;2;90;93;104m██████[38;2;255;165;87m██[38;2;255;231;183m██[38;2;0;0;0m██      ██[38;2;198;148;94m████████[38;2;0;0;0m██              
[38;2;0;0;0m          [38;2;0;4;8m██[38;2;198;148;102m██[38;2;151;96;55m██[38;2;195;147;91m██[38;2;198;148;94m████[38;2;0;0;0m██    ██[38;2;255;165;87m██[38;2;90;93;104m██[38;2;252;165;84m████[38;2;255;231;183m██[38;2;0;0;0m██    [38;2;0;4;8m██[38;2;148;103;68m██[38;2;195;147;91m██[38;2;151;96;55m██[38;2;198;148;94m████[38;2;0;0;0m██              
[38;2;0;0;0m          [38;2;0;4;8m██[38;2;66;52;39m██[38;2;195;147;91m████[38;2;198;148;94m██[38;2;0;0;0m██      ██[38;2;255;165;87m████[38;2;252;165;84m████[38;2;0;0;0m██      [38;2;0;4;8m██[38;2;74;53;38m██[38;2;195;147;91m██[38;2;151;96;55m██[38;2;198;148;94m██[38;2;0;0;0m██                
[38;2;0;0;0m            ████████      ██[38;2;222;156;86m██[38;2;255;165;87m████████[38;2;0;0;0m██        ████████                  
[38;2;0;0;0m                          ██[38;2;222;156;86m██[38;2;151;96;58m██[38;2;255;165;87m██[38;2;148;103;60m██[38;2;201;134;73m██[38;2;0;0;0m██                                  
[38;2;0;0;0m                            ██[38;2;137;99;57m██[38;2;206;148;86m██[38;2;148;94;52m██[38;2;0;0;0m██                                    
[38;2;0;0;0m                              ██████                                      [0m
