
[38;2;0;0;0m                  ████                              
[38;2;0;0;0m                ██[38;2;247;247;167m██[38;2;0;0;0m██                              
[38;2;0;0;0m        ██    ██[38;2;247;247;167m████[38;2;0;0;0m██  ██████                      
[38;2;0;0;0m      ██[38;2;247;247;167m██[38;2;0;0;0m██  ██[38;2;247;247;167m████[38;2;66;66;66m██[38;2;0;0;0m██[38;2;247;247;167m████[38;2;0;0;0m██                      
[38;2;0;0;0m      ██[38;2;247;247;167m██[38;2;66;66;66m██[38;2;0;0;0m██[38;2;247;247;167m████[38;2;66;66;66m████[38;2;247;247;167m████[38;2;0;0;8m██[38;2;0;0;0m                        
[38;2;0;0;0m      ██[38;2;247;247;167m██[38;2;66;66;66m██[38;2;247;247;167m████[38;2;66;66;66m██[38;2;247;247;167m████████[38;2;82;82;61m██[38;2;0;0;0m████                    
[38;2;0;0;0m    ██[38;2;82;82;56m██[38;2;247;247;167m████[38;2;255;222;39m██[38;2;247;247;167m████[38;2;255;222;39m██[38;2;247;247;167m██[38;2;66;66;66m████[38;2;247;247;167m██████[38;2;0;0;0m██                  
[38;2;0;0;0m    ██[38;2;247;247;167m██[38;2;255;222;39m██[38;2;247;247;167m██[38;2;255;222;39m██[38;2;247;247;167m██[38;2;255;222;39m██[38;2;247;247;167m██[38;2;66;66;66m██[38;2;247;247;167m████████[38;2;0;0;0m██                    
[38;2;0;0;0m      ██[38;2;255;222;39m████████████[38;2;247;247;167m██[38;2;255;222;39m██[38;2;247;247;167m██[38;2;66;66;66m██[38;2;0;0;0m██                      
[38;2;0;0;0m      ██[38;2;189;140;5m██[38;2;255;222;39m██████[38;2;189;140;5m██[38;2;255;222;39m██████[38;2;247;247;167m████[38;2;66;66;66m██[38;2;0;0;0m██                    
[38;2;0;0;0m        ██[38;2;255;222;39m██[38;2;255;222;23m██[38;2;173;148;15m██[38;2;0;0;24m██[38;2;85;74;32m██[38;2;222;181;22m██[38;2;107;206;251m██[38;2;156;231;220m██[38;2;120;161;147m██[38;2;247;247;167m████[38;2;0;0;0m██                  
[38;2;0;0;0m  ██████[38;2;255;222;39m████[38;2;173;148;15m██[38;2;8;0;0m██[38;2;255;222;47m████[38;2;222;181;22m██[38;2;107;206;251m██[38;2;156;231;220m██[38;2;49;20;1m██[38;2;0;0;0m████                    
[38;2;0;0;0m██[38;2;255;222;39m██[38;2;192;162;40m██[38;2;255;214;31m██[38;2;255;222;39m████████[38;2;41;61;73m██[38;2;60;109;132m██[38;2;255;222;39m████[38;2;0;0;0m██                          
[38;2;0;0;0m██[38;2;255;222;39m██[38;2;66;57;58m██[38;2;255;214;31m██[38;2;255;222;39m██[38;2;66;66;66m██[38;2;255;222;39m██[38;2;66;66;66m██[38;2;99;206;251m██[38;2;60;109;132m██[38;2;255;222;39m██[38;2;66;66;66m██[38;2;0;0;0m██                          
[38;2;0;0;0m  ██[38;2;255;255;255m██[38;2;0;0;0m██[38;2;255;222;39m██[38;2;0;0;0m██[38;2;46;69;84m██[38;2;107;206;251m██[38;2;41;107;145m██[38;2;255;222;39m██[38;2;66;66;66m██[38;2;189;140;5m██[38;2;82;85;82m██[38;2;0;0;0m██████                    
[38;2;0;0;0m  ██[38;2;255;255;255m██[38;2;85;85;85m██[38;2;0;0;0m██  [38;2;16;0;0m██[38;2;107;206;251m██[38;2;41;107;145m██[38;2;255;222;39m██[38;2;66;66;66m██[38;2;189;140;5m██[38;2;82;85;82m██[38;2;247;255;247m██[38;2;255;255;255m████[38;2;0;0;0m████                
[38;2;0;0;0m██[38;2;255;255;255m██████[38;2;0;0;0m████[38;2;57;132;177m████[38;2;195;193;139m██[38;2;74;70;50m██[38;2;255;222;39m████[38;2;195;193;139m██[38;2;74;70;50m██[38;2;255;255;255m████████[38;2;0;0;0m██              
[38;2;0;0;0m  ██[38;2;255;255;255m██[38;2;0;0;0m██  ██[38;2;118;154;126m██[38;2;239;198;23m██[38;2;74;70;50m██[38;2;255;255;183m██[38;2;66;66;66m████[38;2;74;70;50m██[38;2;255;255;183m██[38;2;255;255;255m██████████[38;2;0;0;0m██            
[38;2;0;0;0m    ██  ██[38;2;198;214;238m██[38;2;214;231;246m██[38;2;66;66;66m██[38;2;255;255;255m████████████[38;2;198;217;238m████[38;2;198;214;238m██[38;2;255;255;255m██[38;2;239;247;247m██[38;2;0;0;0m██            
[38;2;0;0;0m      ██[38;2;66;71;79m████[38;2;214;231;246m████[38;2;255;255;255m██████[38;2;198;214;238m██[38;2;197;214;237m████[38;2;198;217;238m████[38;2;198;214;238m████[38;2;239;247;247m████[38;2;0;0;0m██          
[38;2;0;0;0m    ██[38;2;255;222;39m██████[38;2;66;70;74m██[38;2;189;222;253m██████[38;2;66;66;66m████[38;2;189;222;253m████[38;2;132;181;228m████[38;2;41;111;145m██[38;2;189;214;245m██[38;2;198;217;238m████[38;2;0;0;0m██          
[38;2;0;0;0m  ██[38;2;255;222;39m████████[38;2;66;70;74m██[38;2;148;171;193m██[38;2;145;171;196m██[38;2;57;70;81m██[38;2;255;222;39m████[38;2;57;70;81m██[38;2;145;171;196m██[38;2;132;181;228m████[38;2;140;180;212m██[38;2;41;111;145m██[38;2;198;217;238m████[38;2;0;0;0m██    ████  
[38;2;0;0;0m██[38;2;189;140;5m██[38;2;255;222;39m██[38;2;66;66;66m██[38;2;255;222;39m██[38;2;66;66;66m██[38;2;123;181;227m████[38;2;66;66;66m██[38;2;255;222;39m████████[38;2;66;66;66m██[38;2;123;198;243m██[38;2;41;110;145m██[38;2;132;181;228m████[38;2;41;107;145m████[38;2;0;0;0m██  ██[38;2;33;90;113m██[38;2;0;0;0m██  
[38;2;0;0;0m██[38;2;189;140;5m██[38;2;255;222;39m██[38;2;66;66;66m██[38;2;255;222;39m██[38;2;66;66;66m██[38;2;68;107;124m██[38;2;41;70;73m██[38;2;255;222;39m██████████[38;2;66;66;66m██[38;2;41;110;145m██[38;2;123;198;243m██[38;2;41;107;145m██[38;2;132;181;228m██████[38;2;0;0;0m████[38;2;33;90;113m████[38;2;0;0;0m██  
[38;2;0;0;0m  ██[38;2;255;222;39m██[38;2;0;0;0m██████[38;2;165;239;253m██[38;2;66;66;66m██[38;2;255;222;39m██[38;2;66;66;66m██[38;2;255;222;39m██[38;2;66;66;66m██[38;2;255;222;39m██[38;2;66;66;66m██[38;2;165;239;253m██[38;2;107;206;251m██[38;2;65;156;193m██[38;2;41;107;145m██[38;2;115;181;227m██[38;2;0;0;0m██  ██[38;2;33;90;113m████[38;2;30;55;65m██[38;2;8;4;0m██
[38;2;0;0;0m    ██    ██[38;2;165;239;253m██[38;2;66;66;66m██[38;2;255;222;39m██[38;2;66;66;66m██[38;2;255;222;39m██[38;2;66;66;66m██[38;2;255;222;39m██[38;2;66;66;66m██[38;2;165;239;253m██[38;2;107;206;251m██[38;2;65;156;193m████[38;2;77;121;151m██[38;2;38;60;76m██[38;2;0;0;0m██[38;2;66;66;66m██[38;2;66;65;66m████[38;2;74;156;194m██[38;2;8;4;0m██
[38;2;0;0;0m            [38;2;8;0;0m██[38;2;140;222;252m██[38;2;66;66;66m████[38;2;175;193;138m██[38;2;82;70;50m██[38;2;66;66;66m██[38;2;165;239;253m██[38;2;99;206;251m██[38;2;88;159;189m██[38;2;66;156;194m████████████████[38;2;0;0;0m██  
[38;2;0;0;0m        ████[38;2;52;74;84m██[38;2;140;222;252m██[38;2;165;239;253m████[38;2;82;70;50m██[38;2;222;255;182m██[38;2;165;239;253m████[38;2;66;66;66m████[38;2;66;156;194m██████████████[38;2;0;0;0m██    
[38;2;0;0;0m      ██[38;2;24;90;112m██[38;2;102;152;178m██[38;2;46;93;108m██[38;2;41;61;65m██[38;2;140;222;252m████[38;2;165;239;253m████[38;2;140;222;252m██[38;2;66;66;66m██[38;2;41;110;145m████[38;2;63;65;68m██[38;2;57;156;201m██[38;2;66;156;194m██████[38;2;0;0;0m████      
[38;2;0;0;0m    ██[38;2;198;214;238m██[38;2;181;214;245m██[38;2;24;90;112m██[38;2;57;156;193m██[38;2;46;93;108m██[38;2;0;0;0m████[38;2;107;206;251m████[38;2;140;222;252m██[38;2;66;66;66m██[38;2;41;110;145m████[38;2;60;111;135m██[38;2;63;65;68m██[38;2;0;0;0m██████          
[38;2;0;0;0m      ██████████    ████[38;2;49;69;81m████[38;2;107;206;251m██[38;2;41;107;145m██[38;2;99;206;251m██[38;2;0;0;0m██                
[38;2;0;0;0m                        [38;2;16;0;0m██[38;2;115;206;243m██[38;2;41;107;145m██[38;2;107;206;251m██[38;2;49;103;125m██[38;2;0;0;0m██                
[38;2;0;0;0m                      ██[38;2;255;255;255m████████[38;2;107;206;251m██[38;2;0;0;0m██                
[38;2;0;0;0m                        ██[38;2;255;255;255m██████[38;2;0;0;0m██                  
[38;2;0;0;0m                          ██████                    [0m
