
[38;2;0;0;0m                                          [38;2;24;20;24m████[38;2;0;0;0m    
[38;2;0;0;0m                              [38;2;20;20;20m████[38;2;0;0;0m      [38;2;20;20;20m██[38;2;247;231;191m██[38;2;135;125;107m██[38;2;20;20;20m██[38;2;0;0;0m  
[38;2;0;0;0m                            [38;2;24;20;24m██[38;2;255;255;255m██[38;2;197;189;189m██[38;2;41;45;41m██[38;2;0;0;0m  [38;2;8;8;16m██[38;2;239;231;191m██[38;2;143;126;105m██[38;2;66;66;66m██[38;2;20;20;20m██[38;2;0;0;0m  
[38;2;0;0;0m                [38;2;20;20;20m██████████[38;2;24;20;24m██[38;2;198;189;190m██[38;2;197;189;189m██[38;2;255;255;255m██[38;2;198;189;190m██[38;2;41;45;41m██[38;2;85;82;74m██[38;2;239;231;191m██[38;2;143;126;105m██[38;2;104;96;86m██[38;2;20;20;20m██[38;2;0;0;0m  
[38;2;0;0;0m            [38;2;24;20;24m████[38;2;139;125;107m██[38;2;134;126;116m██[38;2;74;61;50m██[38;2;148;113;92m██████[38;2;57;78;81m██[38;2;66;66;66m████████[38;2;239;239;191m██[38;2;112;98;80m██[38;2;112;100;85m██[38;2;24;20;24m██[38;2;0;0;0m    
[38;2;0;0;0m          [38;2;24;20;24m██[38;2;139;125;107m██████[38;2;255;255;247m██[38;2;134;126;116m██[38;2;57;78;81m██[38;2;239;148;103m████[38;2;148;113;92m██[38;2;143;126;105m████████[38;2;239;239;191m████[38;2;68;60;55m██[38;2;24;20;24m██[38;2;0;0;0m    
[38;2;0;0;0m        [38;2;24;20;24m██[38;2;143;126;105m████[38;2;157;145;122m██[38;2;82;77;69m██[38;2;8;4;8m██[38;2;255;255;255m██[38;2;239;239;191m██[38;2;66;66;66m██[38;2;247;132;87m████[38;2;140;123;102m██[38;2;255;255;255m██[38;2;123;104;86m██[38;2;255;255;255m██[38;2;189;181;149m██[38;2;106;100;82m██[38;2;115;96;78m████[38;2;24;20;24m██[38;2;0;0;0m  
[38;2;0;0;0m      [38;2;24;20;24m██[38;2;139;125;107m██[38;2;143;126;105m████[38;2;231;214;175m██[38;2;8;8;16m██[38;2;90;88;90m██[38;2;255;255;255m██[38;2;66;66;66m██[38;2;239;239;191m██[38;2;66;66;66m██[38;2;247;132;87m██[38;2;140;123;102m██[38;2;255;255;255m██[38;2;123;104;86m████[38;2;24;20;16m██[38;2;189;181;149m██[38;2;115;96;78m██[38;2;66;66;66m██[38;2;115;96;79m██[38;2;24;20;24m██
[38;2;0;0;0m    [38;2;24;20;24m██[38;2;132;124;108m██[38;2;74;66;66m██[38;2;228;225;209m██[38;2;173;165;149m██[38;2;239;231;191m████[38;2;247;247;223m██[38;2;66;66;66m████[38;2;239;239;191m██[38;2;57;70;65m██[38;2;247;132;87m██[38;2;115;96;78m████[38;2;115;96;79m██[38;2;24;20;24m██[38;2;0;0;0m  [38;2;20;20;20m██[38;2;189;181;149m████[38;2;20;20;20m██[38;2;0;0;0m  
[38;2;0;0;0m  [38;2;24;20;24m██[38;2;139;125;107m██[38;2;132;124;108m██[38;2;247;239;191m██[38;2;173;165;149m██[38;2;255;255;239m██[38;2;181;174;149m██[38;2;66;61;66m██[38;2;66;66;66m██[38;2;247;247;223m██[38;2;239;239;191m██[38;2;66;66;66m██[38;2;247;132;87m██[38;2;120;91;72m██[38;2;115;96;78m██[38;2;66;66;66m██[38;2;24;20;24m██[38;2;0;0;0m      [38;2;24;20;24m████[38;2;0;0;0m    
[38;2;20;20;20m██[38;2;239;239;191m████[38;2;66;66;66m██████████[38;2;247;239;191m██[38;2;239;239;191m██[38;2;189;181;149m██[38;2;192;181;149m████[38;2;115;96;79m██[38;2;24;20;24m████[38;2;198;189;190m████[38;2;24;20;24m██[38;2;0;0;0m            
[38;2;0;0;0m  [38;2;24;20;24m████[38;2;239;239;191m████████[38;2;187;181;149m████[38;2;189;181;149m████[38;2;66;66;66m████[38;2;24;20;24m██[38;2;0;0;0m    [38;2;24;20;24m██████[38;2;0;0;0m            
[38;2;0;0;0m      [38;2;20;20;20m████████████[38;2;24;20;24m██[38;2;65;65;65m██[38;2;197;189;189m████[38;2;24;20;24m██[38;2;0;0;0m                      
[38;2;0;0;0m                    [38;2;24;20;24m██[38;2;255;255;255m██[38;2;197;189;189m██[38;2;255;255;255m██[38;2;24;20;24m██[38;2;0;0;0m                    
[38;2;0;0;0m                      [38;2;20;20;20m██████[38;2;0;0;0m                      [0m
