
[38;2;0;0;4m                  [38;2;0;0;0m██[38;2;72;128;184m██[38;2;56;80;112m██[38;2;72;128;184m██[38;2;0;0;0m██[38;2;0;0;4m                                [38;2;0;0;0m██[38;2;120;184;248m██████[38;2;0;0;0m██[38;2;0;0;4m  [38;2;0;0;0m██[38;2;120;184;248m████[38;2;0;0;0m██[38;2;0;0;4m  [38;2;0;0;0m████[38;2;0;0;4m    
[38;2;0;0;4m                  [38;2;0;0;0m██[38;2;72;128;184m██[38;2;56;80;112m██[38;2;72;128;184m██[38;2;0;0;0m██[38;2;0;0;4m                                  [38;2;0;0;0m██[38;2;120;184;248m████[38;2;64;64;64m██[38;2;0;0;0m██[38;2;120;184;248m████[38;2;0;0;0m██[38;2;0;0;4m  [38;2;0;0;0m██[38;2;120;184;248m████[38;2;0;0;0m██[38;2;0;0;4m  
[38;2;0;0;4m                [38;2;0;0;0m██[38;2;72;128;184m██[38;2;56;80;112m██[38;2;72;128;184m██[38;2;0;0;0m██[38;2;0;0;4m                                    [38;2;0;0;0m██[38;2;120;184;248m██████[38;2;64;64;64m██[38;2;120;184;248m████[38;2;0;0;0m████[38;2;120;184;248m██████[38;2;0;0;0m██[38;2;0;0;4m  
[38;2;0;0;4m                [38;2;0;0;0m██[38;2;72;128;184m██████[38;2;0;0;0m██[38;2;0;0;4m                                      [38;2;0;0;0m██[38;2;120;184;248m████[38;2;56;104;160m██[38;2;120;184;248m████[38;2;64;64;64m██[38;2;120;184;248m██████[38;2;0;0;0m██[38;2;0;0;4m    
[38;2;0;0;4m                [38;2;0;0;0m██[38;2;72;128;184m████[38;2;0;0;0m██[38;2;0;0;4m                                        [38;2;0;0;0m██[38;2;120;184;248m████████[38;2;64;64;64m████[38;2;120;184;248m██████[38;2;0;0;0m██[38;2;0;0;4m    
[38;2;0;0;4m              [38;2;0;0;0m██[38;2;72;128;184m██████[38;2;0;0;0m██[38;2;0;0;4m                                        [38;2;0;0;0m██[38;2;120;184;248m████████[38;2;64;64;64m██[38;2;120;184;248m██████[38;2;0;0;0m██[38;2;0;0;4m      
[38;2;0;0;4m              [38;2;0;0;0m██[38;2;72;128;184m██████[38;2;0;0;0m██[38;2;0;0;4m                                          [38;2;0;0;0m██[38;2;120;184;248m████[38;2;56;104;160m██[38;2;120;184;248m██████[38;2;64;64;64m██[38;2;0;0;0m████[38;2;0;0;4m    
[38;2;0;0;4m              [38;2;0;0;0m██[38;2;72;128;184m██████[38;2;0;0;0m██[38;2;0;0;4m                                          [38;2;0;0;0m██[38;2;120;184;248m██████████[38;2;64;64;64m████[38;2;120;184;248m████[38;2;0;0;0m██[38;2;0;0;4m  
[38;2;0;0;4m              [38;2;0;0;0m██[38;2;72;128;184m██████[38;2;0;0;0m██[38;2;0;0;4m              [38;2;0;0;0m████[38;2;0;0;4m                        [38;2;0;0;0m██[38;2;120;184;248m████████[38;2;64;64;64m██[38;2;120;184;248m████████[38;2;0;0;0m██[38;2;0;0;4m  
[38;2;0;0;4m              [38;2;0;0;0m██[38;2;120;184;248m██[38;2;72;128;184m████[38;2;0;0;0m██[38;2;0;0;4m            [38;2;0;0;0m██[38;2;0;152;200m██[38;2;0;0;0m██[38;2;0;0;4m                        [38;2;0;0;0m██[38;2;120;184;248m████████████████[38;2;0;0;0m██[38;2;0;0;4m    
[38;2;0;0;4m              [38;2;0;0;0m██[38;2;120;184;248m██[38;2;56;104;160m██[38;2;72;128;184m██[38;2;0;0;0m██[38;2;0;0;4m  [38;2;0;0;0m██[38;2;0;0;4m      [38;2;0;0;0m██[38;2;16;200;224m██[38;2;0;152;200m██[38;2;0;0;0m██[38;2;0;0;4m                        [38;2;0;0;0m██[38;2;120;184;248m██████████████[38;2;64;64;64m████[38;2;0;0;0m██[38;2;0;0;4m  
[38;2;0;0;4m              [38;2;0;0;0m██[38;2;120;184;248m████[38;2;72;128;184m████[38;2;0;0;0m██[38;2;16;200;224m██[38;2;0;0;0m██[38;2;0;0;4m  [38;2;0;0;0m██[38;2;16;200;224m██[38;2;0;152;200m████[38;2;0;0;0m██[38;2;0;0;4m                        [38;2;0;0;0m██[38;2;120;184;248m████████████[38;2;64;64;64m████[38;2;72;128;184m████[38;2;0;0;0m██
[38;2;0;0;4m                [38;2;0;0;0m██[38;2;120;184;248m██[38;2;56;104;160m██[38;2;72;128;184m██[38;2;64;64;64m██[38;2;16;200;224m██[38;2;64;64;64m██[38;2;0;0;0m██[38;2;64;64;64m██[38;2;0;152;200m████[38;2;0;0;0m██[38;2;0;0;4m    [38;2;0;0;0m██████[38;2;0;0;4m              [38;2;0;0;0m██[38;2;120;184;248m████████[38;2;72;128;184m██[38;2;120;184;248m██[38;2;72;128;184m██████████[38;2;0;0;0m██
[38;2;0;0;4m                [38;2;0;0;0m██[38;2;120;184;248m██[38;2;56;104;160m██[38;2;72;128;184m██[38;2;64;64;64m██[38;2;16;200;224m██[38;2;0;152;200m██[38;2;64;64;64m██[38;2;16;200;224m██[38;2;0;152;200m████[38;2;0;0;0m██████[38;2;0;152;200m██████[38;2;0;0;0m██[38;2;0;0;4m            [38;2;0;0;0m██[38;2;120;184;248m██████[38;2;72;128;184m██[38;2;120;184;248m██[38;2;72;128;184m██[38;2;120;184;248m██[38;2;72;128;184m████[38;2;64;64;64m██[38;2;0;0;0m██[38;2;0;0;4m  
[38;2;0;0;4m                [38;2;0;0;0m██[38;2;120;184;248m████[38;2;56;104;160m██[38;2;64;64;64m██[38;2;0;152;200m████[38;2;64;64;64m██[38;2;16;200;224m██[38;2;0;152;200m████[38;2;64;64;64m██[38;2;16;200;224m████[38;2;0;152;200m████[38;2;0;0;0m██[38;2;0;0;4m              [38;2;0;0;0m██[38;2;120;184;248m████[38;2;56;104;160m██[38;2;120;184;248m██[38;2;72;128;184m██[38;2;120;184;248m██[38;2;72;128;184m████[38;2;64;64;64m██[38;2;0;0;0m██[38;2;0;0;4m    
[38;2;0;0;4m    [38;2;0;0;0m████[38;2;0;0;4m          [38;2;0;0;0m██[38;2;120;184;248m██[38;2;56;104;160m██[38;2;72;128;184m██[38;2;64;64;64m██[38;2;0;152;200m██[38;2;16;200;224m████[38;2;0;152;200m██[38;2;64;64;64m██[38;2;16;200;224m██[38;2;0;152;200m██████[38;2;0;0;0m██[38;2;0;0;4m                [38;2;0;0;0m██[38;2;120;184;248m████[38;2;72;128;184m████████[38;2;64;64;64m████[38;2;0;0;0m██[38;2;0;0;4m      
[38;2;0;0;4m    [38;2;0;0;0m██[38;2;0;152;200m██[38;2;0;0;0m██[38;2;0;0;4m        [38;2;0;0;0m██[38;2;120;184;248m████[38;2;56;104;160m██[38;2;64;64;64m██[38;2;0;152;200m██[38;2;16;200;224m██[38;2;0;152;200m██[38;2;64;64;64m██[38;2;0;152;200m████████[38;2;0;0;0m██[38;2;0;0;4m                [38;2;0;0;0m██[38;2;120;184;248m████[38;2;56;104;160m██[38;2;72;128;184m██████████████[38;2;0;0;0m██[38;2;0;0;4m    
[38;2;0;0;4m      [38;2;0;0;0m██[38;2;0;152;200m██[38;2;0;0;0m██[38;2;0;0;4m        [38;2;0;0;0m██[38;2;120;184;248m████[38;2;64;64;64m████[38;2;0;152;200m██[38;2;64;64;64m██[38;2;0;152;200m████████[38;2;64;64;64m██[38;2;0;0;0m██[38;2;0;0;4m                [38;2;0;0;0m██[38;2;120;184;248m████[38;2;56;104;160m██[38;2;72;128;184m████████████[38;2;64;64;64m██[38;2;0;0;0m██[38;2;0;0;4m    
[38;2;0;0;4m      [38;2;0;0;0m██[38;2;56;80;112m██[38;2;0;152;200m██[38;2;0;0;0m██[38;2;0;0;4m      [38;2;0;0;0m██[38;2;120;184;248m████[38;2;56;104;160m██[38;2;64;64;64m████[38;2;0;152;200m██████[38;2;64;64;64m████[38;2;120;184;248m██[38;2;0;0;0m██[38;2;0;0;4m              [38;2;0;0;0m██[38;2;120;184;248m████[38;2;56;104;160m██[38;2;72;128;184m██████[38;2;64;64;64m████[38;2;0;0;0m██████[38;2;0;0;4m      
[38;2;0;0;4m        [38;2;0;0;0m██[38;2;0;152;200m██[38;2;0;0;0m██[38;2;0;0;4m        [38;2;0;0;0m██[38;2;120;184;248m████[38;2;64;64;64m██[38;2;160;152;160m██[38;2;64;64;64m████[38;2;248;248;248m██[38;2;128;104;72m██[38;2;248;248;248m██[38;2;120;184;248m████[38;2;0;0;0m██[38;2;0;0;4m          [38;2;0;0;0m██[38;2;120;184;248m██████[38;2;56;104;160m██[38;2;72;128;184m██████████[38;2;0;0;0m██[38;2;0;0;4m          
[38;2;0;0;4m      [38;2;0;0;0m██[38;2;0;152;200m████[38;2;0;0;0m██[38;2;0;0;4m          [38;2;0;0;0m██[38;2;64;64;64m██[38;2;160;152;160m██████[38;2;64;64;64m██[38;2;0;0;0m██[38;2;192;144;80m██[38;2;248;248;248m██[38;2;72;128;184m██[38;2;120;184;248m██[38;2;64;64;64m██[38;2;0;0;0m██[38;2;0;0;4m    [38;2;0;0;0m████[38;2;120;184;248m██████[38;2;56;104;160m██[38;2;72;128;184m████[38;2;64;64;64m████[38;2;72;128;184m██████[38;2;0;0;0m██[38;2;0;0;4m        
[38;2;0;0;4m    [38;2;0;0;0m██[38;2;0;152;200m████[38;2;0;0;0m██[38;2;0;0;4m              [38;2;0;0;0m██[38;2;160;152;160m██[38;2;80;88;104m████[38;2;64;64;64m██[38;2;120;184;248m██[38;2;72;128;184m████[38;2;120;184;248m████████[38;2;0;0;0m████[38;2;120;184;248m████████[38;2;72;128;184m████████████[38;2;64;64;64m██[38;2;0;0;0m████[38;2;0;0;4m          
[38;2;0;0;4m  [38;2;0;0;0m██[38;2;0;152;200m████[38;2;56;80;112m██[38;2;0;0;0m██[38;2;0;0;4m                [38;2;0;0;0m██[38;2;160;152;160m██[38;2;64;64;64m██[38;2;120;184;248m██████████████[38;2;64;64;64m████[38;2;120;184;248m██████[38;2;56;104;160m████[38;2;72;128;184m████[38;2;64;64;64m████[38;2;72;128;184m████[38;2;0;0;0m██[38;2;0;0;4m              
[38;2;0;0;4m  [38;2;0;0;0m██[38;2;56;96;144m██[38;2;0;152;200m██[38;2;0;0;0m██[38;2;0;0;4m                [38;2;0;0;0m██████[38;2;208;240;248m██[38;2;56;104;160m██[38;2;208;240;248m██[38;2;120;184;248m██████████████████[38;2;56;104;160m██[38;2;72;128;184m██████████[38;2;64;64;64m██[38;2;0;0;0m██████[38;2;0;0;4m              
[38;2;0;0;0m██[38;2;56;96;144m██████[38;2;56;80;112m██[38;2;0;0;0m██[38;2;0;0;4m          [38;2;0;0;0m████[38;2;56;96;144m████[38;2;0;0;0m██[38;2;208;240;248m████████[38;2;72;128;184m██[38;2;120;184;248m██████████[38;2;56;104;160m██[38;2;72;128;184m████████[38;2;0;0;0m████[38;2;72;128;184m████[38;2;0;0;0m██[38;2;0;152;200m██[38;2;56;96;144m██[38;2;0;0;0m████[38;2;0;0;4m          
[38;2;0;0;0m██[38;2;56;96;144m████████[38;2;56;80;112m██[38;2;0;0;0m██████████[38;2;56;96;144m██████[38;2;0;0;0m██[38;2;208;240;248m████████████[38;2;56;104;160m██[38;2;120;184;248m██████[38;2;72;128;184m██████████[38;2;0;0;0m██[38;2;0;0;4m    [38;2;0;0;0m████[38;2;0;152;200m██[38;2;56;96;144m██[38;2;0;152;200m████[38;2;56;96;144m██[38;2;0;0;0m██[38;2;0;0;4m        
[38;2;0;0;4m  [38;2;0;0;0m██[38;2;56;96;144m██████████████████████[38;2;0;0;0m████[38;2;208;240;248m██████████████[38;2;56;104;160m██[38;2;120;184;248m██[38;2;72;128;184m████████[38;2;0;0;0m████[38;2;0;0;4m          [38;2;0;0;0m██[38;2;0;152;200m██[38;2;56;96;144m██[38;2;0;152;200m████[38;2;56;96;144m██[38;2;0;0;0m██[38;2;0;0;4m      
[38;2;0;0;4m    [38;2;0;0;0m████[38;2;56;96;144m████████████[38;2;0;0;0m██████[38;2;0;0;4m  [38;2;0;0;0m██[38;2;208;240;248m██████████████[38;2;56;104;160m██[38;2;72;128;184m██████[38;2;64;64;64m██[38;2;0;0;0m██[38;2;0;0;4m                [38;2;0;0;0m██[38;2;56;96;144m██[38;2;0;152;200m████[38;2;56;96;144m██[38;2;0;152;200m██[38;2;0;0;0m██[38;2;0;0;4m    
[38;2;0;0;4m        [38;2;0;0;0m████████████[38;2;0;0;4m          [38;2;0;0;0m██[38;2;208;240;248m██████████[38;2;152;192;216m████[38;2;56;104;160m██[38;2;72;128;184m██████[38;2;0;0;0m██[38;2;0;0;4m              [38;2;0;0;0m██[38;2;56;96;144m██[38;2;0;152;200m████[38;2;56;96;144m██[38;2;0;152;200m████[38;2;0;0;0m██[38;2;0;0;4m    
[38;2;0;0;4m                              [38;2;0;0;0m██[38;2;208;240;248m██████[38;2;152;192;216m████████[38;2;56;104;160m██[38;2;72;128;184m████████[38;2;0;0;0m██████████████[38;2;0;152;200m████[38;2;56;96;144m████[38;2;0;152;200m████[38;2;0;0;0m██[38;2;0;0;4m      
[38;2;0;0;4m                                [38;2;0;0;0m██[38;2;152;192;216m██████████[38;2;56;104;160m██[38;2;72;128;184m████[38;2;120;184;248m██[38;2;64;64;64m██[38;2;72;128;184m██[38;2;64;64;64m██[38;2;56;96;144m████████████████[38;2;0;152;200m████[38;2;0;0;0m████[38;2;0;0;4m        
[38;2;0;0;4m                                  [38;2;0;0;0m██[38;2;152;192;216m████████[38;2;56;104;160m██[38;2;72;128;184m██[38;2;120;184;248m██████[38;2;64;64;64m██[38;2;0;0;0m██████[38;2;56;96;144m████████[38;2;0;0;0m████████[38;2;0;0;4m            
[38;2;0;0;4m                                    [38;2;0;0;0m██[38;2;64;64;64m██[38;2;152;192;216m██[38;2;0;0;0m████[38;2;120;184;248m████████[38;2;0;0;0m██[38;2;0;0;4m      [38;2;0;0;0m████████[38;2;0;0;4m                    
[38;2;0;0;4m                                      [38;2;0;0;0m██[38;2;64;64;64m██[38;2;0;0;0m██[38;2;0;0;4m  [38;2;0;0;0m██[38;2;120;184;248m████[38;2;0;0;0m██[38;2;0;0;4m                                    
[38;2;0;0;4m                                [38;2;0;0;0m██████[38;2;120;112;112m████[38;2;0;0;0m██[38;2;0;0;4m    [38;2;0;0;0m██[38;2;64;64;64m██[38;2;0;0;0m██[38;2;0;0;4m                                    
[38;2;0;0;4m                              [38;2;0;0;0m██[38;2;120;112;112m██[38;2;64;64;64m██[38;2;120;112;112m████[38;2;64;64;64m██[38;2;0;0;0m██[38;2;0;0;4m    [38;2;0;0;0m██[38;2;64;64;64m██[38;2;160;152;160m██[38;2;0;0;0m██[38;2;0;0;4m                                  
[38;2;0;0;4m                            [38;2;0;0;0m██[38;2;232;240;248m██[38;2;64;64;64m██[38;2;120;112;112m████[38;2;0;0;0m████[38;2;0;0;4m  [38;2;0;0;0m██████[38;2;160;152;160m████[38;2;0;0;0m██[38;2;0;0;4m                                  
[38;2;0;0;4m                              [38;2;0;0;0m████[38;2;232;240;248m██[38;2;0;0;0m██[38;2;0;0;4m    [38;2;0;0;0m██[38;2;160;152;160m██[38;2;120;112;112m██[38;2;160;152;160m████[38;2;0;0;0m██[38;2;0;0;4m                                    
[38;2;0;0;4m                                  [38;2;0;0;0m██[38;2;0;0;4m    [38;2;0;0;0m██[38;2;232;240;248m██[38;2;0;0;0m██[38;2;64;64;64m██[38;2;160;152;160m██[38;2;64;64;64m██[38;2;0;0;0m██[38;2;0;0;4m                                    
[38;2;0;0;4m                                        [38;2;0;0;0m████[38;2;0;0;4m  [38;2;0;0;0m██[38;2;232;240;248m██[38;2;0;0;0m██[38;2;0;0;4m                                      [0m
