
[38;2;0;0;0m                                                [38;2;0;4;0m██████████[38;2;0;0;0m                
[38;2;0;0;0m                      [38;2;0;4;0m██████████████[38;2;0;0;0m  [38;2;0;4;0m██[38;2;0;0;0m████[38;2;0;4;0m████[38;2;165;137;200m██[38;2;132;82;172m██[38;2;165;137;200m██[38;2;231;247;255m██[38;2;255;239;255m██[38;2;0;0;8m██[38;2;0;0;0m              
[38;2;0;0;0m                  [38;2;0;4;0m████[38;2;255;255;255m██████[38;2;231;247;255m████[38;2;255;255;255m████[38;2;0;4;0m██[38;2;132;82;180m██[38;2;154;154;170m██[38;2;231;231;255m██[38;2;231;247;255m████████[38;2;165;137;200m██[38;2;132;82;172m██[38;2;127;119;131m██[38;2;0;0;8m██[38;2;0;0;0m              
[38;2;0;0;0m                [38;2;0;4;0m██[38;2;255;255;255m██[38;2;132;82;180m████[38;2;165;137;205m██[38;2;231;247;255m██[38;2;239;255;255m████[38;2;255;255;255m██████[38;2;230;244;254m██[38;2;132;82;180m██████[38;2;159;131;191m██[38;2;231;247;255m████[38;2;255;255;255m████████[38;2;0;4;0m██[38;2;0;0;0m            
[38;2;0;0;0m            [38;2;0;4;0m████[38;2;255;255;255m████████[38;2;132;82;180m████[38;2;123;82;171m██[38;2;162;140;199m██[38;2;160;133;192m██[38;2;255;255;255m██[38;2;230;244;254m████[38;2;231;247;255m████[38;2;159;131;191m██[38;2;132;82;180m██████[38;2;160;133;192m██[38;2;255;255;255m████[38;2;230;244;254m██[38;2;189;214;221m██[38;2;0;4;0m██[38;2;0;0;0m          
[38;2;0;0;0m          [38;2;0;4;0m██[38;2;255;255;255m██████████[38;2;230;244;254m████[38;2;255;255;255m██[38;2;123;82;171m██[38;2;167;140;199m██[38;2;132;82;180m████[38;2;165;137;205m██[38;2;231;247;255m██████[38;2;239;247;255m████[38;2;255;255;255m████[38;2;132;82;180m██████[38;2;165;137;205m██[38;2;140;165;180m██[38;2;0;4;0m██[38;2;0;0;0m          
[38;2;0;0;0m        [38;2;0;4;0m██[38;2;140;165;180m██[38;2;255;255;255m████████[38;2;230;244;254m████[38;2;255;255;255m████████[38;2;231;247;255m████[38;2;132;82;180m████████[38;2;160;133;192m██[38;2;239;247;255m██[38;2;255;255;255m████[38;2;239;255;255m████[38;2;231;247;255m██[38;2;132;82;180m██[38;2;0;4;0m██[38;2;0;0;0m            
[38;2;0;0;0m        [38;2;0;4;0m██[38;2;189;214;221m██[38;2;143;165;175m████[38;2;239;255;255m████[38;2;247;255;255m████[38;2;255;255;255m██████[38;2;230;244;254m██[38;2;228;247;255m████████[38;2;132;82;180m██████[38;2;173;140;205m██[38;2;255;255;255m████[38;2;228;247;255m████████[38;2;214;231;246m██[38;2;0;8;8m██[38;2;0;0;0m          
[38;2;0;0;0m        [38;2;0;4;0m██[38;2;189;214;221m██[38;2;66;66;66m████[38;2;140;164;176m██████[38;2;247;255;255m██[38;2;255;255;255m████[38;2;230;244;254m████[38;2;228;247;255m████████[38;2;239;255;255m████[38;2;255;255;255m██[38;2;132;82;180m██[38;2;123;82;171m██[38;2;167;140;199m██[38;2;228;247;255m████████[38;2;143;157;167m██[38;2;214;231;246m██[38;2;0;4;0m██[38;2;0;0;0m        
[38;2;0;0;0m          [38;2;0;4;0m██[38;2;255;255;255m██[38;2;230;244;254m██[38;2;66;66;66m████[38;2;189;214;229m██[38;2;148;165;175m██[38;2;143;165;175m████[38;2;231;247;255m████████[38;2;230;244;254m████[38;2;255;255;255m████████[38;2;222;247;254m██[38;2;99;66;115m██[38;2;126;87;174m██[38;2;154;155;194m██[38;2;139;164;175m████[38;2;189;214;224m████[38;2;0;4;0m██[38;2;0;0;0m        
[38;2;0;0;0m        [38;2;0;4;0m██[38;2;132;82;180m██[38;2;230;244;254m████[38;2;255;255;255m████[38;2;66;66;66m████████[38;2;140;164;176m██████[38;2;231;247;255m██[38;2;230;244;254m██[38;2;255;255;255m████████[38;2;230;244;254m██[38;2;160;156;184m██[38;2;99;66;115m██[38;2;126;87;174m██[38;2;181;222;213m██[38;2;189;214;221m██[38;2;139;164;175m██[38;2;189;214;224m████[38;2;0;4;0m██[38;2;0;0;0m        
[38;2;0;0;0m      [38;2;0;4;0m██[38;2;239;247;255m████[38;2;230;244;254m██[38;2;255;255;255m██████[38;2;239;255;255m████[38;2;228;247;255m████[38;2;66;66;66m████[38;2;189;214;221m██[38;2;148;165;169m██[38;2;139;164;175m████[38;2;255;255;255m████[38;2;139;164;175m████[38;2;143;165;175m██[38;2;99;66;115m██[38;2;123;87;171m██[38;2;189;214;221m████[38;2;139;164;175m██[38;2;189;214;229m██[38;2;66;66;66m██[38;2;140;165;180m██[38;2;0;4;0m██[38;2;0;0;0m      
[38;2;0;0;0m    [38;2;0;4;0m██[38;2;156;132;188m██[38;2;160;133;192m██[38;2;239;247;255m██[38;2;255;255;255m██████[38;2;132;82;180m██[38;2;123;82;171m██[38;2;162;140;199m██[38;2;228;247;255m████[38;2;231;247;255m██[38;2;148;156;160m██[38;2;66;66;66m██[38;2;189;214;221m████[38;2;139;164;175m██[38;2;139;162;175m████[38;2;189;214;221m████[38;2;143;165;175m██[38;2;99;66;115m██[38;2;156;151;196m██[38;2;189;214;221m████[38;2;139;164;175m██[38;2;148;165;175m██[38;2;66;66;66m██[38;2;140;165;180m████[38;2;0;4;0m██[38;2;0;0;0m    
[38;2;0;0;0m  [38;2;0;4;0m██[38;2;255;255;255m██[38;2;230;244;254m██[38;2;159;134;194m████[38;2;159;142;191m██[38;2;247;255;247m██[38;2;239;255;255m████[38;2;145;137;180m██[38;2;140;82;180m██[38;2;142;158;166m████[38;2;82;82;82m██[38;2;197;197;197m██[38;2;66;66;66m██[38;2;189;214;221m██[38;2;189;214;224m████[38;2;139;164;175m██[38;2;189;214;221m██[38;2;189;214;224m████[38;2;143;165;175m██[38;2;99;66;115m██[38;2;139;164;175m██[38;2;189;214;221m██[38;2;143;165;175m████[38;2;66;66;66m██[38;2;143;165;175m██[38;2;96;99;96m██[38;2;142;165;174m██[38;2;0;4;0m██[38;2;0;0;0m    
[38;2;0;4;0m██[38;2;255;255;255m██[38;2;230;244;254m████[38;2;231;247;255m████[38;2;115;86;163m██[38;2;159;142;191m██[38;2;140;164;176m████[38;2;148;165;180m████[38;2;189;214;229m██[38;2;96;101;104m██[38;2;255;255;255m██[38;2;82;82;82m██[38;2;189;214;221m████[38;2;189;214;224m████[38;2;139;164;175m██[38;2;189;214;221m██[38;2;189;214;224m████[38;2;143;165;175m████[38;2;139;164;175m████[38;2;143;165;175m██[38;2;66;66;66m██[38;2;143;165;175m████[38;2;96;99;96m██[38;2;142;165;174m██[38;2;99;66;115m██[38;2;0;4;0m██[38;2;0;0;0m  
[38;2;0;4;0m██[38;2;140;165;180m██[38;2;135;152;161m████[38;2;139;164;175m████[38;2;132;82;180m██[38;2;189;214;221m██[38;2;222;206;158m██[38;2;74;53;106m██[38;2;247;214;71m████[38;2;134;122;145m██[38;2;96;87;101m██[38;2;255;255;255m██[38;2;170;175;173m██[38;2;66;66;66m██[38;2;189;214;221m██████[38;2;139;164;175m██[38;2;189;214;221m██[38;2;189;214;229m██[38;2;148;165;175m██[38;2;66;66;66m████[38;2;140;165;180m████[38;2;0;4;0m██[38;2;66;65;66m██[38;2;148;148;188m██[38;2;104;57;117m██[38;2;104;79;117m████[38;2;140;165;180m██[38;2;0;4;0m██[38;2;0;0;0m  
[38;2;0;0;0m  [38;2;0;4;0m██[38;2;8;12;8m██[38;2;198;222;238m██[38;2;189;214;221m██████[38;2;132;82;180m██[38;2;123;104;123m██[38;2;222;206;158m██[38;2;247;214;71m██[38;2;132;82;180m██[38;2;96;87;101m██[38;2;173;156;189m██[38;2;255;255;255m████[38;2;66;66;66m████[38;2;189;214;221m██[38;2;139;164;175m██[38;2;189;214;221m██[38;2;139;164;175m██[38;2;66;66;66m████[38;2;189;214;229m██[38;2;148;165;175m██[38;2;52;60;60m██[38;2;8;8;0m██[38;2;0;0;0m  [38;2;0;4;0m██[38;2;104;57;117m██[38;2;126;103;153m██[38;2;132;74;172m██[38;2;90;82;90m██[38;2;140;165;180m████[38;2;0;4;0m██
[38;2;0;0;0m      [38;2;0;4;0m██[38;2;91;99;96m████[38;2;96;99;96m████[38;2;189;198;237m██[38;2;129;123;150m████[38;2;189;198;237m██[38;2;90;90;82m██[38;2;255;255;255m██████[38;2;156;173;172m██[38;2;66;66;66m██[38;2;140;165;177m████[38;2;148;165;175m██[38;2;66;66;66m██[38;2;139;164;175m██[38;2;189;214;221m████[38;2;139;164;175m██[38;2;0;4;0m██[38;2;0;0;0m      [38;2;16;4;8m██[38;2;90;85;90m██[38;2;140;164;176m████[38;2;99;82;102m██[38;2;231;247;255m██[38;2;0;4;0m██
[38;2;0;0;0m      [38;2;0;4;0m██[38;2;66;66;58m██[38;2;140;165;172m██[38;2;142;165;174m████[38;2;99;86;107m████████[38;2;90;90;82m██[38;2;200;200;197m██[38;2;214;218;214m██[38;2;173;181;173m██[38;2;66;66;66m██[38;2;156;173;172m██[38;2;140;165;177m████[38;2;66;66;66m██[38;2;189;214;229m██[38;2;139;164;175m██[38;2;189;214;221m████[38;2;139;164;175m██[38;2;189;214;221m██[38;2;0;4;0m██[38;2;0;0;0m  [38;2;0;4;0m██[38;2;239;247;255m██[38;2;90;85;90m██[38;2;231;247;255m████[38;2;99;82;102m██[38;2;231;247;255m██[38;2;0;4;0m██
[38;2;0;0;0m      [38;2;0;4;0m██[38;2;140;156;180m██[38;2;74;49;74m██[38;2;66;66;66m██[38;2;143;165;175m██[38;2;140;165;180m████[38;2;0;4;0m██[38;2;140;165;180m██[38;2;0;4;0m██[38;2;94;96;94m██[38;2;231;231;223m██[38;2;157;158;151m██[38;2;0;4;0m██[38;2;140;165;180m████[38;2;0;4;0m██[38;2;77;69;82m██[38;2;198;206;230m██[38;2;99;64;115m████[38;2;99;66;115m████[38;2;189;214;221m██[38;2;0;4;0m██[38;2;0;0;0m  [38;2;0;4;0m██[38;2;66;52;71m██[38;2;99;74;107m██[38;2;231;247;255m████[38;2;99;74;107m██[38;2;66;52;71m██[38;2;0;4;0m██
[38;2;0;0;0m    [38;2;0;4;0m██[38;2;140;165;180m██[38;2;96;85;109m██[38;2;140;156;180m██[38;2;143;165;175m██[38;2;66;66;66m██[38;2;140;165;180m██[38;2;0;4;0m██[38;2;0;0;0m  [38;2;0;4;0m██[38;2;0;0;0m  [38;2;0;4;0m██[38;2;231;231;223m██[38;2;8;12;8m██[38;2;0;0;0m  [38;2;0;4;0m████[38;2;0;0;0m  [38;2;16;0;8m██[38;2;77;69;82m██[38;2;132;84;180m████[38;2;154;165;186m██[38;2;181;214;221m██[38;2;189;214;221m██[38;2;0;4;0m██[38;2;0;0;0m    [38;2;0;8;0m████[38;2;0;4;0m████[38;2;0;8;0m████[38;2;0;0;0m  
[38;2;0;0;0m    [38;2;0;4;0m██[38;2;66;65;66m██[38;2;78;78;98m██[38;2;148;156;188m████[38;2;78;78;98m██[38;2;66;65;66m██[38;2;0;4;0m██[38;2;0;0;0m        [38;2;0;4;0m██[38;2;0;0;0m            [38;2;0;4;0m██[38;2;143;134;167m██[38;2;187;195;211m██[38;2;187;193;208m██[38;2;99;70;115m██[38;2;231;255;255m██[38;2;187;193;208m██[38;2;0;4;0m██[38;2;0;0;0m                
[38;2;0;0;0m      [38;2;0;4;0m██[38;2;8;0;8m████████[38;2;0;4;0m██[38;2;0;0;0m                      [38;2;0;4;0m██[38;2;231;247;255m██[38;2;99;74;123m██[38;2;231;255;255m████[38;2;99;70;115m████[38;2;231;255;255m██[38;2;0;4;0m██[38;2;0;0;0m                
[38;2;0;0;0m                                        [38;2;0;4;0m██[38;2;132;82;180m██[38;2;85;80;90m██[38;2;239;239;255m██[38;2;239;231;255m██[38;2;119;115;131m██[38;2;99;66;115m██[38;2;0;4;0m██[38;2;0;0;0m                  
[38;2;0;0;0m                                          [38;2;0;4;0m██[38;2;8;0;8m████[38;2;0;0;8m████[38;2;0;4;0m██[38;2;0;0;0m                    [0m
