
[38;2;0;0;0m        [38;2;49;49;49m████[38;2;0;0;0m                  
[38;2;0;0;0m      [38;2;49;49;49m██[38;2;98;156;222m██[38;2;82;123;197m██[38;2;49;49;49m██[38;2;0;0;0m    [38;2;49;49;49m██████[38;2;0;0;0m      
[38;2;0;0;0m    [38;2;49;49;49m██[38;2;82;123;197m██[38;2;189;90;115m██[38;2;98;156;222m██[38;2;49;49;49m██[38;2;0;0;0m  [38;2;49;49;49m██[38;2;82;123;197m██[38;2;131;189;246m██[38;2;82;82;82m██[38;2;49;49;49m██[38;2;0;0;0m    
[38;2;0;0;0m    [38;2;49;49;49m██[38;2;82;123;197m██[38;2;189;90;115m██[38;2;82;123;197m██[38;2;82;82;82m██[38;2;49;49;49m████[38;2;246;106;139m██[38;2;131;189;246m██[38;2;82;123;197m██[38;2;49;49;49m██[38;2;0;0;0m    
[38;2;0;0;0m      [38;2;49;49;49m██[38;2;82;123;197m██[38;2;131;189;246m████[38;2;98;156;222m██[38;2;82;82;82m██[38;2;246;106;139m██[38;2;131;189;246m██[38;2;82;123;197m██[38;2;49;49;49m██[38;2;0;0;0m    
[38;2;0;0;0m    [38;2;49;49;49m██[38;2;255;255;255m██[38;2;131;189;246m██████████[38;2;82;123;197m████[38;2;49;49;49m██[38;2;0;0;0m      
[38;2;0;0;0m    [38;2;49;49;49m██[38;2;82;82;82m██[38;2;131;189;246m████[38;2;255;255;255m██[38;2;82;123;197m██[38;2;131;189;246m████[38;2;49;49;49m██[38;2;0;0;0m        
[38;2;0;0;0m  [38;2;49;49;49m██[38;2;131;189;246m██[38;2;189;90;115m██[38;2;246;106;139m██[38;2;131;189;246m██[38;2;49;49;49m██[38;2;98;156;222m██[38;2;131;189;246m████[38;2;49;49;49m██[38;2;0;0;0m        
[38;2;0;0;0m  [38;2;49;49;49m██[38;2;131;189;246m████████████[38;2;255;255;255m██[38;2;131;189;246m████[38;2;49;49;49m██[38;2;0;0;0m      
[38;2;49;49;49m██[38;2;131;189;246m██[38;2;82;123;197m██[38;2;131;189;246m████████████████[38;2;49;49;49m██[38;2;0;0;0m  [38;2;49;49;49m████
[38;2;49;49;49m██[38;2;98;156;222m██[38;2;82;123;197m██[38;2;131;189;246m██████[38;2;82;82;82m██[38;2;131;189;246m████████[38;2;49;49;49m████████
[38;2;0;0;0m  [38;2;49;49;49m████[38;2;82;82;82m██[38;2;131;189;246m██[38;2;82;82;82m██[38;2;131;189;246m██[38;2;82;82;82m██[38;2;131;189;246m████[38;2;49;49;49m██[38;2;0;0;0m    [38;2;49;49;49m██[38;2;0;0;0m  
[38;2;0;0;0m      [38;2;49;49;49m██[38;2;82;82;82m████[38;2;131;189;246m██[38;2;82;82;82m████[38;2;49;49;49m██[38;2;0;0;0m    [38;2;49;49;49m██[38;2;0;0;0m    
[38;2;0;0;0m    [38;2;49;49;49m██[38;2;82;82;82m██[38;2;98;156;222m████[38;2;82;82;82m██[38;2;98;156;222m████[38;2;82;82;82m██[38;2;49;49;49m██[38;2;0;0;0m    [38;2;49;49;49m████
[38;2;0;0;0m    [38;2;49;49;49m██[38;2;98;156;222m██[38;2;131;189;246m██████[38;2;98;156;222m██████[38;2;49;49;49m██[38;2;0;0;0m  [38;2;49;49;49m████[38;2;0;0;0m  
[38;2;0;0;0m    [38;2;49;49;49m██[38;2;131;189;246m██████████[38;2;98;156;222m████[38;2;49;49;49m████[38;2;0;0;0m      
[38;2;0;0;0m    [38;2;49;49;49m██[38;2;82;82;82m██[38;2;131;189;246m██████[38;2;98;156;222m████[38;2;82;82;82m██[38;2;49;49;49m██[38;2;0;0;0m        
[38;2;0;0;0m      [38;2;49;49;49m████[38;2;98;156;222m██████[38;2;49;49;49m████[38;2;0;0;0m          
[38;2;0;0;0m          [38;2;49;49;49m██████[38;2;0;0;0m              [0m
