
[38;2;0;0;0m                ██              
[38;2;0;0;0m              ██[38;2;214;198;126m██[38;2;0;0;0m██            
[38;2;0;0;0m            ██[38;2;137;126;84m██[38;2;214;198;126m██[38;2;131;115;75m██[38;2;0;0;0m██          
[38;2;0;0;0m          ████[38;2;206;189;126m██[38;2;214;198;126m████[38;2;0;0;0m████        
[38;2;0;0;0m      ████[38;2;214;198;126m██[38;2;132;115;76m██[38;2;173;156;98m██[38;2;214;198;121m██[38;2;173;156;98m██[38;2;131;115;75m██[38;2;214;198;126m██[38;2;0;0;0m██      
[38;2;0;0;0m    ██[38;2;189;90;77m██[38;2;214;198;126m████[38;2;214;198;121m██[38;2;132;115;76m██████[38;2;214;198;126m██████[38;2;0;0;0m██    
[38;2;0;0;0m    ██[38;2;214;132;102m██[38;2;189;90;77m██[38;2;214;198;126m██████████[38;2;214;200;126m████[38;2;214;198;126m██[38;2;0;0;0m██    
[38;2;0;0;0m  ██[38;2;214;132;102m████[38;2;189;90;77m██[38;2;214;198;126m██[38;2;189;90;77m████████[38;2;214;200;126m████[38;2;214;198;126m████[38;2;0;0;0m██  
[38;2;0;0;0m  ██[38;2;66;74;66m██[38;2;231;132;103m██[38;2;189;90;77m████[38;2;231;115;111m████[38;2;231;111;111m████[38;2;198;90;86m██[38;2;222;198;126m██[38;2;214;198;126m████[38;2;0;0;0m██  
[38;2;0;0;0m  ██[38;2;176;113;91m████[38;2;231;115;111m████[38;2;132;115;76m████[38;2;132;108;70m██[38;2;181;110;91m██[38;2;206;126;99m██[38;2;198;90;86m██[38;2;214;198;126m██[38;2;173;156;93m██[38;2;0;0;0m██  
[38;2;0;0;0m██[38;2;132;115;76m██[38;2;86;63;50m██[38;2;173;127;93m██[38;2;231;140;111m██[38;2;66;74;66m██[38;2;214;198;126m████████[38;2;181;90;77m████[38;2;121;110;67m██[38;2;0;0;0m██    
[38;2;0;0;0m██[38;2;132;115;76m██[38;2;0;0;8m██[38;2;173;127;93m██[38;2;66;74;66m██[38;2;176;118;96m██[38;2;66;66;66m████████[38;2;164;129;82m██[38;2;156;148;84m██[38;2;181;165;101m██[38;2;0;0;0m██    
[38;2;0;0;0m████  ██[38;2;66;66;66m████[38;2;173;156;93m████[38;2;176;159;91m██[38;2;121;113;78m██[38;2;165;154;101m██[38;2;66;66;66m██[38;2;0;0;0m██      
[38;2;0;0;0m      ██[38;2;181;126;85m████[38;2;66;66;66m██████████[38;2;214;198;118m██[38;2;0;0;0m██      
[38;2;0;0;0m      ██[38;2;162;132;85m██[38;2;239;198;127m██[38;2;222;107;102m████[38;2;214;198;126m██████████[38;2;0;0;0m██    
[38;2;0;0;0m        [38;2;8;0;0m██[38;2;162;132;85m██[38;2;165;148;85m██[38;2;203;121;96m██[38;2;231;115;111m████[38;2;66;66;66m██[38;2;214;198;126m██████[38;2;0;0;0m██  
[38;2;0;0;0m        ██[38;2;66;66;66m██[38;2;181;127;85m████[38;2;165;148;101m██[38;2;82;74;54m██[38;2;0;0;0m████[38;2;214;198;126m████[38;2;0;0;0m██  
[38;2;0;0;0m          ██[38;2;66;70;66m██[38;2;143;108;79m██[38;2;82;74;54m██[38;2;0;0;8m██[38;2;0;0;0m    ██[38;2;214;198;126m████[38;2;0;0;0m██
[38;2;0;0;0m          ██[38;2;181;156;93m████[38;2;173;156;93m██[38;2;0;0;0m██    ██[38;2;214;198;126m████[38;2;0;0;0m██
[38;2;0;0;0m            [38;2;8;4;0m██[38;2;123;105;62m██[38;2;0;0;0m██        ████  
[38;2;0;0;0m              ██                [0m
