
[38;2;0;0;0m                      ████████                  
[38;2;0;0;0m                  ████[38;2;239;206;183m████████[38;2;0;0;0m████              
[38;2;0;0;0m                ██[38;2;239;206;183m██[38;2;239;206;186m████████[38;2;247;206;183m██[38;2;115;90;67m██[38;2;165;123;93m██[38;2;0;0;0m██            
[38;2;0;0;0m              ██[38;2;239;206;183m████[38;2;239;206;186m████████[38;2;115;90;67m██[38;2;159;129;106m██[38;2;165;123;93m██[38;2;0;0;0m██            
[38;2;0;0;0m              ██[38;2;222;189;158m██[38;2;239;211;185m██████[38;2;222;189;158m████[38;2;112;93;75m██[38;2;167;121;92m██[38;2;165;123;93m██[38;2;0;0;0m██            
[38;2;0;0;0m            ██[38;2;222;189;158m████████████[38;2;96;98;96m██[38;2;167;121;92m████[38;2;165;123;93m████[38;2;0;0;0m██          
[38;2;0;0;0m            ██[38;2;94;99;94m██[38;2;225;187;158m████[38;2;222;189;158m████[38;2;96;98;96m████[38;2;168;123;93m████████[38;2;0;0;0m██          
[38;2;0;0;0m            ██[38;2;94;99;94m██[38;2;225;187;158m████[38;2;222;189;158m██[38;2;96;98;96m████[38;2;222;189;158m██[38;2;168;123;93m████████[38;2;0;0;0m██          
[38;2;0;0;0m            ██[38;2;107;94;83m██[38;2;96;98;96m██[38;2;222;189;158m██[38;2;96;98;96m████[38;2;222;189;158m████[38;2;112;93;75m██[38;2;167;121;92m██[38;2;167;123;93m████[38;2;0;0;0m██          
[38;2;0;0;0m            ██[38;2;214;189;166m██[38;2;96;98;96m██████[38;2;222;189;158m████[38;2;96;98;96m██[38;2;112;93;75m██[38;2;167;121;92m██[38;2;222;189;158m██[38;2;167;123;93m██[38;2;222;189;158m██[38;2;0;0;0m██        
[38;2;0;0;0m            ██[38;2;214;189;166m██[38;2;222;189;158m██[38;2;96;98;96m██[38;2;222;189;158m████[38;2;96;98;96m████[38;2;222;189;158m██[38;2;112;93;75m██[38;2;159;123;98m██[38;2;231;189;159m██[38;2;154;121;101m██[38;2;0;0;0m██        
[38;2;0;0;0m            ██[38;2;107;94;83m██[38;2;222;189;158m██[38;2;96;98;96m██[38;2;222;189;158m██[38;2;96;98;96m████[38;2;222;189;158m██████[38;2;123;90;67m██[38;2;159;123;98m██[38;2;231;181;151m██[38;2;0;0;0m██        
[38;2;0;0;0m            [38;2;0;4;8m██[38;2;107;96;87m██[38;2;222;189;158m██[38;2;96;98;96m██[38;2;222;189;158m██[38;2;96;98;96m██[38;2;222;189;158m████[38;2;225;187;158m████[38;2;222;189;158m██[38;2;112;93;75m████[38;2;222;189;158m██[38;2;0;0;0m██      
[38;2;0;0;0m          ██[38;2;214;189;166m██[38;2;107;96;87m██[38;2;222;189;158m██[38;2;96;98;96m██[38;2;222;189;158m██[38;2;96;98;96m██[38;2;222;189;158m██[38;2;96;98;96m██[38;2;225;187;158m████[38;2;222;189;158m██████████[38;2;0;0;0m████  
[38;2;0;0;0m        ██[38;2;222;189;158m██[38;2;93;99;96m██[38;2;231;198;175m██[38;2;239;206;183m██[38;2;96;96;93m██[38;2;239;206;183m██[38;2;96;96;93m██[38;2;200;177;155m██[38;2;107;103;99m██[38;2;222;189;158m████[38;2;225;187;158m████████[38;2;222;189;158m██████[38;2;0;0;0m██
[38;2;0;0;0m    ██[38;2;111;90;75m██[38;2;222;189;158m████[38;2;93;99;96m██[38;2;231;198;175m██[38;2;96;96;93m██[38;2;239;206;183m████[38;2;96;96;93m██[38;2;247;214;183m████[38;2;96;98;96m██[38;2;222;189;158m██[38;2;225;187;158m████████[38;2;222;189;158m██[38;2;112;93;75m██[38;2;111;94;79m██[38;2;0;0;0m██
[38;2;0;0;0m    ██[38;2;165;123;93m██[38;2;112;93;75m████[38;2;239;206;183m████████████████████[38;2;231;181;159m██[38;2;99;111;75m██[38;2;112;93;75m████[38;2;110;86;62m██[38;2;165;127;93m██[38;2;0;0;0m██  
[38;2;0;0;0m      ██[38;2;167;121;92m████[38;2;90;115;74m████████[38;2;112;93;72m████[38;2;90;115;74m████[38;2;74;140;74m████[38;2;99;111;75m██[38;2;143;134;103m██[38;2;167;121;92m████[38;2;165;127;93m██[38;2;0;4;0m██[38;2;0;0;0m    
[38;2;0;0;0m        ██[38;2;165;123;93m██[38;2;74;125;70m██[38;2;148;239;132m██[38;2;0;4;0m██[38;2;86;125;70m██[38;2;167;123;93m████[38;2;74;135;74m██[38;2;148;222;132m██[38;2;0;0;0m██[38;2;165;239;133m██[38;2;170;207;125m██[38;2;82;127;74m██[38;2;165;123;93m██[38;2;0;0;0m████      
[38;2;0;0;0m          ██[38;2;0;12;8m██[38;2;74;125;70m██[38;2;173;247;141m████[38;2;74;140;74m████[38;2;148;222;132m████[38;2;165;239;133m████[38;2;82;127;74m██[38;2;126;167;99m██[38;2;0;0;0m██          
[38;2;0;0;0m              ████[38;2;74;140;74m██[38;2;165;123;93m████[38;2;74;136;74m██████[38;2;66;66;66m██[38;2;69;55;53m██[38;2;0;4;8m██[38;2;0;0;0m            
[38;2;0;0;0m                  ██[38;2;66;66;66m████████████[38;2;206;156;142m████[38;2;0;0;0m██          
[38;2;0;0;0m      ██████      ██[38;2;187;165;139m██[38;2;66;66;66m██[38;2;165;123;93m████[38;2;66;66;66m██[38;2;239;214;183m██[38;2;239;206;167m██[38;2;66;61;58m██[38;2;78;63;54m██[38;2;0;4;8m██[38;2;0;0;0m████    
[38;2;0;0;0m  ████[38;2;222;189;158m██████[38;2;0;0;0m██████[38;2;165;123;93m██[38;2;66;66;66m██[38;2;247;214;175m██[38;2;66;66;66m████[38;2;239;214;183m██[38;2;66;66;66m██[38;2;66;61;58m██[38;2;152;133;112m██[38;2;78;63;54m██[38;2;156;123;100m██[38;2;111;94;79m██[38;2;222;189;158m██[38;2;0;0;0m██  
[38;2;0;4;8m██[38;2;222;99;70m██[38;2;113;93;73m██[38;2;165;123;93m██[38;2;107;111;67m██[38;2;214;206;158m██[38;2;225;187;158m████[38;2;90;71;58m██[38;2;165;130;109m██[38;2;0;0;0m██[38;2;77;71;61m██[38;2;165;123;93m████[38;2;90;70;58m██[38;2;145;118;97m██[38;2;66;66;66m████[38;2;165;123;93m██[38;2;113;93;73m██[38;2;239;82;55m██[38;2;112;93;72m██[38;2;222;189;158m██[38;2;0;0;0m██
[38;2;0;4;8m██[38;2;148;67;49m██[38;2;113;93;73m████[38;2;143;143;97m██[38;2;107;111;67m██[38;2;225;187;158m████[38;2;239;189;159m██[38;2;16;12;8m██[38;2;0;0;0m██[38;2;231;214;183m██[38;2;206;160;138m████[38;2;255;214;175m██[38;2;200;166;136m██[38;2;66;66;66m██[38;2;115;189;91m██[38;2;113;93;73m████[38;2;112;93;72m████[38;2;222;189;158m██[38;2;0;0;0m██
[38;2;0;0;0m██[38;2;111;90;75m██[38;2;247;222;111m██[38;2;115;93;75m██[38;2;112;93;75m██[38;2;167;121;92m██[38;2;165;123;93m████[38;2;0;0;0m██  [38;2;16;4;8m██[38;2;175;149;130m██[38;2;222;189;158m████[38;2;206;159;139m██[38;2;222;187;161m██[38;2;66;61;58m██[38;2;118;101;89m██[38;2;115;90;75m██[38;2;247;214;111m██[38;2;112;93;75m██[38;2;167;121;92m██[38;2;165;123;93m██[38;2;0;0;0m██
[38;2;0;0;0m  ██[38;2;115;93;75m████[38;2;167;121;92m████[38;2;0;0;0m████  ██[38;2;255;222;191m██[38;2;175;149;130m██[38;2;222;189;158m██[38;2;205;160;137m██[38;2;239;214;183m██[38;2;206;159;139m██[38;2;222;181;150m██[38;2;66;61;58m██[38;2;159;131;87m██[38;2;115;90;75m██[38;2;167;121;92m████[38;2;0;0;0m██  
[38;2;0;0;0m    ████████      ██[38;2;118;96;81m██[38;2;222;173;142m██[38;2;222;189;158m████[38;2;222;173;142m████[38;2;225;187;158m████[38;2;74;66;61m████[38;2;0;0;0m████    
[38;2;0;0;0m                ██[38;2;165;123;93m██[38;2;170;134;111m██[38;2;66;57;50m██[38;2;66;66;66m████[38;2;74;66;58m██[38;2;148;119;100m██[38;2;225;187;158m████[38;2;222;189;166m██[38;2;0;4;8m██[38;2;0;0;0m        
[38;2;0;0;0m                ██[38;2;165;123;93m██[38;2;78;63;54m██[38;2;156;123;100m██[38;2;165;123;93m██[38;2;66;66;66m██[38;2;165;123;93m██[38;2;66;66;66m██[38;2;82;60;53m██[38;2;165;121;98m██[38;2;165;123;93m████[38;2;0;0;0m██      
[38;2;0;0;0m                  ██[38;2;0;4;8m██[38;2;78;63;54m██[38;2;165;123;93m██[38;2;66;66;66m██[38;2;165;123;93m████[38;2;165;121;98m██[38;2;0;0;8m██[38;2;0;0;0m████        
[38;2;0;0;0m                      ████[38;2;222;189;158m██████[38;2;0;0;0m██              
[38;2;0;0;0m                          ██████                [0m
