
[38;2;0;0;0m                            [38;2;49;49;49m████[38;2;0;0;0m        
[38;2;0;0;0m        [38;2;49;49;49m████[38;2;0;0;0m              [38;2;49;49;49m██[38;2;139;98;57m██[38;2;180;131;82m██[38;2;49;49;49m████[38;2;0;0;0m    
[38;2;0;0;0m      [38;2;49;49;49m██[38;2;139;98;57m████[38;2;49;49;49m████[38;2;0;0;0m    [38;2;49;49;49m████████[38;2;180;131;82m██[38;2;82;82;82m██[38;2;139;98;57m██[38;2;180;131;82m██[38;2;49;49;49m██[38;2;0;0;0m  
[38;2;0;0;0m      [38;2;49;49;49m██[38;2;82;82;82m██[38;2;180;131;82m██████[38;2;49;49;49m████[38;2;180;131;82m████████[38;2;82;82;82m████[38;2;180;131;82m██[38;2;82;82;82m██[38;2;49;49;49m██[38;2;0;0;0m  
[38;2;0;0;0m    [38;2;49;49;49m██[38;2;180;131;82m██████████████[38;2;82;82;82m████[38;2;180;131;82m████████[38;2;82;82;82m██[38;2;139;98;57m██[38;2;180;131;82m██[38;2;49;49;49m██
[38;2;0;0;0m  [38;2;49;49;49m████[38;2;197;164;90m██[38;2;246;230;139m████[38;2;180;131;82m██████[38;2;139;98;57m██[38;2;180;131;82m████[38;2;82;82;82m██[38;2;180;131;82m██████[38;2;82;82;82m██[38;2;180;131;82m████[38;2;49;49;49m██
[38;2;0;0;0m  [38;2;49;49;49m██[38;2;246;230;139m████████[38;2;197;164;90m██[38;2;246;230;139m██[38;2;180;131;82m████████[38;2;82;82;82m██[38;2;180;131;82m████████[38;2;139;98;57m██[38;2;49;49;49m██[38;2;0;0;0m  
[38;2;49;49;49m██[38;2;139;139;98m██████[38;2;246;230;139m██████[38;2;49;49;49m██[38;2;246;230;139m██[38;2;180;131;82m████[38;2;82;82;82m██[38;2;180;131;82m██████████[38;2;82;82;82m██[38;2;49;49;49m██[38;2;0;0;0m  
[38;2;49;49;49m██[38;2;106;90;74m██[38;2;246;98;82m██[38;2;106;90;74m████[38;2;139;139;98m██[38;2;246;230;139m██[38;2;82;82;82m██[38;2;246;230;139m██[38;2;180;131;82m██████████████[38;2;82;82;82m██[38;2;49;49;49m██[38;2;0;0;0m    
[38;2;49;49;49m██[38;2;106;90;74m████████████[38;2;246;230;139m██[38;2;180;131;82m██████[38;2;82;82;82m██[38;2;180;131;82m████████[38;2;82;82;82m██[38;2;49;49;49m██[38;2;0;0;0m    
[38;2;0;0;0m  [38;2;49;49;49m██[38;2;82;82;82m██[38;2;106;90;74m████████[38;2;180;131;82m██████████[38;2;82;82;82m██[38;2;180;131;82m████[38;2;82;82;82m██[38;2;139;98;57m██[38;2;49;49;49m██[38;2;0;0;0m    
[38;2;0;0;0m  [38;2;49;49;49m██[38;2;255;255;255m██[38;2;82;82;82m██[38;2;106;90;74m████[38;2;82;82;82m██[38;2;139;98;57m██[38;2;180;131;82m██[38;2;82;82;82m██[38;2;180;131;82m██[38;2;139;98;57m██[38;2;82;82;82m██[38;2;139;98;57m██[38;2;82;82;82m██[38;2;49;49;49m████[38;2;0;0;0m      
[38;2;0;0;0m  [38;2;49;49;49m██[38;2;205;205;205m██[38;2;255;255;255m██[38;2;82;82;82m████[38;2;139;98;57m████████[38;2;82;82;82m████[38;2;139;98;57m████[38;2;49;49;49m████[38;2;0;0;0m        
[38;2;0;0;0m    [38;2;49;49;49m██[38;2;205;205;205m██[38;2;49;49;49m██[38;2;139;98;57m████[38;2;49;49;49m██[38;2;139;98;57m████[38;2;49;49;49m██[38;2;139;98;57m████[38;2;49;49;49m██[38;2;0;0;0m            
[38;2;0;0;0m      [38;2;49;49;49m██[38;2;0;0;0m  [38;2;49;49;49m████[38;2;0;0;0m  [38;2;49;49;49m████████████[38;2;0;0;0m            
[38;2;0;0;0m                      [38;2;49;49;49m████[38;2;0;0;0m              [0m
