
[38;2;0;0;0m          ████            
[38;2;0;0;0m  ████  ██[38;2;74;140;154m██[38;2;74;107;138m██[38;2;0;0;0m██          
[38;2;0;0;0m██[38;2;74;127;146m████[38;2;0;0;0m████[38;2;74;107;138m████[38;2;0;0;0m████  ████  
[38;2;0;0;0m██[38;2;77;117;122m██[38;2;46;60;65m██[38;2;98;173;162m████[38;2;66;66;66m████[38;2;74;140;154m████[38;2;8;0;0m██[38;2;79;126;146m██[38;2;74;107;138m██[38;2;0;0;0m██
[38;2;0;0;0m  [38;2;16;4;8m██[38;2;107;173;179m██[38;2;74;107;138m████████[38;2;98;173;162m████[38;2;44;63;73m██[38;2;79;126;146m██[38;2;74;107;138m██[38;2;0;0;0m██
[38;2;0;0;0m  [38;2;0;16;72m██[38;2;115;135;91m██[38;2;74;140;154m████[38;2;79;140;151m████[38;2;74;107;138m██[38;2;96;173;165m██[38;2;99;176;163m██[38;2;66;66;66m██[38;2;0;0;0m██  
[38;2;0;0;0m██[38;2;231;255;111m██[38;2;115;135;91m██[38;2;74;107;138m██[38;2;74;140;154m██[38;2;90;173;162m██[38;2;68;107;140m██[38;2;85;140;152m██[38;2;74;107;138m██[38;2;99;176;163m████[38;2;74;140;154m██[38;2;0;0;0m██
[38;2;0;0;0m██[38;2;0;4;56m██[38;2;82;85;61m██[38;2;66;66;66m████[38;2;82;93;64m██[38;2;247;255;79m██[38;2;189;188;77m██[38;2;74;103;138m██[38;2;99;176;163m████[38;2;74;140;154m██[38;2;0;0;0m██
[38;2;0;0;0m██[38;2;247;247;71m██[38;2;82;85;61m██[38;2;90;173;170m██[38;2;82;137;135m██[38;2;82;93;64m██[38;2;0;12;56m██[38;2;247;231;47m██[38;2;74;103;138m██[38;2;99;176;163m████[38;2;74;140;154m██[38;2;0;0;0m██
[38;2;0;0;0m  [38;2;16;4;0m██[38;2;52;58;68m██[38;2;74;140;154m████[38;2;66;94;122m██[38;2;239;255;63m██[38;2;189;181;85m██[38;2;74;119;154m██[38;2;90;173;170m██[38;2;66;66;66m██[38;2;0;0;0m██  
[38;2;0;0;0m██[38;2;87;111;135m██[38;2;52;58;68m██[38;2;66;66;66m████[38;2;124;148;102m██[38;2;66;94;122m██[38;2;74;119;154m██[38;2;112;140;131m██[38;2;66;66;66m██[38;2;82;137;135m██[38;2;74;107;138m██[38;2;0;0;0m██
[38;2;0;0;0m██[38;2;85;111;135m██[38;2;46;58;68m██[38;2;74;140;154m████[38;2;74;107;138m████[38;2;98;173;162m████[38;2;44;63;73m██[38;2;79;126;146m██[38;2;74;107;138m██[38;2;0;0;0m██
[38;2;0;0;0m  [38;2;8;4;0m████[38;2;66;66;66m████[38;2;74;140;154m████████[38;2;79;126;146m██[38;2;8;0;0m██[38;2;0;0;0m██  
[38;2;0;0;0m      ████[38;2;66;66;66m██████[38;2;0;0;0m████      
[38;2;0;0;0m        ██[38;2;74;107;138m████[38;2;0;0;0m██          
[38;2;0;0;0m          ████            [0m
