
[38;2;0;0;0m                            ██████                                      
[38;2;0;0;0m                          [38;2;8;0;0m██[38;2;140;189;180m██████[38;2;0;0;0m██      ██████                        
[38;2;0;0;0m                        ██[38;2;52;63;60m██[38;2;140;189;180m██[38;2;74;123;122m██[38;2;140;189;180m██[38;2;74;123;122m██[38;2;0;0;0m██████[38;2;140;189;180m██████[38;2;0;0;0m██                      
[38;2;0;0;0m                      ██[38;2;140;189;180m████████████████[38;2;74;123;122m██[38;2;140;189;180m██[38;2;74;123;122m██[38;2;140;189;180m██[38;2;74;123;122m██[38;2;0;0;0m██                    
[38;2;0;0;0m                      ██[38;2;140;189;180m██[38;2;74;123;122m██[38;2;140;189;180m████████████████████████[38;2;0;0;0m██                  
[38;2;0;0;0m                      ██[38;2;140;189;180m████████[38;2;74;123;122m██[38;2;82;115;114m██[38;2;55;77;76m██[38;2;74;123;122m████[38;2;140;189;180m██████[38;2;74;123;122m██[38;2;140;189;180m██[38;2;0;0;0m██                  
[38;2;0;0;0m                        ██[38;2;140;189;180m████[38;2;74;123;122m████[38;2;0;0;0m██████[38;2;74;123;122m████[38;2;140;189;180m████████[38;2;0;0;0m██                  
[38;2;0;0;0m                        ██[38;2;140;189;180m████[38;2;74;119;114m██[38;2;8;0;0m██[38;2;0;0;0m      ██[38;2;74;121;122m██[38;2;140;189;180m██████[38;2;0;0;0m██                    
[38;2;0;0;0m                    ████[38;2;140;189;180m██████[38;2;74;119;114m██[38;2;52;79;76m██[38;2;0;0;0m██████[38;2;66;66;66m██[38;2;74;121;122m██[38;2;140;189;180m██████[38;2;0;0;0m██                    
[38;2;0;0;0m              ████[38;2;0;4;0m██[38;2;66;111;114m██[38;2;140;189;180m████████[38;2;80;115;117m██[38;2;66;70;66m██[38;2;231;239;239m████[38;2;214;239;238m██[38;2;57;66;65m██[38;2;74;121;122m██[38;2;140;189;180m████████[38;2;0;0;0m██                  
[38;2;0;0;0m  ████████████[38;2;132;189;180m██[38;2;88;126;120m██[38;2;99;165;171m████[38;2;74;123;122m██[38;2;140;189;180m██[38;2;66;66;66m████[38;2;66;70;66m██[38;2;93;161;168m██[38;2;93;159;165m████[38;2;135;152;151m██[38;2;57;66;65m██[38;2;74;121;122m██[38;2;140;189;180m██████████[38;2;0;0;0m██                
[38;2;0;0;0m██[38;2;74;123;122m██[38;2;96;156;165m██[38;2;96;158;165m████[38;2;74;121;122m██[38;2;140;189;180m██████[38;2;74;123;122m██[38;2;96;156;165m██[38;2;93;107;109m██[38;2;57;70;73m██[38;2;93;159;165m████[38;2;140;189;180m████████████[38;2;57;66;65m████[38;2;140;189;180m████[38;2;135;195;183m██[38;2;74;123;122m██[38;2;99;165;171m██[38;2;0;4;0m██[38;2;0;0;0m██            
[38;2;0;0;0m██[38;2;96;156;165m████[38;2;96;158;165m████[38;2;74;121;122m██[38;2;140;189;180m██████[38;2;74;123;122m██[38;2;96;156;165m██[38;2;57;70;73m██[38;2;165;181;181m██[38;2;231;239;239m████[38;2;96;156;165m████████████[38;2;135;152;151m██[38;2;214;239;238m██[38;2;66;66;66m██[38;2;140;189;180m██[38;2;74;123;122m██[38;2;104;159;152m██[38;2;99;165;171m██[38;2;66;111;114m██[38;2;140;189;180m██[38;2;0;0;0m████        
[38;2;0;0;0m██[38;2;96;158;165m████████[38;2;96;156;165m██[38;2;74;123;122m██[38;2;140;189;180m████[38;2;0;0;0m██████[38;2;74;123;122m██[38;2;179;178;179m████[38;2;231;239;239m████████████[38;2;247;239;231m██[38;2;164;181;176m██[38;2;165;181;181m██[38;2;57;70;73m██[38;2;66;111;114m██[38;2;99;165;171m██[38;2;74;121;122m██[38;2;140;189;180m██████[38;2;66;111;114m██[38;2;0;4;0m██[38;2;0;0;0m████  
[38;2;0;0;0m██[38;2;96;158;165m████████[38;2;96;156;165m██[38;2;74;123;122m██[38;2;0;0;0m████      ██[38;2;74;123;122m████[38;2;176;178;178m████████████[38;2;164;181;176m██[38;2;82;123;122m██[38;2;93;107;109m██[38;2;57;70;73m██[38;2;0;4;0m██[38;2;99;165;171m██[38;2;74;121;122m██[38;2;140;189;180m██████[38;2;66;111;114m██[38;2;99;165;171m██[38;2;90;156;154m██[38;2;60;104;103m██[38;2;0;0;0m██
[38;2;0;0;0m  ████████████          ██[38;2;140;189;180m████[38;2;74;121;122m██████████████[38;2;140;189;180m██[38;2;132;189;180m██[38;2;0;0;0m██  ██[38;2;88;126;120m██[38;2;132;189;180m██[38;2;140;189;180m██[38;2;74;121;122m██[38;2;96;158;165m████[38;2;99;156;171m██[38;2;57;107;89m██[38;2;0;0;0m██
[38;2;0;0;0m                        ██[38;2;96;156;165m██[38;2;140;189;180m████████████████[38;2;74;121;122m██[38;2;88;126;120m██[38;2;0;0;0m██    ██[38;2;132;189;180m██[38;2;140;189;180m██[38;2;74;121;122m██[38;2;96;158;165m████[38;2;57;107;89m██[38;2;71;123;116m██[38;2;0;0;0m██
[38;2;0;0;0m                      ██[38;2;99;165;171m██[38;2;66;123;130m██[38;2;140;189;180m████████[38;2;103;156;155m██[38;2;74;123;122m██████[38;2;96;156;165m██[38;2;104;159;152m██[38;2;74;123;122m██[38;2;0;0;0m██    ████[38;2;74;123;122m██[38;2;93;159;163m████[38;2;57;109;87m██[38;2;74;123;122m██[38;2;0;0;0m██
[38;2;0;0;0m                      ██[38;2;66;110;114m██[38;2;103;156;155m██[38;2;140;189;180m████████[38;2;66;123;130m██[38;2;96;156;165m██████[38;2;74;123;122m████[38;2;135;195;183m██[38;2;0;0;0m██        ████[38;2;93;159;163m██[38;2;57;109;87m██[38;2;74;123;122m██[38;2;0;0;0m██
[38;2;0;0;0m                      [38;2;33;0;1m██[38;2;165;189;165m██[38;2;140;189;180m██[38;2;74;121;122m████[38;2;140;189;180m████[38;2;96;156;165m██[38;2;74;121;122m██████[38;2;140;189;180m████[38;2;74;121;122m██[38;2;0;0;0m██            ██████  
[38;2;0;0;0m                    ██[38;2;121;126;110m██[38;2;165;189;165m██[38;2;74;121;122m██[38;2;140;189;180m████[38;2;74;121;122m██[38;2;140;189;180m██████████[38;2;74;121;122m████[38;2;140;189;180m██[38;2;74;123;122m██[38;2;0;0;0m██                  
[38;2;0;0;0m                    ██[38;2;206;107;70m██[38;2;107;156;152m██[38;2;74;121;122m██[38;2;140;189;180m████[38;2;74;121;122m██[38;2;107;156;152m██[38;2;206;107;70m████[38;2;107;156;152m██[38;2;74;121;122m██[38;2;140;189;180m██████[38;2;66;110;114m██[38;2;0;0;0m██                  
[38;2;0;0;0m                    ██[38;2;206;107;70m██[38;2;107;156;152m██[38;2;74;121;122m██[38;2;140;189;180m████[38;2;74;121;122m██[38;2;206;107;70m██[38;2;107;156;152m████[38;2;206;107;70m██[38;2;74;121;122m██[38;2;140;189;180m████[38;2;74;123;122m██[38;2;99;165;171m██[38;2;0;0;0m██                  
[38;2;0;0;0m                    ██[38;2;132;159;159m██[38;2;198;239;238m██[38;2;173;194;194m██[38;2;57;119;121m██[38;2;74;123;122m████[38;2;206;107;70m██[38;2;74;123;122m████[38;2;206;107;70m██[38;2;74;123;122m██████[38;2;96;156;165m██[38;2;99;156;163m██[38;2;0;0;0m██                  
[38;2;0;0;0m                      ██[38;2;132;159;159m██[38;2;115;156;158m██[38;2;231;231;231m██[38;2;156;181;180m██[38;2;239;239;239m██[38;2;74;123;122m██[38;2;206;107;70m████[38;2;74;123;122m██[38;2;96;156;165m████████[38;2;0;0;0m██                    
[38;2;0;0;0m                        ██████[38;2;93;159;163m████[38;2;99;165;171m██[38;2;66;110;114m████[38;2;99;165;171m██[38;2;99;156;163m██[38;2;0;0;0m██████                      
[38;2;0;0;0m                              ██████████████                            [0m
