
[38;2;0;0;0m          [38;2;0;4;0m████[38;2;66;65;66m██[38;2;0;4;0m██[38;2;0;0;0m                                                                
[38;2;0;0;0m  [38;2;0;4;0m████[38;2;0;0;0m        [38;2;0;4;0m████[38;2;0;0;0m      [38;2;0;4;0m████[38;2;0;0;0m                                                      
[38;2;0;4;0m██[38;2;66;65;66m████[38;2;0;4;0m██[38;2;0;0;0m        [38;2;0;4;0m████[38;2;0;0;0m  [38;2;0;4;0m██[38;2;82;94;106m██[38;2;55;64;71m██[38;2;0;4;0m██[38;2;0;0;0m                                                    
[38;2;0;0;0m  [38;2;0;4;0m████[38;2;66;65;66m██[38;2;0;4;0m██[38;2;0;0;0m        [38;2;0;4;0m██[38;2;0;0;0m  [38;2;0;4;0m██[38;2;222;222;222m██[38;2;79;90;106m██[38;2;0;4;0m██[38;2;0;0;0m                                                    
[38;2;0;0;0m      [38;2;0;4;0m██████[38;2;0;0;0m        [38;2;0;4;0m████[38;2;222;222;222m████[38;2;78;88;106m██[38;2;0;4;0m██[38;2;0;0;0m                                    [38;2;0;4;0m████████[38;2;0;0;0m      
[38;2;0;0;0m          [38;2;0;4;0m██[38;2;0;0;0m        [38;2;0;4;0m████[38;2;222;222;222m████[38;2;74;85;87m██[38;2;0;12;16m██[38;2;0;0;0m                              [38;2;0;4;0m██████[38;2;79;91;103m████████[38;2;0;4;0m████[38;2;0;0;0m  
[38;2;0;0;0m            [38;2;0;4;0m██[38;2;0;0;0m        [38;2;0;4;0m██[38;2;222;222;222m██[38;2;79;90;106m██[38;2;222;231;230m██[38;2;74;85;87m██[38;2;0;4;0m██[38;2;0;0;0m                        [38;2;0;4;0m████[38;2;78;88;106m██████[38;2;79;91;103m████████[38;2;78;88;106m████[38;2;0;4;0m██
[38;2;0;0;0m              [38;2;0;4;0m██[38;2;0;0;0m      [38;2;0;4;0m██[38;2;140;148;148m██[38;2;79;90;103m██[38;2;222;222;222m██[38;2;79;90;106m██[38;2;0;4;0m██[38;2;0;0;0m                    [38;2;0;4;0m██[38;2;0;4;16m██[38;2;85;88;96m██[38;2;82;90;106m████[38;2;255;255;255m██████████[38;2;82;90;106m██[38;2;79;91;103m████[38;2;0;4;0m██
[38;2;0;0;0m                [38;2;0;4;0m██[38;2;0;0;0m    [38;2;0;4;0m██[38;2;79;90;103m████[38;2;222;222;222m████[38;2;0;4;0m██[38;2;0;0;0m                  [38;2;0;4;0m██[38;2;78;88;106m██[38;2;85;88;96m██[38;2;255;255;255m████████████[38;2;82;90;106m████[38;2;255;255;255m██[38;2;79;91;103m████[38;2;0;4;0m██
[38;2;0;0;0m                [38;2;0;4;0m██[38;2;0;0;0m      [38;2;0;8;8m██[38;2;74;82;79m██[38;2;129;140;145m██[38;2;222;231;222m██[38;2;78;88;106m██[38;2;0;4;0m██[38;2;0;0;0m              [38;2;0;4;0m██[38;2;82;90;106m██[38;2;255;255;255m██████████████[38;2;82;90;106m██[38;2;255;255;255m██████[38;2;78;88;106m████[38;2;0;4;0m██
[38;2;0;0;0m                  [38;2;0;4;0m██[38;2;0;0;0m    [38;2;0;8;8m██[38;2;222;231;222m██[38;2;82;94;106m██[38;2;222;231;222m██[38;2;78;88;106m██[38;2;0;4;0m██[38;2;0;0;0m            [38;2;0;4;0m██[38;2;78;88;106m██[38;2;255;255;255m████████████[38;2;82;90;106m████[38;2;255;255;255m██████[38;2;82;90;106m██[38;2;78;88;106m██[38;2;0;4;0m██[38;2;0;0;0m  
[38;2;0;0;0m                  [38;2;0;4;0m██████[38;2;66;66;66m████[38;2;66;61;74m██[38;2;222;214;238m██[38;2;222;222;214m██[38;2;0;0;0m██            [38;2;0;4;0m██[38;2;255;255;255m████████████[38;2;82;90;106m██[38;2;255;255;255m██████[38;2;82;90;106m██[38;2;79;91;103m████[38;2;78;88;106m██[38;2;0;4;0m██[38;2;0;0;0m  
[38;2;0;0;0m              [38;2;0;4;0m████[38;2;140;123;188m██[38;2;66;63;90m██[38;2;132;123;180m██[38;2;66;66;66m██[38;2;137;121;185m██[38;2;144;137;156m██[38;2;66;61;74m██[38;2;74;74;71m██[38;2;0;0;0m██          [38;2;0;4;0m██[38;2;255;255;255m████████[38;2;140;145;150m██[38;2;82;90;98m██[38;2;82;90;106m██[38;2;255;255;255m████[38;2;82;90;106m████[38;2;255;255;255m██[38;2;79;91;103m████[38;2;0;4;0m██[38;2;0;0;0m    
[38;2;0;0;0m            [38;2;16;0;8m██[38;2;170;121;135m██[38;2;140;123;188m██[38;2;162;145;226m██[38;2;159;145;223m████[38;2;66;66;74m██[38;2;132;121;183m██[38;2;137;123;188m████[38;2;140;123;188m██[38;2;0;4;0m██[38;2;0;0;0m        [38;2;0;4;0m██[38;2;255;255;255m██████[38;2;82;90;106m████████[38;2;79;91;103m████[38;2;82;90;106m██[38;2;255;255;255m██████[38;2;78;88;106m██[38;2;0;4;0m██[38;2;0;0;0m      
[38;2;0;0;0m          [38;2;0;4;0m██[38;2;247;181;199m██[38;2;93;60;72m██[38;2;162;145;226m████[38;2;159;145;223m████[38;2;165;148;237m██[38;2;132;121;183m██[38;2;137;123;188m████[38;2;140;123;188m████[38;2;0;4;0m██[38;2;0;0;0m      [38;2;0;4;0m██[38;2;255;255;255m██[38;2;82;90;106m████[38;2;255;255;255m██████[38;2;140;145;156m██[38;2;79;91;103m████[38;2;255;255;255m██████[38;2;82;90;106m██[38;2;78;88;106m██[38;2;0;4;0m██[38;2;0;0;0m      
[38;2;0;0;0m        [38;2;0;4;0m██[38;2;255;181;167m██[38;2;222;173;190m██[38;2;123;41;59m██[38;2;134;123;187m██[38;2;156;148;220m██[38;2;162;145;226m████[38;2;189;129;146m██[38;2;123;41;59m██[38;2;140;37;52m████[38;2;137;121;185m████[38;2;140;123;188m██[38;2;0;4;0m██[38;2;0;0;0m  [38;2;0;4;0m██[38;2;255;255;255m██[38;2;82;90;106m██[38;2;255;255;255m████████████[38;2;82;90;106m██[38;2;255;255;255m██████[38;2;78;88;106m████[38;2;0;4;0m██[38;2;0;0;0m        
[38;2;0;0;0m        [38;2;0;4;0m██[38;2;255;181;167m██[38;2;123;41;59m██[38;2;189;129;146m██[38;2;134;123;187m████[38;2;140;123;188m████[38;2;123;41;59m██[38;2;222;173;190m██[38;2;255;173;159m██[38;2;197;105;105m██[38;2;66;66;66m██[38;2;137;121;185m██[38;2;140;123;188m██[38;2;0;4;0m██[38;2;0;0;0m  [38;2;0;4;0m██[38;2;82;90;106m██[38;2;255;255;255m████████████[38;2;82;90;106m██[38;2;255;255;255m████████[38;2;78;88;106m██[38;2;0;4;0m██[38;2;0;0;0m          
[38;2;0;0;0m      [38;2;0;4;0m██[38;2;222;86;86m████[38;2;132;41;60m██[38;2;137;124;188m██[38;2;137;123;188m████[38;2;137;124;188m██[38;2;132;41;60m██[38;2;255;181;167m████████[38;2;222;86;86m██[38;2;66;66;66m██[38;2;136;123;188m████[38;2;0;0;0m██[38;2;85;85;85m██[38;2;255;255;255m██████████[38;2;82;90;106m████[38;2;255;255;255m████[38;2;82;90;106m██████[38;2;78;88;106m██[38;2;0;4;0m██[38;2;0;0;0m          
[38;2;0;0;0m      [38;2;0;4;0m██[38;2;222;86;86m██[38;2;131;43;55m██[38;2;137;124;188m████[38;2;137;123;188m████[38;2;137;124;188m██[38;2;132;41;60m██[38;2;255;181;167m████████[38;2;222;86;86m██[38;2;66;66;66m██[38;2;136;123;188m██[38;2;107;107;139m██[38;2;85;85;85m██[38;2;255;255;255m████████[38;2;82;90;106m████████████[38;2;255;255;255m████[38;2;82;90;106m██[38;2;0;4;0m██[38;2;0;0;0m            
[38;2;0;0;0m        [38;2;0;8;0m██[38;2;123;57;67m██[38;2;66;66;74m████[38;2;137;121;185m██████[38;2;66;66;66m██[38;2;222;85;92m██[38;2;255;181;167m████[38;2;222;85;92m██[38;2;222;86;86m██[38;2;66;66;66m██[38;2;104;107;141m████[38;2;66;66;66m██[38;2;255;255;255m██████[38;2;82;90;106m██████[38;2;255;255;255m████████████[38;2;82;90;106m██[38;2;0;4;0m██[38;2;0;0;0m            
[38;2;0;0;0m        [38;2;0;8;0m██[38;2;82;41;45m██[38;2;82;132;150m██[38;2;99;198;227m██[38;2;66;66;66m████[38;2;137;121;185m██[38;2;66;66;66m██[38;2;222;85;92m████████[38;2;222;86;86m██[38;2;66;66;66m██[38;2;104;107;141m██[38;2;66;66;66m██[38;2;255;255;255m████[38;2;82;90;106m████[38;2;255;255;255m████████████████[38;2;82;90;106m████[38;2;0;4;0m██[38;2;0;0;0m            
[38;2;0;0;0m          [38;2;0;4;0m██[38;2;107;198;219m██████[38;2;74;123;164m██[38;2;66;66;66m██[38;2;104;107;141m██[38;2;66;74;82m██[38;2;214;94;102m██[38;2;222;86;86m████[38;2;66;66;66m██[38;2;104;107;141m██[38;2;115;115;123m██[38;2;66;61;74m██[38;2;255;255;255m██[38;2;82;90;106m██[38;2;255;255;255m████████████████████[38;2;78;88;106m████[38;2;0;4;0m██[38;2;0;0;0m            
[38;2;0;0;0m        [38;2;0;4;0m██[38;2;222;222;222m██[38;2;74;123;164m██[38;2;107;198;219m██[38;2;74;123;164m████[38;2;66;66;66m██[38;2;104;107;141m██[38;2;115;81;89m██[38;2;66;74;82m██[38;2;66;66;66m████[38;2;104;107;141m████[38;2;66;61;74m██[38;2;214;222;222m██[38;2;82;90;106m██[38;2;255;255;255m████[38;2;82;90;106m████████████[38;2;255;255;255m████[38;2;82;90;106m██[38;2;78;88;106m██[38;2;0;4;0m██[38;2;0;0;0m              
[38;2;0;0;0m          [38;2;0;4;0m██████[38;2;222;222;214m██[38;2;74;74;71m██[38;2;104;107;141m████[38;2;104;107;139m████[38;2;104;107;141m██████[38;2;66;66;66m██[38;2;110;104;142m██[38;2;66;66;66m██[38;2;74;82;90m████[38;2;90;99;106m██[38;2;255;255;255m██[38;2;222;226;218m██[38;2;255;255;255m██[38;2;222;226;218m██[38;2;255;255;255m████[38;2;82;90;106m██████[38;2;78;88;106m██[38;2;0;4;0m██[38;2;0;0;0m              
[38;2;0;0;0m                ██[38;2;74;74;71m██[38;2;66;66;66m████[38;2;104;107;139m████[38;2;66;66;66m████[38;2;104;107;141m████[38;2;132;123;180m██[38;2;110;104;142m██[38;2;74;82;90m██[38;2;222;222;222m██[38;2;200;203;205m████[38;2;255;255;255m██[38;2;222;226;218m██[38;2;255;255;255m██[38;2;222;226;218m██[38;2;255;255;255m██████[38;2;82;90;106m██[38;2;0;4;0m██[38;2;0;0;0m                
[38;2;0;0;0m                [38;2;0;4;0m██[38;2;74;123;162m██[38;2;66;66;66m██[38;2;82;107;135m██[38;2;104;107;141m██[38;2;66;66;66m██[38;2;107;198;219m████[38;2;74;61;66m██[38;2;107;146;173m██[38;2;104;107;139m██[38;2;135;123;188m██[38;2;104;107;141m██[38;2;66;66;66m████[38;2;239;239;239m██[38;2;231;239;231m████[38;2;222;226;218m██[38;2;255;255;255m██████[38;2;78;88;106m████[38;2;0;4;0m██[38;2;0;0;0m                
[38;2;0;0;0m                  [38;2;0;4;0m██[38;2;90;127;170m██[38;2;66;66;66m██[38;2;104;107;141m████[38;2;66;66;66m██[38;2;107;198;219m██[38;2;123;189;227m██[38;2;74;61;66m██[38;2;135;123;188m██[38;2;104;107;139m██[38;2;104;107;141m██[38;2;66;66;66m██[38;2;239;239;239m██[38;2;66;66;66m████[38;2;231;239;231m██[38;2;255;255;255m██[38;2;222;226;218m██[38;2;66;66;66m████[38;2;0;4;0m████[38;2;0;0;0m                  
[38;2;0;0;0m                    [38;2;0;4;0m████[38;2;107;107;139m██[38;2;57;57;69m██[38;2;107;198;219m████[38;2;115;189;219m██[38;2;66;61;66m██[38;2;104;107;139m████[38;2;113;113;137m██[38;2;60;60;68m██[38;2;222;222;222m██████[38;2;66;66;66m██████[38;2;78;88;106m██[38;2;0;4;0m██[38;2;0;0;0m                      
[38;2;0;0;0m                        [38;2;8;8;0m██[38;2;107;107;139m██[38;2;66;66;66m██[38;2;107;198;219m██[38;2;66;61;66m██[38;2;90;125;142m██[38;2;104;107;139m████[38;2;60;60;68m██[38;2;8;8;0m██[38;2;79;90;106m██[38;2;222;222;222m██████████[38;2;78;88;106m██[38;2;0;4;0m██[38;2;0;0;0m                      
[38;2;0;0;0m                          [38;2;0;4;0m██[38;2;53;65;77m████[38;2;104;107;141m████[38;2;82;107;135m██[38;2;66;66;66m██[38;2;0;4;0m██[38;2;0;0;0m  [38;2;0;4;0m██[38;2;78;88;106m██[38;2;222;231;222m████[38;2;222;222;222m██[38;2;79;90;106m██[38;2;78;88;106m██[38;2;0;4;0m██[38;2;0;0;0m                      
[38;2;0;0;0m                            [38;2;16;4;0m██[38;2;90;127;154m██[38;2;66;66;66m██████[38;2;90;127;170m██[38;2;74;123;162m██[38;2;0;4;0m██[38;2;0;0;0m  [38;2;0;4;0m██[38;2;0;12;16m██[38;2;74;85;85m██[38;2;79;90;106m████[38;2;0;4;0m██[38;2;0;0;0m                        
[38;2;0;0;0m                            [38;2;0;4;0m██[38;2;74;123;162m████[38;2;66;66;66m██[38;2;44;63;81m██[38;2;79;122;162m██[38;2;71;132;154m██[38;2;0;0;8m██[38;2;0;0;0m      [38;2;0;4;0m██████[38;2;0;0;0m                          
[38;2;0;0;0m                            [38;2;0;4;0m██[38;2;74;123;162m████[38;2;66;66;66m██[38;2;8;4;0m██[38;2;79;122;162m██[38;2;71;132;154m██[38;2;107;198;227m██[38;2;0;4;0m██[38;2;0;0;0m                                    
[38;2;0;0;0m                            [38;2;0;4;0m██[38;2;66;65;66m██[38;2;107;198;219m██[38;2;0;4;0m██[38;2;0;0;0m  [38;2;0;4;0m██[38;2;107;198;219m████[38;2;0;4;0m██[38;2;0;0;0m                                    
[38;2;0;0;0m                              [38;2;0;4;0m████[38;2;0;0;0m    [38;2;0;4;0m██[38;2;74;123;164m██[38;2;107;198;219m██[38;2;0;4;0m██[38;2;0;0;0m                                    
[38;2;0;0;0m                                        [38;2;0;4;0m████[38;2;0;0;0m                                      [0m
