
[38;2;0;0;0m    ████        ██          
[38;2;0;0;0m  ██[38;2;90;181;242m██[38;2;0;0;0m██    ████[38;2;148;247;76m██[38;2;0;0;0m██        
[38;2;0;0;0m██[38;2;140;198;180m██[38;2;8;0;0m██[38;2;0;0;0m    [38;2;16;4;0m██[38;2;90;181;242m██[38;2;66;66;66m██[38;2;148;247;76m██[38;2;123;181;59m██[38;2;0;0;0m██      
[38;2;0;0;0m██[38;2;140;198;180m██[38;2;52;66;60m██[38;2;0;0;0m████[38;2;90;181;242m██[38;2;41;63;81m██[38;2;148;247;76m████[38;2;123;181;59m██[38;2;0;0;0m██      
[38;2;0;0;0m  ██[38;2;77;82;64m██[38;2;231;247;191m██[38;2;66;66;66m██[38;2;231;247;191m██[38;2;66;66;66m██[38;2;231;247;191m██[38;2;123;181;59m██[38;2;154;214;87m██[38;2;115;198;43m██[38;2;0;0;0m██    
[38;2;0;0;0m  ██[38;2;231;247;191m██████[38;2;66;66;66m██[38;2;231;247;191m██████[38;2;231;247;175m██[38;2;192;231;131m██[38;2;0;0;0m██    
[38;2;0;0;0m██[38;2;231;247;191m████████████████[38;2;189;214;117m██[38;2;231;247;191m██[38;2;0;0;0m██    
[38;2;0;0;0m██[38;2;231;247;191m██████████[38;2;66;66;66m████[38;2;231;247;191m████[38;2;189;214;117m██[38;2;0;0;0m██    
[38;2;0;0;0m██[38;2;90;107;90m██[38;2;231;247;191m██████[38;2;41;74;97m██[38;2;239;255;255m██[38;2;255;255;255m██[38;2;74;86;74m██[38;2;247;255;183m██[38;2;0;4;0m██[38;2;0;0;0m      
[38;2;0;0;0m██[38;2;90;107;90m██[38;2;231;247;191m████[38;2;66;66;66m██[38;2;239;255;255m██[38;2;140;164;176m██[38;2;255;255;255m██[38;2;74;86;74m██[38;2;165;171;122m██[38;2;0;4;0m██[38;2;0;0;0m████  
[38;2;0;0;0m  ██[38;2;189;214;117m██[38;2;231;255;167m██[38;2;90;115;74m██[38;2;78;132;166m██[38;2;74;165;242m██[38;2;101;112;82m██[38;2;189;214;117m██[38;2;66;66;66m██[38;2;173;222;229m████[38;2;0;0;0m██  
[38;2;0;0;0m    ██[38;2;184;208;136m████[38;2;82;99;90m████[38;2;189;214;117m██[38;2;57;61;65m██[38;2;173;222;229m████[38;2;0;0;0m██    
[38;2;0;0;0m      ██[38;2;82;85;61m██[38;2;181;222;109m████[38;2;90;132;58m████[38;2;66;66;66m████[38;2;0;0;0m      
[38;2;0;0;0m    ██[38;2;247;255;183m██[38;2;165;170;122m██[38;2;57;70;57m██[38;2;140;171;92m██[38;2;123;181;59m██[38;2;90;132;58m██[38;2;231;247;191m████[38;2;0;0;0m████  
[38;2;0;0;0m      ████[38;2;55;77;39m██[38;2;101;154;61m██[38;2;123;181;59m████[38;2;63;77;42m██[38;2;189;231;109m██[38;2;231;247;191m████[38;2;0;0;0m██
[38;2;0;0;0m          [38;2;8;0;16m██[38;2;148;231;84m██[38;2;63;68;63m██[38;2;93;125;61m██[38;2;126;154;75m██[38;2;0;0;8m██[38;2;0;0;0m████  
[38;2;0;0;0m            ████[38;2;123;181;59m██[38;2;148;247;76m██[38;2;0;0;0m██      
[38;2;0;0;0m                ████        [0m
