
[38;2;0;0;0m                                  ██                                      
[38;2;0;0;0m                                ██[38;2;156;132;188m██[38;2;0;0;0m██                                    
[38;2;0;0;0m                                ██[38;2;156;132;188m██[38;2;0;0;0m██                                    
[38;2;0;0;0m                                ██[38;2;156;132;188m██[38;2;0;0;0m██                                    
[38;2;0;0;0m                                ██[38;2;156;132;188m████[38;2;0;0;0m██                                  
[38;2;0;0;0m                                  ██[38;2;156;132;188m██[38;2;0;0;0m██                                  
[38;2;0;0;0m                                  ██[38;2;156;132;188m████[38;2;0;0;0m██                                
[38;2;0;0;0m                                  ██[38;2;156;132;188m████[38;2;0;0;0m██                                
[38;2;0;0;0m                                ██[38;2;159;136;191m████[38;2;156;132;188m██[38;2;0;0;0m██                                
[38;2;0;0;0m                              ██[38;2;156;132;188m██[38;2;159;136;191m████[38;2;0;0;0m██                                  
[38;2;0;0;0m                              ██[38;2;156;132;188m██[38;2;159;136;191m████[38;2;0;0;0m██                                  
[38;2;0;0;0m                            ██[38;2;156;132;188m████[38;2;159;136;191m████[38;2;0;0;0m██                                  
[38;2;0;0;0m                            ██[38;2;115;148;227m██[38;2;159;134;191m██[38;2;115;148;227m██[38;2;159;134;191m██[38;2;0;0;0m██                                  
[38;2;0;0;0m                            ██[38;2;159;134;191m██[38;2;115;148;227m██[38;2;159;134;191m██[38;2;115;148;227m██[38;2;156;132;188m██[38;2;0;0;0m██                                
[38;2;0;0;0m                            ██[38;2;112;148;227m████[38;2;156;206;252m██[38;2;112;144;227m██[38;2;115;148;227m██[38;2;0;0;0m██                                
[38;2;0;0;0m                            ██[38;2;112;148;227m████[38;2;156;206;252m██[38;2;112;144;227m██[38;2;115;148;227m██[38;2;0;0;0m██                                
[38;2;0;0;0m                              [38;2;8;0;0m██[38;2;165;206;245m██[38;2;156;206;252m████[38;2;0;0;0m██                                  
[38;2;0;0;0m                            ██[38;2;86;103;122m██[38;2;165;206;245m██[38;2;82;82;66m██[38;2;156;206;252m██[38;2;103;103;91m██[38;2;0;0;0m██                                
[38;2;0;0;0m                ██          ██[38;2;107;107;91m██[38;2;80;80;74m██[38;2;101;104;93m██[38;2;79;80;71m██[38;2;107;107;91m██[38;2;80;80;74m██[38;2;0;0;0m████                            
[38;2;0;0;0m  ██          ██[38;2;156;132;188m██[38;2;0;0;0m██    ████[38;2;156;206;252m██[38;2;66;66;66m██[38;2;80;80;74m██[38;2;101;104;93m██[38;2;79;80;71m██[38;2;66;66;66m██[38;2;80;80;74m██[38;2;165;206;245m██[38;2;55;69;82m██[38;2;0;0;0m██                      ██  
[38;2;0;0;0m██[38;2;156;132;188m██[38;2;0;0;0m██        ██[38;2;132;140;220m██[38;2;0;0;0m██  ██[38;2;77;82;85m██[38;2;228;247;255m████[38;2;231;247;255m██[38;2;82;82;66m██[38;2;66;66;66m██[38;2;148;189;252m██[38;2;82;82;66m██[38;2;148;198;252m██[38;2;156;209;252m████[38;2;60;74;84m██[38;2;8;4;0m██[38;2;0;0;0m          ██      ██[38;2;156;132;188m██[38;2;0;0;0m██
[38;2;0;0;0m██[38;2;156;132;188m██[38;2;0;0;0m██      ██[38;2;132;140;220m████[38;2;0;0;0m██  ██[38;2;231;247;255m██[38;2;228;247;255m████[38;2;82;82;66m██[38;2;231;247;255m██[38;2;148;189;252m████[38;2;82;82;66m██[38;2;148;198;252m██[38;2;156;209;252m████[38;2;165;214;253m██[38;2;8;4;0m██[38;2;0;0;0m        ██[38;2;156;132;188m██[38;2;0;0;0m██    ██[38;2;156;132;188m██[38;2;0;0;0m██
[38;2;0;0;0m██[38;2;159;134;191m████[38;2;0;0;0m██    ██[38;2;156;206;252m████[38;2;66;66;66m██[38;2;0;0;0m██[38;2;66;66;66m██[38;2;206;222;158m██[38;2;189;231;253m██[38;2;82;82;66m████[38;2;148;189;252m██[38;2;148;181;252m████[38;2;82;80;69m████[38;2;156;198;252m████[38;2;156;206;252m██[38;2;82;82;66m██[38;2;0;0;0m██      ██[38;2;156;132;188m██[38;2;0;0;0m██  [38;2;8;4;0m██[38;2;140;181;236m██[38;2;132;181;244m██[38;2;0;0;0m██
[38;2;0;0;0m██[38;2;115;148;227m████[38;2;0;0;0m██  ██[38;2;66;66;66m██[38;2;82;82;66m████[38;2;66;66;66m████[38;2;206;222;158m██[38;2;66;66;66m██[38;2;189;231;253m██[38;2;82;82;66m██[38;2;148;189;252m████[38;2;148;181;252m██[38;2;82;82;66m██[38;2;66;66;66m████[38;2;82;82;66m██[38;2;156;198;252m██[38;2;156;206;252m████[38;2;0;0;0m██      ██[38;2;156;132;188m████[38;2;0;0;0m██[38;2;52;63;79m██[38;2;140;181;236m██[38;2;132;181;244m██[38;2;0;0;0m██
[38;2;0;0;0m  [38;2;8;4;0m██[38;2;165;214;253m██[38;2;165;214;245m██[38;2;16;0;0m██[38;2;71;71;66m████████[38;2;0;0;0m██[38;2;66;66;66m██[38;2;255;239;71m██[38;2;74;70;66m██[38;2;82;82;66m████[38;2;148;181;252m██[38;2;82;82;66m██[38;2;148;181;252m██[38;2;74;70;66m██[38;2;255;239;68m████[38;2;66;66;66m██[38;2;156;206;252m██████[38;2;0;0;0m██    ██[38;2;52;63;79m██[38;2;140;181;236m██[38;2;123;161;193m██[38;2;74;70;74m██[38;2;82;80;69m████[38;2;82;78;70m██[38;2;0;0;0m██
[38;2;0;0;0m  [38;2;8;4;0m██[38;2;60;74;84m██[38;2;66;71;82m████[38;2;71;71;66m██[38;2;0;0;0m██[38;2;71;71;66m██[38;2;0;0;0m██  ██[38;2;74;70;66m████[38;2;148;181;252m██[38;2;82;82;66m██████[38;2;74;70;66m████[38;2;255;239;68m████[38;2;66;66;66m██[38;2;156;206;252m████[38;2;66;66;66m██[38;2;0;0;0m██  ██[38;2;66;66;66m██[38;2;8;4;0m██[38;2;140;181;236m██[38;2;148;206;252m██[38;2;74;70;74m██[38;2;66;66;66m██[38;2;82;80;69m██[38;2;0;0;0m██  
[38;2;0;0;0m  ████[38;2;82;78;70m██[38;2;0;0;0m████  ████    [38;2;8;0;0m██[38;2;148;181;244m██[38;2;148;181;252m██[38;2;82;82;66m██[38;2;148;181;252m██[38;2;82;82;66m██[38;2;145;176;252m████[38;2;74;70;66m████[38;2;156;209;252m████[38;2;165;214;253m██[38;2;8;4;0m██[38;2;0;0;0m    ████  ██[38;2;82;80;69m████[38;2;66;66;66m████[38;2;0;0;0m██  
[38;2;0;0;0m    ████      ████    [38;2;8;0;0m██[38;2;55;60;81m██[38;2;148;181;252m██[38;2;82;82;66m████[38;2;148;181;252m██[38;2;145;176;252m████[38;2;148;181;252m██[38;2;74;70;66m██[38;2;156;209;252m████[38;2;60;74;84m██[38;2;8;4;0m██[38;2;0;0;0m    ████  ██[38;2;82;80;69m██[38;2;66;66;66m████[38;2;0;0;0m██    
[38;2;0;0;0m    ████    ████        ████[38;2;148;181;252m██[38;2;82;80;69m████[38;2;148;181;252m████[38;2;63;66;81m██[38;2;156;181;244m██[38;2;82;78;70m██[38;2;0;0;0m████      ██[38;2;66;66;66m██[38;2;0;0;0m████[38;2;66;66;66m████[38;2;0;0;0m██      
[38;2;0;0;0m      ████                  ██[38;2;66;66;66m████████[38;2;63;66;81m██[38;2;16;8;0m██[38;2;0;0;0m██            ████  ██[38;2;66;66;66m██[38;2;0;0;0m██      
[38;2;0;0;0m        ████████      ██████  ██[38;2;82;78;70m██[38;2;82;80;69m████[38;2;0;0;0m██                    ██[38;2;66;66;66m██[38;2;0;0;0m██        
[38;2;0;0;0m              ██████████        ██[38;2;82;80;69m██[38;2;0;0;0m██  ████████      ██████████          
[38;2;0;0;0m                                ██[38;2;82;78;70m██[38;2;0;0;0m██        ██████████████              
[38;2;0;0;0m                                  ██                                      [0m
