
[38;2;0;0;0m                    [38;2;49;49;49m██[38;2;0;0;0m          
[38;2;0;0;0m          [38;2;49;49;49m██████[38;2;0;0;0m  [38;2;49;49;49m██[38;2;74;189;90m██[38;2;49;49;49m██[38;2;0;0;0m        
[38;2;0;0;0m        [38;2;49;49;49m██[38;2;238;115;156m████[38;2;189;90;131m██[38;2;49;49;49m██[38;2;74;189;90m████[38;2;49;49;49m██[38;2;0;0;0m        
[38;2;0;0;0m      [38;2;49;49;49m██[38;2;82;82;82m██[38;2;189;90;131m██[38;2;238;115;156m████[38;2;189;90;131m██[38;2;82;82;82m██[38;2;74;189;90m██[38;2;49;49;49m██[38;2;0;0;0m        
[38;2;0;0;0m      [38;2;49;49;49m██[38;2;74;189;90m██[38;2;82;82;82m██████[38;2;189;90;131m██[38;2;82;82;82m██[38;2;74;189;90m████[38;2;49;49;49m████[38;2;0;0;0m    
[38;2;0;0;0m    [38;2;49;49;49m██[38;2;106;90;180m██[38;2;82;82;82m██[38;2;74;189;90m██████[38;2;82;82;82m████[38;2;74;189;90m████████[38;2;49;49;49m██[38;2;0;0;0m  
[38;2;0;0;0m    [38;2;49;49;49m██[38;2;106;90;180m██[38;2;82;82;82m██[38;2;74;189;90m████████████████[38;2;49;49;49m██[38;2;0;0;0m    
[38;2;0;0;0m  [38;2;49;49;49m██[38;2;106;90;180m██[38;2;82;82;82m██[38;2;74;189;90m██████[38;2;82;82;82m██[38;2;74;189;90m██████[38;2;82;82;82m████[38;2;106;90;180m██[38;2;49;49;49m██[38;2;0;0;0m  
[38;2;0;0;0m  [38;2;49;49;49m██[38;2;106;90;180m██[38;2;82;82;82m██[38;2;74;189;90m██[38;2;82;82;82m████[38;2;131;106;255m██[38;2;82;82;82m██[38;2;74;189;90m████[38;2;82;82;82m██[38;2;106;90;180m████[38;2;49;49;49m██[38;2;0;0;0m  
[38;2;0;0;0m  [38;2;49;49;49m██[38;2;106;90;180m██[38;2;82;82;82m████[38;2;106;90;180m██[38;2;131;106;255m██████[38;2;82;82;82m██[38;2;74;189;90m██[38;2;82;82;82m██[38;2;106;90;180m██████[38;2;49;49;49m██
[38;2;0;0;0m    [38;2;49;49;49m██[38;2;106;90;180m██[38;2;131;106;255m████████████[38;2;82;82;82m██[38;2;131;106;255m██[38;2;82;82;82m██[38;2;106;90;180m████[38;2;49;49;49m██
[38;2;0;0;0m    [38;2;49;49;49m██[38;2;106;90;180m██[38;2;131;106;255m████████████████[38;2;82;82;82m██[38;2;106;90;180m████[38;2;49;49;49m██
[38;2;0;0;0m  [38;2;49;49;49m██[38;2;106;90;180m██[38;2;131;106;255m████████████████[38;2;82;82;82m██[38;2;106;90;180m████[38;2;49;49;49m██[38;2;0;0;0m  
[38;2;0;0;0m  [38;2;49;49;49m██[38;2;131;106;255m██████████████████[38;2;82;82;82m██[38;2;106;90;180m████[38;2;49;49;49m██[38;2;0;0;0m  
[38;2;49;49;49m██[38;2;131;106;255m██████████████████[38;2;82;82;82m██[38;2;106;90;180m████[38;2;49;49;49m██[38;2;0;0;0m    
[38;2;0;0;0m  [38;2;49;49;49m████[38;2;82;82;82m██[38;2;131;106;255m████████[38;2;82;82;82m████[38;2;106;90;180m██████[38;2;49;49;49m██[38;2;0;0;0m    
[38;2;0;0;0m      [38;2;49;49;49m██[38;2;82;82;82m████████[38;2;189;90;131m██[38;2;82;82;82m██[38;2;106;90;180m████████[38;2;49;49;49m██[38;2;0;0;0m  
[38;2;0;0;0m        [38;2;49;49;49m██[38;2;189;90;131m██[38;2;238;115;156m██[38;2;189;90;131m██[38;2;238;115;156m████[38;2;82;82;82m████[38;2;49;49;49m████[38;2;0;0;0m    
[38;2;0;0;0m          [38;2;49;49;49m████████[38;2;238;115;156m████[38;2;49;49;49m██[38;2;0;0;0m        
[38;2;0;0;0m                  [38;2;49;49;49m████[38;2;0;0;0m          [0m
