
[38;2;0;0;0m          ██████    ██████          
[38;2;0;0;0m        ██[38;2;82;198;82m██[38;2;82;200;82m████[38;2;8;0;8m████[38;2;74;148;82m██[38;2;82;198;82m████[38;2;0;0;0m██        
[38;2;0;0;0m      ██[38;2;82;198;82m████[38;2;82;200;82m████[38;2;90;189;90m██[38;2;49;94;49m██[38;2;74;148;82m████[38;2;82;198;82m████[38;2;0;0;0m██      
[38;2;0;0;0m    ██[38;2;82;198;82m██████████[38;2;74;148;82m██████[38;2;0;0;0m████[38;2;82;198;82m██[38;2;0;0;0m██      
[38;2;0;0;0m      ████[38;2;82;198;82m████[38;2;66;66;66m████[38;2;74;148;82m██[38;2;0;0;0m██    ████      
[38;2;0;0;0m          ██[38;2;47;77;47m██[38;2;66;115;66m████[38;2;47;77;47m██[38;2;57;115;57m██[38;2;0;0;0m██            
[38;2;0;0;0m            [38;2;8;0;8m██[38;2;66;115;66m████[38;2;8;0;8m██[38;2;57;115;57m████[38;2;0;0;0m████████    
[38;2;0;0;0m        ████[38;2;0;16;0m██[38;2;86;57;54m██[38;2;0;0;0m██  ██[38;2;57;115;57m██[38;2;66;82;66m████[38;2;247;118;159m████[38;2;0;0;0m██  
[38;2;0;0;0m    ████[38;2;255;111;159m██[38;2;170;74;106m██[38;2;173;99;109m██[38;2;0;16;0m██[38;2;0;0;0m██    ██[38;2;66;82;66m██[38;2;247;115;159m██[38;2;247;118;159m████[38;2;247;115;159m██[38;2;0;0;0m██
[38;2;0;0;0m  ██[38;2;247;115;159m████[38;2;189;65;109m██[38;2;247;115;159m██[38;2;247;118;159m████[38;2;247;115;159m██[38;2;0;0;0m██  ██[38;2;197;100;133m██[38;2;247;115;159m██████[38;2;198;99;134m██[38;2;0;0;0m██
[38;2;0;0;0m  ██[38;2;247;115;159m██[38;2;189;65;109m██[38;2;247;115;159m████[38;2;247;118;159m████[38;2;247;115;159m██[38;2;0;0;0m██  ██[38;2;197;100;133m████████[38;2;198;99;134m██[38;2;0;0;0m██
[38;2;0;0;0m██[38;2;255;255;255m██[38;2;247;115;159m██[38;2;189;65;109m██[38;2;247;115;159m████[38;2;247;118;159m████[38;2;247;115;159m████[38;2;0;0;0m██  ██[38;2;198;99;134m██████[38;2;0;0;0m██  
[38;2;0;0;0m████[38;2;247;115;159m██████[38;2;255;255;255m██[38;2;247;118;159m████[38;2;247;115;159m██[38;2;197;100;133m██[38;2;0;0;0m██    ██████    
[38;2;0;0;0m██[38;2;198;99;134m██[38;2;189;66;109m████[38;2;214;107;142m██[38;2;0;0;0m██[38;2;247;115;159m██[38;2;197;100;133m██[38;2;198;99;134m████[38;2;0;0;0m██              
[38;2;0;0;0m  ██[38;2;198;99;134m████[38;2;214;107;142m████[38;2;197;100;133m████[38;2;198;99;134m██[38;2;0;0;0m██                
[38;2;0;0;0m  ██████[38;2;198;99;134m██████████[38;2;0;0;0m██                
[38;2;0;0;0m        ████[38;2;66;66;66m██[38;2;198;99;134m██[38;2;0;0;0m██                  
[38;2;0;0;0m            ████                    [0m
