
[38;2;0;0;0m            [38;2;49;49;49m██████[38;2;0;0;0m            
[38;2;0;0;0m          [38;2;49;49;49m██[38;2;197;172;74m██[38;2;246;222;82m██[38;2;197;172;74m██[38;2;49;49;49m██[38;2;0;0;0m          
[38;2;0;0;0m        [38;2;49;49;49m██[38;2;197;172;74m██[38;2;246;222;82m██████[38;2;197;172;74m██[38;2;49;49;49m██[38;2;0;0;0m        
[38;2;0;0;0m      [38;2;49;49;49m██[38;2;222;238;255m██[38;2;82;82;82m██[38;2;197;172;74m██[38;2;246;222;82m██[38;2;197;172;74m██[38;2;82;82;82m██[38;2;222;238;255m██[38;2;49;49;49m██[38;2;0;0;0m      
[38;2;0;0;0m    [38;2;49;49;49m██[38;2;222;238;255m██████[38;2;82;82;82m██████[38;2;222;238;255m██████[38;2;49;49;49m██[38;2;0;0;0m    
[38;2;0;0;0m  [38;2;49;49;49m██[38;2;164;197;255m██[38;2;222;238;255m██████████████████[38;2;164;197;255m██[38;2;49;49;49m██[38;2;0;0;0m  
[38;2;0;0;0m  [38;2;49;49;49m██[38;2;246;222;82m██[38;2;164;197;255m██[38;2;222;238;255m██████[38;2;164;197;255m██[38;2;222;238;255m██████[38;2;164;197;255m████[38;2;49;49;49m██[38;2;0;0;0m  
[38;2;0;0;0m  [38;2;49;49;49m██[38;2;82;82;82m██[38;2;222;238;255m██████[38;2;164;197;255m██[38;2;246;222;82m██[38;2;164;197;255m██[38;2;222;238;255m██[38;2;164;197;255m██[38;2;238;115;156m██[38;2;164;197;255m██[38;2;49;49;49m██[38;2;0;0;0m  
[38;2;49;49;49m██[38;2;164;197;255m██[38;2;106;139;172m██[38;2;123;123;123m██[38;2;222;238;255m██████[38;2;82;82;82m██[38;2;164;197;255m██[38;2;238;115;156m████████[38;2;49;49;49m██[38;2;0;0;0m  
[38;2;0;0;0m  [38;2;49;49;49m████[38;2;164;197;255m██[38;2;123;123;123m██████[38;2;164;197;255m██[38;2;238;115;156m██[38;2;106;139;172m████[38;2;238;115;156m██[38;2;49;49;49m██[38;2;0;0;0m    
[38;2;0;0;0m      [38;2;49;49;49m████[38;2;164;197;255m████████[38;2;106;139;172m██[38;2;164;197;255m██[38;2;49;49;49m██[38;2;0;0;0m      
[38;2;0;0;0m          [38;2;49;49;49m████████████[38;2;0;0;0m        
[38;2;0;0;0m              [38;2;49;49;49m██[38;2;164;197;255m██[38;2;49;49;49m██[38;2;0;0;0m          
[38;2;0;0;0m              [38;2;49;49;49m██[38;2;164;197;255m██[38;2;49;49;49m████[38;2;0;0;0m        
[38;2;0;0;0m            [38;2;49;49;49m██[38;2;164;197;255m██[38;2;222;238;255m██████[38;2;49;49;49m██[38;2;0;0;0m      
[38;2;0;0;0m            [38;2;49;49;49m██[38;2;222;238;255m████████[38;2;49;49;49m██[38;2;0;0;0m      
[38;2;0;0;0m              [38;2;49;49;49m██[38;2;222;238;255m████[38;2;238;115;156m████[38;2;49;49;49m████[38;2;0;0;0m  
[38;2;0;0;0m              [38;2;49;49;49m██[38;2;222;238;255m██████[38;2;238;115;156m██████[38;2;49;49;49m██
[38;2;0;0;0m                [38;2;49;49;49m██[38;2;238;115;156m████████[38;2;49;49;49m██[38;2;0;0;0m  
[38;2;0;0;0m                  [38;2;49;49;49m██[38;2;238;115;156m████[38;2;49;49;49m████[38;2;0;0;0m  
[38;2;0;0;0m                    [38;2;49;49;49m████[38;2;0;0;0m      [0m
