
[38;2;0;0;0m              ██████████████                
[38;2;0;0;0m          ████              ████            
[38;2;0;0;0m      ████                      ██          
[38;2;0;0;0m    ██[38;2;239;198;7m██[38;2;0;0;0m██                        ██        
[38;2;0;0;0m  ██[38;2;239;198;7m████[38;2;0;0;0m██                        ██        
[38;2;0;0;0m██[38;2;239;198;7m██[38;2;247;247;47m████[38;2;239;198;7m██[38;2;0;0;0m██        ██████████  ██  ██      
[38;2;0;0;0m██[38;2;247;247;47m██[38;2;255;255;255m████[38;2;247;247;47m██[38;2;0;0;0m██    ████[38;2;140;176;244m████████[38;2;140;173;244m██[38;2;0;0;0m████  ██      
[38;2;0;0;0m██[38;2;247;247;47m██[38;2;255;255;255m████[38;2;247;247;47m██[38;2;0;0;0m██  ██[38;2;198;214;150m████[38;2;140;176;244m████████[38;2;140;173;244m████[38;2;66;66;66m██[38;2;0;0;0m████      
[38;2;0;0;0m  ██[38;2;255;255;255m████[38;2;0;0;0m██[38;2;189;189;213m██[38;2;0;0;16m██[38;2;247;247;63m██[38;2;247;247;47m██[38;2;140;173;244m██████[38;2;247;247;47m████[38;2;247;231;31m██[38;2;99;132;219m██[38;2;66;66;66m██[38;2;99;132;219m██[38;2;0;0;0m██      
[38;2;0;0;0m    ██████[38;2;189;189;213m██[38;2;82;82;32m██[38;2;0;0;16m██[38;2;247;247;47m██[38;2;140;173;244m████[38;2;247;247;47m████[38;2;0;0;0m██[38;2;247;231;31m████[38;2;66;66;66m██[38;2;99;132;219m████[38;2;0;0;0m██    
[38;2;0;0;0m          ██[38;2;0;0;24m██[38;2;214;231;134m██[38;2;123;156;235m████[38;2;140;173;244m██[38;2;247;247;47m██[38;2;0;0;32m██[38;2;80;82;42m██[38;2;66;66;66m██[38;2;247;247;47m██[38;2;66;66;66m██[38;2;99;132;219m██[38;2;107;140;219m██[38;2;8;4;0m██[38;2;0;0;0m    
[38;2;0;0;0m            [38;2;0;0;24m██[38;2;143;154;97m██[38;2;123;156;235m██[38;2;247;99;87m██[38;2;140;173;244m██[38;2;247;247;47m██[38;2;239;247;63m██[38;2;80;82;42m██[38;2;247;247;47m██[38;2;66;66;66m████[38;2;99;132;219m██[38;2;41;49;73m██[38;2;8;4;0m██[38;2;0;0;0m██  
[38;2;0;0;0m              ██[38;2;123;156;235m████[38;2;140;173;244m████[38;2;247;222;23m██████[38;2;66;66;66m██[38;2;239;198;7m██[38;2;66;66;66m██[38;2;74;74;74m██[38;2;231;231;255m██[38;2;214;214;254m██[38;2;0;0;0m██
[38;2;0;0;0m                ████[38;2;99;132;219m████████[38;2;66;66;66m██[38;2;247;222;23m██[38;2;239;198;7m██[38;2;66;66;66m██[38;2;179;179;195m████[38;2;214;214;254m██[38;2;0;0;0m██
[38;2;0;0;0m                    ██████[38;2;66;66;66m██[38;2;247;231;31m████████[38;2;66;66;66m██[38;2;0;0;0m████  
[38;2;0;0;0m                          ██[38;2;247;231;31m██[38;2;255;255;255m████[38;2;247;231;31m██[38;2;0;0;0m██      
[38;2;0;0;0m                          ██[38;2;175;177;149m██[38;2;255;255;223m████[38;2;175;177;149m██[38;2;0;0;0m██      
[38;2;0;0;0m                            [38;2;16;20;0m██[38;2;255;255;223m████[38;2;16;20;0m██[38;2;0;0;0m        
[38;2;0;0;0m                              ████          [0m
