
[38;2;0;0;0m              [38;2;0;4;0m██[38;2;255;255;255m██[38;2;0;4;0m██[38;2;0;0;0m            [38;2;0;4;0m██[38;2;255;255;255m██[38;2;0;4;0m██[38;2;0;0;0m    
[38;2;0;0;0m            [38;2;0;4;0m██[38;2;255;255;255m████[38;2;0;4;0m██[38;2;0;0;0m  [38;2;0;4;0m██[38;2;0;0;0m        [38;2;0;4;0m██[38;2;255;255;255m██[38;2;0;4;0m██[38;2;0;0;0m    
[38;2;0;0;0m          [38;2;0;4;0m██[38;2;255;255;255m████[38;2;0;4;0m██[38;2;0;0;0m  [38;2;0;4;0m██[38;2;206;107;70m██[38;2;0;4;0m██[38;2;0;0;0m      [38;2;0;4;0m██[38;2;255;255;255m██[38;2;0;4;0m██[38;2;0;0;0m    
[38;2;0;0;0m        [38;2;0;4;0m██[38;2;255;255;255m██[38;2;170;175;173m██[38;2;173;173;173m██[38;2;8;8;0m██[38;2;0;0;0m  [38;2;0;4;0m██[38;2;206;107;70m██[38;2;0;4;0m██[38;2;0;0;0m    [38;2;0;4;0m██[38;2;255;255;255m██████[38;2;0;4;0m██[38;2;0;0;0m  
[38;2;0;0;0m      [38;2;0;4;0m██[38;2;173;173;173m██[38;2;170;175;173m████[38;2;173;173;173m██[38;2;63;63;58m██[38;2;0;4;0m██[38;2;206;107;70m████[38;2;0;4;0m██[38;2;0;0;0m  [38;2;0;4;0m██[38;2;255;255;255m████████[38;2;0;4;0m██[38;2;0;0;0m  
[38;2;0;0;0m      [38;2;0;4;0m██[38;2;173;173;173m██[38;2;170;179;173m████[38;2;206;165;142m██[38;2;74;61;58m██[38;2;209;107;68m████[38;2;0;4;0m██[38;2;0;0;0m  [38;2;0;4;0m██[38;2;255;255;255m██████████[38;2;0;4;0m██[38;2;0;0;0m  
[38;2;0;0;0m    [38;2;0;4;0m██[38;2;173;173;173m████[38;2;148;140;60m██[38;2;170;179;173m██[38;2;74;61;58m██[38;2;162;130;114m██[38;2;209;107;68m████[38;2;0;4;0m██[38;2;0;0;0m  [38;2;0;4;0m██[38;2;255;255;255m██████████[38;2;0;4;0m██[38;2;0;0;0m  
[38;2;0;0;0m    [38;2;0;4;0m██[38;2;170;179;173m████[38;2;144;136;56m██[38;2;66;66;66m██[38;2;206;107;67m████[38;2;209;107;68m████[38;2;206;111;70m██[38;2;0;16;16m██[38;2;255;255;255m██████[38;2;222;189;86m██[38;2;255;255;255m████[38;2;0;4;0m██[38;2;0;0;0m  
[38;2;0;0;0m    [38;2;0;4;0m██[38;2;170;179;173m██[38;2;148;140;60m██[38;2;144;136;56m██[38;2;66;66;66m██[38;2;206;107;67m██[38;2;156;66;76m██[38;2;209;107;68m████[38;2;206;111;70m██[38;2;69;48;34m██[38;2;255;255;255m████[38;2;222;189;86m████[38;2;255;255;255m████[38;2;0;4;0m██[38;2;0;0;0m  
[38;2;0;0;0m    [38;2;0;4;0m██[38;2;189;189;133m██[38;2;129;130;89m██[38;2;66;66;66m██[38;2;206;107;70m██[38;2;156;66;76m██[38;2;222;192;83m██[38;2;156;66;76m██[38;2;206;107;67m██[38;2;206;107;70m██[38;2;66;66;66m██[38;2;255;255;255m██[38;2;222;189;86m████[38;2;255;255;255m████[38;2;0;4;0m██[38;2;0;0;0m    
[38;2;0;0;0m  [38;2;0;4;0m██[38;2;0;0;0m  [38;2;8;12;0m██[38;2;129;130;89m██[38;2;66;66;66m██[38;2;206;107;70m██[38;2;156;66;76m██████[38;2;206;107;67m██[38;2;206;107;70m██[38;2;66;66;66m██[38;2;255;255;255m██[38;2;222;189;86m████[38;2;255;255;255m████[38;2;0;4;0m██[38;2;0;0;0m    
[38;2;0;4;0m██[38;2;173;173;173m██[38;2;0;4;0m██[38;2;66;66;66m██████[38;2;160;66;76m██[38;2;222;192;83m██[38;2;156;66;76m██[38;2;206;107;70m████[38;2;66;66;66m██[38;2;255;255;255m████[38;2;222;189;86m██[38;2;255;255;255m████[38;2;0;4;0m██[38;2;0;0;0m      
[38;2;0;4;0m██[38;2;173;173;173m████[38;2;66;66;66m██[38;2;192;165;80m██[38;2;66;66;66m██[38;2;160;66;76m██[38;2;222;192;83m██[38;2;156;66;76m██[38;2;206;107;70m██[38;2;66;66;66m██████[38;2;255;255;255m██████[38;2;66;66;66m████████[38;2;0;0;0m  
[38;2;0;0;0m  [38;2;0;4;0m██[38;2;173;173;173m██[38;2;170;176;170m██[38;2;66;66;66m██[38;2;176;154;80m██[38;2;66;66;66m██[38;2;222;189;86m██[38;2;66;66;66m████[38;2;222;189;86m██████[38;2;66;66;66m██[38;2;255;255;255m██[38;2;66;66;66m████[38;2;255;255;255m██████[38;2;66;66;66m██
[38;2;0;0;0m  [38;2;0;4;0m██[38;2;58;60;58m██[38;2;170;176;170m████[38;2;66;66;66m██[38;2;231;198;87m██[38;2;222;189;86m██████[38;2;66;66;66m██████[38;2;255;255;255m██[38;2;66;66;66m██[38;2;255;255;255m████████[38;2;66;66;66m██[38;2;0;0;0m  
[38;2;0;4;0m██[38;2;173;173;173m████[38;2;165;173;173m██[38;2;49;53;73m██[38;2;255;255;247m██[38;2;99;53;43m██[38;2;239;173;79m██[38;2;74;61;66m██[38;2;115;49;27m██[38;2;162;115;98m██[38;2;255;255;255m██[38;2;170;175;173m██[38;2;255;255;255m██████[38;2;66;66;66m██████[38;2;0;0;0m    
[38;2;0;0;0m  [38;2;0;4;0m████[38;2;165;173;173m██[38;2;88;93;106m██[38;2;255;255;247m██[38;2;151;120;111m██[38;2;74;61;66m██[38;2;184;136;75m██[38;2;255;247;239m██[38;2;162;115;98m██[38;2;255;255;255m██[38;2;170;175;173m██[38;2;66;74;122m████[38;2;255;255;255m████████[38;2;0;4;0m██[38;2;0;0;0m  
[38;2;0;0;0m      [38;2;0;4;0m████[38;2;82;88;98m██[38;2;165;173;189m██[38;2;189;103;69m██[38;2;247;255;255m██[38;2;255;255;255m████[38;2;82;82;102m████[38;2;0;4;0m██[38;2;255;255;255m██████[38;2;0;4;0m████[38;2;0;0;0m    
[38;2;0;0;0m          [38;2;0;4;8m████[38;2;218;179;162m██[38;2;247;255;255m██[38;2;255;255;255m██[38;2;170;175;173m██[38;2;165;165;189m██[38;2;0;0;16m██[38;2;0;0;0m  [38;2;0;4;0m██████[38;2;0;0;0m        
[38;2;0;0;0m              [38;2;0;4;8m██[38;2;66;74;130m██[38;2;66;66;66m████[38;2;0;4;0m██[38;2;0;0;0m                  
[38;2;0;0;0m          [38;2;0;4;0m████[38;2;66;74;130m██[38;2;44;51;89m██[38;2;170;176;170m████[38;2;41;53;109m██[38;2;0;4;0m████[38;2;0;0;0m              
[38;2;0;0;0m      [38;2;0;4;0m████[38;2;198;198;190m██[38;2;41;53;113m██[38;2;49;61;113m██[38;2;255;255;255m████[38;2;49;61;113m██[38;2;65;74;124m██[38;2;41;53;110m██[38;2;82;82;90m██[38;2;0;0;8m██[38;2;0;0;0m            
[38;2;0;0;0m    [38;2;0;4;0m██[38;2;198;198;190m██████[38;2;41;53;113m██[38;2;49;61;113m████████[38;2;41;53;110m████[38;2;247;247;255m██[38;2;0;0;8m██[38;2;0;0;0m            
[38;2;0;0;0m    [38;2;0;4;0m██[38;2;201;198;190m████[38;2;66;66;66m████[38;2;41;53;113m████[38;2;255;255;255m██[38;2;41;53;113m██[38;2;82;85;96m██[38;2;247;255;255m██[38;2;255;255;255m████[38;2;0;4;0m██[38;2;0;0;0m          
[38;2;0;0;0m    [38;2;0;4;0m██[38;2;201;198;190m████[38;2;198;198;190m██[38;2;66;66;66m██[38;2;255;255;255m██████[38;2;41;53;113m██[38;2;0;0;16m██[38;2;247;255;255m██[38;2;255;255;255m██████[38;2;0;4;0m██[38;2;0;0;0m        
[38;2;0;0;0m      [38;2;0;4;0m██[38;2;198;198;190m██[38;2;66;70;82m██[38;2;255;255;255m██████[38;2;247;255;255m██[38;2;0;0;24m██[38;2;0;0;0m  [38;2;0;4;0m██[38;2;255;255;255m██████[38;2;0;4;0m██[38;2;0;0;0m        
[38;2;0;0;0m        [38;2;0;4;0m██[38;2;66;70;82m████[38;2;255;255;255m████[38;2;82;85;101m████[38;2;0;4;0m██[38;2;66;65;66m██[38;2;255;255;255m████[38;2;0;4;0m██[38;2;0;0;0m          
[38;2;0;0;0m      [38;2;0;4;0m██[38;2;173;173;173m██[38;2;66;66;66m██[38;2;160;66;76m██[38;2;66;70;122m████[38;2;69;74;125m██[38;2;206;107;70m██[38;2;74;70;50m██[38;2;255;255;199m██[38;2;255;255;255m██[38;2;0;4;0m██[38;2;0;0;0m            
[38;2;0;0;0m        [38;2;0;4;0m██[38;2;160;66;76m████[38;2;159;86;82m██[38;2;206;94;62m██[38;2;206;107;70m████[38;2;195;193;149m██[38;2;74;70;50m██[38;2;255;255;255m████[38;2;0;4;0m██[38;2;0;0;0m          
[38;2;0;0;0m        [38;2;0;4;0m██[38;2;132;37;60m██[38;2;154;77;63m██[38;2;74;57;66m██[38;2;214;99;62m██[38;2;209;107;68m████[38;2;192;112;75m██[38;2;247;214;71m██[38;2;66;66;66m████[38;2;0;4;0m██[38;2;0;0;0m          
[38;2;0;0;0m      [38;2;0;4;0m██[38;2;189;156;69m██[38;2;198;156;70m██[38;2;132;37;60m██[38;2;121;71;65m██[38;2;74;57;66m██[38;2;209;107;68m████[38;2;165;61;77m████[38;2;66;66;66m██[38;2;192;159;69m██[38;2;189;156;69m██[38;2;0;4;0m██[38;2;0;0;0m        
[38;2;0;0;0m        [38;2;0;4;0m██[38;2;189;156;69m██████[38;2;0;4;0m██[38;2;80;60;45m██[38;2;159;121;66m██[38;2;244;214;71m████[38;2;239;206;87m██[38;2;80;69;45m██[38;2;0;4;0m██[38;2;0;0;0m          
[38;2;0;0;0m          [38;2;0;8;16m██[38;2;63;57;34m██[38;2;0;4;0m██[38;2;0;0;0m  [38;2;0;0;24m██[38;2;239;181;87m██[38;2;244;214;71m████[38;2;80;69;45m██[38;2;0;0;24m██[38;2;0;0;0m            
[38;2;0;0;0m      [38;2;0;12;8m████[38;2;41;53;113m████[38;2;0;4;0m██[38;2;0;0;0m    [38;2;0;4;0m██[38;2;57;57;76m████[38;2;0;4;0m██[38;2;0;0;0m              
[38;2;0;0;0m    [38;2;0;4;0m██[38;2;154;78;87m██[38;2;77;45;48m██[38;2;156;66;76m██[38;2;41;53;113m██[38;2;0;4;0m██[38;2;0;0;0m      [38;2;8;8;0m██[38;2;82;82;114m██[38;2;66;72;126m██[38;2;0;4;0m██[38;2;0;0;0m            
[38;2;0;0;0m    [38;2;0;4;0m██[38;2;77;45;48m██[38;2;154;78;87m██[38;2;0;4;0m████[38;2;0;0;0m        [38;2;0;20;40m██[38;2;71;49;58m██[38;2;69;54;63m██[38;2;0;24;48m██[38;2;0;0;0m            
[38;2;0;0;0m      [38;2;0;12;8m████[38;2;0;0;0m          [38;2;0;4;0m██[38;2;214;107;94m██[38;2;143;78;76m██[38;2;206;115;94m██[38;2;69;54;63m██[38;2;0;4;0m██[38;2;0;0;0m          
[38;2;0;0;0m                    [38;2;0;4;0m██[38;2;69;46;31m██[38;2;206;115;78m██[38;2;77;45;48m██[38;2;154;78;87m██[38;2;0;4;0m██[38;2;0;0;0m          
[38;2;0;0;0m                      [38;2;0;12;8m████████[38;2;0;0;0m            [0m
