
[38;2;0;0;0m                        [38;2;0;4;0m████[38;2;119;117;119m████[38;2;82;80;66m████[38;2;0;4;0m██[38;2;0;0;0m                          
[38;2;0;0;0m                      [38;2;0;4;0m██[38;2;66;61;58m██[38;2;82;80;77m██[38;2;82;80;66m████[38;2;94;92;86m████[38;2;123;119;115m██[38;2;0;4;0m██[38;2;0;0;0m                        
[38;2;0;0;0m                      [38;2;0;4;0m██[38;2;82;80;77m██[38;2;115;119;115m████[38;2;82;80;66m██[38;2;94;92;86m██[38;2;189;45;53m██[38;2;82;81;77m████[38;2;0;4;0m██[38;2;0;0;0m                      
[38;2;0;0;0m                      [38;2;0;4;0m██[38;2;82;82;66m████[38;2;118;121;115m████[38;2;82;81;69m████[38;2;239;82;55m██[38;2;74;70;66m██[38;2;0;4;0m██[38;2;0;0;0m                      
[38;2;0;0;0m                    [38;2;0;4;0m██[38;2;66;65;66m██[38;2;82;82;66m██[38;2;187;43;48m██[38;2;82;82;66m████[38;2;82;81;69m████[38;2;74;70;66m████[38;2;82;80;70m██[38;2;0;4;0m██[38;2;0;0;0m                    
[38;2;0;0;0m                  [38;2;0;4;0m██[38;2;82;81;69m████████[38;2;82;80;69m██[38;2;247;99;63m██[38;2;239;82;55m██[38;2;74;74;66m██[38;2;85;79;69m████[38;2;74;71;69m██[38;2;0;4;0m██[38;2;0;0;0m        [38;2;0;4;0m████[38;2;0;0;0m        
[38;2;0;0;0m                  [38;2;0;4;0m██[38;2;82;81;69m████████[38;2;247;99;63m██[38;2;82;80;69m██[38;2;74;74;66m████[38;2;85;79;69m██[38;2;255;115;79m██[38;2;74;71;69m██[38;2;0;4;0m██[38;2;0;0;0m      [38;2;0;4;0m██[38;2;119;117;119m████[38;2;0;4;0m██[38;2;0;0;0m      
[38;2;0;0;0m                  [38;2;0;4;0m██[38;2;129;56;60m██[38;2;239;70;47m██[38;2;66;66;66m████[38;2;77;74;69m██[38;2;132;41;60m██[38;2;82;81;69m██[38;2;132;42;57m██[38;2;255;165;87m██[38;2;115;53;59m██[38;2;132;42;57m██[38;2;82;81;69m██[38;2;0;4;0m██[38;2;0;0;0m    [38;2;0;4;0m██[38;2;118;119;118m████[38;2;0;4;0m██[38;2;0;0;0m      
[38;2;0;0;0m                [38;2;0;4;0m██[38;2;82;80;70m██[38;2;129;56;60m██[38;2;74;49;66m██[38;2;132;41;56m████[38;2;77;74;69m████[38;2;132;42;57m██[38;2;82;81;69m██[38;2;115;53;59m████[38;2;132;42;57m████[38;2;0;4;0m██[38;2;0;0;0m  [38;2;0;4;0m██[38;2;119;117;119m██[38;2;118;119;118m██[38;2;96;99;96m██[38;2;0;4;0m██[38;2;0;0;0m      
[38;2;0;0;0m                [38;2;0;4;0m██[38;2;115;53;62m██[38;2;187;44;51m████[38;2;129;42;57m████[38;2;255;132;79m████[38;2;99;66;67m████[38;2;74;49;58m██[38;2;255;99;71m██[38;2;132;41;60m████[38;2;77;74;69m██[38;2;0;4;0m██[38;2;118;120;118m████[38;2;123;127;123m██[38;2;0;8;0m██[38;2;0;0;0m        
[38;2;0;0;0m              [38;2;0;4;0m██[38;2;115;53;62m████[38;2;132;41;60m██[38;2;187;44;51m██[38;2;189;45;53m██[38;2;129;42;57m██[38;2;129;44;54m██[38;2;255;132;79m██[38;2;255;165;87m██[38;2;99;66;67m██[38;2;134;66;62m████[38;2;255;140;87m████[38;2;77;74;69m████[38;2;118;120;118m████[38;2;82;87;82m██[38;2;0;8;0m██[38;2;0;0;0m        
[38;2;0;0;0m              [38;2;0;4;0m██[38;2;99;71;72m██[38;2;99;45;51m██[38;2;126;49;57m██[38;2;66;61;66m██[38;2;66;57;66m██[38;2;129;72;70m██[38;2;129;46;57m████[38;2;187;44;51m██[38;2;132;41;60m██[38;2;140;28;52m██[38;2;178;65;61m██[38;2;132;41;60m██[38;2;187;44;51m██[38;2;66;66;66m██[38;2;118;118;118m██[38;2;118;119;118m██[38;2;96;99;96m██[38;2;94;96;94m██[38;2;0;4;0m██[38;2;0;0;0m        
[38;2;0;0;0m    [38;2;0;4;0m████[38;2;0;0;0m      [38;2;0;4;0m██[38;2;99;123;115m██[38;2;99;71;72m██[38;2;66;61;66m██[38;2;187;36;48m██[38;2;255;103;79m██[38;2;66;57;66m████[38;2;192;35;48m██[38;2;132;41;60m██[38;2;187;44;51m██[38;2;255;140;79m████[38;2;187;44;51m██[38;2;132;41;60m██[38;2;66;66;66m██[38;2;118;118;118m██[38;2;118;119;118m██[38;2;96;99;96m██[38;2;0;4;0m██[38;2;0;0;0m          
[38;2;0;0;0m  [38;2;0;4;0m██[38;2;96;99;96m████[38;2;0;4;0m██████[38;2;119;117;119m██[38;2;118;119;118m████[38;2;93;96;93m██[38;2;66;70;66m██[38;2;152;115;104m██[38;2;247;140;111m██[38;2;255;173;95m██[38;2;57;74;81m██[38;2;192;68;61m██[38;2;255;78;63m██[38;2;255;165;87m██[38;2;189;45;53m██[38;2;126;49;57m██[38;2;66;61;66m██[38;2;118;120;118m████[38;2;94;96;94m████[38;2;0;4;0m██[38;2;0;0;0m          
[38;2;0;0;0m  [38;2;0;4;0m██[38;2;96;99;96m████[38;2;99;99;99m██[38;2;66;67;66m██[38;2;119;117;119m████[38;2;118;119;118m██[38;2;96;99;96m██[38;2;121;122;121m████[38;2;57;90;97m██[38;2;152;115;104m██[38;2;156;123;88m██[38;2;255;173;95m██[38;2;66;49;58m██[38;2;192;68;61m██[38;2;189;45;53m████[38;2;187;36;48m██[38;2;66;61;66m██[38;2;118;120;118m████[38;2;94;96;94m██[38;2;0;4;0m██[38;2;0;0;0m            
[38;2;0;0;0m    [38;2;0;4;0m██[38;2;99;99;99m██[38;2;66;66;66m██[38;2;118;118;118m██[38;2;82;82;66m██[38;2;118;121;115m██████[38;2;118;119;118m██[38;2;96;99;96m██[38;2;115;119;115m██[38;2;66;66;58m██[38;2;66;66;66m██[38;2;137;137;127m██[38;2;255;86;63m██[38;2;82;74;74m██[38;2;187;44;48m████[38;2;66;70;66m██[38;2;121;122;121m██[38;2;118;119;118m██[38;2;96;99;96m██[38;2;94;96;94m██[38;2;0;4;0m██[38;2;0;0;0m            
[38;2;0;0;0m  [38;2;0;4;0m██[38;2;99;99;99m██[38;2;66;67;66m██[38;2;118;118;118m████[38;2;118;121;115m██[38;2;82;82;66m██[38;2;118;121;115m██[38;2;82;82;66m██[38;2;118;119;118m████[38;2;115;119;115m██[38;2;82;84;77m██[38;2;102;102;96m██[38;2;66;66;66m██[38;2;82;74;74m██[38;2;197;82;67m██[38;2;66;66;66m████[38;2;121;122;121m██[38;2;93;96;93m██[38;2;118;119;118m██[38;2;96;99;96m██[38;2;94;96;94m████[38;2;0;4;0m██[38;2;0;0;0m          
[38;2;0;0;0m  [38;2;0;4;0m██[38;2;107;107;107m██[38;2;71;73;71m██[38;2;118;120;118m████[38;2;118;124;118m██[38;2;90;99;90m██[38;2;85;82;82m██[38;2;255;239;247m██[38;2;118;120;118m████[38;2;80;79;69m██[38;2;93;97;96m██[38;2;94;99;94m██[38;2;66;66;66m██[38;2;99;99;91m██[38;2;66;66;66m██[38;2;118;120;118m████████[38;2;99;100;91m██[38;2;115;119;115m██[38;2;94;98;94m████[38;2;0;4;0m██[38;2;0;0;0m          
[38;2;0;0;0m    [38;2;0;4;0m██[38;2;107;107;107m██[38;2;118;120;118m████[38;2;90;99;90m██[38;2;173;173;173m██[38;2;0;4;0m██[38;2;255;239;247m██[38;2;118;120;118m████[38;2;80;79;69m██[38;2;93;97;96m██[38;2;94;99;94m██[38;2;66;66;66m██[38;2;77;77;74m██[38;2;66;66;66m██[38;2;118;120;118m████████[38;2;82;80;66m████[38;2;82;82;66m██[38;2;94;98;94m██[38;2;0;4;0m██[38;2;0;0;0m          
[38;2;0;0;0m  [38;2;0;4;0m██[38;2;118;120;118m████[38;2;118;121;115m██[38;2;82;82;66m██[38;2;60;63;60m██[38;2;0;8;0m██[38;2;247;231;247m██[38;2;126;126;126m██[38;2;115;119;115m██[38;2;82;80;66m██[38;2;80;79;69m██[38;2;93;97;96m██[38;2;94;99;94m████[38;2;66;66;66m██[38;2;94;99;94m██[38;2;96;99;96m██[38;2;118;119;118m██[38;2;115;119;115m██[38;2;82;80;66m██[38;2;94;99;94m██████[38;2;66;66;66m██[38;2;94;96;94m██[38;2;0;4;0m██[38;2;0;0;0m        
[38;2;0;0;0m  [38;2;0;4;0m██[38;2;118;120;118m████[38;2;118;121;115m██[38;2;82;82;66m██[38;2;121;118;121m████[38;2;126;126;126m██[38;2;66;74;66m██[38;2;82;80;66m██[38;2;99;100;91m██[38;2;93;97;96m██[38;2;80;79;69m██[38;2;94;99;94m██[38;2;66;66;66m██████[38;2;96;99;96m████[38;2;82;80;66m██[38;2;99;100;91m██[38;2;66;66;66m████[38;2;94;99;94m██[38;2;66;66;66m██[38;2;94;96;94m██[38;2;0;4;0m██[38;2;0;0;0m        
[38;2;0;0;0m  [38;2;0;4;0m██[38;2;123;123;123m████[38;2;96;99;96m████[38;2;80;79;69m████[38;2;82;82;66m██[38;2;94;98;94m██[38;2;94;99;94m████[38;2;66;66;66m██[38;2;94;99;94m██[38;2;66;66;66m████[38;2;99;99;91m██[38;2;66;66;66m████[38;2;94;99;94m██[38;2;77;77;74m██[38;2;66;66;66m██[38;2;94;99;94m████[38;2;66;66;66m██[38;2;77;77;74m██[38;2;99;103;99m██[38;2;8;8;0m██[38;2;0;0;0m        
[38;2;0;0;0m    [38;2;0;8;0m██[38;2;82;85;82m██[38;2;96;99;96m████[38;2;93;97;96m████[38;2;94;98;94m████[38;2;66;66;66m██[38;2;94;99;94m██[38;2;66;66;66m████[38;2;77;77;74m██[38;2;99;99;91m██[38;2;77;77;74m██[38;2;99;99;91m██[38;2;66;66;66m██████[38;2;99;99;91m██[38;2;66;66;66m██████[38;2;99;99;91m██[38;2;69;71;66m██[38;2;99;103;99m██[38;2;0;4;0m██[38;2;0;0;0m      
[38;2;0;0;0m      [38;2;0;4;0m██[38;2;94;99;94m████[38;2;66;66;66m████[38;2;94;99;94m████[38;2;66;66;66m████[38;2;99;100;91m██[38;2;82;80;66m██[38;2;96;99;96m████[38;2;94;98;94m██[38;2;82;82;66m██[38;2;99;99;91m████[38;2;66;66;66m████[38;2;118;120;118m████[38;2;93;96;93m██[38;2;66;70;66m██[38;2;77;77;74m██[38;2;99;99;91m██[38;2;0;4;0m██[38;2;0;0;0m      
[38;2;0;0;0m    [38;2;0;4;0m██[38;2;94;96;94m██[38;2;66;66;66m████[38;2;94;99;94m██[38;2;66;66;66m██████[38;2;115;119;115m██[38;2;82;84;82m██[38;2;82;80;66m██[38;2;115;119;115m██[38;2;118;119;118m██[38;2;96;99;96m██[38;2;94;98;94m████[38;2;77;77;74m██[38;2;66;66;66m██[38;2;118;118;118m████[38;2;118;120;118m████[38;2;121;122;121m██[38;2;93;96;93m██[38;2;66;66;66m██[38;2;99;99;91m██[38;2;0;4;0m██[38;2;0;0;0m      
[38;2;0;0;0m  [38;2;0;4;0m██[38;2;82;80;69m██[38;2;66;66;66m██[38;2;96;99;96m████[38;2;94;99;94m████[38;2;66;66;66m██[38;2;118;118;118m██[38;2;118;120;118m████[38;2;82;82;66m██[38;2;118;121;115m██[38;2;118;120;118m████[38;2;121;121;121m██[38;2;93;93;93m██[38;2;66;66;66m██[38;2;118;118;118m██[38;2;96;99;96m██[38;2;118;119;118m██[38;2;96;99;96m████[38;2;93;97;96m██[38;2;80;79;69m██[38;2;66;66;66m██[38;2;82;80;69m██[38;2;94;96;94m██[38;2;0;4;0m██[38;2;0;0;0m    
[38;2;0;4;0m██[38;2;82;80;70m██[38;2;82;80;69m██[38;2;66;66;66m██[38;2;96;99;96m████[38;2;94;99;94m██[38;2;66;66;66m████[38;2;118;118;118m██[38;2;118;120;118m████[38;2;118;121;115m██[38;2;82;82;66m██[38;2;118;120;118m████[38;2;66;66;66m████[38;2;118;118;118m████[38;2;118;119;118m██[38;2;96;99;96m██[38;2;118;119;118m████[38;2;80;79;69m██[38;2;93;97;96m██[38;2;66;66;66m██[38;2;82;80;69m██[38;2;94;96;94m██[38;2;0;4;0m██[38;2;0;0;0m    
[38;2;0;4;0m██[38;2;66;65;66m██[38;2;66;66;66m██[38;2;82;80;69m██[38;2;66;65;66m██[38;2;0;4;0m██[38;2;66;71;66m██[38;2;99;103;99m██[38;2;94;99;94m██[38;2;66;66;66m██[38;2;118;118;118m████[38;2;94;99;94m██[38;2;66;66;66m██[38;2;118;118;118m██[38;2;66;66;66m██[38;2;82;80;69m████[38;2;66;66;66m████[38;2;118;118;118m████[38;2;80;79;69m████[38;2;94;99;94m██[38;2;66;66;66m██[38;2;94;98;94m██[38;2;82;82;66m██[38;2;99;103;99m██[38;2;8;8;0m██[38;2;0;0;0m    
[38;2;0;0;0m  [38;2;0;4;0m██[38;2;82;80;69m████[38;2;0;4;0m██[38;2;0;0;0m  [38;2;0;8;0m██[38;2;66;71;66m██[38;2;94;99;94m████[38;2;66;66;66m██████[38;2;94;99;94m██[38;2;66;66;66m████[38;2;82;80;69m██[38;2;66;66;66m██[38;2;82;80;69m████[38;2;66;66;66m████[38;2;93;97;96m████[38;2;66;66;66m████[38;2;94;98;94m████[38;2;69;71;66m██[38;2;99;103;99m██[38;2;0;4;0m██[38;2;0;0;0m  
[38;2;0;0;0m    [38;2;0;4;0m████[38;2;0;0;0m  [38;2;0;4;0m██[38;2;94;98;94m████[38;2;80;79;69m████[38;2;66;66;66m██[38;2;121;121;121m██[38;2;118;119;118m██[38;2;96;99;96m██[38;2;118;121;115m████[38;2;66;66;66m████[38;2;82;80;69m██[38;2;66;66;66m██[38;2;82;81;69m████[38;2;66;66;66m████[38;2;115;119;115m██[38;2;66;66;58m██[38;2;94;99;94m████[38;2;80;79;69m██[38;2;93;97;96m██[38;2;0;4;0m██[38;2;0;0;0m  
[38;2;0;0;0m          [38;2;0;4;0m██[38;2;94;98;94m██[38;2;82;82;66m██[38;2;93;97;96m████[38;2;93;93;93m██[38;2;66;66;66m██[38;2;118;119;118m████[38;2;82;82;66m██[38;2;118;121;115m██[38;2;118;118;118m██[38;2;66;66;66m██████[38;2;82;81;69m████[38;2;66;66;66m██[38;2;118;118;118m██[38;2;82;84;77m██[38;2;99;101;96m██[38;2;66;66;66m██[38;2;94;99;94m██[38;2;80;79;69m██[38;2;93;97;96m██[38;2;0;4;0m██[38;2;0;0;0m  
[38;2;0;0;0m            [38;2;0;4;0m████[38;2;99;99;99m████[38;2;77;77;74m██[38;2;99;99;91m██[38;2;66;66;66m██[38;2;94;99;94m██[38;2;94;98;94m██[38;2;82;82;66m██[38;2;77;77;74m██[38;2;66;66;66m██[38;2;118;120;118m████[38;2;66;66;66m████[38;2;80;79;69m████[38;2;94;96;94m████[38;2;66;66;66m██[38;2;94;99;94m██[38;2;93;97;96m██[38;2;80;79;69m██[38;2;94;96;94m██[38;2;0;4;0m██
[38;2;0;0;0m                [38;2;0;4;0m██[38;2;66;67;66m██[38;2;66;66;66m████████[38;2;94;98;94m████[38;2;99;99;91m██[38;2;66;66;66m██[38;2;118;120;118m████[38;2;77;77;74m██[38;2;99;99;91m██[38;2;93;97;96m██[38;2;80;79;69m██[38;2;94;96;94m██[38;2;0;4;0m██[38;2;94;99;94m████[38;2;80;79;69m████[38;2;94;96;94m██[38;2;0;4;0m██
[38;2;0;0;0m              [38;2;0;4;0m██[38;2;66;66;66m██[38;2;99;99;91m██[38;2;94;99;94m██████[38;2;66;66;66m██[38;2;0;4;0m██████████[38;2;119;117;119m██[38;2;77;77;74m██[38;2;99;99;91m████[38;2;77;77;74m██[38;2;0;4;0m██[38;2;0;0;0m  [38;2;0;4;0m████[38;2;94;96;94m████[38;2;0;4;0m██[38;2;0;0;0m  
[38;2;0;0;0m            [38;2;0;4;0m██[38;2;82;80;70m██[38;2;77;77;74m██[38;2;66;66;66m██████[38;2;94;99;94m████[38;2;0;4;0m██[38;2;0;0;0m        [38;2;0;4;0m██[38;2;66;66;66m████████[38;2;0;4;0m██[38;2;0;0;0m      [38;2;0;4;0m████[38;2;0;0;0m    
[38;2;0;0;0m              [38;2;0;4;0m████[38;2;82;80;70m██[38;2;82;80;69m████[38;2;0;4;0m████[38;2;0;0;0m          [38;2;0;4;0m██[38;2;118;119;118m████████[38;2;94;96;94m██[38;2;0;4;0m██[38;2;0;0;0m            
[38;2;0;0;0m                  [38;2;0;4;0m██████[38;2;0;0;0m            [38;2;0;4;0m██[38;2;119;117;119m██[38;2;96;99;96m██[38;2;118;119;118m████[38;2;96;99;96m██[38;2;94;96;94m████[38;2;0;4;0m██[38;2;0;0;0m          
[38;2;0;0;0m                                  [38;2;0;4;0m██[38;2;74;71;69m████[38;2;66;66;66m████[38;2;99;103;99m██[38;2;66;71;66m████[38;2;99;103;99m██[38;2;0;4;0m██[38;2;0;0;0m          
[38;2;0;0;0m                                    [38;2;0;4;0m████[38;2;82;80;69m████[38;2;0;8;0m██[38;2;66;71;66m████[38;2;0;8;0m██[38;2;0;0;0m            
[38;2;0;0;0m                                        [38;2;0;4;0m████[38;2;0;0;0m  [38;2;0;4;0m████[38;2;0;0;0m              [0m
