
[38;2;0;0;0m                        ██                                
[38;2;0;0;0m                    ████[38;2;206;165;118m██[38;2;0;0;0m██              ██              
[38;2;0;0;0m                ████[38;2;132;104;79m██[38;2;198;156;118m██[38;2;0;0;0m██            ████[38;2;255;206;151m██[38;2;0;0;0m██            
[38;2;0;0;0m              ██[38;2;206;165;118m████[38;2;132;104;79m██[38;2;0;0;0m██          ████[38;2;206;165;118m██[38;2;255;206;151m██[38;2;0;0;0m██              
[38;2;0;0;0m            ██[38;2;198;156;118m██[38;2;206;165;118m████[38;2;0;0;0m██          ██[38;2;127;103;71m██[38;2;173;151;109m████[38;2;0;0;0m██                
[38;2;0;0;0m          ██[38;2;132;104;79m████[38;2;206;165;118m██[38;2;0;0;0m██      ██████[38;2;255;206;143m████[38;2;255;222;159m██[38;2;8;8;8m██[38;2;0;0;0m                  
[38;2;0;0;0m          ██[38;2;206;165;118m████[38;2;115;103;83m██[38;2;0;0;8m██[38;2;0;0;0m  ████[38;2;255;206;143m██[38;2;255;206;151m████[38;2;127;103;71m██[38;2;255;206;143m██[38;2;0;0;0m██                    
[38;2;0;0;0m        ██[38;2;206;165;118m████[38;2;66;66;66m██[38;2;77;69;58m████[38;2;0;0;0m██[38;2;255;206;151m██[38;2;255;206;143m██[38;2;127;103;71m██[38;2;255;206;151m██[38;2;206;165;118m██[38;2;0;0;0m████                      
[38;2;0;0;0m      ██[38;2;198;165;118m██[38;2;66;66;66m████[38;2;94;92;90m██[38;2;66;66;58m██[38;2;255;198;143m██[38;2;209;166;118m██[38;2;247;198;143m██[38;2;255;206;151m████[38;2;127;103;71m██[38;2;0;0;0m██                          
[38;2;0;0;0m      ██[38;2;66;66;66m██[38;2;110;99;83m██[38;2;94;92;90m████[38;2;66;66;58m██[38;2;129;110;86m██[38;2;247;198;143m██[38;2;132;103;68m██[38;2;255;206;151m██[38;2;129;104;73m██[38;2;0;0;0m██                            
[38;2;0;0;0m      ██[38;2;96;93;90m████[38;2;120;107;91m██[38;2;57;61;65m██[38;2;255;206;151m████[38;2;131;115;91m██[38;2;206;156;110m██[38;2;66;66;66m████[38;2;38;77;81m██[38;2;16;0;0m██[38;2;0;0;0m██                        
[38;2;0;0;0m    ██[38;2;66;66;66m██[38;2;96;93;90m████[38;2;57;61;65m██[38;2;247;198;143m██[38;2;255;206;151m██[38;2;66;66;66m██[38;2;57;74;73m████[38;2;37;119;125m████[38;2;38;77;81m██[38;2;60;154;161m██[38;2;41;156;161m██[38;2;0;0;0m██                      
[38;2;0;0;0m    ██[38;2;94;90;90m██[38;2;94;92;90m██[38;2;66;66;66m██[38;2;247;206;151m████[38;2;82;70;58m██[38;2;255;255;247m██[38;2;82;61;50m██[38;2;165;206;197m██[38;2;46;87;86m████[38;2;38;154;166m████[38;2;0;0;0m██                        
[38;2;0;0;0m  ██[38;2;94;90;90m████[38;2;66;66;66m████[38;2;82;69;56m██[38;2;0;0;8m██[38;2;197;193;184m██[38;2;255;255;247m██[38;2;110;109;99m██[38;2;165;206;197m██[38;2;46;87;86m██[38;2;41;156;161m██[38;2;38;154;166m██[38;2;0;0;0m██                          
[38;2;0;0;0m██[38;2;165;206;205m██[38;2;66;66;66m████[38;2;165;206;205m████[38;2;206;206;174m████[38;2;222;255;254m██[38;2;115;103;75m██[38;2;173;206;205m██[38;2;49;86;89m██[38;2;41;156;164m████[38;2;41;156;161m██[38;2;0;0;0m██                          
[38;2;0;0;0m  ██[38;2;165;206;205m████████[38;2;96;93;91m████[38;2;186;204;194m████[38;2;132;166;166m██[38;2;49;86;89m██[38;2;41;156;164m████[38;2;0;0;0m██                  ██████    
[38;2;0;0;0m    ██[38;2;165;206;205m██████████[38;2;94;92;90m████[38;2;49;86;89m██[38;2;41;154;165m██[38;2;41;156;161m██[38;2;46;87;86m██[38;2;0;0;0m██              ████[38;2;165;206;205m████[38;2;0;0;0m██    
[38;2;0;0;0m      ██[38;2;8;0;0m██[38;2;86;103;102m██[38;2;99;94;91m██[38;2;143;169;167m██[38;2;140;173;172m████[38;2;49;86;89m██[38;2;41;154;165m██[38;2;46;87;86m████[38;2;0;0;0m██  ████      ██[38;2;165;206;205m██████[38;2;0;0;0m██      
[38;2;0;0;0m          ██[38;2;66;66;66m████[38;2;49;86;89m████[38;2;41;156;164m████[38;2;49;86;89m██[38;2;41;154;165m██[38;2;82;69;56m██[38;2;0;0;8m██[38;2;247;206;151m██[38;2;0;0;8m██[38;2;0;0;0m    ██[38;2;206;206;174m██[38;2;173;214;213m██[38;2;137;166;164m██[38;2;143;170;169m██[38;2;66;66;66m██[38;2;0;0;0m██████
[38;2;0;0;0m        ██[38;2;66;66;66m██[38;2;255;255;255m████[38;2;96;92;90m████[38;2;41;156;164m████[38;2;41;154;165m██[38;2;49;86;89m██[38;2;82;69;56m██[38;2;247;206;151m████[38;2;82;69;56m██[38;2;0;0;0m████[38;2;206;206;174m██[38;2;69;69;58m██[38;2;66;70;66m██[38;2;137;166;164m██[38;2;143;170;169m██████[38;2;0;0;0m██  
[38;2;0;0;0m      ██[38;2;255;255;255m████[38;2;206;192;192m██[38;2;255;255;255m██████[38;2;66;66;66m██[38;2;38;154;166m██[38;2;41;154;165m██[38;2;49;86;89m██[38;2;129;104;73m██[38;2;255;206;151m██[38;2;85;79;66m██[38;2;41;156;161m██[38;2;66;66;66m██[38;2;255;206;151m██[38;2;66;66;66m██[38;2;38;154;166m████[38;2;66;66;66m██[38;2;143;170;169m████[38;2;0;0;0m██    
[38;2;0;0;0m        [38;2;8;4;8m██[38;2;173;171;173m██[38;2;255;255;255m████████[38;2;66;66;66m██[38;2;38;154;166m██[38;2;41;154;165m████[38;2;129;104;73m██[38;2;255;206;151m██[38;2;85;79;66m████[38;2;255;206;151m████[38;2;66;66;66m██[38;2;38;154;166m████[38;2;66;66;66m██[38;2;143;170;169m██[38;2;66;66;66m██[38;2;0;0;0m██    
[38;2;0;0;0m      ██[38;2;255;255;255m████████[38;2;192;192;192m██[38;2;255;255;255m██[38;2;231;255;255m██[38;2;41;74;73m██[38;2;41;156;161m██[38;2;129;104;73m██[38;2;252;203;148m████[38;2;255;206;151m████[38;2;247;198;143m██[38;2;123;103;67m██[38;2;57;74;73m████[38;2;41;154;165m██[38;2;49;86;89m██[38;2;66;66;66m██[38;2;143;170;169m██[38;2;140;173;172m██[38;2;0;0;0m██  
[38;2;0;0;0m      ██[38;2;255;255;255m██████████[38;2;66;66;66m██[38;2;41;74;73m██[38;2;104;134;134m██[38;2;41;156;161m██[38;2;129;104;73m██[38;2;252;203;148m████[38;2;255;206;151m██[38;2;206;165;118m██[38;2;206;166;118m████[38;2;206;165;118m██[38;2;57;74;73m██[38;2;49;86;89m██[38;2;41;154;165m██[38;2;66;66;66m██[38;2;143;170;169m██[38;2;0;0;0m██    
[38;2;0;0;0m      ██[38;2;173;173;173m██[38;2;255;255;255m████[38;2;206;192;192m██[38;2;206;189;190m██[38;2;66;66;66m██[38;2;38;154;166m████[38;2;41;156;161m██[38;2;129;104;73m██[38;2;189;127;77m██[38;2;137;131;100m██[38;2;131;127;103m██[38;2;206;148;102m██[38;2;206;165;126m██[38;2;69;60;53m██[38;2;66;66;66m██[38;2;41;156;161m██████[38;2;66;66;66m██[38;2;0;0;0m██      
[38;2;0;0;0m        [38;2;8;8;8m██[38;2;173;173;173m██[38;2;206;192;192m████[38;2;206;189;190m████[38;2;66;66;66m██[38;2;38;154;166m██[38;2;41;156;161m██[38;2;129;104;73m██[38;2;137;131;100m██[38;2;33;140;145m██[38;2;57;107;105m████[38;2;69;60;53m██[38;2;0;8;16m██[38;2;49;126;129m██[38;2;41;156;161m████[38;2;36;121;124m██[38;2;0;0;0m██        
[38;2;0;0;0m          ██[38;2;206;189;190m████[38;2;66;66;66m██[38;2;206;189;190m██[38;2;32;60;62m██[38;2;49;165;169m██[38;2;41;156;164m████████[38;2;66;66;66m██[38;2;143;170;169m██[38;2;0;0;0m██  ██[38;2;37;119;125m██████[38;2;0;0;0m██        
[38;2;0;0;0m        ██[38;2;206;189;190m████[38;2;66;66;66m██[38;2;206;189;190m██[38;2;66;66;66m██[38;2;41;113;115m██[38;2;24;8;8m██[38;2;41;156;164m████████[38;2;66;66;66m██[38;2;143;170;169m██[38;2;0;0;0m██    ██[38;2;37;119;125m██[38;2;66;66;66m████[38;2;0;0;0m██      
[38;2;0;0;0m          ████[38;2;66;66;66m██[38;2;82;82;82m██[38;2;38;121;123m██[38;2;0;0;0m██  ██[38;2;49;165;169m██[38;2;41;156;161m██[38;2;36;121;124m██[38;2;66;66;66m██[38;2;0;0;0m██        [38;2;8;0;0m██[38;2;55;58;57m██[38;2;143;170;169m██[38;2;0;0;0m██      
[38;2;0;0;0m              ██[38;2;82;82;82m████[38;2;0;0;0m██  ██[38;2;33;110;113m██[38;2;36;121;124m████[38;2;66;66;66m██[38;2;0;0;0m██        [38;2;8;0;0m██[38;2;148;173;172m██[38;2;143;170;169m████[38;2;0;0;0m██    
[38;2;0;0;0m            [38;2;8;0;0m██[38;2;96;110;109m██[38;2;140;173;169m████[38;2;0;0;0m██  ██[38;2;37;119;125m██[38;2;33;119;121m██[38;2;94;92;90m██[38;2;0;0;0m██          ██[38;2;66;63;61m██[38;2;143;170;169m████[38;2;0;0;0m██    
[38;2;0;0;0m          ██[38;2;52;55;55m██[38;2;140;165;164m██[38;2;140;173;169m████[38;2;0;0;0m██    ██[38;2;94;92;90m████[38;2;0;0;0m██        ██[38;2;66;63;61m██[38;2;99;94;91m██[38;2;66;66;66m██[38;2;143;170;169m██[38;2;0;0;0m██    
[38;2;0;0;0m        ██[38;2;94;90;90m██[38;2;99;94;91m██[38;2;66;63;61m██[38;2;140;173;172m██[38;2;0;0;0m██      ██[38;2;93;91;90m██[38;2;165;206;205m████[38;2;0;0;0m██        ████████      
[38;2;0;0;0m          ████████        ██[38;2;165;206;205m██████[38;2;0;0;0m██                      
[38;2;0;0;0m                        ██[38;2;94;90;90m██[38;2;66;61;58m██[38;2;165;206;197m██[38;2;165;206;205m██[38;2;0;0;0m██                      
[38;2;0;0;0m                      ██[38;2;94;90;90m████[38;2;99;109;104m██[38;2;66;61;58m██[38;2;165;206;205m██[38;2;0;0;0m██                      
[38;2;0;0;0m                        ██████████                        [0m
