
[38;2;0;0;0m                                        ████████                            
[38;2;0;0;0m      ████                            ██[38;2;66;66;66m████████[38;2;0;0;0m██                          
[38;2;0;0;0m      ██[38;2;66;66;66m██[38;2;0;0;0m██                  ██████[38;2;16;4;8m██[38;2;44;55;62m██[38;2;96;158;165m████[38;2;93;159;163m██[38;2;66;66;66m██[38;2;0;0;0m██                          
[38;2;0;0;0m██████  ████              ████[38;2;66;66;66m██████[38;2;71;105;117m██[38;2;99;156;171m██[38;2;96;158;165m████[38;2;93;159;163m████[38;2;66;66;66m██[38;2;0;0;0m██                ████    
[38;2;0;0;0m████████[38;2;66;66;66m████[38;2;0;0;0m██          [38;2;8;0;0m██[38;2;57;74;77m██[38;2;57;86;105m████[38;2;255;222;71m██[38;2;57;94;121m██[38;2;96;158;165m████[38;2;96;157;165m████[38;2;60;97;124m████[38;2;82;69;42m██[38;2;0;0;24m██[38;2;0;0;0m                ████    
[38;2;0;0;0m      ██[38;2;66;66;66m██████[38;2;0;0;0m██      ██[38;2;57;74;77m██[38;2;107;148;155m██[38;2;57;86;105m██[38;2;255;206;71m██[38;2;255;222;71m██[38;2;57;94;121m██[38;2;96;158;165m████[38;2;96;157;165m██[38;2;57;94;121m██[38;2;60;97;124m████[38;2;247;206;79m██[38;2;82;69;42m██[38;2;0;0;0m██        ████  ████    
[38;2;0;0;0m  ████[38;2;66;66;66m████████[38;2;0;0;0m██    ██[38;2;66;66;66m██[38;2;57;94;121m██[38;2;96;157;165m██[38;2;57;94;121m██[38;2;255;239;71m██[38;2;66;90;106m████[38;2;74;90;90m██[38;2;132;131;92m██[38;2;57;94;121m████[38;2;255;206;68m████████[38;2;66;66;66m██[38;2;0;0;0m██      ██[38;2;66;66;66m██[38;2;0;0;0m██[38;2;66;66;66m██[38;2;0;0;0m██    
[38;2;0;0;0m██[38;2;66;66;66m██[38;2;0;0;0m██[38;2;66;66;66m████████[38;2;0;0;0m██    ██[38;2;66;66;66m██[38;2;96;157;165m████[38;2;57;94;121m██[38;2;255;239;71m██[38;2;66;90;106m██[38;2;255;206;71m██[38;2;247;214;95m██[38;2;74;90;90m██[38;2;57;94;121m██[38;2;255;206;71m██[38;2;255;206;68m████████[38;2;66;66;66m████[38;2;0;0;0m██    ██[38;2;66;66;66m████[38;2;0;0;0m██  ████
[38;2;0;0;0m████  ██[38;2;66;66;66m████[38;2;0;0;0m██    ██[38;2;66;66;66m██[38;2;255;206;71m██[38;2;60;96;121m██[38;2;96;159;163m██[38;2;93;159;163m██[38;2;66;66;66m██[38;2;181;166;77m██[38;2;255;239;63m██[38;2;255;206;71m████[38;2;74;74;66m██[38;2;255;239;71m██[38;2;255;206;71m██████[38;2;57;94;121m██[38;2;74;109;116m██[38;2;57;61;65m██[38;2;0;0;0m██      ██[38;2;66;66;66m██[38;2;0;0;0m██  ████
[38;2;0;0;0m      ████[38;2;66;66;66m██[38;2;0;0;0m██    ██[38;2;66;66;66m██[38;2;255;206;71m██[38;2;60;96;121m██[38;2;96;159;163m██[38;2;66;66;66m████[38;2;107;94;91m██[38;2;181;166;77m██[38;2;96;99;93m████[38;2;74;74;66m██[38;2;255;239;71m████[38;2;255;206;71m██[38;2;57;94;121m████[38;2;90;158;168m████[38;2;66;66;66m██[38;2;0;0;0m██    ██[38;2;66;66;66m████[38;2;0;0;0m██[38;2;66;66;66m██[38;2;0;0;0m██
[38;2;0;0;0m          ██[38;2;66;66;66m██[38;2;0;0;0m██  ██[38;2;66;78;82m██[38;2;255;206;71m██[38;2;66;78;82m████[38;2;206;111;70m██[38;2;69;48;34m██[38;2;255;206;71m██[38;2;192;159;69m██[38;2;255;206;71m████[38;2;71;71;66m██[38;2;60;97;121m██[38;2;60;96;121m████[38;2;96;158;165m████[38;2;96;157;165m████[38;2;66;66;66m████[38;2;0;0;0m██    ██[38;2;66;66;66m████[38;2;0;0;0m██  
[38;2;0;0;0m            ████  ██[38;2;66;78;82m████[38;2;255;206;71m██[38;2;66;78;82m██[38;2;206;111;70m██[38;2;0;16;16m██[38;2;66;66;66m██[38;2;192;159;69m██[38;2;255;206;71m██[38;2;66;66;66m██[38;2;71;71;66m████[38;2;96;159;163m████[38;2;96;158;165m████[38;2;96;157;165m██[38;2;57;94;121m██[38;2;255;206;71m██[38;2;66;66;66m██[38;2;0;0;0m██  ██[38;2;66;66;66m██[38;2;0;0;0m████    
[38;2;0;0;0m          ██[38;2;66;66;66m██[38;2;0;0;0m██  ██[38;2;52;66;76m██[38;2;74;99;114m██[38;2;255;239;71m██[38;2;66;82;98m██[38;2;74;74;66m██[38;2;206;107;70m██[38;2;82;81;69m████[38;2;74;74;66m████[38;2;255;140;95m██[38;2;173;96;63m██[38;2;137;104;89m██[38;2;82;148;162m██[38;2;96;159;163m████[38;2;57;94;121m██[38;2;255;206;71m██[38;2;60;96;124m██[38;2;66;66;66m██[38;2;0;0;0m██  ████        
[38;2;0;0;0m          ████      [38;2;8;0;0m██[38;2;52;66;76m██[38;2;66;82;98m██[38;2;255;239;71m██[38;2;74;74;66m████[38;2;82;81;69m████[38;2;195;113;80m██[38;2;255;132;87m██[38;2;8;8;0m██[38;2;255;140;95m██[38;2;165;82;53m██[38;2;82;148;162m██[38;2;60;96;121m████[38;2;255;206;71m████[38;2;60;96;124m██[38;2;66;66;66m██[38;2;0;0;0m██  ████        
[38;2;0;0;0m          ██[38;2;66;66;66m██[38;2;0;0;0m████  ██[38;2;66;66;66m██[38;2;90;158;168m██[38;2;74;109;116m██[38;2;57;74;73m██[38;2;247;255;255m██[38;2;82;78;66m████[38;2;107;66;43m██[38;2;156;129;111m██[38;2;255;140;87m██[38;2;74;70;66m██[38;2;74;86;98m████[38;2;255;206;68m████[38;2;247;214;87m██[38;2;49;103;137m██[38;2;93;159;163m██[38;2;66;66;66m██[38;2;0;0;0m██  ██[38;2;66;66;66m██[38;2;0;0;0m██      
[38;2;0;0;0m            ██[38;2;66;66;66m██[38;2;0;0;0m██    ██[38;2;57;61;65m██[38;2;90;158;168m██[38;2;120;134;134m██[38;2;57;74;73m██[38;2;197;196;192m██[38;2;255;255;255m██[38;2;206;192;179m██[38;2;255;255;247m██[38;2;74;70;66m████[38;2;255;206;71m████[38;2;255;206;68m████[38;2;49;103;137m██[38;2;115;140;120m██[38;2;93;159;163m██[38;2;66;66;66m██[38;2;0;0;0m██    ██[38;2;66;66;66m██[38;2;0;0;0m██    
[38;2;0;0;0m              ████████[38;2;66;66;66m██[38;2;66;78;82m████[38;2;90;148;170m██[38;2;63;60;68m██[38;2;110;154;166m██[38;2;247;255;255m██[38;2;173;198;197m██[38;2;57;66;65m██[38;2;255;239;71m████[38;2;255;206;71m████[38;2;60;96;121m████[38;2;96;158;165m████[38;2;66;66;66m████[38;2;0;0;0m██      ████    
[38;2;0;0;0m                      ██[38;2;66;78;82m██[38;2;255;206;71m██[38;2;76;104;119m██[38;2;63;60;68m██[38;2;41;103;121m██[38;2;110;154;166m██[38;2;134;154;153m██[38;2;57;66;65m██[38;2;57;94;121m████████[38;2;96;159;163m████[38;2;96;158;165m████[38;2;66;66;66m██[38;2;0;0;0m██      ██████    
[38;2;0;0;0m                        ██[38;2;66;66;66m██[38;2;247;222;95m██[38;2;57;78;89m██[38;2;189;165;85m██[38;2;57;107;137m██[38;2;247;222;95m██[38;2;57;78;89m██[38;2;96;159;163m████[38;2;88;159;168m████[38;2;93;159;163m████[38;2;107;148;155m██[38;2;57;74;77m██[38;2;0;0;0m██      ██████      
[38;2;0;0;0m        ████            ██[38;2;66;66;66m██[38;2;57;78;89m██[38;2;120;126;91m██[38;2;101;126;120m██[38;2;57;107;137m██[38;2;120;126;91m██[38;2;57;78;89m██[38;2;60;96;121m████[38;2;88;159;168m██[38;2;66;66;66m██████[38;2;57;74;77m██[38;2;8;0;0m██[38;2;0;0;0m        ██          
[38;2;0;0;0m        ████            ██[38;2;66;66;66m██[38;2;255;206;71m██[38;2;96;96;93m██[38;2;96;157;168m████[38;2;77;96;106m██[38;2;66;66;74m██[38;2;255;206;71m████[38;2;57;66;81m██[38;2;189;156;69m██[38;2;101;96;77m██[38;2;189;156;69m██[38;2;66;66;66m██[38;2;0;0;0m██████  ████          
[38;2;0;0;0m  ████    ████  ████    ██[38;2;66;66;66m██[38;2;96;96;93m████[38;2;255;206;71m██[38;2;96;157;168m██[38;2;99;156;171m██[38;2;77;96;106m██[38;2;66;66;66m████[38;2;189;156;69m██[38;2;101;96;77m██[38;2;189;156;69m██[38;2;57;66;81m██[38;2;0;0;0m██    ██████            
[38;2;0;0;0m  ██[38;2;66;66;66m██[38;2;0;0;0m████[38;2;66;66;66m████[38;2;0;0;0m██[38;2;66;66;66m██[38;2;0;0;0m████  ██[38;2;66;66;66m██[38;2;255;206;71m██[38;2;96;99;93m██[38;2;255;206;68m████[38;2;96;96;93m██[38;2;255;206;71m██████[38;2;189;156;69m██[38;2;94;96;94m██[38;2;198;165;78m██[38;2;66;60;42m██[38;2;0;0;0m██                      
[38;2;0;0;0m    ████[38;2;66;66;66m████████[38;2;0;0;0m██  ████[38;2;66;66;66m████[38;2;255;206;71m██[38;2;96;99;93m██[38;2;255;206;68m████[38;2;96;96;93m████[38;2;255;206;71m██[38;2;193;158;69m██[38;2;94;96;94m██[38;2;189;156;69m██[38;2;66;60;42m██[38;2;0;8;24m██[38;2;0;0;0m                        
[38;2;0;0;0m        ██[38;2;66;66;66m████[38;2;0;0;0m██    [38;2;0;0;24m██[38;2;82;69;42m██[38;2;82;82;82m██[38;2;255;239;71m██[38;2;96;99;93m██[38;2;255;231;71m██[38;2;255;206;71m██[38;2;96;99;93m██[38;2;255;206;68m████[38;2;192;159;70m████[38;2;101;96;77m██[38;2;189;156;69m██[38;2;66;66;66m██[38;2;0;0;0m██                        
[38;2;0;0;0m    ████[38;2;66;66;66m██[38;2;0;0;0m████    ██[38;2;82;69;42m██[38;2;247;206;79m██[38;2;255;239;71m██[38;2;82;82;82m██[38;2;255;231;71m████[38;2;255;206;71m██[38;2;96;99;93m██[38;2;255;206;68m████[38;2;192;159;70m██[38;2;99;99;99m██[38;2;189;156;69m██[38;2;57;66;81m██[38;2;0;0;0m██                          
[38;2;0;0;0m    ██████        ██[38;2;66;66;66m██[38;2;255;206;71m██[38;2;96;99;93m██[38;2;255;206;71m██[38;2;255;231;71m████[38;2;96;99;93m██[38;2;255;231;71m██[38;2;255;239;71m██[38;2;236;211;71m██[38;2;189;156;69m██[38;2;94;96;94m██[38;2;192;159;69m██[38;2;66;66;66m██[38;2;0;0;0m██              ██████      
[38;2;0;0;0m                  ██[38;2;66;66;66m████[38;2;96;99;93m██[38;2;255;206;71m██[38;2;255;231;71m██[38;2;96;99;93m██[38;2;255;231;71m████[38;2;255;239;71m██[38;2;198;156;70m██[38;2;189;156;69m██[38;2;94;96;94m██[38;2;192;159;69m██[38;2;66;66;66m██[38;2;0;0;0m██████    ██████[38;2;66;66;66m██[38;2;0;0;0m████      
[38;2;0;0;0m                    ████[38;2;66;66;66m████[38;2;247;206;79m██[38;2;120;109;75m██[38;2;255;206;68m████[38;2;255;206;71m██[38;2;193;158;69m██[38;2;94;96;94m██[38;2;189;156;69m██[38;2;66;66;66m██[38;2;0;0;0m██  ████  ██[38;2;66;66;66m██████[38;2;0;0;0m██          
[38;2;0;0;0m                        ████[38;2;57;61;73m████[38;2;255;206;68m████[38;2;193;158;69m████[38;2;94;96;94m██[38;2;189;156;69m██[38;2;66;66;66m██[38;2;0;0;0m██  ██[38;2;66;66;66m██[38;2;0;0;0m████[38;2;66;66;66m████████[38;2;0;0;0m██        
[38;2;0;0;0m                            ████[38;2;66;66;66m██████[38;2;99;99;99m██[38;2;192;159;69m██[38;2;66;66;66m████[38;2;0;0;0m██    ████  ██[38;2;66;66;66m████[38;2;0;0;0m██[38;2;66;66;66m██[38;2;0;0;0m██      
[38;2;0;0;0m                                ██████[38;2;66;66;66m██████[38;2;0;0;0m██              ████  ████      
[38;2;0;0;0m                                      ██████              ██[38;2;66;66;66m██[38;2;0;0;0m██            
[38;2;0;0;0m                                                          ████              [0m
