
[38;2;0;0;0m                      [38;2;24;24;24m████[38;2;0;0;0m                                        
[38;2;0;0;0m                  [38;2;24;24;24m████[38;2;65;123;121m████[38;2;24;24;24m██[38;2;0;0;0m  [38;2;24;24;24m██████[38;2;0;0;0m    [38;2;24;24;24m██████[38;2;0;0;0m                    
[38;2;0;0;0m                [38;2;24;24;24m██[38;2;66;124;122m████[38;2;33;66;65m██[38;2;41;90;89m██[38;2;46;90;89m██[38;2;24;24;24m██[38;2;66;126;122m████[38;2;65;123;121m██[38;2;24;24;24m██[38;2;33;20;25m██[38;2;71;122;122m██[38;2;66;124;122m████[38;2;24;24;24m██[38;2;0;0;0m                  
[38;2;0;0;0m              [38;2;24;24;24m██[38;2;255;132;71m██[38;2;33;66;65m████[38;2;41;90;89m████[38;2;24;24;24m██[38;2;57;123;121m██[38;2;66;126;122m████[38;2;65;123;121m████[38;2;71;122;122m██[38;2;52;71;73m██[38;2;66;124;122m██[38;2;33;66;65m██[38;2;65;67;65m██[38;2;24;24;24m████████[38;2;0;0;0m          
[38;2;0;0;0m            [38;2;24;24;24m██[38;2;255;127;55m██[38;2;41;90;81m██[38;2;41;91;89m████[38;2;44;77;76m██[38;2;66;66;66m██[38;2;255;173;111m██[38;2;57;107;105m██[38;2;66;123;122m████████[38;2;57;121;118m██[38;2;57;66;65m██[38;2;33;66;65m██[38;2;41;90;89m██[38;2;66;66;66m██[38;2;255;132;71m██[38;2;66;123;122m████[38;2;65;123;121m██[38;2;24;24;24m██████[38;2;0;0;0m    
[38;2;0;0;0m            [38;2;24;24;24m██[38;2;184;115;64m██[38;2;41;90;81m██[38;2;41;91;89m████[38;2;33;82;81m██[38;2;66;66;66m██[38;2;57;107;105m██[38;2;255;173;111m██████[38;2;255;132;71m████[38;2;57;93;92m██[38;2;57;66;65m██[38;2;41;90;89m████[38;2;66;66;66m██[38;2;255;132;71m██████[38;2;65;123;121m████[38;2;255;132;71m████[38;2;24;24;24m██[38;2;0;0;0m  
[38;2;0;0;0m              [38;2;16;33;40m██[38;2;189;111;61m██[38;2;41;90;89m████[38;2;66;66;66m████[38;2;41;90;89m██[38;2;198;99;46m██[38;2;255;189;111m██[38;2;160;127;80m██[38;2;41;91;89m████[38;2;41;90;89m██[38;2;66;66;66m██[38;2;66;86;82m████[38;2;255;132;71m████████[38;2;255;173;111m██[38;2;66;123;122m██████[38;2;255;132;63m██[38;2;24;24;24m██
[38;2;0;0;0m              [38;2;16;33;40m██[38;2;74;59;47m██[38;2;41;90;89m██[38;2;65;66;65m██[38;2;198;99;46m██[38;2;66;66;66m██[38;2;41;90;89m████[38;2;160;127;80m██[38;2;66;66;50m██[38;2;41;91;89m████[38;2;66;66;66m████[38;2;66;86;82m██[38;2;255;132;71m████████[38;2;255;214;143m██[38;2;255;173;111m██[38;2;66;123;122m██[38;2;41;90;89m████[38;2;178;96;50m██[38;2;24;24;24m██
[38;2;0;0;0m                [38;2;24;24;24m██[38;2;66;94;90m██[38;2;255;132;71m██[38;2;255;156;95m████[38;2;74;57;58m██[38;2;164;127;88m██[38;2;41;90;89m████[38;2;66;66;66m████[38;2;255;132;71m████[38;2;66;123;122m████[38;2;112;118;99m██[38;2;239;214;151m████[38;2;49;70;73m██[38;2;57;66;65m██[38;2;57;93;92m██[38;2;41;91;89m████[38;2;189;111;61m██[38;2;16;33;40m██
[38;2;0;0;0m                [38;2;24;24;24m██[38;2;255;132;71m██[38;2;66;94;90m██[38;2;66;123;122m██[38;2;255;156;95m██[38;2;255;198;119m██[38;2;74;57;58m██[38;2;66;66;66m████[38;2;255;132;71m████[38;2;66;123;122m██[38;2;255;132;71m████[38;2;66;123;122m██[38;2;49;70;73m██████[38;2;112;118;99m██[38;2;57;121;118m██[38;2;57;66;65m██[38;2;41;91;89m████[38;2;74;59;47m██[38;2;16;33;40m██
[38;2;0;0;0m              [38;2;24;24;24m██[38;2;65;123;121m██[38;2;66;126;122m████████[38;2;255;156;95m████[38;2;66;126;122m████[38;2;66;127;122m████[38;2;66;66;66m██[38;2;255;132;71m██[38;2;197;99;45m████[38;2;255;132;71m██[38;2;66;123;122m██[38;2;66;126;122m████[38;2;66;124;122m██[38;2;66;66;66m██[38;2;41;90;89m██████[38;2;24;24;24m██
[38;2;0;0;0m              [38;2;24;24;24m██[38;2;65;123;121m██[38;2;66;126;122m████████[38;2;255;156;95m██[38;2;66;123;122m██[38;2;66;126;122m████[38;2;60;89;84m██[38;2;57;70;65m██[38;2;255;132;71m██████████[38;2;66;123;122m██[38;2;66;126;122m████[38;2;66;124;122m██[38;2;66;66;66m██[38;2;255;132;71m██[38;2;41;90;89m████[38;2;24;24;24m██
[38;2;0;0;0m            [38;2;24;24;24m██[38;2;255;189;119m████[38;2;66;123;122m██████[38;2;255;132;71m██[38;2;24;70;72m██[38;2;98;93;77m██[38;2;16;16;16m████[38;2;255;255;255m██[38;2;255;132;71m██[38;2;66;123;122m██[38;2;255;132;71m██████[38;2;66;123;122m████[38;2;66;126;122m████[38;2;57;74;73m██[38;2;255;132;71m████[38;2;41;90;89m████[38;2;24;24;24m██
[38;2;0;0;0m          [38;2;24;24;24m██[38;2;198;99;46m██[38;2;66;123;122m██[38;2;255;189;119m██[38;2;255;132;71m██[38;2;66;123;122m████[38;2;255;132;71m██[38;2;247;140;87m██[38;2;24;70;72m██[38;2;93;93;93m██[38;2;247;247;247m██[38;2;255;132;71m██████[38;2;66;123;122m██[38;2;66;66;66m██[38;2;255;132;71m██[38;2;41;90;89m████[38;2;66;126;122m████[38;2;57;74;73m████[38;2;255;132;71m████[38;2;41;90;89m██[38;2;24;24;24m██
[38;2;0;0;0m        [38;2;24;24;24m██[38;2;66;123;122m████[38;2;66;126;122m████[38;2;255;132;71m██[38;2;66;123;122m██[38;2;255;132;71m██████████████[38;2;66;86;82m██[38;2;66;123;122m████[38;2;57;127;121m██[38;2;49;70;65m██[38;2;41;90;89m████████[38;2;49;82;81m████[38;2;41;91;89m████[38;2;24;24;24m██[38;2;0;0;0m  
[38;2;0;0;0m      [38;2;24;24;24m██[38;2;255;132;71m██[38;2;255;173;111m████[38;2;66;126;122m████[38;2;66;123;122m████[38;2;255;132;71m██[38;2;197;99;45m██[38;2;41;90;89m████[38;2;66;94;90m████[38;2;66;86;82m████[38;2;66;123;122m██[38;2;41;90;89m██[38;2;52;89;84m████[38;2;65;66;65m██[38;2;41;90;89m████[38;2;65;66;65m██[38;2;255;132;71m██[38;2;49;82;81m██[38;2;41;91;89m████[38;2;24;24;24m██[38;2;0;0;0m  
[38;2;0;0;0m    [38;2;24;24;24m██[38;2;198;99;46m██[38;2;66;123;122m████[38;2;255;214;143m██[38;2;255;132;71m██[38;2;66;123;122m██[38;2;66;119;114m██[38;2;255;127;63m██[38;2;181;74;29m██[38;2;93;104;85m██[38;2;57;66;65m██[38;2;63;99;92m██[38;2;66;66;66m██[38;2;189;206;205m██[38;2;189;209;205m██[38;2;156;165;172m██[38;2;66;66;66m██[38;2;41;90;89m██[38;2;41;91;89m████[38;2;41;90;89m██[38;2;65;66;65m████[38;2;41;90;89m████[38;2;255;132;71m██[38;2;255;127;55m██[38;2;41;90;81m██[38;2;24;24;24m██[38;2;0;0;0m  
[38;2;0;0;0m    [38;2;24;24;24m██[38;2;66;123;122m████████[38;2;255;132;71m██[38;2;66;123;122m██[38;2;255;127;63m██[38;2;192;124;80m██[38;2;93;104;85m██[38;2;49;119;113m██[38;2;74;165;146m██[38;2;57;66;65m██[38;2;189;206;205m████[38;2;156;165;172m████[38;2;66;66;66m██[38;2;41;90;89m██[38;2;41;91;89m████[38;2;41;90;89m████████████[38;2;41;90;81m██[38;2;184;115;64m██[38;2;24;24;24m██[38;2;0;0;0m  
[38;2;0;0;0m  [38;2;24;24;24m██[38;2;41;90;89m██[38;2;66;123;122m████[38;2;66;126;122m████[38;2;66;123;122m████[38;2;181;74;29m██[38;2;93;104;85m██[38;2;82;165;146m████[38;2;66;66;66m██[38;2;255;255;255m██[38;2;156;165;172m██████[38;2;57;74;73m██[38;2;41;91;89m██[38;2;33;66;65m██[38;2;41;91;89m████████[38;2;41;90;89m████[38;2;41;101;94m████[38;2;33;67;65m████[38;2;24;24;24m██[38;2;0;0;0m  
[38;2;0;0;0m  [38;2;24;24;24m██[38;2;41;90;89m████[38;2;66;123;122m██[38;2;66;126;122m████[38;2;66;123;122m██[38;2;41;90;89m██[38;2;93;104;85m██[38;2;49;119;113m██[38;2;82;165;146m████[38;2;66;66;66m██[38;2;255;255;255m██[38;2;156;165;172m██[38;2;66;66;66m██[38;2;57;74;73m████[38;2;33;66;65m██[38;2;41;91;89m██████████[38;2;41;90;89m██[38;2;57;214;177m██[38;2;57;206;169m██[38;2;33;49;57m██[38;2;33;67;65m████[38;2;24;24;24m██[38;2;0;0;0m  
[38;2;24;24;24m██[38;2;41;90;89m████████[38;2;41;91;89m████████[38;2;65;66;65m██[38;2;82;165;146m████████[38;2;66;66;66m██[38;2;49;61;65m██[38;2;57;96;92m██[38;2;33;66;65m████[38;2;41;91;89m████[38;2;57;96;92m████[38;2;41;90;89m████[38;2;74;222;186m██[38;2;63;153;132m██[38;2;66;66;66m██[38;2;33;66;65m██[38;2;33;67;65m████[38;2;24;24;24m██[38;2;0;0;0m  
[38;2;24;24;24m██[38;2;189;206;205m██[38;2;41;90;89m██[38;2;255;255;255m██[38;2;41;90;89m██[38;2;41;91;89m████████[38;2;65;66;65m██[38;2;82;165;146m██[38;2;65;66;65m████[38;2;82;165;146m████[38;2;74;165;146m██[38;2;57;96;92m██[38;2;41;91;89m████████[38;2;49;61;65m██[38;2;74;165;146m██[38;2;82;165;146m████[38;2;41;16;25m██[38;2;52;85;79m██[38;2;33;66;65m████[38;2;33;67;65m████[38;2;32;67;64m██[38;2;24;24;24m██
[38;2;24;24;24m██[38;2;189;206;205m██[38;2;33;78;73m██[38;2;255;255;255m██[38;2;41;90;89m██[38;2;41;91;89m████[38;2;255;255;255m██[38;2;41;90;89m██[38;2;33;86;81m██[38;2;55;61;60m██[38;2;82;165;146m████[38;2;66;66;66m██[38;2;66;165;141m██[38;2;55;61;60m██[38;2;33;86;81m██[38;2;49;103;97m████[38;2;41;90;89m████[38;2;57;68;65m██[38;2;90;165;146m██[38;2;24;24;24m████[38;2;0;0;0m  [38;2;24;24;24m██[38;2;33;66;65m████████[38;2;32;65;64m██[38;2;24;24;24m██
[38;2;24;24;24m██[38;2;189;206;205m██[38;2;33;78;73m██[38;2;255;255;255m██[38;2;41;90;89m██[38;2;41;91;89m████[38;2;255;255;255m██[38;2;41;90;89m██[38;2;44;74;71m████[38;2;66;66;66m██[38;2;82;165;146m██[38;2;66;214;178m██[38;2;66;66;66m██[38;2;44;74;71m████[38;2;255;132;71m██[38;2;49;103;97m██[38;2;41;90;89m██[38;2;33;66;65m██[38;2;57;68;65m██[38;2;41;20;25m██[38;2;0;0;0m      [38;2;24;24;24m██[38;2;198;99;46m██[38;2;33;66;65m██[38;2;198;99;46m██[38;2;33;66;65m██[38;2;32;65;64m██[38;2;24;24;24m██
[38;2;24;24;24m██[38;2;189;206;205m██[38;2;33;53;49m██[38;2;189;206;205m██[38;2;255;255;255m██[38;2;33;67;65m████[38;2;255;255;255m████[38;2;33;67;65m████[38;2;82;165;146m██[38;2;49;66;65m██[38;2;82;165;146m██[38;2;65;66;65m██[38;2;107;57;27m██[38;2;145;107;79m██[38;2;239;123;63m████[38;2;198;99;46m██[38;2;33;66;65m██[38;2;24;24;24m██[38;2;0;0;0m        [38;2;24;24;24m██[38;2;198;156;142m██[38;2;143;111;100m██[38;2;198;156;142m██[38;2;143;111;100m██[38;2;24;24;24m██[38;2;0;0;0m  
[38;2;0;0;0m  [38;2;33;53;49m████[38;2;189;206;205m████[38;2;33;67;65m████[38;2;189;206;205m████[38;2;33;67;65m████[38;2;49;66;65m██[38;2;82;165;146m████[38;2;65;66;65m██[38;2;145;107;79m██[38;2;222;206;182m██[38;2;239;123;63m██[38;2;189;206;205m██[38;2;198;99;46m██[38;2;33;66;65m██[38;2;32;67;64m██[38;2;24;24;24m██[38;2;0;0;0m        [38;2;33;20;17m████████[38;2;0;0;0m    
[38;2;0;0;0m  [38;2;24;24;24m██[38;2;32;67;64m██[38;2;24;74;64m██[38;2;181;214;213m██[38;2;189;206;205m██[38;2;33;66;65m██[38;2;24;74;64m██[38;2;181;214;213m████[38;2;24;74;64m██[38;2;82;165;146m████[38;2;24;24;24m████[38;2;156;165;172m██[38;2;68;68;68m██[38;2;189;214;213m██[38;2;66;66;66m██[38;2;173;206;213m██[38;2;198;99;46m██[38;2;32;67;64m██[38;2;24;24;24m██[38;2;0;0;0m                    
[38;2;0;0;0m    [38;2;24;24;24m██[38;2;102;144;138m██[38;2;24;74;64m██[38;2;33;66;65m████[38;2;102;144;138m██[38;2;24;74;64m████[38;2;102;144;138m██[38;2;82;165;146m██[38;2;24;24;24m██[38;2;0;0;0m    [38;2;24;20;16m██[38;2;68;68;68m██[38;2;148;165;164m██[38;2;66;66;66m██[38;2;181;170;157m██[38;2;198;99;46m██[38;2;24;24;24m██[38;2;0;0;0m                      
[38;2;0;0;0m      [38;2;24;24;24m██████[38;2;82;165;146m████████[38;2;24;24;24m████[38;2;0;0;0m        [38;2;24;24;24m██████████[38;2;0;0;0m                        
[38;2;0;0;0m            [38;2;24;24;24m████████[38;2;0;0;0m                                              [0m
