
[38;2;0;0;0m      [38;2;49;49;49m████[38;2;0;0;0m                                
[38;2;0;0;0m      [38;2;49;49;49m██[38;2;197;197;197m██[38;2;49;49;49m██[38;2;0;0;0m          [38;2;49;49;49m██████[38;2;0;0;0m              
[38;2;0;0;0m      [38;2;49;49;49m██[38;2;197;197;197m████[38;2;49;49;49m██████████[38;2;255;255;255m████[38;2;49;49;49m██[38;2;0;0;0m              
[38;2;0;0;0m      [38;2;49;49;49m██[38;2;82;82;82m██████[38;2;172;172;172m██████[38;2;82;82;82m████[38;2;197;197;197m██[38;2;49;49;49m██[38;2;0;0;0m              
[38;2;0;0;0m    [38;2;49;49;49m██[38;2;82;82;82m██[38;2;106;164;255m██████[38;2;82;82;82m██████[38;2;172;172;172m████[38;2;49;49;49m██[38;2;0;0;0m                
[38;2;0;0;0m  [38;2;49;49;49m██[38;2;106;164;255m██████████████[38;2;65;98;172m██[38;2;82;82;82m██[38;2;172;172;172m████[38;2;49;49;49m██[38;2;0;0;0m        [38;2;49;49;49m██[38;2;0;0;0m    
[38;2;0;0;0m  [38;2;49;49;49m██[38;2;106;164;255m██[38;2;255;255;255m██[38;2;106;164;255m████████[38;2;65;98;172m██[38;2;172;172;172m██████[38;2;123;123;115m██[38;2;82;82;82m██[38;2;49;49;49m████[38;2;0;0;0m  [38;2;49;49;49m██[38;2;106;164;255m██[38;2;49;49;49m██[38;2;0;0;0m  
[38;2;49;49;49m██[38;2;74;131;205m██[38;2;106;164;255m██████████████[38;2;82;82;82m██[38;2;172;172;172m██[38;2;82;82;82m██[38;2;255;255;255m██████[38;2;49;49;49m██[38;2;0;0;0m  [38;2;49;49;49m██[38;2;106;164;255m██[38;2;49;49;49m██[38;2;0;0;0m  
[38;2;49;49;49m██[38;2;74;131;205m██████[38;2;106;164;255m████████[38;2;65;98;172m██[38;2;82;82;82m██[38;2;172;172;172m██[38;2;82;82;82m██[38;2;172;172;172m██[38;2;255;255;255m██[38;2;49;49;49m██[38;2;0;0;0m  [38;2;49;49;49m██[38;2;106;164;255m██████[38;2;49;49;49m██
[38;2;0;0;0m  [38;2;49;49;49m██[38;2;74;131;205m██████████[38;2;82;82;82m██[38;2;172;172;172m████████[38;2;82;82;82m████[38;2;49;49;49m████[38;2;106;164;255m████████[38;2;49;49;49m██
[38;2;0;0;0m  [38;2;49;49;49m██[38;2;74;131;205m██████████[38;2;82;82;82m██[38;2;172;172;172m████[38;2;82;82;82m██[38;2;255;255;255m██[38;2;123;123;115m██[38;2;82;82;82m██[38;2;74;131;205m██████[38;2;106;164;255m████[38;2;74;131;205m██[38;2;49;49;49m██
[38;2;0;0;0m    [38;2;49;49;49m██[38;2;74;131;205m██████[38;2;82;82;82m██[38;2;123;123;115m██[38;2;172;172;172m██[38;2;49;49;49m██[38;2;213;98;65m██[38;2;255;255;255m██[38;2;123;123;115m██[38;2;82;82;82m██[38;2;74;131;205m██[38;2;65;98;172m██[38;2;74;131;205m████████[38;2;49;49;49m██
[38;2;0;0;0m      [38;2;49;49;49m██[38;2;82;82;82m████[38;2;123;123;115m██[38;2;172;172;172m██[38;2;123;123;115m██[38;2;255;255;255m████[38;2;123;123;115m████[38;2;82;82;82m██[38;2;65;98;172m██[38;2;172;172;172m██[38;2;65;98;172m████[38;2;74;131;205m██[38;2;49;49;49m██[38;2;0;0;0m  
[38;2;0;0;0m      [38;2;49;49;49m██[38;2;172;172;172m██████[38;2;123;123;115m██████████[38;2;82;82;82m██[38;2;123;123;115m██[38;2;172;172;172m████[38;2;65;98;172m██[38;2;172;172;172m████[38;2;49;49;49m██[38;2;0;0;0m  
[38;2;0;0;0m        [38;2;49;49;49m██[38;2;172;172;172m██[38;2;123;123;115m██████[38;2;82;82;82m██████[38;2;123;123;115m██[38;2;82;82;82m██[38;2;172;172;172m██[38;2;82;82;82m██[38;2;172;172;172m██████[38;2;123;123;115m██[38;2;49;49;49m██
[38;2;0;0;0m          [38;2;49;49;49m████████[38;2;82;82;82m██[38;2;197;197;197m██[38;2;49;49;49m██[38;2;82;82;82m██[38;2;172;172;172m████[38;2;49;49;49m██[38;2;82;82;82m██[38;2;172;172;172m██[38;2;82;82;82m██[38;2;123;123;115m██[38;2;49;49;49m██
[38;2;0;0;0m                  [38;2;49;49;49m████[38;2;0;0;0m  [38;2;49;49;49m██[38;2;255;255;255m██[38;2;49;49;49m██[38;2;0;0;0m  [38;2;49;49;49m██[38;2;82;82;82m██[38;2;123;123;115m██[38;2;49;49;49m██[38;2;0;0;0m  
[38;2;0;0;0m                        [38;2;49;49;49m████[38;2;0;0;0m    [38;2;49;49;49m██[38;2;255;255;255m████[38;2;49;49;49m██[38;2;0;0;0m  
[38;2;0;0;0m                                [38;2;49;49;49m██████[38;2;0;0;0m    [0m
