
[38;2;0;0;0m      ██████                      
[38;2;0;0;0m    ██[38;2;132;148;252m██████[38;2;0;0;0m██████                
[38;2;0;0;0m  ██[38;2;132;148;252m████████████[38;2;88;105;171m██[38;2;0;4;8m██[38;2;0;0;0m              
[38;2;0;0;0m  ██[38;2;132;148;252m████████████[38;2;132;156;252m████[38;2;0;0;0m██            
[38;2;8;4;0m██[38;2;52;55;81m██[38;2;132;148;252m████[38;2;74;82;106m████[38;2;148;154;92m██[38;2;74;77;66m██[38;2;110;121;190m██[38;2;132;148;252m██[38;2;93;105;171m██[38;2;0;4;8m██[38;2;0;0;0m██        
[38;2;8;4;0m██[38;2;140;156;244m██[38;2;132;148;252m████[38;2;74;82;106m██[38;2;247;247;47m██[38;2;0;0;40m██[38;2;222;231;118m██[38;2;66;66;66m██[38;2;132;148;252m██[38;2;140;156;252m██[38;2;93;105;171m██[38;2;99;115;195m██[38;2;0;0;0m██      
[38;2;0;0;0m██[38;2;132;148;252m██[38;2;99;115;195m██[38;2;132;148;252m██[38;2;90;86;50m██[38;2;112;112;112m██[38;2;247;239;55m██[38;2;187;180;59m██[38;2;156;125;124m██[38;2;222;132;30m██[38;2;255;132;39m██[38;2;99;111;195m██[38;2;112;122;184m██[38;2;101;104;117m██[38;2;0;0;0m██    
[38;2;0;0;0m  ██[38;2;132;148;252m████[38;2;156;165;236m██[38;2;90;86;50m██[38;2;66;61;66m████[38;2;90;119;218m██[38;2;222;132;30m██[38;2;203;125;91m██[38;2;99;111;195m██[38;2;123;140;251m██[38;2;101;104;117m██[38;2;255;255;255m██[38;2;0;0;0m██  
[38;2;0;0;0m    ██[38;2;66;66;66m██[38;2;132;148;252m████████[38;2;66;66;66m██[38;2;99;115;195m██[38;2;107;123;187m██[38;2;68;68;63m██[38;2;96;96;128m██[38;2;74;70;66m██[38;2;173;171;173m██[38;2;8;4;8m██[38;2;0;0;0m  
[38;2;0;0;0m      ██[38;2;66;66;66m████[38;2;99;115;195m████████[38;2;88;96;125m██[38;2;68;68;63m██[38;2;140;148;252m██[38;2;74;70;66m██[38;2;255;255;255m████[38;2;0;0;0m██
[38;2;0;0;0m    [38;2;0;0;8m██[38;2;148;99;60m██[38;2;239;165;95m██[38;2;119;90;71m██[38;2;52;52;65m████[38;2;184;190;200m████[38;2;66;66;66m██[38;2;107;107;115m██[38;2;140;148;252m██[38;2;74;70;66m██[38;2;189;189;205m██[38;2;99;123;235m██[38;2;0;0;0m██
[38;2;0;0;0m    [38;2;0;0;8m██[38;2;222;148;86m██[38;2;119;90;71m██[38;2;0;16;48m██[38;2;24;16;0m██[38;2;107;123;195m██[38;2;120;126;144m██[38;2;57;61;89m██[38;2;107;107;115m████[38;2;96;96;128m██[38;2;74;70;66m██[38;2;129;145;225m████[38;2;0;0;0m██
[38;2;0;0;0m      ████  ██[38;2;66;66;66m██[38;2;107;119;187m██[38;2;53;59;93m██[38;2;107;107;115m██[38;2;247;148;47m██[38;2;107;107;115m██[38;2;71;71;77m██[38;2;140;156;252m██[38;2;93;105;171m██[38;2;0;0;0m██
[38;2;0;0;0m              ██████[38;2;107;107;115m██[38;2;247;148;47m██[38;2;107;107;115m██[38;2;0;0;0m██[38;2;93;105;171m██[38;2;0;4;8m██[38;2;0;0;0m  
[38;2;0;0;0m                    ██████[38;2;71;71;71m██[38;2;66;66;66m████[38;2;0;0;0m██
[38;2;0;0;0m                        ██[38;2;107;107;107m██[38;2;66;66;66m██[38;2;107;107;115m██[38;2;0;0;0m██
[38;2;0;0;0m                          ██████  [0m
