
[38;2;0;0;0m                                      [38;2;0;4;0m████████[38;2;0;0;0m                          
[38;2;0;0;0m                              [38;2;0;4;0m████████[38;2;189;165;125m████████[38;2;0;4;0m████████[38;2;0;0;0m                  
[38;2;0;0;0m                        [38;2;0;4;0m██████[38;2;189;165;125m██[38;2;195;163;125m████[38;2;192;165;125m████████████[38;2;193;164;125m████[38;2;140;113;84m██[38;2;8;8;0m██████[38;2;0;4;0m██[38;2;0;0;0m          
[38;2;0;0;0m                    [38;2;0;4;0m████[38;2;189;165;125m████████[38;2;167;121;93m████[38;2;192;165;125m████████████[38;2;193;164;125m██[38;2;165;123;93m██[38;2;206;165;126m████[38;2;145;118;84m██[38;2;214;173;126m██[38;2;189;165;125m██[38;2;0;4;0m████[38;2;0;0;0m      
[38;2;0;0;0m                  [38;2;0;4;0m██[38;2;167;121;93m██[38;2;195;163;125m██[38;2;192;165;125m████[38;2;193;164;125m██[38;2;165;123;93m██[38;2;195;163;125m████[38;2;165;123;93m██[38;2;193;164;125m██████[38;2;192;165;125m████████[38;2;167;121;93m████[38;2;192;165;125m████████[38;2;206;165;126m██[38;2;8;8;0m██[38;2;0;0;0m    
[38;2;0;0;0m                [38;2;0;4;0m██[38;2;189;165;125m██[38;2;195;163;125m██[38;2;167;121;93m██[38;2;192;165;125m████[38;2;193;164;125m████[38;2;167;121;93m████[38;2;193;164;125m████[38;2;165;123;93m██[38;2;193;164;125m██[38;2;192;165;125m████████[38;2;195;163;125m████[38;2;192;165;125m████████[38;2;140;113;84m██[38;2;206;165;126m██[38;2;0;4;0m██[38;2;0;0;0m  
[38;2;0;0;0m              [38;2;0;4;0m██[38;2;132;101;97m████[38;2;132;103;92m██[38;2;198;165;126m██[38;2;165;123;93m████[38;2;167;121;93m██[38;2;195;163;125m██████[38;2;193;164;125m████[38;2;192;165;125m████████████[38;2;193;164;125m████[38;2;195;163;125m████[38;2;167;121;93m████[38;2;192;167;126m████[38;2;88;70;67m██[38;2;0;4;0m██
[38;2;0;0;0m              [38;2;0;4;0m██[38;2;165;123;93m████[38;2;154;124;103m██[38;2;132;103;92m██[38;2;132;101;97m████[38;2;195;163;125m██[38;2;167;121;93m██████[38;2;165;123;93m██[38;2;193;164;125m██[38;2;192;165;125m████████████[38;2;193;164;125m██[38;2;165;123;93m██[38;2;167;121;93m████[38;2;195;163;125m████[38;2;99;74;75m████[38;2;132;103;100m██[38;2;0;4;0m██
[38;2;0;0;0m              [38;2;0;4;0m██[38;2;132;101;97m██[38;2;165;123;93m██████[38;2;168;123;93m████[38;2;132;101;97m████[38;2;192;166;123m████[38;2;198;165;126m██[38;2;154;124;103m██[38;2;167;121;93m████[38;2;195;163;125m██████[38;2;167;121;93m██[38;2;165;133;101m██[38;2;198;165;118m██[38;2;192;167;126m████[38;2;99;74;75m████[38;2;132;101;97m████[38;2;132;103;100m██[38;2;0;4;0m██
[38;2;0;0;0m              [38;2;0;4;0m██[38;2;132;101;97m██████[38;2;165;123;93m██[38;2;168;123;93m████[38;2;165;123;93m████[38;2;129;102;94m████[38;2;132;103;92m████[38;2;195;163;125m████[38;2;167;121;93m██████[38;2;195;163;125m██[38;2;198;165;118m██[38;2;99;70;67m██[38;2;99;74;75m████[38;2;132;100;96m████[38;2;132;101;97m████[38;2;88;70;67m██[38;2;0;4;0m██
[38;2;0;0;0m                [38;2;0;4;0m██[38;2;148;111;95m██[38;2;132;101;97m████████[38;2;165;123;93m████[38;2;168;123;93m████[38;2;168;121;92m████[38;2;132;101;97m████[38;2;192;166;123m████[38;2;192;167;126m████[38;2;99;74;75m██[38;2;132;100;96m██[38;2;132;101;97m████[38;2;132;100;96m██████[38;2;99;74;75m██[38;2;88;70;67m██[38;2;0;4;0m██
[38;2;0;0;0m                [38;2;0;4;0m██[38;2;148;111;95m██[38;2;165;123;93m████[38;2;132;101;97m████████[38;2;168;123;93m████[38;2;255;206;71m████[38;2;165;123;93m████[38;2;129;102;94m████[38;2;192;167;126m██[38;2;99;74;75m██[38;2;132;100;96m████[38;2;132;101;97m████[38;2;99;74;75m██████[38;2;132;100;96m██[38;2;132;103;100m██[38;2;0;4;0m██
[38;2;0;0;0m                [38;2;0;4;0m██[38;2;255;206;71m██[38;2;168;121;92m████[38;2;165;123;93m████[38;2;168;123;93m████[38;2;132;101;97m██████[38;2;165;123;93m██████████[38;2;132;100;96m████[38;2;132;103;100m██[38;2;94;76;74m██████[38;2;90;70;82m██[38;2;239;173;119m██[38;2;131;98;95m████[38;2;0;4;0m██[38;2;0;0;0m  
[38;2;0;0;0m                [38;2;0;4;0m██[38;2;255;206;71m██████[38;2;132;101;97m████[38;2;168;123;93m████[38;2;165;123;93m██████[38;2;132;101;97m██████████[38;2;132;100;96m██[38;2;99;74;75m██[38;2;94;76;74m██████[38;2;132;103;100m██[38;2;140;104;94m████[38;2;131;98;95m██[38;2;239;173;111m██[38;2;0;4;0m██[38;2;0;0;0m  
[38;2;0;0;0m                  [38;2;0;4;0m██[38;2;168;121;92m██[38;2;255;206;71m██████[38;2;173;131;90m██[38;2;132;94;100m██[38;2;168;121;92m████[38;2;168;123;93m████[38;2;165;123;93m██[38;2;132;101;97m██████[38;2;129;100;92m██[38;2;93;76;82m██[38;2;99;74;75m██[38;2;132;100;96m██[38;2;131;98;95m██████[38;2;239;173;111m██████[38;2;0;4;0m██[38;2;0;0;0m  
[38;2;0;0;0m                  [38;2;0;4;0m██[38;2;168;121;92m████████[38;2;255;206;71m████████[38;2;168;123;93m████[38;2;165;123;93m████████[38;2;165;123;101m██[38;2;129;100;92m██[38;2;132;100;96m████[38;2;131;98;95m██[38;2;239;173;111m████████[38;2;131;98;95m██[38;2;0;4;0m██[38;2;0;0;0m  
[38;2;0;0;0m                ██[38;2;85;80;74m██[38;2;132;99;96m████[38;2;165;123;93m████[38;2;168;123;93m████[38;2;168;121;92m██[38;2;255;206;71m██████[38;2;255;206;68m████[38;2;255;206;71m██[38;2;238;177;114m██[38;2;131;98;95m██████[38;2;239;173;111m██████[38;2;132;101;97m████[38;2;132;103;100m██[38;2;0;4;0m██[38;2;0;0;0m    
[38;2;0;0;0m    [38;2;0;4;0m██████[38;2;0;0;0m    [38;2;0;4;0m██[38;2;255;239;223m██[38;2;170;159;149m██[38;2;66;66;66m██[38;2;132;99;96m██[38;2;132;101;97m████[38;2;168;123;93m████[38;2;168;121;92m████████[38;2;255;206;68m████[38;2;255;206;71m████[38;2;239;173;111m████████[38;2;131;98;95m████[38;2;132;101;97m████[38;2;88;70;67m██[38;2;0;4;0m██[38;2;0;0;0m    
[38;2;0;0;0m  [38;2;0;4;0m██[38;2;255;137;90m████[38;2;255;140;87m██[38;2;0;4;0m██[38;2;0;0;0m██[38;2;255;255;215m██[38;2;0;4;0m██[38;2;255;206;71m██[38;2;255;140;87m██[38;2;66;66;66m██[38;2;132;99;96m████[38;2;74;66;50m████[38;2;132;104;89m██[38;2;165;123;101m██[38;2;255;206;71m██[38;2;173;135;90m██[38;2;165;123;93m████[38;2;255;206;71m████[38;2;239;173;111m████[38;2;132;101;97m████[38;2;132;100;96m████[38;2;94;76;74m████[38;2;94;72;74m██[38;2;0;4;0m██[38;2;0;0;0m    
[38;2;0;4;0m██[38;2;255;140;87m██[38;2;255;137;90m████[38;2;255;140;87m████[38;2;85;85;72m██[38;2;170;170;143m██[38;2;0;4;0m██[38;2;255;206;71m██[38;2;255;140;87m██[38;2;66;66;66m██[38;2;132;99;96m██[38;2;66;66;66m██[38;2;255;255;199m██[38;2;195;192;149m██[38;2;66;66;66m████[38;2;132;99;100m████[38;2;132;101;97m██[38;2;165;123;93m██[38;2;168;121;92m████[38;2;131;98;95m████[38;2;132;101;97m████[38;2;99;74;75m████[38;2;94;76;74m██[38;2;66;66;66m██[38;2;0;4;0m██[38;2;0;0;0m      
[38;2;0;4;8m██[38;2;247;140;103m██[38;2;99;74;75m████████[38;2;255;140;87m██[38;2;82;70;74m██[38;2;255;173;79m████[38;2;66;66;66m████[38;2;74;66;50m██[38;2;255;255;199m██[38;2;247;255;247m██[38;2;0;0;0m██[38;2;255;181;79m██[38;2;66;66;66m██[38;2;129;93;81m██[38;2;66;70;74m██[38;2;66;66;66m████[38;2;132;104;92m██[38;2;165;123;101m██[38;2;132;100;96m████[38;2;94;76;74m████████[38;2;66;66;66m████[38;2;206;115;78m██[38;2;0;12;16m██[38;2;0;0;0m    
[38;2;0;4;8m██[38;2;123;72;55m██[38;2;132;100;96m████████[38;2;82;70;74m██[38;2;255;140;87m██[38;2;66;66;66m████[38;2;255;140;87m████[38;2;74;66;50m██[38;2;195;192;149m██[38;2;0;0;0m██[38;2;82;85;82m██[38;2;255;181;79m████[38;2;66;70;74m██[38;2;255;140;95m██[38;2;255;140;87m████[38;2;66;66;74m██[38;2;132;104;92m██[38;2;99;74;75m████[38;2;94;76;74m██[38;2;66;66;66m██████[38;2;206;107;70m██[38;2;66;66;66m██[38;2;206;115;78m██[38;2;137;81;57m██[38;2;0;4;0m██[38;2;0;0;0m  
[38;2;0;4;0m██[38;2;132;100;95m██[38;2;132;101;97m██[38;2;165;123;93m██[38;2;132;101;97m████[38;2;132;100;96m██[38;2;99;74;75m██[38;2;85;55;42m██[38;2;255;140;95m██[38;2;255;140;87m██████[38;2;66;66;66m██[38;2;255;206;71m████[38;2;160;94;68m██[38;2;66;61;58m██[38;2;255;140;87m██████████[38;2;66;66;66m██[38;2;94;76;74m████[38;2;69;48;34m██[38;2;206;111;70m████[38;2;66;70;74m██[38;2;206;115;86m██[38;2;136;94;84m██[38;2;82;67;66m██[38;2;123;99;99m██[38;2;0;4;0m██[38;2;0;0;0m  
[38;2;0;4;0m██[38;2;132;100;95m██[38;2;132;101;97m████████[38;2;132;100;96m████[38;2;0;12;16m██[38;2;255;140;95m██[38;2;184;74;48m████[38;2;255;140;87m████[38;2;66;66;66m████[38;2;66;61;58m██[38;2;255;127;79m██[38;2;96;77;72m████████[38;2;255;140;87m████[38;2;66;66;66m██[38;2;94;76;74m██[38;2;206;111;70m██[38;2;0;16;16m██[38;2;206;111;70m██[38;2;136;90;72m██[38;2;66;74;82m██[38;2;136;94;84m██[38;2;0;4;0m████[38;2;0;0;0m    
[38;2;0;0;0m  [38;2;0;4;0m██[38;2;132;103;100m██[38;2;66;55;54m██[38;2;0;4;0m██[38;2;66;65;66m██[38;2;132;100;95m██[38;2;0;4;0m██[38;2;0;0;0m  [38;2;0;4;0m██[38;2;255;140;87m████[38;2;184;74;48m██[38;2;255;140;87m██[38;2;255;132;87m████[38;2;74;66;66m██[38;2;93;77;75m██[38;2;132;101;97m████████[38;2;96;77;72m██[38;2;255;140;87m██[38;2;66;65;66m██[38;2;0;4;0m████[38;2;0;0;0m  [38;2;0;4;0m██[38;2;127;101;95m██[38;2;66;65;66m██[38;2;0;4;0m██[38;2;0;0;0m        
[38;2;0;0;0m  [38;2;0;4;0m██[38;2;132;103;100m██[38;2;0;8;8m██[38;2;0;0;0m  [38;2;0;4;0m██[38;2;132;100;95m██[38;2;0;4;0m██[38;2;0;0;0m    [38;2;0;4;0m████[38;2;255;140;87m██[38;2;184;74;48m██[38;2;164;92;72m██[38;2;74;53;58m██[38;2;93;77;75m██[38;2;132;99;92m██[38;2;165;123;93m██[38;2;132;101;97m██████[38;2;96;77;72m██[38;2;255;140;87m██[38;2;0;4;0m██[38;2;0;0;0m        [38;2;0;4;0m████[38;2;0;0;0m          
[38;2;0;0;0m    [38;2;0;4;0m██[38;2;0;0;0m      [38;2;0;4;0m██[38;2;0;0;0m          [38;2;0;4;0m██████[38;2;66;65;66m██[38;2;132;101;97m████[38;2;132;100;95m████[38;2;132;101;97m████[38;2;132;100;95m██[38;2;0;4;0m██[38;2;0;0;0m                        
[38;2;0;0;0m                              [38;2;0;4;0m██[38;2;132;101;97m████[38;2;0;4;0m████[38;2;132;101;97m████[38;2;132;100;95m██[38;2;0;4;0m██[38;2;0;0;0m                        
[38;2;0;0;0m                                [38;2;0;4;0m████[38;2;0;0;0m    [38;2;0;4;0m██[38;2;132;100;95m██[38;2;0;4;0m██[38;2;0;0;0m                          [0m
