
[38;2;0;0;0m                      [38;2;0;4;0m██[38;2;0;0;0m                                              
[38;2;0;0;0m                    [38;2;0;4;0m██[38;2;255;99;63m██[38;2;0;4;0m██[38;2;0;0;0m                                            
[38;2;0;0;0m                    [38;2;0;4;0m██[38;2;255;99;63m██[38;2;0;4;0m██[38;2;0;0;0m                                [38;2;0;4;0m████[38;2;0;0;0m        
[38;2;0;0;0m                    [38;2;0;4;0m██[38;2;255;99;63m██[38;2;0;4;0m██[38;2;0;0;0m                            [38;2;0;4;0m████[38;2;255;99;63m██[38;2;0;4;0m██[38;2;0;0;0m        
[38;2;0;0;0m                  [38;2;0;4;0m██[38;2;170;70;47m██[38;2;255;99;66m████[38;2;0;4;0m██[38;2;0;0;0m                      [38;2;0;4;0m████[38;2;255;99;66m████[38;2;0;4;0m██[38;2;0;0;0m          
[38;2;0;0;0m                  [38;2;0;4;0m██[38;2;255;103;71m██[38;2;255;99;66m████[38;2;0;4;0m██[38;2;0;0;0m                    [38;2;0;4;0m██[38;2;255;103;71m██[38;2;170;70;47m██[38;2;255;99;66m████[38;2;0;4;0m██[38;2;0;0;0m          
[38;2;0;0;0m                  [38;2;0;4;0m██[38;2;255;99;63m██[38;2;255;99;66m████[38;2;0;4;0m██[38;2;0;0;0m                  [38;2;0;4;0m██[38;2;255;99;63m██[38;2;181;73;45m██[38;2;255;99;63m████[38;2;0;4;0m██[38;2;0;0;0m            
[38;2;0;0;0m                    [38;2;0;4;0m██[38;2;255;99;66m████[38;2;255;165;87m██[38;2;0;4;0m██[38;2;0;0;0m              [38;2;0;4;0m██[38;2;255;99;63m██████████[38;2;0;4;0m██[38;2;0;0;0m            
[38;2;0;0;0m                    [38;2;0;4;0m██[38;2;255;99;71m██[38;2;255;169;75m██[38;2;255;239;71m██[38;2;0;0;16m██[38;2;0;0;0m    [38;2;0;4;0m████████[38;2;0;0;0m  [38;2;0;4;0m██[38;2;255;96;66m████[38;2;255;99;63m██[38;2;181;73;45m██[38;2;0;4;0m██[38;2;0;0;0m              
[38;2;0;0;0m                    [38;2;0;4;0m██[38;2;255;99;71m██[38;2;255;239;79m██[38;2;255;239;71m██[38;2;85;80;34m██[38;2;0;4;0m████[38;2;222;86;86m████████[38;2;0;4;0m██[38;2;255;99;63m██[38;2;255;165;87m██[38;2;255;96;66m██[38;2;181;73;45m██[38;2;255;99;63m██[38;2;0;4;0m██[38;2;0;0;0m              
[38;2;0;0;0m                    [38;2;0;4;0m██[38;2;85;80;34m██[38;2;255;239;71m████[38;2;66;61;66m██[38;2;222;86;86m████████████[38;2;66;66;66m██[38;2;255;214;79m██████[38;2;239;94;79m██[38;2;0;20;16m██[38;2;0;0;0m                
[38;2;0;0;0m                      [38;2;0;0;16m██[38;2;255;239;71m████[38;2;192;180;69m██[38;2;66;66;66m██[38;2;222;86;86m████[38;2;66;66;66m██████[38;2;255;214;79m██████[38;2;66;66;66m██[38;2;80;45;37m██[38;2;239;94;79m██[38;2;0;4;0m██[38;2;0;0;0m              
[38;2;0;0;0m                      [38;2;0;20;16m██[38;2;77;50;53m██[38;2;255;239;71m████[38;2;66;66;66m██[38;2;214;78;86m██[38;2;66;66;66m████[38;2;255;239;71m██[38;2;193;158;69m██[38;2;255;239;71m████[38;2;66;66;66m██[38;2;222;86;86m██[38;2;222;86;89m████[38;2;222;86;86m██[38;2;0;4;0m██[38;2;0;0;0m            
[38;2;0;0;0m                    [38;2;0;4;0m██[38;2;154;81;90m██[38;2;77;50;53m██[38;2;192;180;69m██[38;2;66;61;66m██[38;2;66;66;66m██[38;2;165;74;79m██[38;2;66;66;66m██[38;2;255;239;71m████████[38;2;66;66;66m██[38;2;222;86;86m████[38;2;222;86;89m████[38;2;222;86;86m████[38;2;0;4;0m██[38;2;0;0;0m          
[38;2;0;0;0m                    [38;2;0;4;0m██[38;2;184;170;149m██[38;2;41;0;1m██[38;2;74;61;58m████[38;2;255;168;90m████[38;2;123;66;59m████[38;2;247;239;79m██[38;2;82;80;32m██[38;2;123;66;59m████[38;2;222;88;89m████[38;2;222;86;89m████████[38;2;0;4;0m██[38;2;0;0;0m          
[38;2;0;0;0m                  [38;2;0;4;0m██[38;2;222;86;86m██[38;2;112;85;75m██[38;2;255;255;223m██[38;2;255;247;207m██[38;2;195;185;157m██[38;2;255;168;90m████[38;2;189;160;145m██[38;2;255;255;231m██[38;2;0;0;8m████[38;2;255;255;231m██[38;2;189;160;145m██[38;2;156;66;76m██[38;2;222;88;89m██[38;2;222;86;89m████████[38;2;222;86;86m██[38;2;0;4;0m██[38;2;0;0;0m        
[38;2;0;0;0m                  [38;2;0;20;16m██[38;2;148;67;73m██[38;2;222;88;89m████[38;2;255;165;87m████[38;2;74;53;66m██[38;2;255;156;95m██[38;2;239;148;132m██[38;2;255;255;239m██[38;2;0;4;0m████[38;2;255;255;247m██[38;2;200;134;123m██[38;2;156;66;76m██[38;2;222;88;89m██[38;2;222;86;89m████████[38;2;222;86;86m██[38;2;0;4;0m██[38;2;0;0;0m        
[38;2;0;0;0m                [38;2;0;4;0m██[38;2;74;43;45m██[38;2;222;90;102m██[38;2;156;66;76m████[38;2;222;85;86m██[38;2;255;165;87m██[38;2;255;156;95m██[38;2;195;122;85m██[38;2;231;94;79m████[38;2;255;255;255m████[38;2;173;74;61m████[38;2;222;88;89m████[38;2;222;86;89m████████[38;2;222;86;86m████[38;2;0;4;0m████[38;2;0;0;0m    
[38;2;0;0;0m              [38;2;0;4;0m██[38;2;159;64;74m██[38;2;66;66;66m██[38;2;214;78;86m██[38;2;206;171;171m████[38;2;181;74;77m████[38;2;178;71;82m████████[38;2;222;86;89m████[38;2;222;88;89m████[38;2;156;66;76m██[38;2;222;88;89m██[38;2;222;86;89m████████████[38;2;222;88;89m████[38;2;0;4;0m██[38;2;0;0;0m  
[38;2;0;0;0m            [38;2;0;4;0m██[38;2;159;64;74m████[38;2;165;74;79m██[38;2;66;66;66m██[38;2;189;88;88m██[38;2;222;255;254m██[38;2;255;255;255m██[38;2;181;74;77m██[38;2;178;71;82m██[38;2;173;173;173m████[38;2;178;71;82m██[38;2;222;86;89m████[38;2;156;66;76m████[38;2;222;88;89m████[38;2;222;86;89m████████████[38;2;222;88;89m██[38;2;156;66;76m██[38;2;0;4;0m██[38;2;0;0;0m  
[38;2;0;0;0m          [38;2;0;4;0m██[38;2;159;64;74m██[38;2;159;66;76m████[38;2;156;66;76m██[38;2;0;4;0m██[38;2;206;115;118m████[38;2;255;255;255m████████[38;2;170;175;173m████[38;2;156;66;76m████[38;2;164;164;164m████[38;2;66;66;66m██[38;2;222;86;86m██████[38;2;222;86;89m████[38;2;222;88;89m████[38;2;159;64;74m████[38;2;0;4;0m██[38;2;0;0;0m  
[38;2;0;0;0m      [38;2;0;4;0m████[38;2;159;64;74m████[38;2;159;66;76m████[38;2;0;4;0m██[38;2;0;0;0m  [38;2;0;4;0m██[38;2;206;115;118m██[38;2;170;175;173m████[38;2;255;255;255m██[38;2;170;175;173m██[38;2;255;255;255m██████████[38;2;74;74;74m██[38;2;222;86;86m██████[38;2;66;66;66m██[38;2;222;86;89m████[38;2;156;66;76m████[38;2;159;64;74m██[38;2;0;4;0m██[38;2;0;0;0m    
[38;2;0;0;0m  [38;2;0;4;0m████[38;2;159;66;76m████████[38;2;159;64;74m████[38;2;0;4;0m██[38;2;0;0;0m  [38;2;0;4;0m██[38;2;156;66;76m██[38;2;181;74;77m██[38;2;255;255;255m██████[38;2;170;175;173m████[38;2;255;255;255m████[38;2;66;66;66m██[38;2;222;86;86m██[38;2;222;86;89m████[38;2;160;66;76m██[38;2;66;66;66m██[38;2;160;66;76m████[38;2;66;66;66m██[38;2;160;66;76m██[38;2;159;64;74m██[38;2;0;4;0m██[38;2;0;0;0m    
[38;2;0;4;0m██[38;2;159;64;74m████[38;2;159;66;76m████████[38;2;159;64;74m██[38;2;0;4;0m██[38;2;0;0;0m      [38;2;0;4;0m██[38;2;181;74;77m████[38;2;222;85;89m██[38;2;255;255;255m██████[38;2;222;85;89m████[38;2;66;66;66m██[38;2;222;86;86m██[38;2;222;86;89m████[38;2;66;66;66m██[38;2;160;66;76m████[38;2;66;66;66m██[38;2;160;66;76m████[38;2;159;64;74m██[38;2;0;4;0m██[38;2;0;0;0m    
[38;2;0;0;0m  ██[38;2;137;57;52m██[38;2;157;63;63m██[38;2;132;41;60m██[38;2;156;66;76m████[38;2;137;57;52m██[38;2;0;0;0m██        [38;2;0;12;8m██[38;2;206;115;78m██[38;2;159;79;69m████[38;2;156;66;76m████[38;2;160;66;76m██[38;2;66;66;66m██[38;2;222;86;89m████████[38;2;77;50;53m██[38;2;154;81;90m██[38;2;0;4;0m██[38;2;66;65;66m██[38;2;159;66;76m████████[38;2;0;4;0m██[38;2;0;0;0m  
[38;2;0;4;0m██[38;2;206;86;78m██[38;2;137;57;52m██[38;2;132;41;60m██[38;2;206;107;70m██[38;2;131;41;55m████[38;2;206;86;78m██[38;2;137;57;52m██[38;2;0;4;0m██[38;2;0;0;0m      [38;2;0;12;8m██[38;2;69;46;31m██[38;2;66;57;66m██[38;2;206;90;70m██[38;2;156;66;76m██[38;2;206;107;67m██[38;2;160;66;76m██[38;2;66;66;66m██[38;2;222;86;89m████████[38;2;77;50;53m██[38;2;0;20;16m██[38;2;0;0;0m  [38;2;0;4;0m██[38;2;159;66;76m████████[38;2;0;4;0m██[38;2;0;0;0m  
[38;2;0;4;0m██[38;2;206;107;70m████████████[38;2;209;107;68m████[38;2;0;4;0m██[38;2;0;0;0m    [38;2;0;4;0m██[38;2;206;115;78m██[38;2;69;46;31m██[38;2;206;115;78m██[38;2;69;46;31m██[38;2;0;4;0m████[38;2;74;43;45m██[38;2;222;90;102m██[38;2;222;88;89m████████[38;2;0;4;0m██[38;2;0;0;0m      [38;2;0;8;16m██[38;2;255;165;95m██[38;2;140;88;73m██[38;2;255;165;87m████[38;2;0;4;0m██
[38;2;0;0;0m  [38;2;0;4;0m██[38;2;206;107;70m██[38;2;66;66;66m██[38;2;206;107;70m████[38;2;66;66;66m██[38;2;209;107;68m████[38;2;0;4;0m██[38;2;0;0;0m      [38;2;0;12;8m████████[38;2;0;0;0m    [38;2;0;20;16m██[38;2;148;67;73m██[38;2;222;88;89m██[38;2;156;66;76m██████[38;2;222;86;86m██[38;2;0;4;0m██[38;2;0;0;0m  [38;2;0;4;0m██[38;2;255;165;95m██[38;2;85;60;42m██[38;2;255;165;87m██[38;2;82;49;66m██[38;2;255;165;87m██[38;2;0;4;0m██
[38;2;0;0;0m    [38;2;0;4;0m████[38;2;206;107;70m██████[38;2;0;4;0m████[38;2;0;0;0m                  [38;2;0;4;0m██[38;2;255;165;87m████[38;2;156;66;76m██[38;2;255;165;87m██[38;2;156;66;76m██[38;2;255;165;87m██[38;2;165;99;63m██[38;2;0;0;0m██    [38;2;0;4;0m██████████[38;2;0;0;0m  
[38;2;0;0;0m        [38;2;0;4;0m██████[38;2;0;0;0m                    [38;2;0;4;0m██[38;2;255;165;87m██[38;2;168;121;92m██[38;2;255;165;87m██████████[38;2;247;148;95m██[38;2;0;0;0m██                
[38;2;0;0;0m                                  [38;2;0;4;0m██[38;2;255;165;87m██[38;2;168;121;92m██[38;2;255;165;87m████████████[38;2;0;4;0m██[38;2;0;0;0m                
[38;2;0;0;0m                                    [38;2;0;4;0m██[38;2;168;121;92m██[38;2;255;165;87m██[38;2;168;121;92m██[38;2;255;165;87m██[38;2;168;121;92m██[38;2;255;165;87m██[38;2;0;4;0m██[38;2;0;0;0m                  
[38;2;0;0;0m                                      [38;2;0;4;0m████[38;2;170;117;69m██[38;2;255;173;103m██[38;2;66;65;66m██[38;2;0;4;0m██[38;2;0;0;0m                    
[38;2;0;0;0m                                          [38;2;0;4;0m██████[38;2;0;0;0m                      [0m
