
[38;2;0;0;0m                  [38;2;49;49;49m██[38;2;0;0;0m                  
[38;2;0;0;0m              [38;2;49;49;49m████[38;2;131;213;238m██[38;2;49;49;49m██[38;2;0;0;0m                
[38;2;0;0;0m            [38;2;49;49;49m██[38;2;131;213;238m██[38;2;82;82;82m██[38;2;131;213;238m██[38;2;49;49;49m██[38;2;0;0;0m                
[38;2;0;0;0m      [38;2;49;49;49m██████[38;2;74;115;139m██[38;2;90;180;197m████[38;2;131;213;238m██[38;2;49;49;49m██[38;2;0;0;0m                
[38;2;0;0;0m    [38;2;49;49;49m██[38;2;131;131;115m██[38;2;82;82;82m██[38;2;131;213;238m████████[38;2;90;180;197m██[38;2;74;115;139m██[38;2;49;49;49m██[38;2;0;0;0m              
[38;2;0;0;0m    [38;2;49;49;49m██[38;2;82;82;82m██[38;2;131;213;238m██[38;2;148;238;255m████[38;2;131;213;238m██████[38;2;90;180;197m██[38;2;49;49;49m████[38;2;0;0;0m            
[38;2;49;49;49m████[38;2;82;82;82m██[38;2;131;213;238m████[38;2;148;238;255m████[38;2;131;213;238m████████[38;2;131;131;115m████[38;2;49;49;49m██[38;2;0;0;0m          
[38;2;49;49;49m██[38;2;255;255;255m██[38;2;82;82;82m██[38;2;131;213;238m████████████████[38;2;82;82;82m██[38;2;131;131;115m██[38;2;49;49;49m██[38;2;0;0;0m          
[38;2;0;0;0m  [38;2;49;49;49m██[38;2;131;213;238m██[38;2;82;82;82m██[38;2;131;213;238m██████████[38;2;74;115;139m██[38;2;131;213;238m████[38;2;82;82;82m██[38;2;49;49;49m████[38;2;0;0;0m        
[38;2;0;0;0m  [38;2;49;49;49m██[38;2;90;180;197m██[38;2;49;49;49m██[38;2;131;213;238m████████[38;2;82;82;82m██[38;2;131;213;238m██████[38;2;74;115;139m██[38;2;255;255;255m██[38;2;49;49;49m██[38;2;0;0;0m        
[38;2;49;49;49m██[38;2;255;255;255m██[38;2;49;49;49m██[38;2;90;180;197m██[38;2;238;131;106m██[38;2;213;98;65m██[38;2;131;213;238m████[38;2;49;49;49m██[38;2;131;213;238m████[38;2;74;115;139m██[38;2;255;255;255m██[38;2;49;49;49m██[38;2;0;0;0m          
[38;2;49;49;49m████[38;2;0;0;0m  [38;2;49;49;49m██[38;2;90;180;197m██[38;2;74;115;139m██[38;2;82;82;82m██[38;2;131;213;238m████[38;2;90;180;197m██[38;2;74;115;139m██[38;2;255;255;255m██[38;2;49;49;49m██[38;2;0;0;0m            
[38;2;0;0;0m        [38;2;49;49;49m██[38;2;82;82;82m██[38;2;90;180;197m██[38;2;82;82;82m██[38;2;90;180;197m██[38;2;82;82;82m██[38;2;49;49;49m████[38;2;255;255;255m██[38;2;49;49;49m██[38;2;0;0;0m          
[38;2;0;0;0m    [38;2;49;49;49m████[38;2;131;213;238m████[38;2;90;180;197m██[38;2;131;213;238m████[38;2;74;115;139m██[38;2;49;49;49m██[38;2;0;0;0m  [38;2;49;49;49m████[38;2;0;0;0m          
[38;2;0;0;0m  [38;2;49;49;49m██[38;2;131;131;115m████[38;2;49;90;156m██[38;2;74;115;139m██[38;2;131;213;238m██████████[38;2;49;49;49m████[38;2;0;0;0m            
[38;2;0;0;0m    [38;2;49;49;49m██[38;2;82;82;82m██[38;2;74;123;222m████[38;2;131;213;238m████[38;2;49;90;156m████[38;2;131;213;238m██████[38;2;49;49;49m██[38;2;0;0;0m  [38;2;49;49;49m██████[38;2;0;0;0m  
[38;2;0;0;0m      [38;2;49;49;49m██[38;2;255;230;148m██[38;2;74;123;222m██[38;2;131;213;238m██[38;2;49;90;156m██[38;2;74;123;222m████[38;2;49;90;156m████[38;2;131;131;115m████[38;2;49;49;49m██[38;2;131;131;115m██████[38;2;49;49;49m██
[38;2;0;0;0m    [38;2;49;49;49m██[38;2;255;230;148m██[38;2;205;180;98m██[38;2;74;123;222m██████████[38;2;255;230;148m██[38;2;74;123;222m██[38;2;82;82;82m████[38;2;131;131;115m████████[38;2;49;49;49m██
[38;2;0;0;0m    [38;2;49;49;49m██[38;2;74;123;222m████████████[38;2;205;180;98m████[38;2;255;230;148m██[38;2;74;123;222m██[38;2;82;82;82m████[38;2;131;131;115m████[38;2;49;49;49m██[38;2;0;0;0m  
[38;2;0;0;0m  [38;2;49;49;49m██[38;2;131;131;115m██[38;2;82;82;82m██[38;2;49;49;49m██[38;2;90;180;197m██████[38;2;74;123;222m████[38;2;255;230;148m████[38;2;74;123;222m████[38;2;49;49;49m██████[38;2;0;0;0m    
[38;2;0;0;0m  [38;2;49;49;49m██████[38;2;0;0;0m  [38;2;49;49;49m██████[38;2;90;180;197m████[38;2;74;123;222m██████[38;2;82;82;82m██[38;2;49;49;49m██[38;2;0;0;0m        
[38;2;0;0;0m                [38;2;49;49;49m██████[38;2;131;131;115m██[38;2;82;82;82m██[38;2;49;49;49m██[38;2;0;0;0m          
[38;2;0;0;0m                    [38;2;49;49;49m██████[38;2;0;0;0m            [0m
