
[38;2;0;0;0m            ████                                          
[38;2;0;0;0m          ██[38;2;214;198;86m██[38;2;222;206;78m██[38;2;0;0;0m██      ██                                
[38;2;0;0;0m          ██[38;2;143;132;57m██[38;2;222;206;78m██[38;2;0;0;0m██    ██[38;2;74;165;154m██[38;2;0;0;0m██                              
[38;2;0;0;0m            ██[38;2;222;206;86m████[38;2;0;0;0m██  [38;2;8;0;0m██[38;2;79;165;151m██[38;2;63;57;60m██[38;2;0;8;8m██[38;2;0;0;0m████                        
[38;2;0;0;0m              [38;2;0;0;16m██[38;2;74;69;39m██[38;2;148;107;116m██[38;2;0;0;0m██[38;2;44;82;76m██[38;2;79;165;151m██[38;2;63;57;60m██[38;2;189;156;165m██[38;2;189;148;157m████[38;2;0;0;0m████                    
[38;2;0;0;0m              [38;2;0;4;0m██[38;2;189;148;149m██[38;2;156;165;172m██[38;2;57;70;65m██[38;2;74;165;154m████[38;2;74;66;66m██[38;2;123;113;70m██[38;2;132;111;76m██[38;2;192;169;104m██[38;2;189;148;157m████[38;2;0;0;0m██  ████            
[38;2;0;0;0m      ████  ██[38;2;189;148;149m██[38;2;126;100;99m██[38;2;57;70;65m██[38;2;123;133;136m██[38;2;74;165;154m██[38;2;66;66;66m██[38;2;222;206;78m████[38;2;222;198;118m██[38;2;132;111;76m██[38;2;129;115;65m██[38;2;189;148;157m████[38;2;0;0;0m██[38;2;74;165;154m████[38;2;0;0;0m██          
[38;2;0;0;0m      ██[38;2;74;165;154m██[38;2;0;12;8m██[38;2;165;181;181m██[38;2;123;113;70m██[38;2;222;206;78m██[38;2;44;82;76m██[38;2;79;165;151m████[38;2;44;82;76m██[38;2;0;0;0m████[38;2;143;132;63m██[38;2;214;198;86m██[38;2;222;206;78m██[38;2;118;113;70m██[38;2;66;66;66m██[38;2;74;165;154m████[38;2;0;0;0m██            
[38;2;0;0;0m        ██[38;2;110;125;123m██[38;2;55;68;66m██[38;2;222;206;78m██[38;2;74;66;66m██[38;2;8;0;0m██[38;2;79;165;151m████[38;2;8;0;0m██[38;2;0;0;0m    [38;2;0;0;16m██[38;2;71;66;39m██[38;2;66;66;66m████[38;2;74;165;154m████[38;2;0;0;0m████            
[38;2;0;0;0m        ██[38;2;74;165;154m████[38;2;46;80;76m██[38;2;8;0;0m██[38;2;0;0;0m  ██[38;2;82;173;162m██[38;2;16;4;8m██[38;2;0;0;0m      ██[38;2;74;165;154m████████[38;2;66;66;66m██[38;2;148;107;116m██[38;2;0;0;0m██          
[38;2;0;0;0m  ██████[38;2;181;156;77m██[38;2;66;66;66m██[38;2;74;165;154m██[38;2;85;159;151m██[38;2;8;0;0m██[38;2;0;0;0m  ██[38;2;60;117;111m██[38;2;38;60;59m██[38;2;0;0;0m██  ██[38;2;66;123;114m██[38;2;65;123;113m██[38;2;74;165;154m██████[38;2;66;66;66m██[38;2;148;107;116m██[38;2;0;0;0m██          
[38;2;0;0;0m██[38;2;231;206;79m██[38;2;66;66;66m██[38;2;181;156;77m██[38;2;66;66;66m██[38;2;74;61;66m██[38;2;107;156;147m██[38;2;74;165;154m████[38;2;8;4;0m██[38;2;82;173;162m██[38;2;74;165;154m████[38;2;57;117;108m██[38;2;8;4;0m██[38;2;66;123;114m████[38;2;74;119;114m████[38;2;90;173;146m██[38;2;82;70;58m██[38;2;66;66;66m████[38;2;148;111;116m██[38;2;0;4;0m██[38;2;0;0;0m        
[38;2;0;0;0m██[38;2;176;159;75m██[38;2;66;66;66m██[38;2;181;156;77m██[38;2;66;66;66m██[38;2;96;124;120m██[38;2;74;61;66m██[38;2;68;117;111m██[38;2;63;68;68m██[38;2;57;117;108m████[38;2;66;66;66m██[38;2;74;165;154m██[38;2;82;173;162m██[38;2;57;117;108m██[38;2;66;123;114m██[38;2;0;0;0m██[38;2;8;0;0m██[38;2;52;79;76m██[38;2;82;70;58m██[38;2;85;104;87m██[38;2;231;206;79m██[38;2;176;159;75m██[38;2;74;58;58m██[38;2;0;4;0m██[38;2;0;0;0m        
[38;2;0;0;0m  ████[38;2;181;156;85m██[38;2;60;55;39m██[38;2;148;111;116m██[38;2;0;4;0m██[38;2;63;68;68m██[38;2;68;117;111m██[38;2;74;165;154m██████[38;2;63;68;68m██[38;2;71;171;157m██[38;2;69;121;111m██[38;2;0;0;0m██  ██[38;2;127;119;83m██[38;2;255;247;175m████[38;2;140;127;52m██[38;2;178;170;114m██[38;2;181;156;85m██[38;2;0;4;16m██[38;2;0;0;0m        
[38;2;0;0;0m      [38;2;0;4;16m██[38;2;181;156;85m██[38;2;74;58;58m██[38;2;0;4;0m██[38;2;74;165;154m████[38;2;66;66;66m██[38;2;74;165;154m████[38;2;68;117;111m██[38;2;66;70;66m██[38;2;69;121;111m██[38;2;66;66;66m██[38;2;0;0;0m██[38;2;127;119;83m██[38;2;255;239;167m██[38;2;231;66;63m██[38;2;255;247;175m██[38;2;255;255;239m██[38;2;140;127;52m██[38;2;181;156;85m██[38;2;60;55;39m██[38;2;0;0;0m██████  
[38;2;0;0;0m      ██[38;2;66;66;66m██[38;2;173;165;85m██[38;2;57;74;73m██[38;2;74;165;154m████[38;2;71;170;157m██[38;2;66;66;66m██[38;2;66;126;114m████[38;2;66;66;66m██[38;2;66;124;114m██[38;2;0;0;0m████[38;2;132;119;60m██[38;2;214;210;185m██[38;2;231;66;63m██[38;2;255;255;255m██[38;2;255;255;247m██[38;2;132;119;60m██[38;2;66;66;66m██[38;2;189;140;149m██[38;2;132;121;52m██[38;2;198;181;78m██[38;2;239;214;87m██[38;2;0;4;0m██
[38;2;0;0;0m        ██[38;2;57;74;73m██[38;2;96;104;77m██[38;2;66;66;66m██[38;2;74;165;154m██[38;2;69;118;111m██[38;2;66;66;66m██[38;2;66;126;114m████[38;2;66;66;66m██[38;2;66;124;114m██[38;2;66;123;114m██[38;2;0;0;0m██[38;2;132;119;60m██[38;2;255;255;247m██[38;2;231;66;63m██[38;2;255;255;255m██[38;2;214;210;185m██[38;2;132;119;60m██[38;2;66;66;66m██[38;2;148;115;121m██[38;2;0;0;0m██[38;2;198;181;78m██[38;2;159;144;58m██[38;2;0;4;0m██
[38;2;0;0;0m    ██  ██[38;2;74;119;114m████[38;2;60;60;47m████[38;2;0;0;0m██[38;2;66;123;114m██[38;2;66;124;114m██[38;2;66;66;66m██[38;2;66;123;114m██[38;2;0;0;0m██[38;2;66;123;114m████[38;2;49;70;73m██[38;2;206;214;86m██[38;2;255;247;175m████[38;2;127;113;63m██[38;2;181;156;77m██[38;2;170;154;87m██[38;2;0;0;8m██[38;2;0;0;0m  ████  
[38;2;0;0;0m  ██[38;2;107;82;59m██[38;2;0;0;0m██  [38;2;8;0;0m██[38;2;52;79;76m██[38;2;181;165;93m██[38;2;0;8;24m██[38;2;0;0;0m  ██[38;2;66;66;66m██[38;2;66;124;114m██[38;2;0;0;0m██  ██[38;2;66;123;114m██[38;2;101;118;77m██[38;2;49;70;73m██[38;2;129;115;60m████[38;2;181;156;77m████[38;2;85;77;48m██[38;2;0;0;8m██[38;2;0;0;0m        
[38;2;0;0;0m  ██[38;2;107;82;59m██[38;2;0;0;0m██  ██[38;2;148;107;116m██[38;2;66;61;82m██[38;2;181;148;101m██[38;2;0;8;24m██[38;2;60;60;47m██[38;2;66;126;114m████[38;2;0;0;0m██    ██[38;2;66;66;66m██[38;2;181;156;77m██[38;2;181;148;93m██[38;2;66;66;74m██[38;2;66;66;66m██[38;2;0;0;0m████[38;2;156;115;68m██[38;2;0;0;0m██      
[38;2;0;0;0m  ██[38;2;107;82;59m████[38;2;0;0;0m██  ██[38;2;143;119;95m████[38;2;181;165;93m██[38;2;60;60;47m██[38;2;66;126;114m████[38;2;66;66;66m██[38;2;0;0;0m████[38;2;181;156;77m████[38;2;66;66;66m██[38;2;66;66;74m██[38;2;143;121;87m██[38;2;0;0;0m██  ██[38;2;156;115;68m██[38;2;0;0;0m██      
[38;2;0;0;0m  ██[38;2;107;82;59m██[38;2;0;0;0m██      ████[38;2;148;111;119m██[38;2;74;58;63m██[38;2;74;165;154m██[38;2;65;123;113m██[38;2;57;74;73m██[38;2;173;165;85m██[38;2;181;148;101m██[38;2;66;61;82m██[38;2;66;66;66m██[38;2;148;107;116m████[38;2;0;0;0m██  ██[38;2;156;115;68m████[38;2;0;0;0m██      
[38;2;0;0;0m  ██[38;2;107;82;59m████[38;2;0;0;0m██        [38;2;0;4;8m██[38;2;74;58;63m██[38;2;74;165;154m██[38;2;65;123;113m██[38;2;96;104;77m██[38;2;57;74;73m██[38;2;143;119;95m████[38;2;148;107;116m██[38;2;66;66;66m██[38;2;0;0;0m██  ██[38;2;156;115;68m████[38;2;107;82;59m██[38;2;0;0;0m██      
[38;2;0;0;0m    ██[38;2;156;119;68m██[38;2;0;0;0m██          ██[38;2;74;165;154m██[38;2;65;123;113m██[38;2;74;119;114m██[38;2;52;79;76m██[38;2;0;0;0m████[38;2;60;55;39m██[38;2;181;156;85m██[38;2;0;0;0m██    ██[38;2;74;66;58m██[38;2;101;82;61m██[38;2;0;0;0m██      
[38;2;0;0;0m    ██[38;2;104;79;45m██[38;2;156;119;68m██[38;2;0;0;0m██      ██[38;2;74;165;154m████[38;2;65;123;113m██[38;2;74;119;114m██[38;2;8;0;0m██[38;2;0;0;0m    [38;2;0;4;16m██[38;2;181;156;85m██[38;2;181;156;77m██[38;2;0;0;0m██  ██[38;2;156;115;68m██[38;2;101;82;61m██[38;2;0;0;0m██      
[38;2;0;0;0m      [38;2;8;0;0m██[38;2;63;82;71m██[38;2;74;165;154m██[38;2;0;0;0m████  [38;2;8;0;0m██[38;2;79;165;151m██[38;2;74;165;154m██[38;2;65;123;113m██[38;2;66;123;114m██[38;2;0;0;0m██      ██[38;2;181;156;77m██[38;2;66;66;66m██[38;2;0;0;0m██[38;2;156;119;68m██[38;2;107;82;59m████[38;2;0;0;0m██      
[38;2;0;0;0m      [38;2;8;0;0m██[38;2;90;123;106m██[38;2;74;165;154m████[38;2;66;66;66m██[38;2;0;0;0m██[38;2;44;82;76m██[38;2;79;165;151m██[38;2;74;165;154m██[38;2;65;123;113m██[38;2;66;123;114m████[38;2;0;0;0m██████[38;2;74;165;154m██[38;2;66;66;66m████[38;2;156;119;68m██[38;2;104;79;45m██[38;2;107;82;59m██[38;2;0;0;0m██        
[38;2;0;0;0m    ██[38;2;66;123;114m████[38;2;82;74;63m██[38;2;66;165;154m██[38;2;66;90;90m██[38;2;154;107;61m██[38;2;74;165;154m████[38;2;66;126;114m████████[38;2;112;115;88m██[38;2;140;99;60m██[38;2;74;165;154m████████[38;2;66;66;66m██[38;2;107;84;59m██[38;2;107;82;59m██[38;2;0;0;0m██        
[38;2;0;0;0m    ██[38;2;66;123;114m██[38;2;0;0;0m██[38;2;82;74;63m██[38;2;74;119;109m██[38;2;110;98;75m██[38;2;66;90;90m██[38;2;65;123;113m██[38;2;74;165;154m██[38;2;66;126;114m████████[38;2;57;148;145m██[38;2;140;99;60m██[38;2;74;165;154m██[38;2;156;115;68m██[38;2;74;165;154m██[38;2;65;123;113m██[38;2;66;66;66m██[38;2;107;84;59m██[38;2;0;0;0m██          
[38;2;0;0;0m      ██  ██[38;2;66;123;114m██[38;2;66;124;114m████[38;2;78;71;62m██[38;2;66;123;114m██[38;2;66;126;114m████[38;2;66;124;114m██[38;2;66;66;66m██[38;2;65;123;113m████[38;2;66;124;114m██[38;2;66;66;66m██[38;2;77;82;66m██[38;2;107;123;99m██[38;2;74;119;114m██[38;2;8;0;0m██[38;2;0;0;0m            
[38;2;0;0;0m            ██[38;2;66;66;66m██[38;2;66;124;114m██[38;2;78;71;62m████[38;2;66;126;114m████[38;2;66;124;114m██[38;2;66;66;66m██[38;2;107;82;59m██[38;2;65;123;113m██[38;2;66;124;114m██[38;2;66;66;66m██[38;2;77;82;66m██[38;2;16;0;0m██[38;2;52;79;76m██[38;2;74;119;114m██[38;2;0;0;0m██          
[38;2;0;0;0m              ██[38;2;66;123;114m██[38;2;0;0;0m██[38;2;66;66;66m██[38;2;66;126;114m████[38;2;57;77;71m████[38;2;0;0;0m██[38;2;66;123;114m██████[38;2;0;0;0m██  ██[38;2;66;123;114m██[38;2;0;0;0m██          
[38;2;0;0;0m                ██  ██[38;2;66;126;114m████[38;2;82;115;106m██[38;2;8;0;0m██[38;2;0;0;0m  ██[38;2;66;123;114m██[38;2;0;0;0m██      ██            
[38;2;0;0;0m                      ██[38;2;66;123;114m████[38;2;0;0;0m██  ██[38;2;66;123;114m██[38;2;0;0;0m██                    
[38;2;0;0;0m                    ██[38;2;66;123;114m████[38;2;0;0;0m██      ██                      
[38;2;0;0;0m                      ████                                [0m
