
[38;2;0;0;0m          ████                  
[38;2;0;0;0m        ██[38;2;198;165;206m██[38;2;148;123;204m██[38;2;0;0;0m██  ██████        
[38;2;0;0;0m    [38;2;8;4;0m████[38;2;148;123;204m████[38;2;148;126;204m████[38;2;8;0;8m██[38;2;107;85;144m██[38;2;198;165;206m██[38;2;148;123;204m██[38;2;0;0;0m██      
[38;2;0;0;0m  ██[38;2;148;132;204m██[38;2;55;47;68m██[38;2;148;123;204m██[38;2;0;0;0m██[38;2;148;126;204m████[38;2;156;127;212m████[38;2;148;123;204m██████[38;2;0;0;0m██    
[38;2;0;0;0m  ██[38;2;148;126;204m████[38;2;148;123;204m████[38;2;148;126;204m████[38;2;148;123;204m██[38;2;0;0;0m██[38;2;148;126;204m████[38;2;148;123;204m██[38;2;0;0;0m██    
[38;2;0;0;0m  ██[38;2;148;126;204m████[38;2;66;66;66m████[38;2;148;126;204m████[38;2;148;123;204m████[38;2;148;126;204m████[38;2;148;123;204m████[38;2;0;0;0m██  
[38;2;0;0;0m██[38;2;123;90;171m██[38;2;148;123;204m████████[38;2;66;66;66m██████████[38;2;148;123;204m██████[38;2;0;0;0m██  
[38;2;0;0;0m██[38;2;123;90;171m████[38;2;148;123;204m██[38;2;123;90;171m██[38;2;148;123;204m████████████████[38;2;123;90;171m████[38;2;0;0;0m██
[38;2;0;0;0m██[38;2;66;66;66m██[38;2;121;96;169m████[38;2;123;91;171m████[38;2;148;123;204m██████[38;2;124;90;172m████[38;2;148;123;204m██[38;2;123;91;171m████[38;2;123;90;171m██[38;2;0;0;0m██
[38;2;0;0;0m  ██[38;2;0;8;0m██[38;2;60;52;84m██[38;2;123;91;171m████[38;2;123;90;171m████[38;2;124;90;172m████████[38;2;123;91;171m████[38;2;123;90;171m██[38;2;0;0;0m██
[38;2;0;0;0m      ████[38;2;66;66;66m██[38;2;123;90;171m████████[38;2;61;51;81m██[38;2;123;99;163m██[38;2;66;66;66m██[38;2;0;0;0m████  
[38;2;0;0;0m          ██[38;2;66;66;66m██[38;2;123;90;171m████[38;2;66;66;66m██[38;2;0;4;0m████[38;2;0;0;0m██      
[38;2;0;0;0m            ████████            [0m
