
[38;2;0;0;0m                  ████                                                        
[38;2;0;0;0m                ██[38;2;247;247;167m██[38;2;0;0;0m██                                                        
[38;2;0;0;0m        ██    ██[38;2;247;247;167m████[38;2;0;0;0m██  ██████                                                
[38;2;0;0;0m      ██[38;2;247;247;167m██[38;2;0;0;8m██[38;2;0;0;0m  ██[38;2;247;247;167m██[38;2;0;0;8m██[38;2;0;0;0m  ██[38;2;247;247;167m████[38;2;0;0;0m██                                                
[38;2;0;0;0m      ██[38;2;247;247;167m██[38;2;82;82;61m██[38;2;0;0;0m██[38;2;247;247;167m████[38;2;82;82;61m██[38;2;0;0;0m██[38;2;247;247;167m████[38;2;0;0;0m██                                                  
[38;2;0;0;0m    [38;2;0;4;16m██[38;2;63;52;18m██[38;2;247;247;167m██[38;2;66;66;66m██[38;2;247;247;167m████[38;2;66;66;66m██[38;2;247;247;167m██████[38;2;66;66;66m████[38;2;0;0;0m██████                                            
[38;2;0;0;0m    [38;2;0;4;16m██[38;2;189;148;21m██[38;2;247;247;167m██████[38;2;255;222;39m██[38;2;247;247;167m██████[38;2;66;66;66m██[38;2;247;247;167m████████[38;2;0;0;0m██    ████                                    
[38;2;0;0;0m    ██[38;2;247;247;167m██[38;2;255;222;39m██[38;2;247;247;167m██[38;2;255;222;39m████[38;2;247;247;167m██[38;2;255;222;39m██[38;2;247;247;167m████████[38;2;66;66;66m██[38;2;0;0;0m██    ██[38;2;214;107;118m██[38;2;0;0;0m██      ████      ████                
[38;2;0;0;0m      ██[38;2;255;222;39m████████████[38;2;247;247;167m██[38;2;255;222;39m██[38;2;247;247;167m██[38;2;66;66;66m████[38;2;0;0;0m██  ██[38;2;214;107;118m████[38;2;0;0;0m██  ████[38;2;214;107;118m██[38;2;0;0;0m██    ██[38;2;255;148;151m██[38;2;0;0;0m██      ████      
[38;2;0;0;0m      ██[38;2;173;148;21m██[38;2;255;222;31m██[38;2;255;222;39m████[38;2;170;148;31m██[38;2;255;222;39m██[38;2;255;231;79m████[38;2;247;255;143m████[38;2;255;255;143m████[38;2;0;20;16m██[38;2;214;119;126m██[38;2;231;86;103m██[38;2;66;66;66m████[38;2;0;0;0m██[38;2;255;148;151m██[38;2;66;66;66m██[38;2;231;86;103m██[38;2;66;66;66m██[38;2;0;4;8m████[38;2;255;148;151m██[38;2;0;8;8m██[38;2;0;0;0m    ████[38;2;214;107;118m██[38;2;0;0;0m██      
[38;2;0;0;0m        [38;2;8;0;0m██[38;2;255;222;31m██[38;2;255;222;39m██[38;2;189;140;5m██[38;2;0;0;16m██[38;2;85;74;24m██[38;2;255;231;79m██[38;2;239;66;95m██[38;2;239;74;71m██[38;2;244;195;119m██[38;2;197;195;109m██[38;2;82;74;42m██[38;2;71;53;53m████[38;2;66;66;66m██[38;2;231;86;103m██[38;2;66;66;66m████[38;2;255;148;151m██[38;2;66;66;66m████[38;2;231;86;103m██[38;2;82;55;56m██[38;2;247;156;151m██[38;2;255;148;151m██[38;2;85;55;56m██[38;2;0;0;0m████[38;2;214;107;118m████[38;2;0;0;0m██        
[38;2;0;0;0m  ██████[38;2;255;222;39m████[38;2;173;148;21m██[38;2;8;0;0m██[38;2;255;214;39m████[38;2;230;144;50m██[38;2;214;66;70m██[38;2;195;133;61m██[38;2;255;173;55m██[38;2;66;66;66m████[38;2;239;66;95m██████[38;2;66;66;66m██[38;2;255;148;151m████[38;2;66;66;66m██[38;2;214;103;46m████[38;2;66;66;66m██[38;2;255;148;151m████[38;2;255;127;135m██[38;2;74;61;66m██[38;2;66;61;58m██[38;2;181;58;77m██[38;2;66;66;66m████[38;2;86;36;42m██[38;2;0;16;8m██[38;2;0;0;0m      
[38;2;0;0;0m██[38;2;255;222;39m██[38;2;170;148;21m██[38;2;255;222;31m██[38;2;255;222;39m████[38;2;255;222;31m████[38;2;90;45;66m██[38;2;172;129;52m██[38;2;247;222;31m████[38;2;74;53;74m████[38;2;255;165;111m████[38;2;66;66;66m████[38;2;239;66;95m██[38;2;66;66;66m██[38;2;255;148;151m████[38;2;66;66;66m██[38;2;214;103;46m████[38;2;66;66;66m██[38;2;255;148;151m██[38;2;66;66;66m██[38;2;74;61;66m██[38;2;195;105;112m██[38;2;239;57;87m██[38;2;181;58;77m██[38;2;181;49;69m████[38;2;173;57;77m████[38;2;0;0;0m████  
[38;2;0;0;0m██[38;2;255;222;39m██████[38;2;255;222;47m██[38;2;85;74;32m██[38;2;255;198;79m██[38;2;66;66;66m██[38;2;239;162;68m██[38;2;222;93;73m██[38;2;255;239;103m██[38;2;66;66;66m██[38;2;189;140;5m████[38;2;66;70;58m██[38;2;255;173;71m██[38;2;255;165;111m████[38;2;66;66;66m████[38;2;233;192;126m██[38;2;189;132;13m██[38;2;189;140;5m██[38;2;247;247;167m██[38;2;255;222;175m██[38;2;198;115;14m██[38;2;66;66;66m██[38;2;239;66;95m██████[38;2;0;132;104m██[38;2;0;99;80m██[38;2;181;49;69m██[38;2;0;33;24m██[38;2;0;99;80m████[38;2;181;49;69m██[38;2;0;33;24m██[38;2;0;0;0m██
[38;2;0;0;0m  ██[38;2;255;222;39m██[38;2;0;0;0m██[38;2;255;222;47m██[38;2;0;0;24m██[38;2;66;66;66m██[38;2;255;198;79m██[38;2;222;93;73m██[38;2;255;231;63m██[38;2;66;66;66m██[38;2;255;239;103m██[38;2;66;66;66m██[38;2;189;140;5m██[38;2;192;139;67m██[38;2;66;70;58m██[38;2;255;165;111m██████[38;2;66;66;66m██[38;2;189;132;13m██[38;2;255;222;183m██[38;2;247;247;167m████[38;2;198;115;14m██[38;2;217;151;68m██[38;2;239;66;95m████[38;2;0;132;104m████████[38;2;0;33;24m████[38;2;0;0;0m████[38;2;0;33;24m████[38;2;0;0;0m██
[38;2;0;0;0m    ██  ██  [38;2;16;0;0m██[38;2;255;165;111m██[38;2;172;129;52m██[38;2;255;214;39m██[38;2;90;74;26m██[38;2;255;247;159m██[38;2;255;239;103m██[38;2;66;66;66m██[38;2;255;222;39m████[38;2;66;66;50m██[38;2;255;189;55m██[38;2;189;140;5m████[38;2;247;247;167m████[38;2;255;222;175m██[38;2;198;115;14m██[38;2;239;66;95m████[38;2;0;132;104m██[38;2;239;66;95m██[38;2;0;90;72m████[38;2;0;0;0m████              
[38;2;0;0;0m          ██[38;2;255;165;111m██[38;2;175;110;74m██[38;2;255;214;39m██[38;2;90;45;66m██[38;2;255;247;159m██[38;2;145;132;70m██[38;2;66;66;66m██[38;2;255;239;103m██[38;2;255;222;39m████[38;2;255;189;55m██[38;2;192;148;53m██[38;2;247;247;167m████████[38;2;198;115;14m██[38;2;217;151;68m██[38;2;239;66;95m██[38;2;0;132;104m██████[38;2;239;66;95m██[38;2;0;90;72m██[38;2;0;0;0m                  
[38;2;0;0;0m          ██[38;2;82;74;40m██[38;2;247;222;55m██[38;2;66;66;66m██[38;2;247;247;167m██[38;2;255;255;135m██[38;2;156;134;47m██[38;2;66;66;66m██[38;2;255;231;79m██[38;2;255;222;39m██[38;2;189;140;5m██[38;2;255;214;31m██[38;2;192;162;40m██[38;2;247;247;167m██████[38;2;206;115;30m██[38;2;239;67;95m████[38;2;0;132;104m████[38;2;44;122;92m██[38;2;66;181;138m██[38;2;0;0;0m██                    
[38;2;0;0;0m            [38;2;0;0;32m██[38;2;82;74;40m██[38;2;66;66;66m██[38;2;247;247;167m██[38;2;156;134;47m██[38;2;107;74;3m██[38;2;255;231;79m████[38;2;255;222;39m██[38;2;189;140;5m██[38;2;255;214;31m██[38;2;66;57;58m██[38;2;189;140;5m██[38;2;247;247;167m██[38;2;206;115;30m████[38;2;239;57;87m██[38;2;239;67;95m██[38;2;239;66;95m██[38;2;0;132;104m██[38;2;66;181;138m██[38;2;0;4;0m██[38;2;0;0;0m                      
[38;2;0;0;0m          ██[38;2;255;222;39m██████[38;2;66;66;66m████[38;2;189;140;5m██[38;2;247;247;167m████[38;2;66;66;66m████[38;2;192;162;40m██[38;2;255;214;31m██[38;2;189;140;5m██[38;2;247;247;167m████[38;2;189;140;5m██[38;2;0;132;104m████[38;2;239;86;103m██[38;2;80;144;120m██[38;2;82;173;138m██[38;2;0;0;0m██                      
[38;2;0;0;0m        ██[38;2;255;222;39m████████[38;2;66;66;66m██[38;2;189;140;5m██[38;2;66;66;66m██[38;2;247;247;167m██[38;2;66;66;66m██[38;2;255;222;39m████[38;2;66;57;58m██[38;2;255;214;31m██[38;2;189;140;5m██[38;2;247;247;167m██████[38;2;189;140;5m██[38;2;0;132;104m██[38;2;0;173;128m██[38;2;80;144;120m██[38;2;0;0;0m██                        
[38;2;0;0;0m      ██[38;2;189;140;5m██[38;2;255;222;39m██[38;2;66;66;66m██[38;2;255;222;39m██[38;2;66;66;66m██████[38;2;255;165;111m██[38;2;66;66;66m██[38;2;255;222;39m████████[38;2;66;66;66m██[38;2;247;247;167m████████[38;2;255;206;79m██[38;2;173;174;71m██[38;2;0;132;104m██[38;2;66;66;66m██[38;2;0;0;0m██                        
[38;2;0;0;0m      ██[38;2;189;140;5m██[38;2;255;222;39m██[38;2;66;66;66m██[38;2;255;222;39m██[38;2;66;66;66m██[38;2;247;247;167m██[38;2;255;165;111m██[38;2;66;66;66m██[38;2;255;222;39m██████████[38;2;66;66;66m██[38;2;247;247;167m████[38;2;189;140;5m████[38;2;173;174;71m██[38;2;8;111;56m██[38;2;0;132;104m████[38;2;0;0;0m██                        
[38;2;0;0;0m        ██[38;2;255;222;39m██[38;2;0;0;0m██[38;2;66;66;66m██[38;2;181;49;69m██[38;2;66;66;66m██[38;2;255;165;111m██[38;2;66;66;66m██[38;2;255;222;39m██[38;2;66;66;66m██[38;2;255;222;39m██[38;2;66;66;66m██[38;2;255;222;39m██[38;2;66;66;66m██[38;2;189;132;5m████[38;2;239;66;95m████████[38;2;0;90;72m████[38;2;0;0;0m██                        
[38;2;0;0;0m          ██  ██[38;2;181;49;69m████[38;2;66;66;66m████[38;2;255;222;39m██[38;2;66;66;66m██[38;2;255;222;39m██[38;2;66;66;66m██[38;2;255;222;39m██[38;2;66;66;66m██[38;2;63;113;71m██[38;2;0;103;104m██[38;2;0;132;104m██████[38;2;239;66;95m████[38;2;0;90;72m██[38;2;0;0;0m                          
[38;2;0;0;0m              ██[38;2;0;66;56m██[38;2;181;49;69m██[38;2;41;78;73m██[38;2;247;247;167m██[38;2;66;66;66m████[38;2;255;239;103m██[38;2;66;66;66m██████[38;2;0;132;104m██[38;2;239;66;95m██[38;2;239;67;95m████[38;2;0;132;104m██████[38;2;0;0;0m██                          
[38;2;0;0;0m                [38;2;0;66;56m████[38;2;41;78;73m████[38;2;247;247;167m████[38;2;66;66;66m██[38;2;255;239;103m██[38;2;255;165;111m██[38;2;66;66;66m██[38;2;239;66;95m████[38;2;239;67;95m████[38;2;239;66;95m██[38;2;0;132;104m████[38;2;0;0;0m██                          
[38;2;0;0;0m                  ██[38;2;0;99;80m████[38;2;66;66;66m████[38;2;255;165;111m████████[38;2;25;82;70m██[38;2;33;123;105m██[38;2;0;132;104m████[38;2;239;66;95m████[38;2;0;0;0m██                            
[38;2;0;0;0m                ██[38;2;214;107;118m██[38;2;66;66;66m████[38;2;0;99;80m████[38;2;0;0;0m████████[38;2;8;0;0m████[38;2;0;132;104m████[38;2;0;119;88m████[38;2;0;0;0m██                            
[38;2;0;0;0m              ██[38;2;231;99;111m██[38;2;157;66;74m██[38;2;214;107;118m████[38;2;0;0;0m████            [38;2;0;53;40m████[38;2;0;99;80m██████[38;2;0;0;0m██                          
[38;2;0;0;0m                [38;2;8;0;0m████[38;2;0;0;0m████              ██[38;2;181;53;77m██[38;2;60;53;52m██[38;2;66;66;66m████[38;2;0;99;80m██[38;2;0;0;0m██                          
[38;2;0;0;0m                                    ██[38;2;255;148;151m██[38;2;181;49;69m██[38;2;255;148;151m████[38;2;181;49;69m██[38;2;82;55;56m██[38;2;0;4;8m██[38;2;0;0;0m                          
[38;2;0;0;0m                                    ████[38;2;255;148;151m████[38;2;181;49;69m██[38;2;255;148;151m██[38;2;247;156;151m██[38;2;0;4;8m██[38;2;0;0;0m                          
[38;2;0;0;0m                                        ██████████                            [0m
