
[38;2;0;0;0m            ████              
[38;2;0;0;0m        ████[38;2;255;255;255m████[38;2;0;0;0m████          
[38;2;0;0;0m      ██[38;2;255;255;255m██[38;2;189;189;181m██[38;2;255;255;255m████████[38;2;0;0;0m██        
[38;2;0;0;0m      ██[38;2;255;255;255m██████[38;2;189;189;181m██[38;2;255;255;255m██[38;2;0;0;0m██          
[38;2;0;0;0m    ██[38;2;8;8;0m██[38;2;57;52;73m██[38;2;255;255;255m████[38;2;66;66;66m████[38;2;0;0;0m██          
[38;2;0;0;0m  ██[38;2;123;107;187m██[38;2;156;140;220m████[38;2;66;66;66m████[38;2;156;140;220m████[38;2;123;107;187m██[38;2;0;0;0m██        
[38;2;0;0;0m  ██[38;2;156;140;220m██[38;2;255;255;255m██[38;2;156;139;220m██[38;2;156;140;220m██████████[38;2;0;0;0m██        
[38;2;0;0;0m██[38;2;156;140;220m████[38;2;156;139;220m████[38;2;156;140;220m████████████[38;2;0;0;0m██      
[38;2;0;0;0m██[38;2;156;140;220m██[38;2;0;0;0m██[38;2;156;140;220m████████████████[38;2;0;0;0m██      
[38;2;0;0;0m██[38;2;156;140;220m████[38;2;247;247;47m██[38;2;156;140;220m██[38;2;247;247;47m██[38;2;156;140;220m██████████[38;2;0;0;0m██      
[38;2;0;0;0m  [38;2;0;0;8m██[38;2;165;148;237m██[38;2;156;140;220m██[38;2;247;247;47m██[38;2;156;140;220m████[38;2;0;0;0m██[38;2;156;140;220m██[38;2;165;148;237m██[38;2;0;0;8m██[38;2;0;0;0m        
[38;2;0;0;0m  [38;2;0;0;8m██[38;2;110;99;161m██[38;2;247;247;47m██[38;2;156;140;220m██[38;2;247;247;47m██[38;2;156;140;220m██████[38;2;110;99;161m██[38;2;0;0;8m██[38;2;0;0;0m        
[38;2;0;0;0m    ████[38;2;156;140;220m██████[38;2;156;140;228m██[38;2;66;66;66m██[38;2;61;57;89m██[38;2;0;4;0m██[38;2;0;0;0m██      
[38;2;0;0;0m        ██[38;2;8;8;0m██[38;2;57;52;73m██[38;2;66;66;66m██[38;2;126;115;174m██[38;2;123;111;179m████[38;2;0;0;0m████    
[38;2;0;0;0m      ██  ██[38;2;123;107;187m██████[38;2;66;66;66m██[38;2;0;0;0m████  ██  
[38;2;0;0;0m    ██    ████[38;2;66;66;66m██[38;2;123;107;187m██[38;2;0;0;0m██      ██  
[38;2;0;0;0m    ██        ██████        ██
[38;2;0;0;0m      ████                  ██
[38;2;0;0;0m    ██[38;2;198;173;46m████[38;2;0;0;0m██                ██
[38;2;0;0;0m      ████              ████  
[38;2;0;0;0m                      ██[38;2;247;247;47m████[38;2;0;0;0m██
[38;2;0;0;0m                        ████  [0m
