
[38;2;0;0;0m                                      ██████████                
[38;2;0;0;0m                                  ████[38;2;165;126;101m██[38;2;168;130;101m████████[38;2;0;0;0m████            
[38;2;0;0;0m                                ██[38;2;165;132;101m██[38;2;165;126;101m████[38;2;168;130;101m████████[38;2;165;126;101m████[38;2;0;0;0m██          
[38;2;0;0;0m                              ██[38;2;167;129;103m████[38;2;168;130;101m████████████████[38;2;165;126;101m██[38;2;0;0;0m██        
[38;2;0;0;0m                              ██[38;2;255;255;255m██[38;2;167;129;103m██[38;2;168;130;101m████████████████[38;2;165;126;101m██[38;2;0;0;0m██        
[38;2;0;0;0m                            ██[38;2;165;126;101m██[38;2;66;66;66m██[38;2;165;126;101m██[38;2;145;129;116m██[38;2;255;255;247m██[38;2;168;130;101m████████████████[38;2;0;0;0m██      
[38;2;0;0;0m                            ██[38;2;165;126;101m██[38;2;66;66;66m██[38;2;165;126;101m██[38;2;145;129;116m██[38;2;90;66;50m██[38;2;168;130;101m████████████████[38;2;0;0;0m██      
[38;2;0;0;0m              ██████████    [38;2;41;0;1m██[38;2;112;82;83m██[38;2;148;74;68m██[38;2;181;104;104m██[38;2;173;123;101m██[38;2;80;54;61m██[38;2;168;130;101m████████████[38;2;167;130;103m████[38;2;0;0;0m██      
[38;2;0;0;0m          ████[38;2;165;132;101m██[38;2;165;126;101m████████[38;2;0;0;0m████[38;2;112;82;83m██[38;2;255;247;247m██[38;2;247;165;175m██[38;2;148;74;68m██[38;2;126;89;81m██[38;2;173;123;101m██[38;2;168;130;101m████████████[38;2;167;130;103m██[38;2;140;94;92m██[38;2;0;0;0m██      
[38;2;0;0;0m        ██[38;2;165;126;101m██[38;2;168;130;101m████████████[38;2;165;126;101m██[38;2;66;66;66m██[38;2;255;156;175m████████[38;2;211;154;155m██[38;2;156;66;68m██[38;2;168;130;101m████████[38;2;167;130;103m████[38;2;137;93;89m██[38;2;0;0;0m██        
[38;2;0;0;0m        ██[38;2;165;126;101m██[38;2;168;130;101m████████████[38;2;165;126;101m████[38;2;66;66;66m██[38;2;255;156;175m████[38;2;211;151;158m██[38;2;156;66;68m████[38;2;168;130;101m████████[38;2;167;130;103m██[38;2;140;94;92m██[38;2;137;93;89m██[38;2;0;0;0m██        
[38;2;0;0;0m      ██[38;2;167;129;103m████[38;2;168;130;101m████████████████[38;2;66;61;66m██[38;2;143;94;84m██[38;2;156;66;68m████[38;2;145;64;71m██[38;2;156;127;108m██[38;2;167;130;103m██████[38;2;140;94;92m██[38;2;140;97;92m████[38;2;137;93;89m██[38;2;0;0;0m██        
[38;2;0;0;0m      ██[38;2;255;255;255m██[38;2;167;129;103m██[38;2;168;130;101m████████████████[38;2;181;111;93m██[38;2;66;61;66m██[38;2;140;96;89m████[38;2;151;96;89m████[38;2;140;94;92m████████[38;2;140;97;92m████[38;2;137;93;89m██[38;2;0;0;0m██        
[38;2;0;0;0m      ██[38;2;66;66;66m██[38;2;165;126;101m██[38;2;145;129;116m██[38;2;255;255;247m██[38;2;168;130;101m████████████[38;2;173;123;101m██[38;2;66;66;66m██[38;2;140;97;92m████████████████████[38;2;0;0;0m██          
[38;2;0;0;0m      ██[38;2;66;66;66m██[38;2;165;126;101m██[38;2;145;129;116m██[38;2;90;66;50m██[38;2;168;130;101m████████████[38;2;137;104;89m██[38;2;66;66;66m██[38;2;140;97;92m████████████████████[38;2;0;0;0m██          
[38;2;0;0;0m      ██[38;2;156;66;68m████[38;2;181;103;85m██[38;2;74;53;58m██[38;2;168;130;101m████████[38;2;173;123;101m██[38;2;137;104;89m██[38;2;66;66;66m██████████[38;2;137;104;89m██[38;2;140;96;92m████[38;2;140;94;92m██[38;2;167;130;103m██[38;2;140;94;92m██[38;2;167;130;103m██[38;2;0;0;0m██          
[38;2;0;0;0m    ██[38;2;255;255;255m██[38;2;255;156;175m████[38;2;145;86;76m████[38;2;168;130;101m████████[38;2;66;66;66m████[38;2;165;126;101m████████[38;2;173;123;101m██[38;2;66;66;66m████[38;2;140;96;92m██[38;2;167;130;103m██[38;2;140;94;92m██[38;2;167;130;103m██[38;2;140;94;92m██[38;2;0;0;0m██          
[38;2;0;0;0m    ██[38;2;255;156;175m██[38;2;255;156;172m████[38;2;247;173;183m██[38;2;217;140;147m██[38;2;145;64;71m██[38;2;156;127;108m██[38;2;140;96;92m██[38;2;66;66;66m██[38;2;168;130;101m████████████████[38;2;165;126;101m██[38;2;66;66;66m██[38;2;137;102;89m██[38;2;173;123;101m██[38;2;140;96;92m██[38;2;66;66;66m██[38;2;63;63;60m██[38;2;0;4;0m██[38;2;0;0;0m        
[38;2;0;0;0m      ██[38;2;255;156;172m████[38;2;217;140;147m██[38;2;156;74;76m██[38;2;151;96;89m████[38;2;140;96;92m██[38;2;66;66;66m██[38;2;168;130;101m████████████████[38;2;165;126;101m████[38;2;66;61;66m██[38;2;137;102;89m██[38;2;140;96;92m██[38;2;66;66;66m██[38;2;126;122;121m████[38;2;0;0;0m██      
[38;2;0;0;0m        [38;2;8;0;0m██[38;2;129;104;110m██[38;2;156;66;68m██[38;2;140;96;89m██[38;2;140;97;92m████[38;2;66;66;66m██[38;2;165;126;101m██[38;2;167;129;103m████[38;2;168;130;101m████████████████[38;2;66;66;66m██[38;2;140;96;92m██[38;2;66;66;66m████[38;2;126;117;118m████[38;2;173;181;189m██[38;2;0;0;0m████  
[38;2;0;0;0m      ██[38;2;189;156;165m██[38;2;68;52;55m██[38;2;140;96;89m████[38;2;140;97;92m████[38;2;66;66;66m██[38;2;165;126;101m██[38;2;255;255;255m██[38;2;167;129;103m██[38;2;168;130;101m████████████████[38;2;66;66;66m██████[38;2;126;118;118m██[38;2;88;93;104m████[38;2;173;181;189m████[38;2;86;94;102m██[38;2;0;0;0m██
[38;2;0;0;0m    ██[38;2;173;173;181m██[38;2;123;119;123m██[38;2;63;67;68m██[38;2;140;96;92m████████[38;2;66;66;66m██[38;2;173;123;101m██[38;2;66;66;66m██[38;2;165;126;101m██[38;2;168;130;101m████[38;2;255;255;247m██[38;2;145;129;116m██[38;2;168;130;101m████████[38;2;140;96;92m██[38;2;66;66;66m██[38;2;126;119;121m████[38;2;88;93;104m██[38;2;126;117;118m██[38;2;115;115;121m██[38;2;173;173;181m██[38;2;173;181;189m██[38;2;0;0;0m██
[38;2;0;0;0m  ██[38;2;115;115;121m████[38;2;93;93;96m██[38;2;123;119;123m██[38;2;66;66;66m██████[38;2;140;96;92m██[38;2;66;66;66m██[38;2;137;104;89m██[38;2;66;66;66m██[38;2;165;126;101m██[38;2;168;130;101m████[38;2;90;66;50m██[38;2;145;129;116m██[38;2;168;130;101m████████[38;2;140;96;92m██[38;2;66;66;66m██[38;2;126;119;121m████[38;2;126;117;118m██[38;2;88;93;104m██[38;2;115;115;121m██[38;2;0;0;0m████  
[38;2;0;0;0m  ██[38;2;124;118;118m████[38;2;181;181;189m██[38;2;120;120;128m██[38;2;86;92;102m██[38;2;173;181;189m██[38;2;181;181;189m██[38;2;66;66;66m████[38;2;148;82;79m██[38;2;165;66;69m████[38;2;148;74;68m██[38;2;181;104;104m██[38;2;80;54;61m██[38;2;173;123;101m██[38;2;167;130;103m██████[38;2;140;94;92m██[38;2;140;96;92m██[38;2;66;66;66m██[38;2;88;93;104m████[38;2;126;117;118m██[38;2;88;93;104m██[38;2;0;0;0m██      
[38;2;0;0;0m██[38;2;127;119;119m██[38;2;124;118;118m██[38;2;173;181;189m██[38;2;181;181;189m██[38;2;90;90;98m██[38;2;173;181;189m████[38;2;181;181;189m██[38;2;123;123;127m██[38;2;66;66;66m██[38;2;148;82;79m██[38;2;255;255;255m██[38;2;210;160;162m██[38;2;247;165;175m██[38;2;148;74;68m██[38;2;126;89;81m██[38;2;173;123;101m██[38;2;167;130;103m██[38;2;140;94;92m██████[38;2;140;96;92m██[38;2;66;66;66m██[38;2;126;117;118m████[38;2;88;93;104m██[38;2;126;117;118m██[38;2;0;0;0m██      
[38;2;0;0;0m  ████[38;2;173;181;189m██[38;2;126;117;118m██[38;2;88;93;104m██[38;2;181;181;189m████[38;2;90;94;98m████[38;2;176;181;192m██[38;2;66;66;66m██[38;2;255;156;175m████████[38;2;156;66;68m██[38;2;140;96;89m██[38;2;140;97;92m████████[38;2;132;107;105m██[38;2;66;66;66m██[38;2;86;92;102m████[38;2;127;119;119m██[38;2;0;0;0m██        
[38;2;0;0;0m      ██[38;2;126;117;118m████[38;2;120;120;128m██[38;2;90;90;98m██[38;2;120;123;128m██[38;2;181;181;189m██[38;2;176;181;192m██[38;2;66;66;66m██[38;2;156;66;68m████████[38;2;140;96;89m████[38;2;140;97;92m████████[38;2;66;66;66m██[38;2;132;107;105m██[38;2;173;181;189m██[38;2;86;92;102m██[38;2;127;119;119m████[38;2;0;0;0m██      
[38;2;0;0;0m        ██████[38;2;127;119;119m██[38;2;124;118;118m██[38;2;173;181;189m██[38;2;176;181;192m████[38;2;66;66;66m████[38;2;140;96;92m████████████[38;2;66;66;66m████[38;2;126;117;118m██[38;2;88;93;104m██[38;2;173;182;192m████[38;2;82;83;85m██[38;2;123;123;123m██[38;2;0;0;0m██      
[38;2;0;0;0m              ██[38;2;124;118;118m████[38;2;176;181;192m████████[38;2;66;66;66m████████████[38;2;126;118;118m████[38;2;126;117;118m██[38;2;88;93;104m██[38;2;123;119;115m██[38;2;173;182;192m██[38;2;123;123;123m██[38;2;0;4;8m██[38;2;0;0;0m        
[38;2;0;0;0m                ██[38;2;127;119;119m██[38;2;124;118;118m██[38;2;173;181;189m██[38;2;181;181;189m██[38;2;90;94;98m██[38;2;126;117;118m██████[38;2;88;93;104m██[38;2;181;181;189m██[38;2;90;94;98m██[38;2;126;119;121m████████[38;2;82;83;85m██[38;2;123;123;123m██[38;2;0;0;0m██          
[38;2;0;0;0m                ██[38;2;127;119;119m██[38;2;124;118;118m████[38;2;90;94;98m██[38;2;120;123;128m██[38;2;88;93;104m██[38;2;126;117;118m████[38;2;88;93;104m██[38;2;120;123;128m██[38;2;90;94;98m██[38;2;126;119;121m████████[38;2;123;123;123m██[38;2;0;4;8m██[38;2;0;0;0m            
[38;2;0;0;0m                  ████[38;2;127;119;119m██[38;2;86;94;102m██[38;2;0;0;0m██[38;2;82;83;85m██[38;2;123;123;123m██[38;2;126;119;121m████[38;2;88;93;104m██[38;2;126;117;118m██[38;2;127;119;119m██[38;2;0;0;0m██[38;2;127;119;119m████[38;2;66;66;66m██[38;2;0;0;0m██            
[38;2;0;0;0m                      ████  [38;2;0;4;8m██[38;2;123;123;123m██[38;2;126;119;121m████[38;2;126;117;118m████[38;2;0;0;0m██  ██████              
[38;2;0;0;0m                              ██████████                        [0m
