
[38;2;0;0;0m                                      [38;2;0;4;0m████████[38;2;0;0;0m                                
[38;2;0;0;0m                                    [38;2;0;4;0m██[38;2;198;198;190m████████[38;2;0;4;0m██[38;2;0;0;0m                              
[38;2;0;0;0m                                  [38;2;0;4;0m██[38;2;198;198;190m████[38;2;239;239;239m████[38;2;231;231;231m████[38;2;0;4;0m██[38;2;0;0;0m                            
[38;2;0;0;0m              [38;2;0;4;0m████[38;2;0;0;0m                [38;2;0;4;0m██[38;2;104;107;101m██[38;2;57;61;57m██[38;2;74;70;66m██[38;2;184;183;181m██[38;2;201;201;195m██[38;2;140;140;124m██[38;2;198;198;190m██[38;2;0;4;0m██[38;2;0;0;0m                          
[38;2;0;0;0m            [38;2;0;4;0m██[38;2;143;139;127m██[38;2;70;72;66m██[38;2;0;4;0m██[38;2;0;0;0m            [38;2;8;8;0m██[38;2;145;145;132m██[38;2;66;66;66m██[38;2;140;140;128m██[38;2;66;66;66m██[38;2;94;99;94m██[38;2;198;198;190m██[38;2;140;142;128m██[38;2;206;198;190m██[38;2;0;4;0m██[38;2;0;0;0m  [38;2;0;4;0m██████[38;2;0;0;0m                  
[38;2;0;0;0m  [38;2;0;4;0m████[38;2;0;0;0m  [38;2;0;4;0m████[38;2;143;139;127m██[38;2;0;4;0m██[38;2;140;140;132m██[38;2;0;4;0m██[38;2;0;0;0m          [38;2;0;4;0m██[38;2;77;77;66m████[38;2;140;140;128m████[38;2;66;66;66m██[38;2;94;99;94m██[38;2;198;198;190m████[38;2;137;133;127m██[38;2;69;69;63m██[38;2;0;4;0m██[38;2;198;198;190m██████[38;2;0;4;0m████[38;2;0;0;0m              
[38;2;0;4;0m██[38;2;198;198;190m████[38;2;0;4;0m██[38;2;93;95;88m██[38;2;140;140;132m██[38;2;0;4;0m██[38;2;0;0;0m  [38;2;0;4;0m██[38;2;140;140;132m██[38;2;0;4;0m██[38;2;0;0;0m    [38;2;0;4;0m████[38;2;214;214;206m██[38;2;206;198;190m██[38;2;66;66;66m██[38;2;137;137;127m██[38;2;66;66;66m██[38;2;140;139;129m████[38;2;99;103;99m██[38;2;206;198;190m████[38;2;66;66;66m██[38;2;140;140;132m██[38;2;94;98;98m██[38;2;99;99;91m██[38;2;231;239;231m██[38;2;236;236;233m████[38;2;0;4;0m██[38;2;0;0;0m            
[38;2;0;4;0m██[38;2;198;198;190m██████[38;2;93;95;88m██[38;2;0;4;0m██[38;2;0;0;0m      [38;2;0;4;0m██[38;2;140;140;132m██[38;2;0;4;0m████[38;2;198;198;190m██[38;2;214;214;206m██[38;2;143;144;137m██[38;2;136;132;128m██[38;2;66;66;66m██[38;2;102;102;96m██[38;2;66;66;66m██[38;2;82;79;69m██[38;2;140;139;129m██[38;2;99;103;99m██[38;2;135;135;129m██[38;2;136;132;128m██[38;2;66;66;66m██[38;2;140;140;132m████[38;2;143;146;138m██[38;2;99;99;91m██[38;2;198;198;190m██████[38;2;0;4;0m██[38;2;0;0;0m          
[38;2;0;0;0m  [38;2;0;4;0m██[38;2;214;214;214m████[38;2;198;198;190m██[38;2;0;4;0m██[38;2;0;0;0m        [38;2;0;4;0m██[38;2;66;65;66m██[38;2;198;198;190m████[38;2;231;239;239m████[38;2;74;70;66m██[38;2;129;126;124m██[38;2;198;198;190m██[38;2;140;142;128m██[38;2;71;71;69m████[38;2;110;104;107m██[38;2;198;189;190m██[38;2;66;66;66m██[38;2;140;140;128m██[38;2;140;140;129m████[38;2;137;137;127m██[38;2;102;102;96m██[38;2;198;198;190m████[38;2;137;133;127m██[38;2;0;4;0m██[38;2;0;0;0m          
[38;2;0;0;0m    [38;2;0;4;0m██████[38;2;0;0;0m            [38;2;0;4;0m██[38;2;198;198;190m██[38;2;236;236;233m██[38;2;231;239;239m██[38;2;140;142;128m██[38;2;74;70;66m██[38;2;239;239;239m██[38;2;198;198;190m████[38;2;71;71;69m██[38;2;198;198;190m██[38;2;66;61;66m████[38;2;66;66;66m████[38;2;140;140;129m████[38;2;66;66;66m████[38;2;198;198;190m██[38;2;140;142;128m██[38;2;206;198;190m██[38;2;69;69;63m██[38;2;0;4;0m██[38;2;0;0;0m        
[38;2;0;0;0m                    [38;2;0;4;0m██[38;2;222;86;86m██[38;2;198;198;190m████[38;2;140;142;128m██[38;2;198;198;190m██[38;2;66;66;66m██[38;2;136;132;128m██[38;2;206;198;190m██[38;2;136;132;128m██[38;2;99;49;51m██[38;2;214;189;182m██[38;2;74;71;63m████[38;2;94;99;94m██[38;2;66;66;66m██████[38;2;94;99;94m██[38;2;66;66;66m██████[38;2;198;198;190m██[38;2;66;66;66m██[38;2;94;96;94m██[38;2;0;4;0m██[38;2;0;0;0m      
[38;2;0;0;0m                    [38;2;0;4;0m██[38;2;222;86;86m██[38;2;93;99;96m██[38;2;198;198;190m██[38;2;140;142;128m████[38;2;206;198;190m██[38;2;66;66;66m██████[38;2;214;189;182m██[38;2;156;119;116m██[38;2;206;198;190m██[38;2;8;8;0m██[38;2;94;99;94m████[38;2;66;66;66m██[38;2;94;99;94m██[38;2;66;66;66m██[38;2;94;99;94m██[38;2;66;66;66m██[38;2;94;99;94m██[38;2;66;66;66m████[38;2;94;96;94m██[38;2;0;4;0m██[38;2;0;0;0m      
[38;2;0;0;0m                [38;2;0;4;0m████[38;2;99;99;91m██[38;2;66;66;66m██[38;2;99;103;99m██[38;2;206;198;190m██[38;2;198;198;190m████[38;2;214;189;182m████[38;2;247;173;167m██[38;2;177;109;105m██[38;2;82;57;58m██[38;2;156;119;116m██[38;2;0;4;0m██[38;2;0;0;0m  [38;2;0;4;0m██[38;2;99;99;99m██[38;2;66;66;66m██[38;2;94;99;94m██[38;2;66;66;66m██[38;2;94;99;94m██[38;2;66;66;66m██[38;2;94;99;94m██[38;2;94;96;94m██[38;2;0;4;0m████[38;2;0;0;0m        
[38;2;0;0;0m              [38;2;0;4;0m██[38;2;94;96;94m████[38;2;66;66;66m██[38;2;77;77;74m██[38;2;135;135;129m██[38;2;99;103;99m██[38;2;198;198;190m██[38;2;93;99;96m██[38;2;132;78;76m██[38;2;159;115;111m██[38;2;107;45;43m██[38;2;177;109;105m██[38;2;82;57;58m██[38;2;231;181;175m██[38;2;0;4;0m██[38;2;0;0;0m  [38;2;0;4;0m██[38;2;66;67;66m██[38;2;94;99;94m██[38;2;66;66;66m██[38;2;94;99;94m████[38;2;66;66;66m████[38;2;94;96;94m██[38;2;0;4;0m██[38;2;0;0;0m          
[38;2;0;0;0m              [38;2;0;4;0m██[38;2;110;104;107m██[38;2;66;61;66m██[38;2;66;66;66m██[38;2;198;198;190m██[38;2;66;66;66m██[38;2;140;140;128m██[38;2;94;98;98m██[38;2;140;140;132m████[38;2;96;99;93m██[38;2;198;198;190m██████[38;2;0;4;0m██[38;2;0;0;0m      [38;2;0;4;0m██[38;2;66;66;66m████[38;2;94;99;94m████[38;2;0;4;0m████[38;2;94;96;94m████[38;2;0;4;0m██[38;2;0;0;0m        
[38;2;0;0;0m              [38;2;0;4;0m██[38;2;66;61;66m██[38;2;198;189;190m██[38;2;198;198;190m████[38;2;66;66;66m████[38;2;94;98;98m██[38;2;140;140;132m██[38;2;96;99;93m██[38;2;74;78;74m██[38;2;82;79;69m██[38;2;140;139;129m██[38;2;66;69;63m██[38;2;0;4;0m██[38;2;0;0;0m    [38;2;0;4;0m██[38;2;94;96;94m██[38;2;66;66;66m██[38;2;140;140;128m██[38;2;66;66;66m██[38;2;94;99;94m██[38;2;0;4;0m██[38;2;0;0;0m  [38;2;0;4;0m██[38;2;94;96;94m████[38;2;0;4;0m██████[38;2;0;0;0m  
[38;2;0;0;0m            [38;2;0;4;0m██[38;2;99;99;99m██[38;2;236;236;233m██[38;2;198;198;190m████[38;2;66;66;66m██[38;2;0;0;0m    [38;2;71;71;69m████[38;2;82;79;69m██[38;2;198;198;190m██[38;2;140;135;127m██[38;2;74;71;63m██[38;2;0;4;0m██[38;2;0;0;0m    [38;2;0;4;0m██[38;2;96;99;96m████[38;2;66;65;66m██[38;2;0;4;0m████[38;2;94;96;94m████[38;2;0;4;0m██[38;2;0;0;0m  [38;2;0;4;0m████[38;2;94;96;94m██████[38;2;0;4;0m██
[38;2;0;0;0m          [38;2;0;4;0m████[38;2;66;67;66m██[38;2;236;236;233m██[38;2;198;198;190m██████[38;2;66;66;66m████[38;2;71;71;69m██[38;2;198;198;190m██████[38;2;206;198;190m██[38;2;8;8;0m██[38;2;0;0;0m      [38;2;0;4;0m██[38;2;96;99;96m████[38;2;0;4;0m██[38;2;0;0;0m    [38;2;0;4;0m██[38;2;94;96;94m████[38;2;0;4;0m██[38;2;0;0;0m    [38;2;0;4;0m████[38;2;94;96;94m██[38;2;0;4;0m██
[38;2;0;0;0m          [38;2;0;4;0m██[38;2;0;0;0m  [38;2;0;4;0m████[38;2;231;239;239m██[38;2;206;198;190m██[38;2;137;135;127m██[38;2;198;198;190m████████[38;2;214;214;206m████[38;2;140;140;132m██[38;2;0;4;0m██[38;2;0;0;0m      [38;2;0;4;0m██[38;2;94;96;94m██[38;2;0;4;0m██[38;2;0;0;0m        [38;2;0;4;0m██[38;2;94;96;94m████[38;2;0;4;0m██[38;2;0;0;0m      [38;2;0;4;0m██[38;2;0;0;0m  
[38;2;0;0;0m                  [38;2;0;4;0m██[38;2;0;8;0m██[38;2;206;198;190m██[38;2;140;142;128m██[38;2;198;198;190m██[38;2;236;236;233m████[38;2;143;144;137m██[38;2;0;4;0m████[38;2;0;0;0m      [38;2;0;4;0m██[38;2;94;96;94m██████[38;2;0;4;0m██[38;2;0;0;0m        [38;2;0;4;0m████[38;2;0;0;0m            
[38;2;0;0;0m                      [38;2;0;4;0m████████████[38;2;0;0;0m          [38;2;0;4;0m██[38;2;94;96;94m██[38;2;0;4;0m██[38;2;94;96;94m██[38;2;0;4;0m██[38;2;0;0;0m                        
[38;2;0;0;0m                                              [38;2;0;4;0m██[38;2;0;0;0m  [38;2;0;4;0m██[38;2;0;0;0m                          [0m
