
[38;2;0;0;0m                                      ████[38;2;8;4;0m████[38;2;0;0;0m                                  
[38;2;0;0;0m                                  ████[38;2;255;206;71m████[38;2;255;255;207m██[38;2;173;171;138m██[38;2;0;0;0m████                              
[38;2;0;0;0m                                ██[38;2;170;155;53m██[38;2;255;231;79m██[38;2;255;206;71m████████[38;2;255;231;79m██[38;2;170;155;53m██[38;2;0;0;0m██                            
[38;2;0;0;0m                                  [38;2;0;4;0m████[38;2;193;181;69m████████[38;2;0;4;0m████[38;2;0;0;0m                              
[38;2;0;0;0m                                      [38;2;0;4;32m██[38;2;123;109;67m████[38;2;0;4;32m██[38;2;0;0;0m                                  
[38;2;0;0;0m                                    ██[38;2;123;109;67m██[38;2;247;214;103m████[38;2;123;109;67m██[38;2;0;0;0m██                                
[38;2;0;0;0m                                  [38;2;0;0;24m██[38;2;154;132;71m██[38;2;198;198;190m████████[38;2;123;107;51m██[38;2;0;0;8m██[38;2;0;0;0m                              
[38;2;0;0;0m                              ████[38;2;77;66;48m██[38;2;231;198;95m██[38;2;111;115;95m████████[38;2;247;214;95m██[38;2;0;0;8m██[38;2;0;0;0m                              
[38;2;0;0;0m                        ██████[38;2;173;173;173m████[38;2;66;66;66m██[38;2;110;110;107m██[38;2;255;206;71m████████[38;2;107;101;95m██[38;2;8;4;0m██[38;2;0;0;0m    ████████                  
[38;2;0;0;0m                      ██[38;2;90;90;78m██[38;2;198;198;190m████[38;2;102;98;96m██[38;2;66;61;58m██[38;2;66;66;66m██[38;2;198;198;190m██[38;2;112;113;94m████████[38;2;206;198;190m████[38;2;0;0;0m████[38;2;173;173;173m████[38;2;173;181;173m██[38;2;86;90;86m██[38;2;0;0;0m████              
[38;2;0;0;0m                      ██[38;2;198;198;190m██[38;2;200;195;187m████[38;2;198;198;190m██[38;2;74;74;74m██[38;2;201;198;190m████████████[38;2;198;198;190m████[38;2;66;61;58m██[38;2;165;173;165m██[38;2;90;90;82m██████[38;2;200;195;187m██[38;2;201;198;190m████[38;2;0;0;0m██            
[38;2;0;0;0m                      ██[38;2;198;198;190m██[38;2;90;90;82m████[38;2;74;74;74m████[38;2;201;198;190m████████████[38;2;111;115;95m██[38;2;198;198;190m██[38;2;66;61;58m██[38;2;99;98;94m██[38;2;200;195;187m████████[38;2;201;198;190m████[38;2;0;0;0m██            
[38;2;0;0;0m                        ██[38;2;201;198;190m████[38;2;198;198;190m██[38;2;66;66;66m██[38;2;74;86;82m██[38;2;132;93;78m██[38;2;112;112;99m████[38;2;115;115;94m██[38;2;91;91;80m██[38;2;201;198;190m████[38;2;74;74;74m██[38;2;198;198;190m██[38;2;90;90;82m██████[38;2;200;195;187m██[38;2;198;198;182m██[38;2;99;99;91m██[38;2;0;0;0m██            
[38;2;0;0;0m                        ██[38;2;201;198;190m████[38;2;198;198;190m████[38;2;74;86;82m██[38;2;247;107;71m██[38;2;255;148;71m████[38;2;66;66;66m██[38;2;91;91;80m██[38;2;201;198;190m████[38;2;74;74;74m████[38;2;200;195;187m██████[38;2;90;90;82m██[38;2;0;0;0m████              
[38;2;0;0;0m    ████████              ██[38;2;71;71;66m██[38;2;198;198;182m██[38;2;110;113;99m██[38;2;74;74;74m████[38;2;255;206;71m██[38;2;74;74;74m██[38;2;66;66;66m██[38;2;198;198;190m████[38;2;82;86;74m██[38;2;201;198;190m████████[38;2;189;189;173m██[38;2;0;0;0m██                  
[38;2;0;0;0m  ██[38;2;82;78;70m██[38;2;198;198;190m██████[38;2;0;0;0m██████    ████[38;2;107;107;99m██[38;2;71;71;66m██[38;2;66;70;58m██[38;2;110;113;99m██[38;2;198;198;190m██[38;2;74;74;74m██████[38;2;198;198;190m████[38;2;121;123;113m██[38;2;198;198;190m██[38;2;201;198;190m████████[38;2;63;63;58m██[38;2;126;126;115m██[38;2;0;0;0m██                
[38;2;0;0;0m██[38;2;115;115;99m████[38;2;82;79;69m██[38;2;115;114;96m██[38;2;111;115;95m██[38;2;198;198;190m██[38;2;66;66;66m██[38;2;82;80;69m██[38;2;0;0;0m████[38;2;255;206;71m██[38;2;112;113;94m██[38;2;255;206;71m██[38;2;112;113;94m██[38;2;66;66;66m██[38;2;198;198;190m██[38;2;111;115;95m██[38;2;198;198;190m██████[38;2;111;115;95m████[38;2;198;198;190m████[38;2;66;66;66m████[38;2;66;66;74m████[38;2;255;206;71m████[38;2;127;105;51m██[38;2;0;4;24m██[38;2;0;0;0m              
[38;2;0;0;0m  ██[38;2;77;77;66m██[38;2;115;114;96m██[38;2;82;79;69m██[38;2;111;115;95m██[38;2;198;198;190m██[38;2;66;66;66m██[38;2;82;80;69m██[38;2;74;71;69m████[38;2;112;113;94m██[38;2;255;206;71m██[38;2;112;113;94m██[38;2;255;206;71m██[38;2;110;110;107m██[38;2;66;66;66m██[38;2;198;198;190m██[38;2;111;115;95m██████[38;2;198;198;190m████[38;2;66;66;66m████[38;2;113;115;97m████[38;2;129;113;76m██[38;2;255;206;79m██[38;2;112;113;94m████[38;2;255;206;79m████[38;2;0;0;0m██            
[38;2;0;0;0m██[38;2;111;115;95m████████[38;2;112;115;96m████[38;2;198;198;190m██[38;2;66;66;66m██[38;2;82;80;69m██[38;2;66;66;66m██[38;2;121;115;73m██[38;2;181;173;101m██[38;2;115;115;99m██[38;2;77;77;66m██[38;2;112;115;96m████[38;2;66;66;66m██[38;2;198;198;190m██████[38;2;66;66;66m████[38;2;112;115;96m████████[38;2;189;181;77m██[38;2;118;115;86m██[38;2;123;118;72m██[38;2;255;214;71m██[38;2;66;66;66m████[38;2;71;71;66m██[38;2;0;0;0m████        
[38;2;0;0;0m  ██████[38;2;111;115;95m██[38;2;112;115;96m████[38;2;110;110;107m██[38;2;66;66;66m██[38;2;82;80;69m██[38;2;66;66;66m██[38;2;121;115;73m██[38;2;0;0;16m██[38;2;0;0;0m██[38;2;115;115;99m██[38;2;112;115;96m████[38;2;110;110;107m██[38;2;66;66;66m██████[38;2;113;115;97m████[38;2;112;115;96m████████[38;2;82;82;90m██[38;2;118;115;86m██[38;2;189;166;72m██[38;2;57;70;73m██[38;2;82;80;69m██[38;2;66;66;66m██[38;2;71;71;66m████[38;2;66;66;66m██[38;2;0;0;0m██      
[38;2;0;0;0m        ██[38;2;111;115;95m████[38;2;126;126;115m██[38;2;63;63;58m██[38;2;82;78;70m██[38;2;0;0;0m████    ██[38;2;115;114;96m████[38;2;112;115;96m████████[38;2;115;114;96m████[38;2;118;115;75m██[38;2;82;82;74m██[38;2;115;114;96m████[38;2;82;79;69m██[38;2;115;114;96m██[38;2;66;66;66m████[38;2;74;74;66m██[38;2;198;198;190m██[38;2;198;198;182m██[38;2;66;70;58m██[38;2;198;198;190m████[38;2;0;4;0m████[38;2;0;0;0m  
[38;2;0;0;0m          ██[38;2;111;115;95m██[38;2;189;189;173m██[38;2;0;0;0m████      ██[38;2;189;181;69m██[38;2;82;79;69m██[38;2;115;114;96m██[38;2;112;115;96m████████[38;2;115;114;96m██[38;2;82;79;69m██[38;2;82;82;74m██[38;2;189;181;77m██[38;2;82;79;69m██[38;2;115;114;96m████[38;2;82;79;69m██[38;2;66;66;66m██[38;2;198;198;190m████[38;2;74;74;66m██[38;2;110;113;99m████[38;2;82;79;69m████[38;2;103;105;95m██[38;2;206;206;190m██[38;2;0;0;0m██
[38;2;0;0;0m        ██[38;2;103;105;95m██[38;2;206;206;190m██[38;2;0;0;0m██          ██[38;2;255;206;71m██[38;2;82;79;69m██[38;2;115;114;96m██[38;2;112;115;96m████[38;2;115;114;96m████[38;2;82;86;66m██[38;2;197;171;69m██[38;2;255;214;71m██[38;2;197;171;69m██[38;2;82;82;74m██[38;2;115;115;99m██[38;2;91;92;80m██[38;2;82;81;69m██[38;2;66;66;66m████[38;2;113;115;97m████[38;2;82;79;69m██[38;2;115;114;96m██[38;2;82;79;69m██[38;2;115;114;96m██[38;2;82;79;69m██[38;2;115;114;96m██[38;2;0;0;0m██
[38;2;0;0;0m          [38;2;0;4;0m████[38;2;0;0;0m              ██[38;2;82;79;69m██[38;2;115;114;96m██[38;2;112;115;96m████[38;2;115;114;96m██[38;2;82;79;69m██[38;2;255;214;71m██[38;2;197;171;69m██[38;2;255;214;71m██[38;2;82;86;66m██[38;2;93;93;82m████[38;2;91;92;80m████[38;2;66;66;66m██[38;2;82;80;69m██[38;2;66;66;66m██[38;2;113;115;97m██[38;2;115;114;96m██████[38;2;82;79;69m██[38;2;115;114;96m████[38;2;0;0;0m██
[38;2;0;0;0m                              ██[38;2;111;115;95m██[38;2;118;118;86m████[38;2;90;90;82m████[38;2;85;85;72m████[38;2;85;88;77m████[38;2;195;178;69m██[38;2;90;90;82m██[38;2;94;90;46m██[38;2;189;181;77m██[38;2;0;0;0m██[38;2;82;78;70m██[38;2;66;66;66m██[38;2;110;110;107m██[38;2;111;115;95m████[38;2;112;115;96m████[38;2;111;115;95m██[38;2;0;0;0m██  
[38;2;0;0;0m                                ██[38;2;189;181;77m██[38;2;82;86;90m██[38;2;90;90;82m██[38;2;195;178;69m██[38;2;189;181;69m██[38;2;85;85;72m██[38;2;85;88;77m██[38;2;189;181;69m██[38;2;90;90;82m██[38;2;195;178;69m██[38;2;189;181;77m██[38;2;0;0;16m██[38;2;0;0;0m  ██[38;2;66;66;66m██[38;2;198;198;190m████[38;2;111;115;95m██[38;2;112;115;96m████[38;2;0;0;0m██    
[38;2;0;0;0m                                  ████[38;2;181;173;85m██[38;2;90;86;50m██[38;2;101;101;66m██[38;2;189;181;69m██[38;2;195;178;69m██[38;2;90;90;82m██[38;2;91;91;80m██[38;2;66;66;66m██[38;2;0;0;0m██    ██[38;2;198;198;190m████[38;2;0;0;0m████████      
[38;2;0;0;0m                                      [38;2;0;0;16m██[38;2;90;86;50m██[38;2;57;61;65m████[38;2;90;90;82m████[38;2;91;91;80m████[38;2;90;90;78m██[38;2;0;0;0m██    ████              
[38;2;0;0;0m                                    ██[38;2;112;115;96m████[38;2;112;112;96m██[38;2;90;90;82m██[38;2;90;93;79m████[38;2;90;94;82m████[38;2;0;0;0m██                        
[38;2;0;0;0m                                  ██[38;2;111;115;95m██[38;2;112;115;96m████[38;2;90;90;82m████[38;2;90;93;79m████[38;2;60;63;55m██[38;2;0;0;0m██                          
[38;2;0;0;0m                                    ████[38;2;90;90;78m██[38;2;91;91;80m████[38;2;66;66;66m████[38;2;0;0;0m██                            
[38;2;0;0;0m                                        ██[38;2;66;66;66m██[38;2;91;91;80m██████[38;2;90;90;78m██[38;2;0;0;0m██                          
[38;2;0;0;0m                                        ██[38;2;90;90;78m██████[38;2;0;0;0m████                            
[38;2;0;0;0m                                          ██████                                [0m
