
[38;2;0;0;0m                            ██            
[38;2;0;0;0m                            ██            
[38;2;0;0;0m                            ██            
[38;2;0;0;0m                        ██████            
[38;2;0;0;0m                      ██                  
[38;2;0;0;0m            ██████████[38;2;66;66;66m██[38;2;0;0;0m██                
[38;2;0;0;0m        ████[38;2;255;255;255m████████[38;2;66;66;66m██[38;2;255;255;255m████[38;2;0;0;0m████████        
[38;2;0;0;0m    ████[38;2;255;255;255m████████████[38;2;66;66;66m██[38;2;255;255;255m████████████[38;2;0;0;0m████    
[38;2;0;0;0m  [38;2;0;8;16m██[38;2;255;255;255m██████████████████████████████████[38;2;0;0;0m██  
[38;2;0;0;0m██[38;2;255;255;255m██[38;2;170;173;175m██[38;2;164;205;220m██████[38;2;255;255;255m████████████████████████[38;2;164;205;220m██[38;2;165;206;221m██[38;2;0;0;0m██
[38;2;0;0;0m██[38;2;255;255;255m██[38;2;164;205;220m██[38;2;165;206;221m██████████████[38;2;255;255;255m██████████[38;2;247;255;255m██[38;2;173;201;213m██[38;2;165;206;221m██[38;2;107;148;163m████[38;2;0;0;0m██
[38;2;0;0;0m██[38;2;255;255;255m██[38;2;164;205;220m██[38;2;165;206;221m████████████████[38;2;164;205;220m████████[38;2;173;201;213m██[38;2;99;148;171m██[38;2;107;148;163m██████[38;2;0;0;0m██
[38;2;0;0;0m██[38;2;247;255;255m██[38;2;184;193;194m██[38;2;66;66;66m████[38;2;165;206;221m██████████████[38;2;255;255;255m██████[38;2;165;206;221m██[38;2;107;148;163m████████[38;2;0;0;0m██
[38;2;0;0;0m██[38;2;247;255;255m██[38;2;57;70;73m██[38;2;165;206;221m████[38;2;49;90;105m██[38;2;165;206;221m██████████████[38;2;255;255;255m████[38;2;165;206;221m██[38;2;107;148;163m████████[38;2;0;0;0m██
[38;2;0;0;0m██[38;2;255;255;255m██[38;2;66;66;66m██[38;2;165;206;221m████[38;2;49;90;105m██[38;2;165;206;221m████████[38;2;66;66;66m██[38;2;55;77;84m██[38;2;165;206;221m████[38;2;255;255;255m██[38;2;165;206;221m██[38;2;107;148;163m████████[38;2;0;0;0m██
[38;2;0;0;0m██[38;2;255;255;255m██[38;2;66;66;66m██[38;2;165;206;221m████[38;2;49;90;105m██[38;2;165;206;221m██████[38;2;66;66;66m██[38;2;165;206;221m████[38;2;55;77;84m██[38;2;165;206;221m██████[38;2;107;148;163m████████[38;2;0;0;0m██
[38;2;0;0;0m██[38;2;255;255;255m██[38;2;164;205;220m██[38;2;55;77;84m████[38;2;165;206;221m████████[38;2;66;66;66m██[38;2;165;206;221m████[38;2;49;90;105m██[38;2;165;206;221m██████[38;2;107;148;163m████████[38;2;0;0;0m██
[38;2;0;0;0m██[38;2;255;255;255m██[38;2;164;205;220m██[38;2;165;206;221m████[38;2;49;90;105m████[38;2;165;206;221m████[38;2;66;66;66m██[38;2;165;206;221m████[38;2;49;90;105m██[38;2;165;206;221m████[38;2;107;148;163m██████████[38;2;0;0;0m██
[38;2;0;0;0m██[38;2;255;255;255m██[38;2;164;205;220m██[38;2;165;206;221m██[38;2;55;77;84m██[38;2;255;255;255m████[38;2;57;82;89m██[38;2;165;206;221m████[38;2;66;66;66m██[38;2;49;90;105m██[38;2;165;206;221m██████[38;2;107;148;163m██████████[38;2;0;0;0m██
[38;2;0;0;0m██[38;2;255;255;255m████[38;2;165;206;221m██[38;2;55;77;84m██[38;2;164;205;220m████[38;2;111;144;155m██[38;2;57;82;89m██[38;2;165;206;221m████████████[38;2;107;148;163m████████[38;2;0;0;0m██  
[38;2;0;0;0m  ██[38;2;255;255;255m████[38;2;170;174;175m██[38;2;66;66;66m██████[38;2;165;206;221m██████████████[38;2;107;148;163m████[38;2;110;143;153m██[38;2;165;214;229m██[38;2;0;0;0m██  
[38;2;0;0;0m    ██[38;2;0;12;16m██[38;2;170;174;175m██[38;2;165;206;221m████████████████████[38;2;107;148;163m██[38;2;165;206;221m██[38;2;0;0;0m████    
[38;2;0;0;0m        ████[38;2;49;90;105m██[38;2;57;82;89m████[38;2;165;206;221m████████████[38;2;0;0;0m████        
[38;2;0;0;0m            ██[38;2;57;82;89m██[38;2;255;255;255m██[38;2;49;90;105m████████[38;2;55;74;84m██[38;2;0;8;16m██[38;2;0;0;0m            
[38;2;0;0;0m          ██[38;2;66;66;66m██[38;2;255;255;255m██████████[38;2;107;181;211m██[38;2;66;66;66m████[38;2;0;0;0m██          
[38;2;0;0;0m        ██[38;2;66;66;66m████[38;2;255;255;255m████████[38;2;107;181;211m████[38;2;0;0;0m██[38;2;66;66;66m████[38;2;0;0;0m██        
[38;2;0;0;0m          ████[38;2;255;255;255m████████████[38;2;107;148;163m██[38;2;0;0;0m██[38;2;66;66;66m████[38;2;0;0;0m██      
[38;2;0;0;0m              ██[38;2;255;255;255m██████[38;2;181;201;209m██[38;2;107;148;163m████[38;2;0;0;0m████████      
[38;2;0;0;0m              ██[38;2;189;206;205m████████████[38;2;0;0;0m██            
[38;2;0;0;0m          ████[38;2;63;69;68m████[38;2;189;206;205m██████████[38;2;63;69;68m██[38;2;0;0;0m██          
[38;2;0;0;0m        ██[38;2;189;140;53m████████[38;2;0;0;0m████[38;2;82;63;45m████[38;2;85;63;37m██[38;2;0;0;16m██[38;2;0;0;0m            
[38;2;0;0;0m          ████████    [38;2;0;0;24m██[38;2;247;189;87m██[38;2;255;189;79m████[38;2;0;0;0m██          
[38;2;0;0;0m                    ██[38;2;255;198;71m██[38;2;170;132;47m██[38;2;255;198;71m██[38;2;173;133;47m██[38;2;255;189;71m██[38;2;0;0;0m██        
[38;2;0;0;0m                      ████[38;2;255;198;71m██[38;2;8;4;0m██[38;2;0;0;0m██          
[38;2;0;0;0m                          ██              [0m
