
[38;2;0;0;0m              ██████                
[38;2;0;0;0m          ████[38;2;192;128;176m██████[38;2;0;0;0m████            
[38;2;0;0;0m        ██[38;2;192;128;176m██████████████[38;2;0;0;0m██          
[38;2;0;0;0m      ██[38;2;112;72;104m██[38;2;152;96;128m██[38;2;192;128;176m██████[38;2;152;96;128m████[38;2;192;128;176m████[38;2;0;0;0m██        
[38;2;0;0;0m    ██[38;2;192;128;176m████[38;2;112;72;104m██████[38;2;152;96;128m██[38;2;192;168;48m██[38;2;240;240;40m██[38;2;152;96;128m██[38;2;192;128;176m██[38;2;0;0;0m██        
[38;2;0;0;0m    ██[38;2;64;64;64m██[38;2;192;128;176m██████[38;2;152;96;128m██[38;2;240;240;40m██[38;2;160;136;48m██[38;2;240;240;40m██[38;2;112;72;104m██[38;2;152;96;128m████[38;2;0;0;0m██      
[38;2;0;0;0m  ██  ██[38;2;64;64;64m██████[38;2;192;128;176m████[38;2;112;72;104m████[38;2;152;96;128m██████[38;2;0;0;0m██      
[38;2;0;0;0m██[38;2;240;240;40m██[38;2;0;0;0m██  ██[38;2;192;96;80m████[38;2;64;64;64m████[38;2;152;96;128m██████████[38;2;0;0;0m██      
[38;2;0;0;0m██[38;2;192;168;48m██[38;2;0;0;0m██    ██[38;2;192;96;80m██████[38;2;112;72;104m██[38;2;152;96;128m██████[38;2;0;0;0m██        
[38;2;0;0;0m██[38;2;240;240;40m████[38;2;0;0;0m██    ████[38;2;64;64;64m██[38;2;192;168;48m██[38;2;152;96;128m██████[38;2;0;0;0m██        
[38;2;0;0;0m  ██[38;2;192;168;48m████[38;2;0;0;0m██    ██[38;2;240;240;40m██[38;2;192;168;48m██████[38;2;0;0;0m██          
[38;2;0;0;0m  ██[38;2;240;240;40m████[38;2;152;96;128m██[38;2;0;0;0m████[38;2;192;128;176m████[38;2;240;240;40m██[38;2;192;168;48m██[38;2;64;64;64m████[38;2;0;0;0m██        
[38;2;0;0;0m    ██[38;2;152;96;128m██[38;2;64;64;64m██[38;2;112;72;104m██[38;2;192;128;176m████████[38;2;64;64;64m██[38;2;152;96;128m██████[38;2;0;0;0m████    
[38;2;0;0;0m      ██[38;2;64;64;64m██[38;2;192;128;176m████████[38;2;64;64;64m██[38;2;152;96;128m████[38;2;112;72;104m██[38;2;152;96;128m████[38;2;64;64;64m██[38;2;0;0;0m██  
[38;2;0;0;0m    ██[38;2;152;96;128m██[38;2;64;64;64m██[38;2;192;128;176m████████[38;2;112;72;104m██████[38;2;152;96;128m██████[38;2;64;64;64m██[38;2;152;96;128m██[38;2;0;0;0m██
[38;2;0;0;0m    ██[38;2;152;96;128m████[38;2;64;64;64m██[38;2;192;128;176m████████[38;2;152;96;128m██[38;2;192;128;176m██[38;2;152;96;128m████[38;2;64;64;64m██[38;2;152;96;128m████[38;2;0;0;0m██
[38;2;0;0;0m    ██[38;2;112;72;104m██[38;2;152;96;128m████[38;2;64;64;64m████[38;2;192;128;176m████[38;2;152;96;128m██[38;2;192;128;176m██[38;2;64;64;64m████[38;2;152;96;128m████[38;2;112;72;104m██[38;2;0;0;0m██
[38;2;0;0;0m      ██[38;2;152;96;128m██[38;2;112;72;104m██[38;2;152;96;128m██[38;2;192;128;176m██[38;2;64;64;64m████████[38;2;192;128;176m██[38;2;152;96;128m██[38;2;112;72;104m██[38;2;152;96;128m██[38;2;0;0;0m██  
[38;2;0;0;0m        ██[38;2;112;72;104m██[38;2;192;128;176m████████████████[38;2;112;72;104m██[38;2;0;0;0m██    
[38;2;0;0;0m          ████[38;2;152;96;128m██[38;2;192;128;176m████████[38;2;152;96;128m██[38;2;0;0;0m████      
[38;2;0;0;0m              ████████████          [0m
