
[38;2;0;0;0m                          ████████                              
[38;2;0;0;0m                      ████[38;2;247;140;167m████████[38;2;0;0;0m████                          
[38;2;0;0;0m                  ████[38;2;247;140;167m██████[38;2;132;41;60m██████[38;2;193;61;93m██[38;2;189;61;93m██[38;2;0;0;0m████                      
[38;2;0;0;0m                ██[38;2;247;140;167m██████[38;2;132;41;60m████[38;2;193;61;93m████████[38;2;189;61;93m██████[38;2;0;0;0m██                    
[38;2;0;0;0m              ██[38;2;247;140;164m████[38;2;255;132;167m██[38;2;184;66;96m██[38;2;192;63;93m████████████████████[38;2;0;0;0m██                  
[38;2;0;0;0m            ██[38;2;247;140;167m██[38;2;247;140;164m████[38;2;148;33;60m██[38;2;184;66;96m██[38;2;192;63;93m████████████████████[38;2;189;61;93m██[38;2;0;0;0m██                
[38;2;0;0;0m            [38;2;8;0;0m██[38;2;255;132;159m██[38;2;247;140;167m██[38;2;132;41;60m██[38;2;192;63;93m████████[38;2;193;61;93m████████[38;2;192;63;93m████████[38;2;189;61;93m██[38;2;0;0;0m██                
[38;2;0;0;0m          ██[38;2;255;132;159m██[38;2;173;88;106m██[38;2;247;140;167m██[38;2;132;41;60m██[38;2;192;63;93m████████[38;2;132;41;60m████████[38;2;192;63;93m████████[38;2;189;61;93m████[38;2;0;0;0m██              
[38;2;0;0;0m          ██[38;2;192;60;96m██[38;2;247;140;167m██[38;2;192;63;93m████████[38;2;135;74;84m██[38;2;132;41;60m██[38;2;143;139;129m████[38;2;140;140;129m████[38;2;132;41;60m████[38;2;193;61;93m████[38;2;192;63;93m████[38;2;0;0;0m██              
[38;2;0;0;0m          ██[38;2;247;140;167m██[38;2;192;60;96m██[38;2;192;63;93m████████[38;2;135;74;84m██[38;2;140;140;132m██[38;2;143;139;129m██[38;2;104;104;94m██[38;2;140;140;129m████[38;2;143;140;129m████[38;2;132;41;60m██[38;2;193;61;93m██[38;2;192;63;93m████[38;2;0;0;0m██              
[38;2;0;0;0m            ██[38;2;189;61;93m██[38;2;193;61;93m██[38;2;132;41;60m██[38;2;189;86;101m██[38;2;94;55;54m██[38;2;0;0;0m██[38;2;82;78;70m██[38;2;140;139;129m████[38;2;104;104;94m██[38;2;143;139;129m██[38;2;104;104;94m██[38;2;143;139;129m██[38;2;148;132;124m██[38;2;86;66;62m██[38;2;189;61;93m██[38;2;0;0;0m██                
[38;2;0;0;0m            ██[38;2;189;61;93m██[38;2;193;61;93m██[38;2;132;41;60m██[38;2;94;55;54m██[38;2;0;24;8m██[38;2;0;0;0m  ██[38;2;82;79;69m██[38;2;140;139;129m██[38;2;104;104;94m██[38;2;143;139;129m██[38;2;104;104;94m██[38;2;143;139;129m██[38;2;148;132;124m██[38;2;24;0;0m██[38;2;189;61;93m██[38;2;0;0;0m██                
[38;2;0;0;0m              ██[38;2;189;61;93m████[38;2;0;0;0m██      [38;2;8;8;0m██[38;2;140;135;127m██[38;2;115;115;105m██[38;2;74;78;66m██[38;2;74;74;66m██[38;2;136;136;128m██[38;2;0;0;0m██  ██                  
[38;2;0;0;0m                ██████    ██[38;2;206;198;190m██[38;2;74;71;63m██[38;2;74;78;66m██[38;2;198;189;182m██[38;2;198;198;190m██[38;2;74;74;66m██[38;2;0;0;0m██                      
[38;2;0;0;0m                        [38;2;0;4;0m██[38;2;198;198;190m██[38;2;200;199;190m████████[38;2;201;198;190m████[38;2;198;198;190m██[38;2;0;0;0m██  ██                
[38;2;0;0;0m                      ██[38;2;99;101;95m████[38;2;200;199;190m██[38;2;107;103;91m████[38;2;200;199;190m██[38;2;201;198;190m████[38;2;198;198;190m████[38;2;0;0;0m██[38;2;198;198;190m██[38;2;0;0;0m██              
[38;2;0;0;0m                    ██[38;2;103;103;91m██[38;2;107;103;91m██[38;2;200;199;190m██[38;2;104;104;91m████[38;2;201;198;190m████[38;2;198;198;190m██████[38;2;71;71;69m██[38;2;201;198;190m████[38;2;0;0;0m██              
[38;2;0;0;0m                    ██[38;2;103;103;91m██[38;2;200;199;190m████[38;2;104;104;91m██[38;2;198;198;190m██[38;2;201;198;190m████[38;2;66;66;66m████[38;2;71;71;69m████[38;2;201;198;190m████[38;2;198;198;190m██[38;2;0;0;0m██            
[38;2;0;0;0m                  ██[38;2;206;198;190m████[38;2;198;198;190m██████[38;2;71;71;69m██[38;2;74;57;66m████[38;2;247;222;111m████[38;2;66;66;66m██[38;2;198;198;190m██████[38;2;137;132;127m██[38;2;0;0;0m██        ████
[38;2;0;0;0m                    [38;2;0;4;0m██[38;2;137;133;127m██[38;2;132;134;128m██[38;2;66;70;66m██[38;2;71;71;69m████[38;2;255;206;103m██[38;2;164;131;84m██[38;2;247;222;111m██[38;2;82;79;69m██[38;2;66;66;66m██[38;2;198;198;190m████[38;2;140;142;128m██[38;2;206;198;190m██[38;2;0;0;0m██      ██[38;2;198;198;190m██[38;2;0;0;0m██
[38;2;0;0;0m                  ██[38;2;198;198;190m██[38;2;66;70;66m██[38;2;71;71;69m████[38;2;82;81;69m████[38;2;82;82;66m████[38;2;74;70;66m████[38;2;74;70;58m██[38;2;214;206;150m██[38;2;198;198;190m██[38;2;140;142;128m██[38;2;66;66;66m██[38;2;82;80;69m██[38;2;0;0;0m██  ██[38;2;198;198;190m████[38;2;0;0;0m██
[38;2;0;0;0m              ████[38;2;66;66;66m██[38;2;198;198;190m██[38;2;132;134;128m██[38;2;71;71;69m██[38;2;198;198;190m██[38;2;82;81;69m████[38;2;82;82;66m██[38;2;255;255;255m██[38;2;74;70;66m██[38;2;195;183;69m██[38;2;167;161;119m██[38;2;74;70;58m██[38;2;198;198;190m██[38;2;140;142;128m██[38;2;66;66;66m██[38;2;82;80;69m██[38;2;82;78;70m██[38;2;0;0;0m██[38;2;66;66;63m████[38;2;198;198;190m██[38;2;0;0;0m██
[38;2;0;0;0m            ██[38;2;198;198;190m████[38;2;66;66;66m██[38;2;140;140;128m██████[38;2;66;66;66m██[38;2;192;181;69m████[38;2;195;184;70m████████[38;2;137;118;76m██[38;2;82;66;58m██[38;2;198;198;190m██[38;2;132;134;128m██[38;2;206;198;190m██[38;2;66;66;66m████[38;2;198;198;190m██[38;2;200;198;190m████[38;2;0;0;0m██  
[38;2;0;0;0m            ██[38;2;198;198;190m██████[38;2;66;66;66m██[38;2;140;140;128m██[38;2;66;66;66m████████[38;2;159;112;68m████████[38;2;247;222;111m████[38;2;66;70;66m██[38;2;198;198;190m██[38;2;136;132;128m██[38;2;66;66;66m██[38;2;198;198;190m████[38;2;200;198;190m██[38;2;239;231;223m██[38;2;198;198;190m██[38;2;0;0;0m██
[38;2;0;0;0m              ██[38;2;198;198;190m████[38;2;66;66;66m████[38;2;198;198;190m████[38;2;201;198;190m████[38;2;74;70;58m██[38;2;167;161;119m██[38;2;187;170;91m██[38;2;247;222;103m██[38;2;189;148;77m████[38;2;74;148;242m██[38;2;35;55;81m██[38;2;0;0;0m██[38;2;66;66;66m██[38;2;222;181;182m██[38;2;90;53;66m████[38;2;222;181;182m██[38;2;198;198;190m██[38;2;0;0;0m██
[38;2;0;0;0m            ██[38;2;189;61;93m██████[38;2;66;66;66m██[38;2;198;198;190m██[38;2;236;231;223m████[38;2;201;198;190m████[38;2;214;206;150m██[38;2;74;70;58m██[38;2;66;66;66m████[38;2;189;148;77m██[38;2;66;148;242m██[38;2;74;148;242m██[38;2;16;8;0m██[38;2;0;0;0m  ██[38;2;90;53;66m██[38;2;134;96;105m████[38;2;90;53;66m██[38;2;198;198;190m██[38;2;0;0;0m██
[38;2;0;0;0m          ██[38;2;198;198;190m████[38;2;192;63;91m██[38;2;66;66;66m██[38;2;200;198;190m██[38;2;239;231;223m████[38;2;200;198;190m██[38;2;198;198;190m████[38;2;82;79;69m██[38;2;140;139;129m██[38;2;140;140;129m████[38;2;66;66;66m████[38;2;66;148;242m██[38;2;0;0;0m██    ██[38;2;198;198;190m██[38;2;151;110;116m██[38;2;79;55;58m██[38;2;0;0;0m██  
[38;2;0;0;0m      ████[38;2;189;61;93m████[38;2;198;198;190m██[38;2;192;63;91m██[38;2;66;66;66m██[38;2;200;198;190m████████[38;2;198;198;190m██[38;2;82;79;69m██[38;2;140;139;129m██[38;2;82;79;69m██[38;2;140;140;129m████[38;2;140;140;128m████[38;2;0;0;0m██    ██[38;2;198;198;190m████[38;2;222;165;174m██[38;2;8;0;0m██[38;2;0;0;0m    
[38;2;0;0;0m    [38;2;16;0;0m██[38;2;239;148;167m██[38;2;214;189;190m██[38;2;123;94;95m██[38;2;189;61;93m██[38;2;0;0;0m██████[38;2;198;198;190m████[38;2;201;198;190m████[38;2;198;198;190m██[38;2;82;79;69m██[38;2;140;139;129m██[38;2;82;79;69m██[38;2;140;140;129m████[38;2;143;143;127m████[38;2;0;0;0m██    ██[38;2;192;63;93m████[38;2;198;198;190m██[38;2;0;0;0m██    
[38;2;0;0;0m  ██[38;2;165;99;111m████[38;2;214;189;190m██[38;2;33;0;1m██[38;2;0;0;0m██      ██[38;2;198;198;190m██[38;2;201;198;190m████[38;2;140;139;129m████[38;2;82;79;69m██[38;2;140;139;129m██[38;2;140;140;129m████[38;2;143;143;127m██[38;2;0;0;0m██      ██[38;2;192;63;93m████[38;2;0;0;0m██      
[38;2;0;0;0m██[38;2;189;61;93m████[38;2;0;0;0m████          ██[38;2;140;140;132m██[38;2;140;140;129m████████████████[38;2;140;140;132m██[38;2;0;0;0m██      ██[38;2;214;189;190m██[38;2;123;94;95m██[38;2;0;0;0m██      
[38;2;0;0;0m██████                ██[38;2;140;140;129m████████████████[38;2;0;0;0m██      ██[38;2;198;198;190m██[38;2;214;189;190m██[38;2;33;0;1m██[38;2;0;0;0m        
[38;2;0;0;0m                        ████[38;2;143;143;127m████████[38;2;0;0;0m████        ██[38;2;189;61;93m████[38;2;0;0;0m██        
[38;2;0;0;0m                            ████████            ██[38;2;189;61;93m██[38;2;0;0;0m██          
[38;2;0;0;0m                                                ██[38;2;189;61;93m██[38;2;0;0;0m██          [0m
