
[38;2;0;0;0m        [38;2;0;4;0m██[38;2;0;0;0m                                                            
[38;2;0;0;0m      [38;2;0;4;0m██[38;2;181;165;173m██[38;2;0;4;0m██[38;2;0;0;0m                                                  [38;2;0;4;0m████[38;2;0;0;0m    
[38;2;0;0;0m      [38;2;0;4;0m██[38;2;181;165;173m██[38;2;0;4;0m██[38;2;0;0;0m                                [38;2;0;4;0m██[38;2;0;0;0m            [38;2;0;4;0m████[38;2;231;198;215m████[38;2;0;4;0m██[38;2;0;0;0m  
[38;2;0;0;0m      [38;2;0;8;0m██[38;2;49;87;81m██[38;2;181;165;173m██[38;2;0;20;8m██[38;2;0;0;0m                            [38;2;0;4;0m██[38;2;231;198;215m██[38;2;0;4;0m██[38;2;0;0;0m        [38;2;0;4;0m██[38;2;231;198;215m████[38;2;0;4;0m████[38;2;0;0;0m    
[38;2;0;0;0m      [38;2;0;8;0m██[38;2;74;127;122m██[38;2;60;68;63m██[38;2;181;165;173m██[38;2;0;4;0m██[38;2;0;0;0m                        [38;2;0;4;0m██[38;2;77;69;72m██[38;2;231;198;215m██[38;2;0;4;0m██[38;2;0;0;0m      [38;2;0;4;0m██[38;2;231;198;215m████[38;2;0;4;0m██[38;2;0;0;0m        
[38;2;0;0;0m      [38;2;0;4;0m██[38;2;74;121;122m██[38;2;49;94;73m██[38;2;173;165;181m██[38;2;181;165;173m██[38;2;0;8;0m██[38;2;0;0;0m                [38;2;0;4;0m████[38;2;0;16;0m██[38;2;231;198;215m██[38;2;239;198;223m██[38;2;178;163;173m██[38;2;0;4;0m██[38;2;0;0;0m    [38;2;0;4;0m██[38;2;231;198;215m████[38;2;71;71;68m████[38;2;0;4;0m██████[38;2;0;0;0m  
[38;2;0;0;0m      [38;2;0;4;0m██[38;2;74;121;122m██[38;2;90;118;109m██[38;2;49;94;73m██[38;2;181;165;173m██[38;2;60;60;58m██[38;2;0;4;0m██[38;2;0;0;0m          [38;2;0;4;0m████[38;2;231;198;215m██████[38;2;77;77;72m██[38;2;57;94;73m██[38;2;178;163;173m██[38;2;0;4;0m██[38;2;0;0;0m    [38;2;0;4;0m██[38;2;231;198;215m██[38;2;66;66;66m██[38;2;71;71;68m██[38;2;181;165;173m████████[38;2;0;4;0m██
[38;2;0;0;0m        [38;2;0;4;0m██[38;2;74;123;122m██[38;2;57;93;73m██[38;2;181;165;173m████[38;2;85;69;74m██[38;2;0;0;0m██[38;2;0;4;0m██[38;2;0;0;0m    [38;2;0;4;0m██[38;2;231;198;215m████[38;2;222;198;214m██[38;2;41;90;73m██[38;2;57;93;73m████[38;2;181;165;173m██[38;2;0;4;0m██[38;2;0;0;0m    [38;2;0;4;0m██[38;2;231;198;215m██[38;2;239;198;215m██[38;2;66;66;66m██[38;2;181;165;173m████[38;2;0;4;0m██████[38;2;0;0;0m  
[38;2;0;0;0m        [38;2;0;4;0m██[38;2;74;123;122m████[38;2;60;80;68m████[38;2;255;206;223m████[38;2;231;198;215m██[38;2;0;4;0m████[38;2;231;198;215m████[38;2;57;94;73m██[38;2;41;90;73m██[38;2;101;126;120m██[38;2;74;123;122m██[38;2;57;93;73m██[38;2;181;165;173m██[38;2;0;4;0m██[38;2;0;0;0m    [38;2;0;4;0m██[38;2;231;198;215m██[38;2;66;66;66m██[38;2;181;154;165m██[38;2;181;165;173m██[38;2;0;4;0m██[38;2;0;0;0m        
[38;2;0;0;0m          [38;2;8;0;0m██[38;2;90;115;114m██[38;2;82;66;74m██[38;2;197;192;195m██[38;2;255;206;223m██████[38;2;234;193;214m██[38;2;231;198;215m████[38;2;57;93;73m██[38;2;74;123;122m██████[38;2;60;68;63m██[38;2;181;165;173m██[38;2;0;4;0m██[38;2;0;0;0m      [38;2;0;4;0m██[38;2;231;198;215m██[38;2;66;70;66m██[38;2;181;161;171m██[38;2;0;4;0m██[38;2;0;0;0m          
[38;2;0;0;0m        [38;2;0;4;0m██[38;2;63;77;76m████[38;2;197;192;195m██[38;2;255;255;255m██[38;2;222;85;89m██[38;2;255;206;223m██[38;2;234;193;214m████[38;2;231;198;215m██[38;2;57;94;73m██[38;2;74;123;122m████[38;2;57;93;73m████[38;2;181;165;173m██[38;2;0;20;8m██[38;2;0;0;0m        [38;2;0;4;0m██[38;2;231;198;215m██[38;2;239;206;223m██[38;2;181;161;171m██[38;2;0;4;0m██[38;2;0;0;0m          
[38;2;0;0;0m    [38;2;0;4;0m████[38;2;181;165;173m██[38;2;90;66;98m████[38;2;222;198;214m██[38;2;173;74;53m██[38;2;206;86;86m██[38;2;222;198;214m██[38;2;231;198;215m████████[38;2;57;94;73m████[38;2;181;165;173m██[38;2;0;4;0m████[38;2;0;0;0m            [38;2;0;4;0m██[38;2;231;198;215m██[38;2;0;4;0m██[38;2;0;0;0m            
[38;2;0;0;0m  [38;2;0;4;0m██[38;2;181;165;173m████[38;2;90;84;86m██[38;2;90;66;98m██[38;2;255;255;255m██[38;2;206;157;160m██[38;2;222;198;214m████[38;2;217;161;171m██[38;2;231;198;215m██[38;2;66;66;66m████[38;2;231;198;215m██████[38;2;0;4;0m██[38;2;0;0;0m                [38;2;0;4;0m██[38;2;231;198;215m██[38;2;0;4;0m██[38;2;0;0;0m            
[38;2;0;4;0m██[38;2;181;165;173m██████[38;2;0;4;0m██[38;2;151;115;161m██[38;2;79;58;93m██[38;2;181;165;176m██[38;2;231;198;215m██[38;2;181;155;165m██[38;2;239;198;215m██[38;2;0;0;24m██[38;2;255;231;255m██[38;2;140;103;153m██[38;2;98;57;117m██[38;2;231;198;215m██████[38;2;0;4;0m████[38;2;0;0;0m              [38;2;0;4;0m██[38;2;231;198;215m██[38;2;0;4;0m██[38;2;0;0;0m          
[38;2;0;0;0m  [38;2;0;4;0m██████[38;2;0;0;0m  [38;2;8;0;24m██[38;2;222;173;230m██[38;2;231;198;215m████[38;2;239;198;215m██[38;2;66;70;66m██[38;2;127;115;139m████[38;2;98;57;117m██[38;2;181;148;189m██[38;2;181;165;176m██[38;2;231;198;215m████████[38;2;0;4;0m██[38;2;0;0;0m            [38;2;0;4;0m██[38;2;231;198;215m██[38;2;0;4;0m██[38;2;0;0;0m          
[38;2;0;0;0m          [38;2;0;4;0m████[38;2;231;198;215m████████[38;2;99;66;115m████[38;2;181;165;173m████[38;2;66;65;66m██[38;2;0;4;0m██[38;2;231;198;215m████[38;2;239;198;215m████[38;2;0;4;0m██[38;2;0;0;0m          [38;2;0;8;0m██[38;2;247;214;231m██[38;2;0;4;0m██[38;2;0;0;0m          
[38;2;0;0;0m            [38;2;0;4;0m████[38;2;115;101;107m██[38;2;231;198;215m██[38;2;181;165;176m██████[38;2;181;165;173m██[38;2;94;99;94m██[38;2;0;4;0m██[38;2;0;0;0m  [38;2;0;4;0m████[38;2;80;71;72m██[38;2;0;8;0m██[38;2;0;0;0m          [38;2;0;4;0m██[38;2;165;145;154m██[38;2;0;8;0m██[38;2;0;0;0m            
[38;2;0;0;0m                [38;2;0;4;0m██████[38;2;181;165;173m████[38;2;94;99;94m██[38;2;181;165;173m██[38;2;162;141;151m██[38;2;8;12;8m██[38;2;0;0;0m    [38;2;0;4;0m██[38;2;77;69;72m██[38;2;0;4;0m██[38;2;0;0;0m      [38;2;0;8;0m██[38;2;181;165;173m██[38;2;66;65;66m██[38;2;0;4;0m██[38;2;0;0;0m            
[38;2;0;0;0m                      [38;2;0;4;0m██[38;2;181;165;173m██████[38;2;239;206;223m████[38;2;0;4;0m████[38;2;231;198;215m██████[38;2;0;4;0m██████[38;2;181;165;173m██[38;2;60;60;58m██[38;2;0;4;0m██[38;2;0;0;0m              
[38;2;0;0;0m                      [38;2;8;12;8m██[38;2;162;141;151m██[38;2;181;165;176m██[38;2;231;198;215m██[38;2;234;198;215m████████████████[38;2;181;165;173m████[38;2;0;4;0m████[38;2;0;0;0m                
[38;2;0;0;0m                    [38;2;0;4;0m██[38;2;239;206;223m████[38;2;231;198;215m████[38;2;234;198;215m████████████████[38;2;60;60;58m██[38;2;0;8;0m██[38;2;0;0;0m                    
[38;2;0;0;0m                    [38;2;0;4;0m██[38;2;239;198;215m████[38;2;234;198;215m████[38;2;231;198;215m████[38;2;181;165;173m██[38;2;0;4;0m██[38;2;162;141;151m██[38;2;239;206;223m██[38;2;234;198;215m████[38;2;0;4;0m██[38;2;0;0;0m                      
[38;2;0;0;0m                    [38;2;0;4;0m██[38;2;181;155;165m██[38;2;66;70;66m██[38;2;234;198;215m████[38;2;231;198;215m██[38;2;181;165;176m██[38;2;0;4;0m██[38;2;0;0;0m  [38;2;8;12;8m██[38;2;239;206;223m██[38;2;234;198;215m████[38;2;0;4;0m██[38;2;0;0;0m                      
[38;2;0;0;0m                      [38;2;0;4;0m██[38;2;181;165;173m██[38;2;66;66;66m██[38;2;231;198;215m████[38;2;0;4;0m██[38;2;0;0;0m    [38;2;0;4;0m██[38;2;181;165;173m██[38;2;239;206;223m██[38;2;181;161;171m██[38;2;181;165;173m██[38;2;0;4;0m██[38;2;0;0;0m                    
[38;2;0;0;0m                      [38;2;0;4;0m██[38;2;181;165;173m██[38;2;66;66;66m██[38;2;231;198;215m████[38;2;0;4;0m██[38;2;0;0;0m      [38;2;0;4;0m██[38;2;66;70;66m██[38;2;181;161;171m██[38;2;181;165;173m██[38;2;0;4;0m██[38;2;0;0;0m                    
[38;2;0;0;0m                      [38;2;0;4;0m██[38;2;181;165;173m██[38;2;66;70;66m██[38;2;239;198;215m██[38;2;0;4;0m██[38;2;0;0;0m          ██[38;2;173;156;165m██[38;2;181;165;173m██[38;2;0;4;0m██[38;2;0;0;0m                    
[38;2;0;0;0m                        [38;2;0;4;0m██[38;2;181;155;165m██[38;2;239;198;215m██[38;2;0;4;0m██[38;2;0;0;0m            [38;2;86;78;82m██[38;2;181;165;173m██[38;2;0;4;0m██[38;2;0;0;0m                    
[38;2;0;0;0m                        [38;2;0;4;0m██[38;2;231;198;215m██[38;2;77;69;72m██[38;2;0;4;0m██[38;2;0;0;0m            [38;2;0;4;0m████[38;2;0;0;0m                      
[38;2;0;0;0m                          [38;2;0;4;0m████[38;2;0;0;0m                                        [0m
