
[38;2;0;0;0m                    [38;2;0;4;0m██[38;2;66;65;66m██[38;2;239;103;119m██[38;2;0;12;16m██[38;2;0;0;0m      [38;2;0;4;0m██[38;2;148;79;111m██[38;2;74;52;79m██[38;2;255;78;87m██[38;2;90;94;186m██[38;2;66;66;66m████[38;2;0;4;0m██[38;2;0;0;0m                                        [38;2;0;4;0m██[38;2;90;99;186m██[38;2;0;4;0m██[38;2;77;89;141m██████[38;2;0;4;0m████
[38;2;0;0;0m                  [38;2;0;4;0m██[38;2;255;86;87m██[38;2;74;82;114m██[38;2;82;55;69m██[38;2;0;33;48m██[38;2;0;0;0m  [38;2;0;4;0m████[38;2;90;99;186m██[38;2;82;99;186m████[38;2;66;66;66m████[38;2;77;89;144m████[38;2;0;4;0m██[38;2;0;0;0m    [38;2;0;4;0m██[38;2;0;8;16m████[38;2;0;4;0m██[38;2;0;0;0m                            [38;2;0;4;0m██[38;2;88;99;184m██[38;2;66;66;66m██[38;2;66;65;66m██[38;2;0;4;0m████[38;2;0;0;0m    
[38;2;0;0;0m                [38;2;0;4;0m██[38;2;74;86;146m██[38;2;74;82;114m████[38;2;82;55;69m██[38;2;247;99;111m██[38;2;0;4;0m██[38;2;90;99;186m██████[38;2;74;80;126m██[38;2;66;61;66m██[38;2;66;66;66m██[38;2;78;88;142m██[38;2;77;89;144m████[38;2;66;65;66m██[38;2;0;4;0m████[38;2;66;72;126m██[38;2;222;103;142m██[38;2;148;71;100m██[38;2;90;99;186m██[38;2;0;4;0m██[38;2;0;0;0m                    [38;2;0;4;0m██[38;2;0;0;0m  [38;2;0;4;0m██[38;2;90;99;186m██[38;2;88;99;184m████[38;2;0;4;0m██[38;2;0;0;0m        
[38;2;0;0;0m            [38;2;0;4;0m██[38;2;0;0;0m  [38;2;8;8;0m██[38;2;57;57;76m██[38;2;88;99;184m██[38;2;66;66;66m██[38;2;255;86;87m██[38;2;74;78;106m██[38;2;88;99;187m████[38;2;66;74;122m████[38;2;255;86;87m██[38;2;0;4;0m██[38;2;53;57;69m██[38;2;90;99;138m██[38;2;66;66;66m████[38;2;255;82;87m██[38;2;172;86;136m██[38;2;90;99;186m████[38;2;0;4;0m██████[38;2;0;0;0m                    [38;2;0;4;0m██[38;2;123;148;235m██[38;2;8;8;0m██[38;2;90;99;186m████[38;2;66;65;66m██[38;2;0;4;0m██[38;2;0;0;0m          
[38;2;0;0;0m          [38;2;0;4;0m██[38;2;74;86;146m██[38;2;0;4;0m██[38;2;82;82;114m██[38;2;57;57;76m██[38;2;88;99;184m██[38;2;66;66;66m██[38;2;74;78;106m████[38;2;88;99;187m██[38;2;66;74;122m██[38;2;255;86;87m████[38;2;0;4;0m██[38;2;0;0;0m  [38;2;16;16;0m██[38;2;53;57;69m██[38;2;88;99;184m████[38;2;90;90;186m██[38;2;255;82;87m██[38;2;0;4;0m████[38;2;0;0;0m                          [38;2;0;4;0m██[38;2;85;101;157m██[38;2;46;55;78m██[38;2;90;99;186m██[38;2;0;4;0m████[38;2;0;0;0m            
[38;2;0;0;0m          [38;2;0;4;0m██[38;2;78;88;142m██[38;2;66;66;66m████[38;2;88;99;184m████[38;2;66;66;66m██[38;2;88;99;187m████[38;2;74;81;125m██[38;2;66;66;66m██[38;2;255;90;87m██[38;2;0;20;16m██[38;2;0;0;0m  [38;2;0;4;0m██[38;2;66;61;66m██[38;2;82;99;186m██[38;2;90;99;186m████[38;2;0;4;0m████[38;2;0;0;0m                            [38;2;0;4;0m██[38;2;123;148;243m██[38;2;87;99;186m████[38;2;0;4;0m██[38;2;0;0;0m                
[38;2;0;0;0m        [38;2;0;4;0m██[38;2;74;86;146m██[38;2;78;88;142m████[38;2;66;66;66m██[38;2;88;99;184m████[38;2;66;66;66m██[38;2;88;99;187m██[38;2;66;74;122m██[38;2;66;66;66m██[38;2;82;96;183m██[38;2;85;43;40m██[38;2;255;90;87m██[38;2;0;4;0m██[38;2;90;99;186m██[38;2;82;99;186m██[38;2;74;80;126m██[38;2;60;69;124m██[38;2;0;8;0m██[38;2;0;0;0m                                [38;2;0;4;0m██[38;2;82;100;162m██[38;2;87;99;186m████[38;2;0;4;0m██[38;2;0;0;0m                
[38;2;0;0;0m        [38;2;16;16;0m██[38;2;90;99;138m██[38;2;66;66;66m██[38;2;77;88;146m██[38;2;66;66;66m██[38;2;88;99;184m██[38;2;74;82;146m████[38;2;66;70;98m██[38;2;255;86;87m██[38;2;66;66;66m██[38;2;88;99;184m██[38;2;66;66;66m████[38;2;74;82;146m████[38;2;66;70;98m██[38;2;255;86;87m██[38;2;0;4;0m██[38;2;0;0;0m              [38;2;0;4;0m████[38;2;0;8;16m████[38;2;0;0;0m      [38;2;0;4;0m██[38;2;0;0;0m  [38;2;0;4;0m██[38;2;87;99;186m████[38;2;90;99;186m██[38;2;0;4;0m██[38;2;0;0;0m                  
[38;2;0;0;0m      [38;2;0;4;0m██[38;2;53;57;69m████[38;2;82;99;186m██[38;2;66;66;66m██[38;2;88;99;184m████[38;2;74;82;146m██[38;2;198;94;110m██[38;2;255;86;87m██[38;2;66;70;98m██[38;2;88;99;184m████[38;2;66;66;66m██[38;2;88;99;184m██[38;2;74;82;146m██[38;2;255;86;87m████[38;2;66;70;98m██[38;2;0;4;0m██[38;2;0;0;0m          [38;2;0;4;0m████[38;2;90;103;186m██[38;2;60;70;124m██[38;2;222;103;142m██[38;2;148;71;100m██[38;2;0;4;0m██[38;2;0;0;0m  [38;2;0;4;0m██[38;2;90;99;186m██[38;2;0;4;0m██[38;2;66;65;66m██[38;2;87;99;186m████[38;2;0;4;0m██[38;2;0;0;0m                    
[38;2;0;0;0m    [38;2;0;4;0m██[38;2;77;89;141m██[38;2;66;66;66m████[38;2;88;99;184m██[38;2;66;66;66m██[38;2;88;99;187m████[38;2;74;81;125m██[38;2;66;66;66m██[38;2;255;86;87m██[38;2;74;78;106m██[38;2;88;99;187m████[38;2;66;78;122m████[38;2;255;86;87m████[38;2;66;66;66m██[38;2;0;4;0m██[38;2;0;0;0m        [38;2;0;4;0m████[38;2;255;82;95m██[38;2;192;79;109m██[38;2;90;99;186m██[38;2;0;4;0m██████[38;2;0;0;0m    [38;2;0;4;0m██[38;2;82;100;162m██[38;2;88;99;184m██[38;2;66;66;66m██[38;2;90;99;186m████[38;2;0;4;0m██[38;2;0;0;0m                    
[38;2;0;0;0m    [38;2;0;4;0m██[38;2;77;89;141m██[38;2;78;88;142m██[38;2;66;66;66m██[38;2;88;99;184m██[38;2;66;66;66m██[38;2;88;99;187m██[38;2;66;74;122m██[38;2;66;66;66m██[38;2;82;96;183m██[38;2;74;78;106m████[38;2;66;74;122m████[38;2;192;89;99m██[38;2;255;94;87m██[38;2;255;86;87m██[38;2;66;66;66m██████[38;2;0;4;0m██[38;2;0;0;0m    [38;2;0;4;0m██[38;2;90;99;186m████[38;2;66;74;138m██[38;2;255;82;95m██[38;2;0;4;0m██[38;2;0;0;0m          [38;2;0;4;0m██[38;2;123;148;243m██[38;2;88;99;184m██[38;2;66;66;66m██[38;2;90;99;186m██[38;2;0;4;0m██[38;2;0;0;0m                      
[38;2;0;0;0m    [38;2;0;4;0m██[38;2;74;86;146m██[38;2;66;66;66m██[38;2;88;99;184m██[38;2;74;82;146m████[38;2;66;67;85m████[38;2;87;99;186m████[38;2;66;74;106m████[38;2;198;97;107m████[38;2;197;96;109m████[38;2;255;86;87m████████[38;2;222;107;142m██[38;2;0;20;32m██[38;2;0;4;0m██[38;2;90;99;186m██████[38;2;0;4;0m████[38;2;0;0;0m          [38;2;0;4;0m██[38;2;86;96;186m████[38;2;87;99;186m████[38;2;0;4;0m██[38;2;0;0;0m            [38;2;0;4;0m██[38;2;0;0;0m          
[38;2;0;0;0m      [38;2;0;4;0m██[38;2;66;66;66m██[38;2;88;99;184m██[38;2;74;82;146m██[38;2;198;94;110m████[38;2;66;67;85m██[38;2;87;99;186m████[38;2;66;74;106m██[38;2;255;255;255m██[38;2;198;97;107m████[38;2;197;96;109m██[38;2;255;86;87m████[38;2;66;66;66m██████[38;2;74;49;69m██[38;2;148;78;105m██[38;2;90;99;186m████[38;2;0;4;0m████[38;2;0;0;0m              [38;2;0;4;0m██[38;2;115;148;227m██[38;2;86;96;186m██[38;2;87;99;186m████[38;2;0;4;0m██[38;2;0;0;0m    [38;2;0;4;0m██[38;2;0;0;0m    [38;2;0;4;0m██[38;2;66;72;126m██[38;2;0;4;0m██[38;2;0;0;0m        
[38;2;0;0;0m      [38;2;0;4;0m██[38;2;66;74;122m████[38;2;255;86;87m██[38;2;197;96;109m██[38;2;57;61;65m██[38;2;82;94;186m██[38;2;66;74;122m██[38;2;255;255;255m████[38;2;198;94;110m██████[38;2;165;103;149m██[38;2;57;66;73m██[38;2;66;66;66m██[38;2;88;99;184m████[38;2;66;66;66m██[38;2;90;103;178m████[38;2;90;103;186m██[38;2;0;4;0m██[38;2;0;0;0m                  [38;2;0;4;0m██[38;2;115;148;227m██[38;2;86;96;186m██[38;2;90;99;186m██[38;2;0;4;0m██[38;2;0;0;0m    [38;2;0;4;0m██[38;2;66;75;125m██[38;2;0;4;0m██[38;2;0;0;0m  [38;2;8;8;0m██[38;2;82;82;114m██[38;2;0;12;16m████[38;2;0;4;0m██████
[38;2;0;0;0m    [38;2;0;4;0m██[38;2;66;65;66m██[38;2;255;86;87m████[38;2;197;96;109m████[38;2;69;77;125m████[38;2;255;255;255m██████[38;2;198;94;110m████[38;2;66;66;66m██[38;2;57;66;73m██[38;2;129;91;124m██[38;2;88;99;184m████████[38;2;8;8;0m██[38;2;49;55;89m██[38;2;0;4;0m██[38;2;60;70;124m██[38;2;0;4;0m██[38;2;0;0;0m              [38;2;0;4;0m██[38;2;90;99;186m██[38;2;86;96;186m████[38;2;90;99;186m██[38;2;0;4;0m██[38;2;0;0;0m    [38;2;0;4;0m██[38;2;66;75;125m██[38;2;0;4;0m████[38;2;57;57;76m████[38;2;115;55;63m██[38;2;231;99;111m██[38;2;66;75;125m████[38;2;66;72;126m██
[38;2;0;0;0m    [38;2;0;8;0m██[38;2;90;99;186m██[38;2;66;78;130m██[38;2;255;90;87m██[38;2;198;97;107m████[38;2;255;255;255m██[38;2;198;94;110m██[38;2;255;255;255m████[38;2;198;94;110m████[38;2;66;66;66m██[38;2;88;99;184m██[38;2;49;55;89m██[38;2;90;103;178m██[38;2;66;66;66m████[38;2;82;52;61m██[38;2;0;28;40m██[38;2;0;0;0m  [38;2;0;4;0m██[38;2;66;75;125m████[38;2;0;4;0m██[38;2;0;0;0m  [38;2;0;4;0m████[38;2;0;0;0m        [38;2;0;4;0m██[38;2;115;148;227m██[38;2;88;99;184m████[38;2;0;4;0m██[38;2;66;75;125m██[38;2;0;4;0m██[38;2;0;0;0m  [38;2;0;4;0m██[38;2;66;72;126m██[38;2;74;78;122m████[38;2;82;55;80m██[38;2;247;99;111m██[38;2;66;72;126m██[38;2;0;4;0m████████
[38;2;0;0;0m  [38;2;0;4;0m██[38;2;90;99;186m██[38;2;60;69;124m██[38;2;255;90;87m██[38;2;192;86;101m██[38;2;198;97;107m████[38;2;255;255;255m██[38;2;198;94;110m██████[38;2;71;75;106m████[38;2;88;99;184m████[38;2;90;103;178m██[38;2;8;8;0m██[38;2;66;75;125m████[38;2;82;52;61m██[38;2;247;99;103m██[38;2;0;4;0m██[38;2;66;72;126m██[38;2;66;75;125m██[38;2;0;4;0m██[38;2;0;0;0m  [38;2;0;4;0m██[38;2;66;75;125m██[38;2;0;4;0m██[38;2;0;0;0m        [38;2;0;4;0m██[38;2;115;148;227m██[38;2;88;99;184m██[38;2;66;66;66m██[38;2;0;4;0m██[38;2;66;75;125m██[38;2;0;4;0m██[38;2;0;0;0m    [38;2;0;4;0m██[38;2;74;78;122m██[38;2;255;86;87m██[38;2;82;55;80m██[38;2;0;33;64m██[38;2;0;4;0m██[38;2;0;0;0m        
[38;2;0;0;0m  [38;2;0;4;0m██[38;2;85;46;58m██[38;2;255;90;95m██[38;2;255;99;103m██[38;2;192;89;93m██[38;2;255;255;255m██[38;2;217;90;100m██[38;2;192;89;93m████[38;2;255;86;87m██[38;2;66;66;66m██[38;2;88;99;184m████[38;2;74;82;130m██[38;2;52;57;87m██[38;2;0;4;0m██[38;2;0;0;0m  [38;2;0;4;0m██[38;2;66;72;126m██[38;2;66;70;98m██[38;2;255;86;87m██[38;2;69;77;125m██[38;2;57;61;65m██[38;2;66;66;66m████[38;2;0;4;0m██[38;2;66;75;125m██[38;2;66;72;126m██[38;2;0;4;0m██[38;2;0;0;0m  [38;2;0;4;0m████[38;2;0;0;0m  [38;2;0;8;0m██[38;2;99;103;179m██[38;2;49;55;89m██[38;2;90;103;178m██[38;2;0;4;0m██[38;2;66;72;126m██[38;2;82;82;114m██[38;2;8;8;0m██[38;2;0;16;32m██[38;2;137;65;105m██[38;2;90;103;178m██[38;2;49;55;89m██[38;2;0;4;0m██[38;2;0;0;0m            
[38;2;0;4;0m██[38;2;255;86;87m██[38;2;255;90;95m██[38;2;0;24;40m██[38;2;66;70;74m██[38;2;192;89;93m██[38;2;217;90;100m████[38;2;255;99;103m██[38;2;66;70;74m██[38;2;66;66;66m████████[38;2;8;8;0m██[38;2;74;82;130m██[38;2;0;4;0m██[38;2;0;0;0m    [38;2;0;4;0m██[38;2;255;86;87m██[38;2;66;70;98m██[38;2;82;94;186m██[38;2;69;77;125m██[38;2;255;86;87m██[38;2;66;66;66m██[38;2;66;75;125m████[38;2;0;4;0m██[38;2;0;0;0m  [38;2;0;4;0m██[38;2;66;72;126m██[38;2;0;4;0m██[38;2;0;0;0m  [38;2;0;8;0m██[38;2;49;55;89m██[38;2;90;103;178m██[38;2;8;8;0m██[38;2;0;0;0m  [38;2;0;4;0m██[38;2;57;57;76m████[38;2;206;90;142m████[38;2;90;103;178m██[38;2;8;8;0m██[38;2;0;0;0m      [38;2;0;4;0m██[38;2;0;0;0m  [38;2;0;4;0m██[38;2;0;0;0m  
[38;2;0;4;0m██████[38;2;0;0;0m  [38;2;0;4;0m██[38;2;255;86;87m██[38;2;247;94;95m██[38;2;82;39;37m██[38;2;66;66;66m████[38;2;82;90;130m██[38;2;55;61;87m██[38;2;77;89;141m██[38;2;0;4;0m██[38;2;0;0;0m  [38;2;0;4;0m████[38;2;0;0;0m    [38;2;0;4;0m██[38;2;66;66;66m██[38;2;88;99;184m██[38;2;66;74;106m████[38;2;255;86;87m██[38;2;74;82;146m██[38;2;66;70;82m████[38;2;82;82;114m██[38;2;8;8;0m██[38;2;82;82;114m██[38;2;8;8;0m██[38;2;0;0;0m  [38;2;0;4;0m██[38;2;87;99;186m████[38;2;88;99;184m██[38;2;66;66;66m██[38;2;16;16;0m██[38;2;41;45;62m██[38;2;66;90;162m████[38;2;74;49;69m██[38;2;222;107;142m██[38;2;0;4;0m██[38;2;0;0;0m      [38;2;0;4;0m██[38;2;66;75;125m██[38;2;16;16;0m██[38;2;90;103;186m██[38;2;8;8;0m██
[38;2;0;0;0m        [38;2;0;4;0m████[38;2;0;12;8m████[38;2;78;88;142m██[38;2;66;66;66m██[38;2;0;4;0m████[38;2;77;89;141m██[38;2;0;4;0m██[38;2;0;0;0m          [38;2;0;4;0m██[38;2;88;99;184m██[38;2;66;66;66m██[38;2;66;74;106m██[38;2;255;86;87m██[38;2;74;82;146m████[38;2;66;70;82m██[38;2;255;86;87m██[38;2;57;57;76m████████[38;2;0;4;0m██[38;2;90;99;186m██[38;2;87;99;186m████[38;2;66;66;66m████[38;2;65;74;124m██[38;2;90;103;186m██[38;2;239;78;63m██[38;2;124;86;129m██[38;2;148;78;105m██[38;2;0;20;32m██[38;2;0;0;0m        [38;2;0;4;0m██[38;2;66;75;125m██[38;2;41;45;62m██[38;2;65;74;124m██[38;2;49;55;89m██
[38;2;0;0;0m                [38;2;0;4;0m████[38;2;0;0;0m    [38;2;0;4;0m██[38;2;0;0;0m              [38;2;16;20;0m██[38;2;71;81;130m██[38;2;88;99;184m██[38;2;66;66;66m██[38;2;82;99;186m████[38;2;66;70;98m██[38;2;255;86;87m██[38;2;66;57;74m██[38;2;93;107;181m██[38;2;87;99;186m████[38;2;88;99;184m████████[38;2;66;70;82m██[38;2;255;86;87m██[38;2;74;80;126m██[38;2;82;99;186m██[38;2;99;103;179m██[38;2;49;55;89m██[38;2;87;99;186m████[38;2;0;4;0m██[38;2;0;0;0m    [38;2;0;4;0m██[38;2;66;66;66m████[38;2;66;75;125m██[38;2;66;66;66m██[38;2;90;99;186m██
[38;2;0;0;0m                                  [38;2;0;4;0m██████[38;2;44;50;65m██[38;2;99;111;195m██[38;2;88;99;184m██[38;2;66;66;66m██[38;2;66;61;66m██[38;2;74;80;126m██[38;2;255;86;87m██[38;2;66;70;98m██[38;2;107;132;235m██[38;2;93;107;181m██[38;2;87;99;186m████[38;2;66;66;66m████[38;2;88;99;184m██[38;2;66;66;66m██[38;2;66;70;82m████[38;2;82;99;186m██[38;2;66;61;66m██[38;2;0;8;0m████[38;2;87;99;186m████[38;2;66;65;66m██[38;2;0;4;0m████[38;2;66;72;126m██[38;2;66;75;125m██[38;2;66;66;66m██[38;2;66;75;125m██[38;2;66;66;66m██[38;2;90;99;186m██
[38;2;0;0;0m                  [38;2;0;4;0m████████████[38;2;0;0;0m  [38;2;0;4;0m██[38;2;90;99;186m██[38;2;88;99;184m██[38;2;66;66;66m██[38;2;115;112;139m██[38;2;57;61;81m██[38;2;88;99;184m██[38;2;66;66;66m██[38;2;239;222;255m██[38;2;66;66;66m██[38;2;93;114;179m██[38;2;66;61;66m██[38;2;115;148;227m████[38;2;66;66;66m████[38;2;88;99;184m████[38;2;66;66;66m██[38;2;74;81;125m██[38;2;255;94;127m██[38;2;66;70;98m██[38;2;52;55;81m██[38;2;8;8;0m██[38;2;0;0;0m    [38;2;0;4;0m██[38;2;90;99;186m██[38;2;88;99;184m██[38;2;66;66;66m██[38;2;66;72;126m██[38;2;0;4;0m██[38;2;52;55;81m██[38;2;74;78;122m██[38;2;52;55;81m██[38;2;74;78;122m██[38;2;0;4;0m██
[38;2;0;0;0m          [38;2;0;4;0m████████[38;2;90;99;186m██████████[38;2;66;65;66m██[38;2;0;4;0m██[38;2;90;99;186m████[38;2;66;66;66m██[38;2;88;99;184m██[38;2;231;214;255m██[38;2;57;61;81m██[38;2;88;99;184m██[38;2;66;66;66m██[38;2;239;222;255m████[38;2;66;61;66m██[38;2;107;140;235m██[38;2;115;148;227m██[38;2;66;66;66m████[38;2;255;86;87m██[38;2;66;66;66m██[38;2;88;99;184m██[38;2;82;96;183m██[38;2;66;66;66m██[38;2;66;70;98m██[38;2;255;94;127m██[38;2;74;78;122m████[38;2;0;4;0m██[38;2;0;0;0m    [38;2;0;4;0m██[38;2;88;99;184m██[38;2;66;66;66m██[38;2;0;4;0m██[38;2;0;0;0m  [38;2;8;8;0m██[38;2;74;78;122m██[38;2;8;8;0m██[38;2;74;78;122m██[38;2;0;4;0m██
[38;2;0;0;0m        [38;2;0;4;0m██[38;2;90;99;186m██████[38;2;90;103;178m████[38;2;0;4;0m██[38;2;66;65;66m██[38;2;66;66;66m████[38;2;88;99;184m████[38;2;90;99;186m██[38;2;0;4;0m████[38;2;239;222;255m████[38;2;181;74;45m██[38;2;148;61;44m██[38;2;255;214;247m██[38;2;239;222;255m██[38;2;181;74;45m██[38;2;57;66;73m██[38;2;156;165;194m██[38;2;66;70;82m████[38;2;66;74;122m██[38;2;255;103;167m██[38;2;255;90;111m██[38;2;66;66;66m██[38;2;88;99;184m████[38;2;66;66;66m██[38;2;74;81;125m██[38;2;247;99;111m██[38;2;82;55;80m██[38;2;0;4;0m██[38;2;0;0;0m      [38;2;0;4;0m████[38;2;0;0;0m      [38;2;0;4;0m██[38;2;0;0;0m  [38;2;0;4;0m██[38;2;0;0;0m  
[38;2;0;0;0m          [38;2;0;4;0m██████[38;2;49;55;89m██[38;2;8;8;0m██[38;2;0;0;0m  [38;2;0;4;0m██[38;2;66;66;66m██[38;2;88;99;184m████[38;2;66;66;66m██[38;2;0;4;0m██[38;2;0;0;0m    [38;2;0;4;0m██[38;2;239;222;255m████[38;2;148;61;44m██[38;2;184;112;112m██[38;2;239;222;255m██[38;2;181;74;45m██[38;2;206;214;254m██[38;2;57;66;73m██[38;2;255;86;87m██[38;2;66;70;82m██[38;2;66;74;122m████[38;2;255;90;111m████[38;2;66;66;66m██[38;2;88;99;184m██[38;2;82;96;183m██[38;2;66;66;66m██[38;2;82;55;80m██[38;2;0;33;64m██[38;2;0;0;0m                          
[38;2;0;0;0m                [38;2;8;8;0m██[38;2;49;55;89m██[38;2;8;12;0m██[38;2;52;57;84m██[38;2;88;99;184m████[38;2;66;66;66m██[38;2;88;99;184m██[38;2;90;99;186m██[38;2;0;4;0m██[38;2;0;0;0m    [38;2;0;4;0m██[38;2;239;222;255m██[38;2;255;198;215m██[38;2;118;66;72m██[38;2;255;86;87m██[38;2;239;222;255m██[38;2;168;127;136m██[38;2;255;198;223m██[38;2;66;61;66m██[38;2;82;99;186m██[38;2;66;74;122m████[38;2;255;103;167m██[38;2;66;70;82m██[38;2;66;66;66m████[38;2;90;103;186m██[38;2;65;74;124m██[38;2;0;4;0m██[38;2;0;0;0m                            
[38;2;0;0;0m        [38;2;0;4;0m████████[38;2;90;103;178m████[38;2;96;103;168m██[38;2;52;57;84m██[38;2;66;66;66m████████[38;2;0;4;0m██[38;2;0;0;0m        [38;2;0;4;0m██[38;2;49;0;1m██[38;2;186;132;144m██[38;2;255;86;87m████[38;2;82;57;50m████[38;2;82;99;186m██[38;2;74;80;126m██[38;2;66;74;122m██[38;2;255;86;87m██[38;2;66;70;82m████[38;2;88;99;184m████[38;2;41;45;62m██[38;2;16;16;0m██[38;2;0;0;0m                              
[38;2;0;0;0m      [38;2;0;4;0m██[38;2;90;99;186m████[38;2;90;103;178m████[38;2;90;99;186m██[38;2;0;4;0m██[38;2;66;66;66m████████[38;2;90;99;186m████[38;2;0;4;0m██[38;2;0;0;0m            [38;2;0;4;0m██████[38;2;90;103;186m██[38;2;60;70;124m██[38;2;66;70;82m██[38;2;255;103;167m██[38;2;66;66;66m██████[38;2;88;99;184m██[38;2;82;99;186m██[38;2;66;66;66m██[38;2;74;86;146m██[38;2;0;4;0m██[38;2;0;0;0m                              
[38;2;0;0;0m        [38;2;0;4;0m████[38;2;8;8;0m██[38;2;49;55;89m██[38;2;0;4;0m██[38;2;0;0;0m  [38;2;0;4;0m██[38;2;66;66;66m██[38;2;88;99;184m████[38;2;0;4;0m████[38;2;0;0;0m                    [38;2;0;4;0m████[38;2;66;70;82m████[38;2;66;66;66m██[38;2;88;99;184m████[38;2;66;66;66m████[38;2;77;88;146m██[38;2;0;4;0m██[38;2;0;0;0m  [38;2;0;4;0m████[38;2;0;0;0m                          
[38;2;0;0;0m              [38;2;0;4;0m██[38;2;49;55;89m██[38;2;8;8;0m██[38;2;90;99;186m████[38;2;0;4;0m████[38;2;0;0;0m                            [38;2;8;8;0m██[38;2;49;55;89m██[38;2;90;99;186m████[38;2;52;57;84m██[38;2;96;103;168m██[38;2;69;77;125m██[38;2;57;61;65m██[38;2;49;55;89m██[38;2;8;8;0m██[38;2;96;103;168m██[38;2;8;12;0m██[38;2;0;0;0m                          
[38;2;0;0;0m            [38;2;0;4;0m██[38;2;90;99;186m██[38;2;90;103;178m████[38;2;0;4;0m████[38;2;0;0;0m                              [38;2;0;4;0m██[38;2;90;103;178m████[38;2;90;99;186m██[38;2;0;4;0m██[38;2;8;12;0m██[38;2;52;57;84m██[38;2;82;94;186m██[38;2;69;77;125m██[38;2;90;103;178m████[38;2;52;57;84m████[38;2;0;4;0m██[38;2;0;0;0m                        
[38;2;0;0;0m              [38;2;0;4;0m██████[38;2;0;0;0m                              [38;2;0;4;0m████[38;2;115;148;227m████[38;2;0;4;0m████[38;2;0;0;0m    [38;2;0;4;0m██[38;2;66;66;66m██[38;2;88;99;184m██[38;2;82;99;186m██[38;2;66;66;66m██[38;2;44;52;70m██[38;2;79;92;141m██[38;2;0;4;0m██[38;2;0;0;0m                        
[38;2;0;0;0m                                                [38;2;0;4;0m██[38;2;115;148;227m████[38;2;0;4;0m████[38;2;0;0;0m      [38;2;0;4;0m██[38;2;90;99;186m██[38;2;88;99;184m████[38;2;66;66;66m██[38;2;77;88;146m██[38;2;79;92;141m██[38;2;8;12;0m██[38;2;0;0;0m                          
[38;2;0;0;0m                                                  [38;2;0;4;0m████[38;2;0;0;0m      [38;2;0;4;0m████[38;2;90;103;178m████[38;2;66;66;66m████[38;2;77;89;141m████[38;2;0;4;0m██[38;2;0;0;0m                            
[38;2;0;0;0m                                                          [38;2;0;4;0m██[38;2;90;99;186m████[38;2;8;8;0m██[38;2;49;55;89m██[38;2;66;66;66m██[38;2;78;88;142m██[38;2;77;89;141m██[38;2;0;4;0m██[38;2;0;0;0m                              
[38;2;0;0;0m                                                        [38;2;0;4;0m██[38;2;82;100;162m██[38;2;115;148;227m██[38;2;0;4;0m██[38;2;0;0;0m  [38;2;0;4;0m██[38;2;82;90;130m██[38;2;55;61;87m██[38;2;0;4;0m██[38;2;0;0;0m                                
[38;2;0;0;0m                                                      [38;2;0;4;0m██[38;2;123;148;243m██[38;2;0;4;0m████[38;2;0;0;0m  [38;2;0;4;0m██[38;2;74;86;146m██[38;2;0;4;0m████[38;2;0;0;0m                                  
[38;2;0;0;0m                                                      [38;2;0;4;0m████[38;2;0;0;0m    [38;2;0;4;0m██[38;2;74;86;146m██[38;2;0;4;0m██[38;2;0;0;0m                                      [0m
