
[38;2;0;0;0m                                      ██[38;2;128;208;112m████[38;2;0;0;0m██                            
[38;2;0;0;0m                                      ██[38;2;128;208;112m██[38;2;0;0;0m██                              
[38;2;0;0;0m          ██████                    ██[38;2;128;208;112m████[38;2;0;0;0m██                              
[38;2;0;0;0m        ██[38;2;56;104;80m██████[38;2;0;0;0m████                ██[38;2;88;176;112m██[38;2;0;0;0m██          ████████              
[38;2;0;0;0m          ████[38;2;56;104;80m██████[38;2;0;0;0m██            ██[38;2;80;144;104m████[38;2;0;0;0m██      ████[38;2;128;208;112m████████[38;2;0;0;0m██            
[38;2;0;0;0m              ██[38;2;56;104;80m██████[38;2;0;0;0m██          ██[38;2;80;144;104m████[38;2;0;0;0m██    ██[38;2;128;208;112m██████[38;2;0;0;0m██████              
[38;2;0;0;0m                ██[38;2;56;104;80m██████[38;2;0;0;0m██      ██[38;2;80;144;104m████[38;2;0;0;0m██    ██[38;2;88;176;112m██[38;2;128;208;112m████[38;2;0;0;0m██      ████████████  
[38;2;0;0;0m  ████████████    ██[38;2;56;104;80m██████[38;2;0;0;0m██    ██[38;2;80;144;104m████[38;2;0;0;0m██  ██[38;2;80;144;104m████[38;2;88;176;112m██[38;2;0;0;0m██  ██████[38;2;56;104;80m████████████[38;2;0;0;0m██
[38;2;0;0;0m██[38;2;128;208;112m████████[38;2;88;176;112m██[38;2;80;144;104m██[38;2;0;0;0m██████[38;2;64;64;64m██[38;2;56;104;80m██████[38;2;0;0;0m██  ██[38;2;56;104;80m████[38;2;0;0;0m████[38;2;80;144;104m██████[38;2;64;64;64m██[38;2;0;0;0m████[38;2;56;104;80m██████████[38;2;0;0;0m████████  
[38;2;0;0;0m  ██████[38;2;80;144;104m████████████[38;2;64;64;64m████[38;2;56;104;80m██████[38;2;0;0;0m████[38;2;56;104;80m████[38;2;64;64;64m██[38;2;80;144;104m██████[38;2;64;64;64m████[38;2;56;104;80m██████████[38;2;0;0;0m████          
[38;2;0;0;0m        ██████[38;2;80;144;104m████[38;2;64;64;64m██[38;2;128;208;112m████[38;2;64;64;64m████[38;2;56;104;80m████[38;2;64;64;64m██[38;2;56;104;80m████[38;2;64;64;64m██[38;2;80;144;104m████[38;2;64;64;64m████[38;2;56;104;80m████[38;2;64;64;64m██████[38;2;0;0;0m██              
[38;2;0;0;0m              ████[38;2;80;144;104m██[38;2;64;64;64m████[38;2;128;208;112m████[38;2;64;64;64m██[38;2;56;104;80m██[38;2;64;64;64m██[38;2;56;104;80m██[38;2;64;64;64m██[38;2;80;144;104m████[38;2;56;104;80m██[38;2;64;64;64m██[38;2;56;104;80m██[38;2;64;64;64m████[38;2;128;208;112m████████[38;2;0;0;0m██            
[38;2;0;0;0m                  ██[38;2;56;104;80m██[38;2;80;144;104m██[38;2;64;64;64m██[38;2;80;144;104m██[38;2;88;176;112m██[38;2;64;64;64m██[38;2;56;104;80m████[38;2;64;64;64m██[38;2;80;144;104m██[38;2;56;104;80m██[38;2;64;64;64m██████[38;2;128;208;112m██████[38;2;80;144;104m██[38;2;64;64;64m██[38;2;0;0;0m██              
[38;2;0;0;0m                    ██[38;2;56;104;80m██[38;2;80;144;104m██[38;2;64;64;64m██[38;2;56;104;80m██[38;2;80;144;104m██[38;2;64;64;64m██[38;2;56;104;80m██████[38;2;64;64;64m████[38;2;128;208;112m████[38;2;80;144;104m██[38;2;64;64;64m██████████[38;2;0;0;0m████████      
[38;2;0;0;0m                ████[38;2;64;64;64m████[38;2;56;104;80m████[38;2;64;64;64m██[38;2;56;104;80m██[38;2;64;64;64m████[38;2;56;104;80m████[38;2;64;64;64m██[38;2;128;208;112m██[38;2;80;144;104m██[38;2;64;64;64m████████[38;2;80;144;104m██████[38;2;88;176;112m██[38;2;128;208;112m██████[38;2;0;0;0m██    
[38;2;0;0;0m              ██[38;2;184;176;128m██████[38;2;64;64;64m████[38;2;56;104;80m████████[38;2;64;64;64m██[38;2;56;104;80m██[38;2;64;64;64m██[38;2;80;144;104m██[38;2;56;104;80m██[38;2;64;64;64m████[38;2;80;144;104m██████████[38;2;0;0;0m██████████      
[38;2;0;0;0m          ████[38;2;184;176;128m██████████[38;2;64;64;64m████[38;2;56;104;80m████████[38;2;64;64;64m██[38;2;80;144;104m██[38;2;56;104;80m██[38;2;64;64;64m██[38;2;80;144;104m████████[38;2;0;0;0m██████                
[38;2;0;0;0m        ██[38;2;128;112;88m██[38;2;184;176;128m██████████████[38;2;64;64;64m████████[38;2;56;104;80m████████[38;2;80;144;104m████[38;2;64;64;64m████[38;2;0;0;0m██                      
[38;2;0;0;0m        ██[38;2;184;176;128m██████████████[38;2;64;64;64m████[38;2;248;232;176m██████[38;2;64;64;64m████[38;2;56;104;80m██████[38;2;64;64;64m████[38;2;248;232;176m████[38;2;0;0;0m████                  
[38;2;0;0;0m        ████[38;2;184;176;128m██████████[38;2;64;64;64m██[38;2;248;232;176m██████████████[38;2;64;64;64m██[38;2;56;104;80m██[38;2;64;64;64m██[38;2;248;232;176m████████████[38;2;0;0;0m██                
[38;2;0;0;0m            ██[38;2;184;176;128m██████[38;2;64;64;64m██[38;2;248;232;176m██████████████████[38;2;64;64;64m██[38;2;248;232;176m████████[38;2;128;112;88m██[38;2;248;232;176m████[38;2;248;248;248m██[38;2;0;0;0m██              
[38;2;0;0;0m            ██[38;2;184;176;128m████[38;2;64;64;64m██[38;2;160;144;128m██[38;2;248;232;176m████[38;2;160;144;128m██[38;2;248;232;176m████████████[38;2;64;64;64m██[38;2;248;232;176m██[38;2;128;112;88m████[38;2;0;0;0m██[38;2;248;248;248m██[38;2;248;232;176m████████[38;2;0;0;0m██            
[38;2;0;0;0m          ██[38;2;128;112;88m██[38;2;184;176;128m████[38;2;64;64;64m██[38;2;248;232;176m██████[38;2;248;248;248m██[38;2;0;0;0m██[38;2;128;112;88m██████[38;2;248;232;176m██[38;2;64;64;64m██[38;2;248;232;176m████[38;2;248;248;248m██████[38;2;184;176;128m██[38;2;248;232;176m████████[38;2;0;0;0m██            
[38;2;0;0;0m          ██[38;2;184;176;128m████[38;2;64;64;64m████[38;2;248;232;176m██████[38;2;248;248;248m██[38;2;0;0;0m██[38;2;248;248;248m████[38;2;216;200;160m██[38;2;248;232;176m██[38;2;64;64;64m██[38;2;248;232;176m██████[38;2;184;176;128m████[38;2;248;232;176m██████[38;2;136;88;88m████[38;2;184;176;128m██[38;2;0;0;0m██          
[38;2;0;0;0m            ██[38;2;184;176;128m██[38;2;64;64;64m██[38;2;248;232;176m██████████[38;2;248;248;248m████[38;2;216;200;160m██[38;2;248;232;176m████[38;2;64;64;64m██[38;2;248;232;176m██████████[38;2;136;88;88m██████[38;2;248;232;176m██[38;2;184;176;128m████[38;2;0;0;0m██          
[38;2;0;0;0m              ██[38;2;64;64;64m██[38;2;136;88;88m████[38;2;248;232;176m████████████████[38;2;184;176;128m██[38;2;64;64;64m██[38;2;248;232;176m██████████████[38;2;184;176;128m████[38;2;0;0;0m██            
[38;2;0;0;0m                ██[38;2;184;176;128m██[38;2;248;248;248m██[38;2;136;88;88m████████████[38;2;248;232;176m██[38;2;184;176;128m████[38;2;64;64;64m██[38;2;248;232;176m████████████[38;2;184;176;128m██████[38;2;0;0;0m██            
[38;2;0;0;0m                  ██[38;2;184;176;128m██[38;2;248;120;136m██████[38;2;184;56;88m██[38;2;248;248;248m██[38;2;136;88;88m██[38;2;184;176;128m██████[38;2;64;64;64m████[38;2;248;232;176m██████[38;2;184;176;128m████████[38;2;0;0;0m██              
[38;2;0;0;0m                  ██[38;2;64;64;64m██[38;2;184;176;128m██[38;2;248;120;136m██████[38;2;184;56;88m██[38;2;184;176;128m██████[38;2;64;64;64m██[38;2;160;144;128m██[38;2;136;88;88m██[38;2;64;64;64m████[38;2;184;176;128m██████[38;2;0;0;0m████                
[38;2;0;0;0m                    ██[38;2;64;64;64m████[38;2;184;176;128m████████[38;2;64;64;64m████[38;2;136;88;88m████[38;2;160;144;128m████[38;2;64;64;64m██[38;2;0;0;0m██████                    
[38;2;0;0;0m                      ██[38;2;160;144;128m██[38;2;64;64;64m████████[38;2;160;144;128m██████████[38;2;136;88;88m██[38;2;0;0;0m██                          
[38;2;0;0;0m                    ██[38;2;64;64;64m██[38;2;136;88;88m██[38;2;160;144;128m██████████████[38;2;136;88;88m████[38;2;64;64;64m██[38;2;0;0;0m██                          
[38;2;0;0;0m                  ██[38;2;160;144;128m████[38;2;64;64;64m██[38;2;136;88;88m██████████████[38;2;160;144;128m██[38;2;64;64;64m██[38;2;160;144;128m████[38;2;0;0;0m██                        
[38;2;0;0;0m                  ██[38;2;136;88;88m██████[38;2;64;64;64m██[38;2;160;144;128m████████████[38;2;64;64;64m██[38;2;160;144;128m████████[38;2;0;0;0m██                      
[38;2;0;0;0m                    ██[38;2;160;144;128m██████[38;2;64;64;64m████[38;2;160;144;128m██████[38;2;64;64;64m██[38;2;136;88;88m██[38;2;160;144;128m████████[38;2;136;88;88m██[38;2;0;0;0m██                    
[38;2;0;0;0m                  ██[38;2;160;144;128m██[38;2;64;64;64m██████[38;2;136;88;88m██[38;2;0;0;0m██████████[38;2;160;144;128m██[38;2;136;88;88m████████[38;2;160;144;128m██[38;2;0;0;0m██                    
[38;2;0;0;0m                ██[38;2;248;248;248m██[38;2;136;88;88m██[38;2;160;144;128m████████[38;2;0;0;0m██        ██[38;2;160;144;128m████████[38;2;0;0;0m██                      
[38;2;0;0;0m                  ████[38;2;248;248;248m██[38;2;136;88;88m██[38;2;160;144;128m██[38;2;0;0;0m██        ██[38;2;160;144;128m██[38;2;64;64;64m████████[38;2;160;144;128m██[38;2;0;0;0m██                    
[38;2;0;0;0m                      ██████          ██[38;2;160;144;128m██[38;2;136;88;88m██[38;2;160;144;128m████[38;2;136;88;88m██[38;2;160;144;128m██[38;2;0;0;0m██                    
[38;2;0;0;0m                                        ██[38;2;248;248;248m██[38;2;136;88;88m████[38;2;248;248;248m██[38;2;0;0;0m██                      [0m
