
[38;2;0;0;0m          ██████                                    
[38;2;0;0;0m          ██[38;2;140;189;180m████[38;2;0;0;0m████                                
[38;2;0;0;0m          ██[38;2;140;189;180m████████[38;2;0;0;0m████                            
[38;2;0;0;0m          ██[38;2;140;189;180m████████████[38;2;0;0;0m██                          
[38;2;0;0;0m          ██[38;2;140;189;180m██████████████[38;2;0;0;0m██                        
[38;2;0;0;0m            ██[38;2;140;189;180m██████████████[38;2;0;0;0m██                      
[38;2;0;0;0m            ██[38;2;140;189;180m████████████████[38;2;0;0;0m██                    
[38;2;0;0;0m            ██[38;2;96;156;165m██[38;2;140;189;180m██████████████[38;2;0;0;0m██                    
[38;2;0;0;0m          ██[38;2;140;189;180m████████[38;2;69;134;98m██████[38;2;140;189;180m██████[38;2;0;0;0m██                  
[38;2;0;0;0m        ██[38;2;140;189;180m████████[38;2;63;137;90m██[38;2;93;172;122m██[38;2;90;173;122m████[38;2;66;140;98m██[38;2;140;198;180m██[38;2;140;189;180m██[38;2;0;0;0m██                  
[38;2;0;0;0m      ██[38;2;66;132;98m██[38;2;140;189;180m██████[38;2;69;134;98m██[38;2;93;172;122m██[38;2;123;206;155m██[38;2;129;206;161m██[38;2;90;173;122m██[38;2;91;159;125m██[38;2;66;140;98m██[38;2;140;189;180m██[38;2;0;0;0m██                  
[38;2;0;0;0m      ██[38;2;132;189;172m██[38;2;140;189;180m████[38;2;68;134;98m██[38;2;88;178;122m██[38;2;129;206;161m████████[38;2;87;176;122m████[38;2;82;119;98m██[38;2;8;0;0m██[38;2;0;0;0m                  
[38;2;0;0;0m    ██[38;2;88;126;115m██[38;2;132;189;172m██[38;2;140;189;180m████[38;2;68;134;98m██[38;2;88;178;122m██[38;2;129;206;161m████████[38;2;87;176;122m████[38;2;57;79;65m████[38;2;0;0;0m████              
[38;2;0;0;0m    ██[38;2;69;134;98m██[38;2;140;189;180m████[38;2;69;134;98m██[38;2;87;176;122m████[38;2;90;173;122m██[38;2;129;206;161m██[38;2;115;214;155m██[38;2;104;170;125m██[38;2;82;78;66m████[38;2;82;82;66m██[38;2;255;255;255m██████[38;2;0;0;0m██            
[38;2;0;0;0m    ██[38;2;69;134;98m██[38;2;140;189;180m████[38;2;69;134;98m██[38;2;87;176;122m████[38;2;90;173;122m████[38;2;82;82;66m████[38;2;239;255;255m██[38;2;187;196;192m██[38;2;255;255;255m██████[38;2;0;0;0m██              
[38;2;0;0;0m      ██[38;2;71;132;98m██[38;2;140;189;180m██[38;2;69;134;98m██[38;2;87;176;122m████[38;2;87;175;119m██[38;2;82;82;66m██[38;2;255;247;255m██[38;2;129;82;86m██[38;2;255;255;255m██[38;2;165;189;189m██[38;2;247;247;247m██[38;2;82;82;82m██[38;2;0;0;0m██                
[38;2;0;0;0m      ██[38;2;71;132;98m██[38;2;140;189;180m██[38;2;69;134;98m██[38;2;87;176;122m████[38;2;87;175;119m██[38;2;82;82;66m██[38;2;66;0;2m██[38;2;129;82;86m██[38;2;255;255;255m██[38;2;165;189;189m██[38;2;82;82;82m██[38;2;0;0;0m██                  
[38;2;0;0;0m████    ██[38;2;77;121;98m██[38;2;132;198;180m██[38;2;66;140;98m██[38;2;91;159;125m██[38;2;107;66;67m██[38;2;132;104;108m██[38;2;173;61;93m██[38;2;214;255;246m██[38;2;181;192;192m██[38;2;239;255;255m██[38;2;255;255;255m████[38;2;0;0;0m██                
[38;2;0;0;0m██[38;2;66;132;98m██[38;2;0;0;0m████[38;2;66;66;66m██[38;2;49;82;57m██[38;2;77;121;98m██[38;2;140;198;180m██[38;2;66;140;98m██[38;2;107;66;67m██[38;2;181;181;189m██[38;2;200;190;195m████[38;2;66;66;66m████[38;2;85;85;85m██[38;2;0;0;0m██              ██  
[38;2;0;0;0m██[38;2;69;136;95m████[38;2;66;66;66m██[38;2;70;136;98m██[38;2;66;132;98m██[38;2;0;0;0m████[38;2;140;189;180m██[38;2;49;107;81m██[38;2;82;88;77m██[38;2;66;66;66m████[38;2;68;134;95m████[38;2;70;136;98m██[38;2;66;66;66m██[38;2;0;0;0m████      ████[38;2;90;173;122m██[38;2;0;0;0m██
[38;2;0;0;0m██[38;2;69;136;95m████[38;2;70;136;98m████[38;2;0;0;0m██    ██[38;2;82;88;77m██[38;2;148;49;68m██[38;2;70;136;98m████[38;2;74;74;66m████[38;2;66;66;66m██[38;2;70;136;98m██[38;2;71;132;98m████[38;2;0;0;0m██████[38;2;90;173;122m██████[38;2;0;0;0m██
[38;2;0;0;0m██[38;2;71;132;98m██████[38;2;0;0;0m██    ██[38;2;189;61;93m██[38;2;195;61;94m██[38;2;159;66;76m██[38;2;88;178;122m████[38;2;101;85;82m████[38;2;0;0;0m██████[38;2;66;132;98m██[38;2;77;137;98m████[38;2;87;176;122m████[38;2;90;173;122m██[38;2;0;0;0m██  
[38;2;0;0;0m  ██[38;2;71;132;98m████[38;2;0;0;0m██      ██[38;2;195;61;94m██[38;2;159;66;76m██[38;2;88;178;122m██[38;2;68;134;98m██[38;2;255;255;247m██[38;2;24;0;0m██[38;2;0;0;0m      ██[38;2;66;66;66m██[38;2;82;173;114m██[38;2;87;176;122m████[38;2;90;173;122m██[38;2;0;0;0m██  
[38;2;0;0;0m  ██[38;2;66;132;98m██[38;2;66;66;66m██[38;2;0;0;0m██    [38;2;0;4;0m██[38;2;255;255;255m██[38;2;33;82;57m██[38;2;102;140;120m██[38;2;66;132;98m██[38;2;255;255;255m██████[38;2;0;0;0m██    ██[38;2;87;175;119m████[38;2;90;173;122m████[38;2;0;0;0m██    
[38;2;0;0;0m    ████      [38;2;0;4;0m██[38;2;170;171;170m██[38;2;239;255;247m██[38;2;102;140;120m██[38;2;66;132;98m██[38;2;255;255;255m████[38;2;165;189;189m██[38;2;0;0;0m██  ██[38;2;90;173;122m██[38;2;82;82;66m██[38;2;87;175;119m██[38;2;90;173;122m██[38;2;0;0;0m██      
[38;2;0;0;0m                ██[38;2;165;189;189m████████[38;2;170;171;173m██[38;2;0;4;8m██[38;2;0;0;0m    ██[38;2;82;78;70m██[38;2;90;173;122m██[38;2;0;0;0m████        
[38;2;0;0;0m            ████[38;2;165;189;189m████[38;2;66;66;66m██[38;2;0;0;0m████[38;2;255;255;255m████[38;2;0;0;0m████  ████            
[38;2;0;0;0m          ██[38;2;165;189;189m██████[38;2;0;0;0m████    ██[38;2;255;255;255m████[38;2;101;115;128m██[38;2;0;0;0m██                
[38;2;0;0;0m        ██[38;2;165;189;189m██[38;2;110;126;126m██[38;2;165;189;189m██[38;2;0;0;0m██          ██[38;2;255;255;255m██████[38;2;0;0;0m██              
[38;2;0;0;0m        ██[38;2;156;189;188m██[38;2;104;126;125m██[38;2;165;189;189m██[38;2;0;0;0m██          ██[38;2;255;255;255m██████[38;2;0;4;8m██[38;2;0;0;0m              
[38;2;0;0;0m          ██████              ██[38;2;255;255;255m██[38;2;170;171;173m██[38;2;255;255;255m██[38;2;0;0;0m██            
[38;2;0;0;0m                              ██[38;2;255;255;255m██[38;2;170;171;170m██[38;2;255;255;255m██[38;2;0;0;0m██            
[38;2;0;0;0m                                ██[38;2;0;4;0m████[38;2;0;0;0m              [0m
