
[38;2;0;0;0m                  ██████[38;2;8;0;0m████[38;2;0;0;0m                
[38;2;0;0;0m            ██████[38;2;66;66;66m██[38;2;140;74;52m████[38;2;214;173;142m██[38;2;111;86;71m██[38;2;0;0;0m██              
[38;2;0;0;0m          ██[38;2;82;66;50m██[38;2;255;214;175m██[38;2;173;107;53m██[38;2;66;66;66m██[38;2;247;123;55m████[38;2;66;66;66m████[38;2;0;0;0m████            
[38;2;0;0;0m        ██[38;2;66;66;66m██[38;2;140;115;92m██[38;2;82;66;50m██[38;2;66;66;66m██████████[38;2;173;107;53m██[38;2;181;111;61m██[38;2;121;74;41m██[38;2;0;0;0m██          
[38;2;0;0;0m      ██[38;2;0;4;8m██[38;2;123;86;75m██[38;2;66;61;66m██[38;2;137;83;57m██[38;2;173;107;53m████[38;2;137;83;57m██[38;2;66;61;66m██[38;2;151;112;82m██[38;2;255;214;175m██[38;2;173;107;53m████[38;2;140;74;52m██[38;2;0;0;0m██        
[38;2;0;0;0m  ████[38;2;189;99;69m██[38;2;82;59;53m████[38;2;137;83;57m██[38;2;173;94;53m██[38;2;173;107;53m██[38;2;239;214;191m██[38;2;173;94;53m██[38;2;137;83;57m██[38;2;99;61;35m██[38;2;151;112;82m██[38;2;173;107;53m██[38;2;140;74;52m████[38;2;0;0;0m██        
[38;2;0;0;0m██[38;2;189;99;69m██[38;2;189;103;69m████[38;2;126;82;62m██[38;2;66;61;66m██[38;2;140;74;52m████[38;2;173;107;53m████[38;2;140;75;52m████[38;2;66;66;66m██[38;2;140;76;52m██[38;2;198;181;150m██[38;2;140;74;52m████[38;2;0;0;0m██        
[38;2;0;0;0m  ████[38;2;126;69;46m██[38;2;247;123;55m██[38;2;66;61;66m██[38;2;140;74;52m██[38;2;198;181;150m██[38;2;140;74;52m████[38;2;140;75;52m████[38;2;66;66;66m██[38;2;140;76;52m██[38;2;140;74;52m████[38;2;0;0;0m██          
[38;2;0;0;0m    [38;2;8;4;8m██[38;2;255;127;63m██[38;2;247;123;55m████[38;2;90;79;74m██[38;2;107;57;43m██[38;2;118;96;86m██[38;2;206;173;142m██[38;2;148;85;63m██[38;2;66;66;66m██[38;2;189;99;69m██[38;2;66;66;66m██████[38;2;189;99;69m██[38;2;0;0;0m██    ████
[38;2;0;0;0m  ██[38;2;173;86;45m██[38;2;255;127;63m██[38;2;140;74;52m████[38;2;57;123;137m██[38;2;90;79;74m██[38;2;74;57;58m████[38;2;66;66;66m██[38;2;189;94;61m██[38;2;189;99;69m████[38;2;189;94;61m██[38;2;148;85;63m██[38;2;189;99;69m████[38;2;0;0;0m████[38;2;247;123;55m██[38;2;0;0;0m██
[38;2;0;0;0m  ██[38;2;189;99;69m██[38;2;0;0;0m██[38;2;71;121;135m██[38;2;0;0;0m██[38;2;0;4;0m██[38;2;71;122;135m██[38;2;74;132;146m████[38;2;110;140;147m██[38;2;132;74;52m██[38;2;192;98;61m████[38;2;247;123;55m██[38;2;189;100;69m██[38;2;135;73;47m██[38;2;198;107;70m██[38;2;247;123;55m████[38;2;0;0;0m██  
[38;2;0;0;0m  ████  ██[38;2;107;181;203m██████[38;2;74;132;146m██[38;2;0;0;0m██[38;2;99;173;195m████[38;2;137;74;60m██[38;2;247;123;63m██[38;2;247;123;55m████[38;2;135;73;47m██[38;2;8;4;0m██[38;2;0;0;0m████    
[38;2;0;0;0m        ██[38;2;110;126;147m██[38;2;148;115;148m██[38;2;107;173;195m██████[38;2;0;0;0m████[38;2;107;173;195m██[38;2;140;74;52m██[38;2;247;123;55m████[38;2;0;0;0m██          
[38;2;0;0;0m        ██[38;2;110;126;147m██[38;2;107;173;195m██[38;2;148;115;148m████[38;2;107;173;195m████████[38;2;140;74;52m██[38;2;247;123;55m██[38;2;189;100;69m██[38;2;140;74;52m██[38;2;0;0;0m██        
[38;2;0;0;0m          ██[38;2;85;137;152m██[38;2;99;173;195m██[38;2;255;255;255m██[38;2;112;123;144m██[38;2;107;173;195m██████[38;2;156;82;60m██[38;2;198;107;70m██[38;2;135;73;47m██[38;2;74;132;146m██[38;2;0;0;0m██        
[38;2;0;0;0m        ████[38;2;57;66;65m██[38;2;85;137;152m██[38;2;255;255;255m██[38;2;112;123;144m██[38;2;74;132;146m████[38;2;156;82;60m████[38;2;135;73;47m██[38;2;8;4;0m██[38;2;0;0;0m██          
[38;2;0;0;0m      ██[38;2;74;132;146m████[38;2;85;132;146m██[38;2;46;66;73m██[38;2;0;0;0m██[38;2;74;132;146m██[38;2;79;132;146m████[38;2;132;78;60m████[38;2;0;0;0m██              
[38;2;0;0;0m        ████[38;2;8;0;0m████[38;2;0;0;0m  ██[38;2;8;0;0m██[38;2;44;66;73m██[38;2;88;53;43m██[38;2;0;4;8m██[38;2;0;0;0m                
[38;2;0;0;0m                    ██[38;2;74;132;146m██[38;2;82;140;154m██[38;2;0;4;0m██[38;2;0;0;0m                
[38;2;0;0;0m                    ██[38;2;74;132;146m██[38;2;55;95;103m██[38;2;0;4;0m██[38;2;0;0;0m                
[38;2;0;0;0m                      ████                  [0m
