
[38;2;0;0;0m                    ██                                                            
[38;2;0;0;0m                  ██[38;2;56;80;112m██[38;2;0;0;0m██                                                          
[38;2;0;0;0m                  ██[38;2;56;80;112m██[38;2;0;0;0m██                                                          
[38;2;0;0;0m                  ██[38;2;56;80;112m████[38;2;0;0;0m██                    ██████                              
[38;2;0;0;0m                    ██[38;2;56;80;112m██[38;2;0;0;0m██                  ██[38;2;80;152;200m██████[38;2;0;0;0m████████                      
[38;2;0;0;0m                    ██[38;2;56;80;112m██[38;2;0;0;0m██                ██[38;2;80;152;200m████████████████[38;2;0;0;0m██████                
[38;2;0;0;0m          ██        ██[38;2;56;80;112m██[38;2;136;88;144m██[38;2;0;0;0m██              ██[38;2;80;152;200m████[38;2;56;80;112m██████████[38;2;80;152;200m████████[38;2;0;0;0m██████          
[38;2;0;0;0m        ██[38;2;80;128;136m██[38;2;0;0;0m██    ██[38;2;56;80;112m████[38;2;136;88;144m██[38;2;0;0;0m██              ██[38;2;80;152;200m██[38;2;56;80;112m██[38;2;104;80;112m██[38;2;184;136;192m██[38;2;136;88;144m██████[38;2;56;80;112m████████[38;2;80;128;136m██████[38;2;0;0;0m████      
[38;2;0;0;0m      ██[38;2;136;88;144m██[38;2;80;128;136m██[38;2;56;80;112m██[38;2;0;0;0m██  ██[38;2;64;64;64m██[38;2;56;80;112m██[38;2;136;88;144m██[38;2;0;0;0m██            ██[38;2;80;152;200m████[38;2;56;80;112m██[38;2;184;136;192m██[38;2;104;80;112m██[38;2;184;136;192m████[38;2;136;88;144m██████████[38;2;56;80;112m██████[38;2;80;128;136m████[38;2;0;0;0m████  
[38;2;0;0;0m      ██[38;2;80;128;136m██[38;2;80;152;200m██████[38;2;0;0;0m██[38;2;56;80;112m██[38;2;80;152;200m██[38;2;64;64;64m██[38;2;136;88;144m██[38;2;0;0;0m██            ██[38;2;80;152;200m████[38;2;56;80;112m██[38;2;184;136;192m████[38;2;104;80;112m██[38;2;184;136;192m██████[38;2;136;88;144m████████████[38;2;0;0;0m████[38;2;80;128;136m████[38;2;0;0;0m██
[38;2;0;0;0m    ██[38;2;80;152;200m████████[38;2;56;80;112m████[38;2;80;152;200m██[38;2;184;136;192m██[38;2;80;152;200m██[38;2;0;0;0m██              ██[38;2;80;152;200m██[38;2;56;80;112m██[38;2;184;136;192m██████[38;2;104;80;112m██[38;2;184;136;192m██████████[38;2;136;88;144m████[38;2;0;0;0m████    ████  
[38;2;0;0;0m  ██[38;2;80;128;136m██[38;2;80;152;200m██████████████[38;2;184;136;192m██[38;2;80;152;200m████[38;2;0;0;0m██          ██[38;2;80;152;200m████[38;2;56;80;112m██[38;2;184;136;192m████████[38;2;104;80;112m██[38;2;184;136;192m████████[38;2;0;0;0m████              
[38;2;0;0;0m  ██[38;2;248;248;248m██[38;2;80;152;200m██████████[38;2;80;128;136m██[38;2;248;248;248m██[38;2;80;152;200m██████[38;2;80;128;136m██[38;2;0;0;0m██      ██[38;2;80;152;200m████[38;2;56;80;112m██[38;2;184;136;192m██████████[38;2;104;80;112m██[38;2;184;136;192m██████[38;2;0;0;0m██                  
[38;2;0;0;0m██[38;2;80;152;200m██[38;2;248;248;248m██[38;2;80;128;136m██[38;2;80;152;200m████[38;2;80;128;136m██[38;2;0;0;0m██[38;2;248;248;248m████[38;2;80;152;200m██████[38;2;80;128;136m████[38;2;0;0;0m██  ██[38;2;80;152;200m████[38;2;56;80;112m██[38;2;184;136;192m████████████[38;2;104;80;112m██[38;2;184;136;192m██████[38;2;0;0;0m██                  
[38;2;0;0;0m██[38;2;64;64;64m██[38;2;80;152;200m██████[38;2;80;128;136m██[38;2;248;248;248m██[38;2;0;0;0m██[38;2;248;248;248m██[38;2;80;128;136m██[38;2;80;152;200m████[38;2;80;128;136m██████[38;2;64;64;64m██[38;2;0;0;0m██[38;2;80;152;200m████[38;2;56;80;112m██[38;2;184;136;192m████████████████[38;2;104;80;112m██[38;2;184;136;192m██[38;2;0;0;0m██                    
[38;2;0;0;0m  ██[38;2;64;64;64m████[38;2;80;152;200m████████████████[38;2;80;128;136m██[38;2;64;64;64m████[38;2;80;152;200m██████[38;2;56;80;112m██[38;2;136;88;144m██[38;2;184;136;192m████████████████[38;2;104;80;112m██[38;2;184;136;192m██[38;2;0;0;0m██                    
[38;2;0;0;0m    ██[38;2;248;248;248m██[38;2;64;64;64m██████[38;2;248;248;248m████[38;2;64;64;64m██[38;2;80;152;200m██[38;2;80;128;136m████[38;2;80;152;200m██████[38;2;56;80;112m████[38;2;136;88;144m██████[38;2;184;136;192m██████████████[38;2;104;80;112m██[38;2;0;0;0m██                      
[38;2;0;0;0m      ██[38;2;64;64;64m██████[38;2;248;248;248m██[38;2;64;64;64m██████[38;2;80;128;136m██████[38;2;56;80;112m████[38;2;136;88;144m██████████[38;2;0;0;0m██████████[38;2;184;136;192m████[38;2;104;80;112m██[38;2;0;0;0m██                      
[38;2;0;0;0m        ██[38;2;80;128;136m██[38;2;64;64;64m████████████[38;2;80;128;136m████[38;2;104;80;112m██[38;2;136;88;144m████████[38;2;0;0;0m████          ██████                        
[38;2;0;0;0m          ██[38;2;80;128;136m██[38;2;64;64;64m████████████[38;2;80;128;136m████[38;2;104;80;112m██[38;2;136;88;144m████[38;2;0;0;0m██                                            
[38;2;0;0;0m          ██[38;2;80;128;136m██[38;2;64;64;64m████████████[38;2;80;128;136m████[38;2;104;80;112m██[38;2;136;88;144m██[38;2;0;0;0m██                                              
[38;2;0;0;0m          ██[38;2;64;64;64m████████████████[38;2;80;128;136m████[38;2;64;64;64m██[38;2;0;0;0m██                                              
[38;2;0;0;0m          ██[38;2;248;248;248m██[38;2;64;64;64m██████████████[38;2;80;128;136m██████[38;2;0;0;0m██                                              
[38;2;0;0;0m          ██[38;2;184;184;192m██[38;2;64;64;64m██████[38;2;248;248;248m██[38;2;64;64;64m██████[38;2;80;128;136m██████[38;2;0;0;0m██  ████                                        
[38;2;0;0;0m            ██[38;2;64;64;64m██████[38;2;184;184;192m██[38;2;248;248;248m██[38;2;64;64;64m██[38;2;80;152;200m██[38;2;80;128;136m██████[38;2;64;64;64m██[38;2;0;0;0m██[38;2;80;128;136m████[38;2;0;0;0m██                                      
[38;2;0;0;0m            ██[38;2;80;152;200m██[38;2;64;64;64m██████[38;2;80;152;200m████[38;2;80;128;136m██████[38;2;64;64;64m██[38;2;80;128;136m████████[38;2;0;0;0m██                                      
[38;2;0;0;0m              ██[38;2;80;152;200m████████[38;2;80;128;136m██[38;2;64;64;64m██[38;2;0;0;0m████[38;2;80;128;136m████[38;2;64;64;64m██[38;2;80;128;136m████[38;2;0;0;0m██                                      
[38;2;0;0;0m                ██████[38;2;64;64;64m████[38;2;0;0;0m██    ██[38;2;64;64;64m██[38;2;80;128;136m████[38;2;0;0;0m██                                        
[38;2;0;0;0m                    ██[38;2;56;80;112m████[38;2;0;0;0m██      ██[38;2;80;128;136m████[38;2;0;0;0m██                                        
[38;2;0;0;0m                      ████      ██[38;2;80;152;200m████[38;2;0;0;0m██                                          
[38;2;0;0;0m                                ██[38;2;80;152;200m████[38;2;0;0;0m██                                          
[38;2;0;0;0m                                ██[38;2;80;152;200m████[38;2;0;0;0m██                                          
[38;2;0;0;0m                                  ████                                            [0m
