
[38;2;0;0;0m                                              ████████                      
[38;2;0;0;0m                                      ████████[38;2;176;168;144m████████[38;2;0;0;0m████                  
[38;2;0;0;0m                                  ████[38;2;176;168;144m████[38;2;80;88;104m██[38;2;128;112;88m████[38;2;64;64;64m████[38;2;128;112;88m██████[38;2;0;0;0m██████            
[38;2;0;0;0m                                ██[38;2;176;168;144m██████[38;2;80;88;104m██[38;2;128;112;88m██[38;2;64;64;64m████[38;2;176;168;144m████[38;2;64;64;64m████[38;2;128;112;88m██[38;2;64;64;64m██[38;2;176;168;144m████[38;2;0;0;0m██          
[38;2;0;0;0m                            ████[38;2;176;168;144m██████[38;2;80;88;104m██[38;2;128;112;88m██[38;2;64;64;64m██[38;2;176;168;144m████████████[38;2;64;64;64m████[38;2;128;112;88m██[38;2;176;168;144m████[38;2;0;0;0m██        
[38;2;0;0;0m                          ██[38;2;64;64;64m██[38;2;176;168;144m██████[38;2;80;88;104m██[38;2;128;112;88m██[38;2;64;64;64m██[38;2;176;168;144m████████████████[38;2;152;144;96m██[38;2;64;64;64m██[38;2;128;112;88m████[38;2;176;168;144m██[38;2;0;0;0m██      
[38;2;0;0;0m                        ██[38;2;64;64;64m██[38;2;176;168;144m████[38;2;80;88;104m████[38;2;128;112;88m██[38;2;64;64;64m██[38;2;128;112;88m██[38;2;80;88;104m██[38;2;176;168;144m████████████[38;2;152;144;96m██[38;2;176;168;144m██[38;2;152;144;96m██[38;2;64;64;64m██[38;2;128;112;88m██████[38;2;0;0;0m██    
[38;2;0;0;0m                      ██[38;2;128;112;88m██[38;2;64;64;64m██[38;2;80;88;104m████[38;2;128;112;88m██[38;2;64;64;64m██████[38;2;128;112;88m████[38;2;80;88;104m██[38;2;176;168;144m████████[38;2;152;144;96m██[38;2;176;168;144m██[38;2;152;144;96m██[38;2;176;168;144m██[38;2;64;64;64m██████[38;2;128;112;88m██[38;2;0;0;0m██    
[38;2;0;0;0m                    ██[38;2;128;112;88m████[38;2;64;64;64m██[38;2;128;112;88m████[38;2;64;64;64m██[38;2;80;88;104m████[38;2;128;112;88m██[38;2;64;64;64m██[38;2;128;112;88m████[38;2;80;88;104m██[38;2;176;168;144m████████[38;2;152;144;96m██[38;2;176;168;144m██[38;2;128;112;88m██[38;2;64;64;64m██[38;2;128;112;88m████[38;2;64;64;64m██[38;2;0;0;0m██    
[38;2;0;0;0m                    ██[38;2;128;112;88m██████[38;2;64;64;64m████[38;2;80;88;104m██[38;2;176;168;144m████[38;2;80;88;104m██[38;2;128;112;88m██[38;2;64;64;64m██[38;2;128;112;88m████[38;2;80;88;104m██[38;2;176;168;144m████[38;2;80;88;104m████[38;2;128;112;88m██[38;2;64;64;64m██[38;2;128;112;88m████[38;2;80;88;104m██[38;2;176;168;144m██[38;2;80;88;104m██[38;2;0;0;0m██  
[38;2;0;0;0m  ████            ██[38;2;128;112;88m████[38;2;64;64;64m████[38;2;80;88;104m██[38;2;176;168;144m██████████[38;2;80;88;104m██[38;2;128;112;88m██[38;2;64;64;64m██[38;2;128;112;88m████[38;2;80;88;104m████[38;2;128;112;88m██████[38;2;64;64;64m██[38;2;128;112;88m██[38;2;80;88;104m██[38;2;176;168;144m██[38;2;152;144;96m██[38;2;176;168;144m██[38;2;0;0;0m██  
[38;2;0;0;0m██[38;2;208;208;208m████[38;2;0;0;0m██████      ██[38;2;128;112;88m██[38;2;64;64;64m██[38;2;128;112;88m██[38;2;64;64;64m██[38;2;176;168;144m██████████████[38;2;80;88;104m██[38;2;128;112;88m██[38;2;64;64;64m██[38;2;128;112;88m██████[38;2;64;64;64m██████[38;2;128;112;88m████[38;2;80;88;104m██[38;2;152;144;96m██[38;2;176;168;144m██[38;2;152;144;96m██[38;2;0;0;0m██  
[38;2;0;0;0m  ██[38;2;136;88;88m████[38;2;160;128;96m██[38;2;64;64;64m██[38;2;0;0;0m██      ██[38;2;80;88;104m██[38;2;128;112;88m██[38;2;64;64;64m██[38;2;176;168;144m██████████████[38;2;80;88;104m██[38;2;128;112;88m██[38;2;64;64;64m████████[38;2;128;112;88m██████[38;2;64;64;64m██[38;2;128;112;88m████[38;2;80;88;104m██[38;2;152;144;96m██[38;2;176;168;144m██[38;2;152;144;96m██[38;2;0;0;0m██
[38;2;0;0;0m    ██[38;2;160;128;96m██[38;2;64;64;64m██[38;2;208;208;208m████[38;2;0;0;0m██  ██[38;2;176;168;144m████[38;2;80;88;104m██[38;2;128;112;88m██[38;2;64;64;64m██[38;2;176;168;144m██████████[38;2;80;88;104m██[38;2;128;112;88m████[38;2;64;64;64m██[38;2;128;112;88m████████[38;2;80;88;104m████[38;2;176;168;144m██[38;2;80;88;104m██[38;2;64;64;64m████[38;2;176;168;144m██[38;2;152;144;96m██[38;2;176;168;144m██[38;2;0;0;0m██
[38;2;0;0;0m  ██[38;2;136;88;88m██[38;2;160;128;96m████[38;2;64;64;64m██[38;2;160;128;96m██[38;2;64;64;64m██[38;2;0;0;0m████[38;2;176;168;144m████[38;2;80;88;104m██[38;2;128;112;88m██[38;2;64;64;64m████████[38;2;176;168;144m████[38;2;80;88;104m██[38;2;128;112;88m██[38;2;64;64;64m██[38;2;128;112;88m██████[38;2;80;88;104m████[38;2;176;168;144m██████[38;2;64;64;64m██[38;2;248;248;248m████[38;2;64;64;64m██[38;2;176;168;144m██[38;2;0;0;0m██  
[38;2;0;0;0m██[38;2;208;208;208m████[38;2;136;88;88m██[38;2;160;128;96m██████[38;2;64;64;64m██[38;2;160;128;96m██[38;2;64;64;64m██[38;2;176;168;144m██████[38;2;64;64;64m████[38;2;200;168;152m██████[38;2;64;64;64m██████[38;2;128;112;88m██[38;2;64;64;64m██[38;2;128;112;88m████[38;2;80;88;104m██[38;2;176;168;144m████████████[38;2;64;64;64m██[38;2;160;128;96m██[38;2;200;168;152m██[38;2;64;64;64m██[38;2;0;0;0m██  
[38;2;0;0;0m  ████████[38;2;160;128;96m██[38;2;64;64;64m██[38;2;136;88;88m████[38;2;160;128;96m██[38;2;64;64;64m██[38;2;176;168;144m██[38;2;64;64;64m██[38;2;200;168;152m████████████████[38;2;64;64;64m██[38;2;128;112;88m██████[38;2;80;88;104m██[38;2;176;168;144m████████[38;2;64;64;64m████[38;2;200;168;152m████████[38;2;0;0;0m██  
[38;2;0;0;0m          ██████[38;2;160;128;96m██[38;2;136;88;88m████[38;2;64;64;64m██[38;2;200;168;152m██████████████████[38;2;136;88;88m██[38;2;64;64;64m██[38;2;128;112;88m██[38;2;80;88;104m██[38;2;176;168;144m████████[38;2;64;64;64m██[38;2;248;248;248m██[38;2;160;128;96m██[38;2;200;168;152m██████[38;2;80;88;104m██[38;2;0;0;0m██  
[38;2;0;0;0m                ██████[38;2;64;64;64m██[38;2;200;168;152m██████████████[38;2;96;80;48m████[38;2;160;128;96m████[38;2;64;64;64m██[38;2;80;88;104m██[38;2;176;168;144m██████████[38;2;64;64;64m██[38;2;200;168;152m██████[38;2;80;88;104m██[38;2;248;248;248m██[38;2;160;128;96m██[38;2;0;0;0m██
[38;2;0;0;0m                    ██[38;2;200;168;152m██████████████[38;2;96;80;48m██[38;2;248;248;248m██[38;2;136;88;88m██[38;2;160;128;96m████[38;2;64;64;64m██[38;2;128;112;88m██[38;2;80;88;104m██[38;2;176;168;144m████[38;2;152;144;96m██[38;2;176;168;144m██[38;2;152;144;96m██[38;2;64;64;64m██[38;2;200;168;152m██████[38;2;80;88;104m██[38;2;160;128;96m██[38;2;0;0;0m██
[38;2;0;0;0m                    ██[38;2;200;168;152m████████████[38;2;96;80;48m██[38;2;248;96;64m██[38;2;248;248;248m██[38;2;136;88;88m██[38;2;160;128;96m██████[38;2;64;64;64m██[38;2;80;88;104m██[38;2;176;168;144m██[38;2;152;144;96m██[38;2;176;168;144m██[38;2;152;144;96m██[38;2;176;168;144m██[38;2;152;144;96m██[38;2;64;64;64m██[38;2;80;88;104m████[38;2;160;128;96m██[38;2;136;88;88m██[38;2;0;0;0m██
[38;2;0;0;0m                      ██[38;2;200;168;152m████████[38;2;96;80;48m██[38;2;0;0;0m██[38;2;248;96;64m██[38;2;248;248;248m██[38;2;160;128;96m████████[38;2;64;64;64m██[38;2;128;112;88m██[38;2;80;88;104m██[38;2;176;168;144m██[38;2;152;144;96m██[38;2;64;64;64m██████[38;2;160;128;96m██████████[38;2;0;0;0m██
[38;2;0;0;0m                      ██[38;2;200;168;152m██████[38;2;160;128;96m██[38;2;96;80;48m██[38;2;248;96;64m██[38;2;248;248;248m██[38;2;160;128;96m████[38;2;96;80;48m██[38;2;160;128;96m██[38;2;64;64;64m██[38;2;96;80;48m██[38;2;64;64;64m████████[38;2;128;112;88m██████[38;2;64;64;64m██[38;2;160;128;96m████[38;2;64;64;64m██[38;2;0;0;0m██  
[38;2;0;0;0m                      ██[38;2;200;168;152m██████[38;2;96;80;48m██[38;2;160;128;96m████[38;2;96;80;48m██████[38;2;160;128;96m██[38;2;64;64;64m██[38;2;96;80;48m██[38;2;64;64;64m██[38;2;96;80;48m██[38;2;128;112;88m██████[38;2;96;80;48m██[38;2;64;64;64m████[38;2;200;168;152m██[38;2;64;64;64m██[38;2;0;0;0m████    
[38;2;0;0;0m                      ██[38;2;136;88;88m██████[38;2;160;128;96m████[38;2;96;80;48m██[38;2;248;120;136m████[38;2;160;128;96m██[38;2;64;64;64m██[38;2;96;80;48m██[38;2;64;64;64m██[38;2;96;80;48m██[38;2;128;112;88m██[38;2;96;80;48m██████[38;2;64;64;64m██[38;2;200;168;152m████████[38;2;0;0;0m██      
[38;2;0;0;0m                        ██[38;2;64;64;64m██[38;2;96;80;48m██████[38;2;248;120;136m████[38;2;160;128;96m██[38;2;64;64;64m██[38;2;0;0;0m██████[38;2;128;112;88m██[38;2;96;80;48m██████[38;2;64;64;64m██[38;2;200;168;152m████████████[38;2;0;0;0m██    
[38;2;0;0;0m                      ██[38;2;136;88;88m████[38;2;64;64;64m██[38;2;248;120;136m████[38;2;248;248;248m██[38;2;0;0;0m██████      ██████[38;2;64;64;64m██[38;2;160;128;96m████[38;2;200;168;152m██████████[38;2;0;0;0m██    
[38;2;0;0;0m                    ██[38;2;208;208;208m██[38;2;64;64;64m██[38;2;136;88;88m████[38;2;64;64;64m████[38;2;0;0;0m██                  ██[38;2;160;128;96m████[38;2;136;88;88m██[38;2;200;168;152m██████[38;2;160;128;96m██[38;2;0;0;0m██    
[38;2;0;0;0m                      ████[38;2;208;208;208m██[38;2;64;64;64m██[38;2;208;208;208m██[38;2;0;0;0m██                      ██[38;2;160;128;96m████[38;2;136;88;88m██[38;2;160;128;96m██[38;2;136;88;88m██[38;2;0;0;0m██      
[38;2;0;0;0m                          ██████                        ██[38;2;160;128;96m██████████[38;2;0;0;0m██      
[38;2;0;0;0m                                                      ██[38;2;248;248;248m██[38;2;136;88;88m████[38;2;160;128;96m██[38;2;136;88;88m████[38;2;248;248;248m██[38;2;0;0;0m██    
[38;2;0;0;0m                                                        ████[38;2;248;248;248m██[38;2;0;0;0m██[38;2;248;248;248m██[38;2;0;0;0m████      
[38;2;0;0;0m                                                            ██  ██          [0m
