
[38;2;0;0;0m                                    ████                                  
[38;2;0;0;0m                  ██    ████      ██[38;2;173;173;173m██[38;2;66;66;66m██[38;2;0;0;0m██                                
[38;2;0;0;0m                ██[38;2;148;100;148m██[38;2;0;4;0m██[38;2;0;0;0m██[38;2;173;173;173m██[38;2;0;0;0m██      ██[38;2;74;82;77m██[38;2;222;247;230m████[38;2;0;0;0m██      ██████    ██            
[38;2;0;0;0m                ██[38;2;148;100;148m██[38;2;74;52;74m██[38;2;173;173;173m██████[38;2;0;0;0m██  ██[38;2;222;247;230m████[38;2;66;66;66m████[38;2;222;247;230m██[38;2;0;0;0m██████[38;2;173;173;173m████[38;2;66;66;66m██[38;2;0;0;0m████[38;2;222;247;230m██[38;2;0;0;0m██          
[38;2;0;0;0m                ██[38;2;148;103;148m██[38;2;0;0;0m██[38;2;63;60;58m██[38;2;173;173;173m██[38;2;170;181;175m██[38;2;66;66;66m██[38;2;0;8;0m██[38;2;206;255;238m██[38;2;231;239;247m██[38;2;66;61;74m██[38;2;148;150;160m██[38;2;66;61;74m██[38;2;222;247;233m████[38;2;66;66;66m██[38;2;170;181;175m██[38;2;66;66;66m████[38;2;170;176;170m██[38;2;66;66;66m████[38;2;222;247;230m██[38;2;173;173;173m██[38;2;0;0;0m██        
[38;2;0;0;0m              ██[38;2;148;103;148m██[38;2;0;0;0m██  [38;2;8;4;0m██[38;2;173;173;173m██[38;2;66;66;66m██[38;2;222;239;230m██[38;2;103;131;119m████[38;2;66;61;74m██[38;2;148;150;160m██[38;2;66;61;74m██[38;2;231;239;247m██[38;2;222;247;233m████[38;2;222;239;230m██[38;2;66;66;66m██[38;2;132;99;96m██[38;2;66;66;66m████[38;2;170;176;170m██[38;2;66;66;66m██[38;2;222;247;230m██[38;2;173;173;173m██[38;2;0;0;0m██        
[38;2;0;0;0m              ██[38;2;154;99;154m██[38;2;63;63;63m██[38;2;8;4;8m██[38;2;0;0;0m  ██[38;2;139;140;127m████[38;2;104;132;120m██[38;2;214;247;230m██[38;2;66;66;66m██[38;2;159;132;191m██[38;2;66;66;66m██[38;2;222;247;230m██[38;2;222;247;233m████[38;2;222;247;230m██[38;2;66;61;66m██[38;2;132;99;96m████[38;2;66;66;66m██[38;2;170;181;175m██[38;2;66;66;66m██[38;2;222;247;230m██[38;2;173;173;173m██[38;2;0;0;0m██        
[38;2;0;0;0m              ██[38;2;154;99;154m██[38;2;63;63;63m██[38;2;173;181;173m██[38;2;0;0;0m██[38;2;222;247;230m██████[38;2;214;247;230m██[38;2;49;74;65m██[38;2;159;132;191m██[38;2;66;66;66m██[38;2;222;247;230m████[38;2;222;247;233m████[38;2;222;247;230m██[38;2;170;185;175m██[38;2;66;66;66m████[38;2;222;239;230m██[38;2;66;66;66m████[38;2;222;247;230m██[38;2;173;173;173m██[38;2;0;0;0m██        
[38;2;0;0;0m              ██[38;2;154;99;154m██[38;2;74;70;66m██[38;2;173;173;173m██[38;2;90;82;74m██[38;2;222;247;238m██[38;2;85;142;119m████[38;2;231;239;239m██[38;2;74;61;74m██[38;2;126;120;129m██[38;2;74;61;74m██[38;2;139;140;127m██[38;2;222;247;230m██████[38;2;170;176;173m████[38;2;66;66;66m██[38;2;222;247;230m████[38;2;66;66;66m██[38;2;222;247;230m██[38;2;170;177;170m██[38;2;222;247;230m██[38;2;0;0;0m██        
[38;2;0;0;0m              ██[38;2;154;99;154m██[38;2;74;70;66m████[38;2;134;137;129m████[38;2;85;142;119m██[38;2;222;247;230m██[38;2;74;61;74m██[38;2;126;120;129m██[38;2;74;61;74m██[38;2;231;239;239m██[38;2;222;247;230m██[38;2;139;140;127m██[38;2;222;247;230m██[38;2;170;177;170m██[38;2;170;176;173m████[38;2;66;66;66m██[38;2;222;247;230m████[38;2;66;66;66m██[38;2;170;177;170m██[38;2;222;247;230m██[38;2;0;0;0m██          
[38;2;0;0;0m              ██[38;2;154;99;154m██[38;2;74;74;66m██[38;2;222;247;230m████████[38;2;144;154;144m██[38;2;66;66;66m██[38;2;152;99;152m██[38;2;66;66;66m██[38;2;222;247;230m██████[38;2;137;137;137m██[38;2;173;173;173m██[38;2;170;176;170m████[38;2;170;177;170m██[38;2;222;247;230m██[38;2;66;66;66m██[38;2;222;239;230m██[38;2;157;166;159m██[38;2;231;247;239m██[38;2;0;0;0m██    ████  
[38;2;0;0;0m        ██████[38;2;154;99;154m████[38;2;74;74;66m██[38;2;222;247;230m██[38;2;85;142;119m████[38;2;222;247;230m██[38;2;66;61;58m██[38;2;66;66;66m██[38;2;152;99;152m██[38;2;66;66;66m██[38;2;222;247;230m████[38;2;170;177;170m██[38;2;173;173;173m██[38;2;66;66;66m████[38;2;170;176;170m██[38;2;222;247;230m████[38;2;66;66;66m██[38;2;170;181;175m██[38;2;231;247;239m██[38;2;8;4;0m██[38;2;0;0;0m    ██[38;2;222;247;230m██[38;2;0;0;0m██  
[38;2;0;0;0m      ██[38;2;173;173;173m██[38;2;222;239;230m██[38;2;170;180;175m██[38;2;77;75;66m████[38;2;139;140;127m████[38;2;104;132;120m██[38;2;214;247;230m██[38;2;74;61;66m██[38;2;165;132;189m██[38;2;173;132;189m██[38;2;137;110;148m██[38;2;143;124;143m██[38;2;66;61;66m██[38;2;170;176;173m████[38;2;66;66;66m████[38;2;222;247;230m██[38;2;66;66;66m██[38;2;222;239;230m██[38;2;66;66;66m██[38;2;170;176;173m████[38;2;66;66;66m██[38;2;170;176;170m██[38;2;0;0;0m████[38;2;239;255;247m██[38;2;162;171;167m██[38;2;0;0;0m██  
[38;2;0;0;0m      ██[38;2;173;173;173m██[38;2;170;180;175m██[38;2;66;61;66m██[38;2;148;103;148m██[38;2;77;75;66m██[38;2;222;247;230m████[38;2;214;247;230m██[38;2;49;74;65m██[38;2;165;132;189m██[38;2;135;108;148m██[38;2;66;66;66m████[38;2;66;61;66m██[38;2;181;156;181m██[38;2;170;176;173m████[38;2;66;66;66m██[38;2;222;247;230m████[38;2;66;66;66m████[38;2;170;181;175m██[38;2;170;176;173m████[38;2;66;66;66m████[38;2;222;247;230m████[38;2;162;171;167m██[38;2;8;4;8m██[38;2;0;0;0m    
[38;2;0;0;0m    ██[38;2;170;175;170m████[38;2;88;78;75m██[38;2;66;66;66m██[38;2;152;103;152m██[38;2;74;74;66m██[38;2;222;247;230m████[38;2;66;66;66m████[38;2;152;99;152m██[38;2;66;66;66m██[38;2;103;103;91m████[38;2;66;66;66m████[38;2;170;180;175m████[38;2;222;247;230m████[38;2;66;66;66m██[38;2;173;173;173m██[38;2;170;185;175m██[38;2;66;61;66m██[38;2;66;66;66m████[38;2;170;176;170m████[38;2;173;181;173m██[38;2;63;63;63m██[38;2;0;0;0m██      
[38;2;0;0;0m    ██[38;2;170;175;170m██[38;2;82;82;66m██[38;2;132;103;92m████[38;2;74;74;66m██[38;2;152;103;152m██[38;2;82;82;66m████[38;2;173;132;189m██[38;2;137;110;148m██[38;2;66;66;66m████████[38;2;173;132;189m██[38;2;137;110;148m██[38;2;66;61;66m██[38;2;222;239;230m██[38;2;222;247;230m██[38;2;66;66;66m██[38;2;102;102;102m██[38;2;173;173;173m██[38;2;222;247;230m██████[38;2;66;66;66m██████[38;2;63;63;63m██[38;2;8;4;8m██[38;2;0;0;0m        
[38;2;0;0;0m    ██[38;2;66;66;66m██[38;2;80;78;74m██[38;2;132;99;95m████[38;2;66;66;66m██[38;2;156;107;140m██[38;2;152;99;152m████████[38;2;148;100;148m████[38;2;156;132;188m████[38;2;156;107;140m██[38;2;66;66;66m██[38;2;132;99;96m██[38;2;66;66;66m████[38;2;132;99;96m██[38;2;66;66;66m██████[38;2;222;239;230m██[38;2;66;66;66m██[38;2;222;247;230m██████[38;2;222;247;233m████[38;2;0;0;0m██      
[38;2;0;0;0m  ██[38;2;103;103;91m██[38;2;107;103;91m████[38;2;0;0;0m██[38;2;132;99;95m██[38;2;126;93;115m██[38;2;66;66;66m██[38;2;152;99;152m██[38;2;66;66;66m██[38;2;152;99;152m██[38;2;66;66;66m██[38;2;74;52;74m██[38;2;0;4;0m██[38;2;0;0;0m████[38;2;66;66;66m██[38;2;126;93;115m██[38;2;132;99;96m██████████[38;2;66;66;66m██[38;2;170;181;175m██[38;2;66;66;66m██[38;2;222;247;230m████[38;2;85;142;119m██[38;2;222;247;230m██[38;2;222;247;233m████[38;2;173;173;173m██[38;2;0;0;0m██    
[38;2;0;0;0m██[38;2;103;103;91m████[38;2;0;0;0m████  ██[38;2;115;103;91m██[38;2;77;69;61m██[38;2;148;103;148m██[38;2;0;0;0m██[38;2;74;55;74m██[38;2;148;107;148m██[38;2;0;0;0m██      ██[38;2;66;66;66m██[38;2;156;137;129m████[38;2;132;102;100m████[38;2;123;124;115m██[38;2;74;66;58m██[38;2;66;66;66m████[38;2;156;187;175m██[38;2;90;134;119m██[38;2;93;134;120m██[38;2;231;239;231m██[38;2;222;247;238m██[38;2;164;176;167m██[38;2;170;178;173m████[38;2;0;0;0m██  
[38;2;0;0;0m██[38;2;103;103;91m██[38;2;0;0;0m██    ██[38;2;103;103;91m██[38;2;115;103;91m██[38;2;0;0;0m████  [38;2;0;4;0m████[38;2;0;0;0m  ██████  ██[38;2;156;137;129m████[38;2;156;137;132m██[38;2;132;102;100m██[38;2;74;66;58m██[38;2;222;239;230m██[38;2;66;66;66m██[38;2;222;247;230m██[38;2;222;239;230m████[38;2;162;187;175m████[38;2;107;104;96m██[38;2;164;176;167m██[38;2;85;143;122m██[38;2;170;178;173m██[38;2;0;0;0m██  
[38;2;0;0;0m  ██    ██[38;2;103;103;91m████[38;2;0;0;0m██          ██[38;2;222;247;230m██[38;2;107;107;102m██[38;2;74;74;66m██[38;2;0;0;0m██[38;2;140;119;108m██[38;2;157;139;130m████[38;2;82;82;66m████[38;2;222;247;230m████[38;2;66;61;66m██[38;2;170;185;175m██[38;2;90;140;122m████[38;2;222;247;238m████[38;2;170;176;173m██[38;2;102;104;91m██[38;2;88;143;122m██[38;2;101;104;91m██[38;2;173;173;173m██[38;2;0;0;0m██
[38;2;0;0;0m        ██[38;2;103;103;91m██[38;2;0;0;0m██            ██[38;2;222;247;230m██[38;2;173;173;173m██[38;2;74;74;66m██[38;2;140;119;108m██[38;2;93;79;72m██[38;2;82;79;69m████[38;2;222;247;230m██████[38;2;66;66;66m██[38;2;222;247;230m████[38;2;231;239;231m██[38;2;160;189;176m██[38;2;107;104;96m██[38;2;164;176;167m██[38;2;170;176;173m████[38;2;101;104;91m████[38;2;173;173;173m██[38;2;0;0;0m██
[38;2;0;0;0m        ██[38;2;103;103;91m██[38;2;0;0;0m██        ████[38;2;170;176;170m██[38;2;66;66;66m██[38;2;222;247;238m██[38;2;167;176;167m██[38;2;82;82;66m██[38;2;222;247;230m██████[38;2;222;239;230m██[38;2;66;61;58m██[38;2;66;66;66m████[38;2;222;247;230m████████[38;2;222;247;238m██[38;2;107;104;96m██[38;2;115;132;118m██[38;2;165;181;173m██[38;2;90;92;86m██[38;2;173;181;173m██[38;2;0;0;0m██  
[38;2;0;0;0m          ██        ██[38;2;58;60;58m██[38;2;173;181;173m██[38;2;170;176;170m██[38;2;66;66;66m██[38;2;140;140;132m██[38;2;222;247;238m██[38;2;222;247;230m████[38;2;144;154;144m██[38;2;66;61;58m████[38;2;118;120;115m██[38;2;66;66;66m██[38;2;156;136;128m██[38;2;66;66;66m██████[38;2;222;247;230m██[38;2;164;176;167m████[38;2;90;107;90m████[38;2;173;181;173m██[38;2;8;4;0m██[38;2;0;0;0m    
[38;2;0;0;0m                    ██[38;2;170;176;170m████[38;2;66;61;66m██[38;2;144;150;144m██[38;2;222;247;238m██[38;2;167;176;167m████[38;2;140;140;132m██[38;2;66;66;66m██[38;2;132;99;96m██[38;2;66;66;66m██[38;2;222;247;230m██[38;2;66;61;66m██[38;2;144;150;144m██[38;2;156;136;128m██████[38;2;66;66;66m██[38;2;170;176;170m████[38;2;170;176;173m██[38;2;102;104;91m██[38;2;173;173;173m██[38;2;0;0;0m██    
[38;2;0;0;0m                  ██[38;2;127;99;95m██[38;2;66;66;66m██[38;2;170;176;170m██[38;2;66;61;66m██[38;2;222;239;222m██[38;2;140;140;132m██[38;2;222;247;238m████[38;2;140;140;132m██[38;2;66;66;66m████[38;2;222;247;230m████[38;2;222;239;222m██[38;2;66;61;66m██[38;2;66;66;66m██[38;2;156;136;128m██████[38;2;66;66;66m██[38;2;170;176;170m██[38;2;102;104;91m██[38;2;170;176;173m██[38;2;0;0;0m██      
[38;2;0;0;0m                  ██[38;2;173;173;173m██[38;2;123;115;110m██[38;2;66;58;55m██[38;2;0;0;0m██[38;2;66;66;66m██[38;2;222;247;230m██[38;2;144;154;144m██[38;2;140;140;132m██[38;2;70;70;66m██[38;2;123;103;99m██[38;2;82;69;66m██[38;2;170;177;170m██[38;2;222;247;230m██[38;2;66;66;66m██[38;2;103;103;91m██[38;2;102;102;102m██[38;2;66;66;66m██[38;2;156;136;128m██████[38;2;66;66;66m██[38;2;103;103;91m██[38;2;0;0;0m██        
[38;2;0;0;0m                    ██[38;2;181;173;165m██[38;2;8;0;0m██[38;2;0;0;0m  ██[38;2;66;61;58m██[38;2;222;247;230m██[38;2;140;140;132m██[38;2;0;0;0m██████[38;2;170;177;170m████[38;2;66;66;66m██[38;2;103;103;91m██[38;2;66;66;66m██[38;2;173;173;173m██[38;2;66;66;66m████████[38;2;0;0;0m██          
[38;2;0;0;0m                  ██████      ██████      ██[38;2;66;66;66m██[38;2;99;103;91m██[38;2;66;69;61m██[38;2;170;176;170m██[38;2;66;66;66m██[38;2;103;103;91m████[38;2;66;66;66m██[38;2;170;176;170m██[38;2;0;0;0m██          
[38;2;0;0;0m                                            ██[38;2;99;103;91m██[38;2;0;0;0m██[38;2;170;176;170m██[38;2;66;66;66m██[38;2;103;103;91m██[38;2;66;66;66m██[38;2;170;176;170m████[38;2;173;173;173m██[38;2;0;0;0m██        
[38;2;0;0;0m                                              ██  ██[38;2;103;103;91m████[38;2;0;0;0m██[38;2;66;66;66m████[38;2;173;173;173m██[38;2;0;0;0m██        
[38;2;0;0;0m                                                  ██[38;2;103;103;91m██[38;2;0;0;0m██  ██████          
[38;2;0;0;0m                                                  ████                    [0m
