
[38;2;0;0;0m      ████                                  
[38;2;0;0;0m  ████[38;2;255;255;255m████[38;2;0;0;0m██  ████                          
[38;2;0;0;0m██[38;2;255;255;255m████[38;2;107;107;107m██████[38;2;0;0;0m██[38;2;255;255;255m████[38;2;0;0;0m██          ████          
[38;2;0;0;0m██[38;2;255;255;255m██[38;2;181;182;184m██[38;2;123;123;123m██[38;2;255;255;255m████[38;2;107;110;112m██[38;2;255;255;255m████[38;2;0;0;0m██████  [38;2;0;4;0m████[38;2;255;255;255m████[38;2;0;0;0m██  ████  
[38;2;0;0;0m██[38;2;255;255;255m██[38;2;107;110;112m██[38;2;57;57;57m██[38;2;255;255;255m████[38;2;181;182;184m██[38;2;66;66;66m████[38;2;107;107;107m██████[38;2;0;0;0m██[38;2;255;255;255m██[38;2;170;171;170m██[38;2;255;255;255m████[38;2;0;0;0m████[38;2;255;255;255m████[38;2;0;0;0m██
[38;2;0;0;0m  ██[38;2;107;107;107m██[38;2;57;61;57m██[38;2;247;255;247m████[38;2;57;61;57m██[38;2;107;110;107m████████[38;2;107;107;107m██[38;2;66;66;66m██[38;2;255;255;255m████[38;2;189;189;197m██[38;2;107;107;110m██[38;2;57;57;57m██[38;2;123;123;123m██[38;2;255;255;255m████[38;2;0;0;0m██
[38;2;0;0;0m  ██[38;2;107;107;107m██[38;2;120;126;120m██[38;2;57;61;57m████[38;2;120;126;120m██[38;2;107;110;107m████████[38;2;107;107;107m██[38;2;66;66;66m██[38;2;255;255;255m████[38;2;107;107;110m██[38;2;66;66;66m██[38;2;255;255;255m████████[38;2;0;0;0m██
[38;2;0;0;0m  ██[38;2;66;66;66m██[38;2;107;107;107m██[38;2;66;66;66m██[38;2;107;107;107m██[38;2;255;255;255m██[38;2;107;107;107m████████████[38;2;66;66;66m██[38;2;189;189;197m██[38;2;107;107;107m██[38;2;66;66;66m██[38;2;255;255;255m████[38;2;189;189;197m██[38;2;0;0;0m██  
[38;2;0;0;0m    ██[38;2;66;66;66m████[38;2;107;107;107m██[38;2;255;255;255m██[38;2;99;198;243m██[38;2;107;107;107m██[38;2;198;165;206m██[38;2;107;107;107m██[38;2;198;165;206m██[38;2;107;107;107m██[38;2;107;107;110m██[38;2;66;66;66m██[38;2;107;107;107m██[38;2;66;66;66m██[38;2;189;189;197m██[38;2;255;255;255m██[38;2;63;63;66m██[38;2;0;0;0m██  
[38;2;0;0;0m    ██[38;2;107;107;107m██[38;2;0;0;0m████[38;2;198;165;206m██[38;2;74;86;130m██[38;2;214;148;190m██[38;2;195;173;203m██[38;2;255;255;255m██[38;2;140;181;208m██[38;2;247;255;255m██[38;2;107;107;107m██[38;2;71;71;71m██[38;2;107;107;107m████[38;2;66;66;66m████[38;2;107;107;107m██[38;2;0;0;0m██  
[38;2;0;0;0m    ████    ██[38;2;214;148;190m██[38;2;167;127;170m██[38;2;195;173;203m████[38;2;33;107;161m██[38;2;247;255;255m██[38;2;107;107;107m██[38;2;0;0;0m████[38;2;107;107;107m██████[38;2;0;0;0m██    
[38;2;0;0;0m          ██[38;2;255;255;255m██[38;2;247;255;255m██[38;2;225;123;148m██[38;2;151;110;124m██[38;2;203;174;190m██[38;2;189;165;197m██[38;2;126;111;131m██[38;2;0;0;0m██    ██[38;2;71;71;71m██[38;2;0;0;0m██      
[38;2;0;0;0m          ██[38;2;255;255;255m██[38;2;236;189;201m██[38;2;247;255;255m██[38;2;255;239;255m██[38;2;99;45;59m██[38;2;63;58;66m██[38;2;0;4;0m██[38;2;0;0;0m      ██[38;2;107;107;107m██[38;2;0;0;0m██      
[38;2;0;0;0m            ██[38;2;107;107;107m██[38;2;255;255;255m██[38;2;247;255;247m██[38;2;57;61;57m██[38;2;107;107;107m████[38;2;0;0;0m████    ████      
[38;2;0;0;0m          ██[38;2;255;255;255m████[38;2;107;107;107m██[38;2;57;61;57m██[38;2;120;126;120m██[38;2;66;66;66m██[38;2;107;107;107m████[38;2;0;0;0m██              
[38;2;0;0;0m          ██[38;2;255;255;255m██[38;2;173;171;173m██[38;2;255;255;255m████[38;2;66;66;66m██[38;2;107;107;107m██[38;2;0;0;0m████                
[38;2;0;0;0m            ██[38;2;8;4;8m██[38;2;255;255;255m████[38;2;66;66;66m██[38;2;107;107;107m██[38;2;0;0;0m██                  
[38;2;0;0;0m                ██[38;2;71;71;71m██[38;2;107;107;107m██[38;2;0;0;0m██                    
[38;2;0;0;0m                  ██[38;2;107;107;107m██[38;2;0;0;0m██                    
[38;2;0;0;0m                  ████                      [0m
