
[38;2;0;0;0m                                    ██                      
[38;2;0;0;0m                                  ██[38;2;206;148;142m██[38;2;0;0;0m██                    
[38;2;0;0;0m                ████      ██    ██[38;2;206;148;142m████[38;2;0;8;8m██[38;2;0;0;0m                    
[38;2;0;0;0m            ████[38;2;148;82;68m██[38;2;0;0;0m██    ██[38;2;148;82;68m██[38;2;0;0;0m██  ██[38;2;206;148;142m████[38;2;69;55;53m██[38;2;0;0;0m████████            
[38;2;0;0;0m            ██[38;2;107;57;59m██[38;2;143;95;92m██[38;2;0;4;8m██[38;2;0;0;0m    ██[38;2;143;93;84m██[38;2;82;61;58m██[38;2;0;4;8m██[38;2;0;0;0m  ██[38;2;206;148;142m████████████[38;2;0;0;0m████  ██████
[38;2;0;0;0m            ██[38;2;107;57;59m██[38;2;214;140;134m██[38;2;71;49;50m██[38;2;0;0;0m████[38;2;214;140;126m██[38;2;143;93;84m██[38;2;82;61;58m██[38;2;123;90;83m██[38;2;0;0;0m██[38;2;206;148;142m██████████████████[38;2;0;0;0m██[38;2;206;148;142m████[38;2;0;0;0m██
[38;2;0;0;0m            [38;2;8;4;0m██[38;2;145;105;95m██[38;2;206;148;142m██████[38;2;156;115;100m██[38;2;206;148;142m████[38;2;135;96;91m██[38;2;57;53;49m██[38;2;206;148;142m████████████████████████[38;2;0;0;0m██  
[38;2;0;0;0m          ██[38;2;214;156;142m████[38;2;206;148;142m████████[38;2;247;173;95m████[38;2;57;53;49m██[38;2;214;140;134m██[38;2;206;148;142m██████████████████████[38;2;66;66;66m████[38;2;0;0;0m██
[38;2;0;0;0m    ██  [38;2;16;0;0m██[38;2;239;189;183m██[38;2;206;151;142m████[38;2;173;171;170m██[38;2;8;4;0m██[38;2;222;173;166m████[38;2;206;148;142m████[38;2;66;66;66m██[38;2;206;148;142m██████████████[38;2;206;151;142m████[38;2;206;148;134m██[38;2;107;57;51m██[38;2;206;148;142m██████[38;2;0;0;0m██
[38;2;0;0;0m  ██[38;2;148;82;68m██[38;2;0;0;0m██[38;2;90;63;61m████[38;2;107;57;59m██[38;2;206;151;142m██[38;2;8;4;0m██[38;2;255;255;255m██[38;2;0;0;0m██[38;2;222;173;166m██[38;2;206;148;142m██████[38;2;66;66;66m██[38;2;206;148;142m████████████[38;2;206;151;142m██[38;2;107;57;59m██[38;2;107;57;51m██[38;2;140;87;79m██[38;2;85;63;63m████[38;2;0;0;0m██  
[38;2;0;0;0m  ██[38;2;148;80;68m██[38;2;107;71;67m██[38;2;154;90;71m██[38;2;247;173;95m████[38;2;107;49;59m██[38;2;82;66;66m██[38;2;255;255;255m██[38;2;93;63;61m██[38;2;231;189;183m██[38;2;206;148;142m████[38;2;206;148;134m██[38;2;66;66;66m██[38;2;206;148;142m████[38;2;206;148;134m██[38;2;107;57;51m████[38;2;206;148;134m██[38;2;107;57;59m██[38;2;148;82;68m██[38;2;148;74;60m██[38;2;107;65;59m██[38;2;107;57;59m██[38;2;0;0;0m██    
[38;2;0;0;0m██[38;2;148;82;68m██[38;2;148;80;68m██[38;2;66;61;66m██[38;2;154;90;71m██[38;2;107;49;59m██[38;2;154;90;71m████[38;2;82;66;66m████[38;2;93;63;61m████[38;2;206;148;142m██[38;2;156;115;100m██[38;2;159;121;111m██[38;2;66;66;66m████[38;2;206;148;142m██[38;2;107;57;51m██[38;2;140;87;79m████[38;2;107;57;51m██[38;2;107;57;59m██[38;2;148;82;68m██[38;2;107;65;59m██[38;2;66;57;58m██[38;2;107;57;59m████[38;2;0;0;0m████
[38;2;0;0;0m██[38;2;148;82;68m██[38;2;148;83;68m████[38;2;66;66;66m████[38;2;74;61;58m██[38;2;115;101;97m██[38;2;148;82;68m██[38;2;66;66;66m██[38;2;247;173;95m████[38;2;107;57;59m████[38;2;165;115;101m██[38;2;110;57;56m██[38;2;148;82;68m██[38;2;66;66;66m██[38;2;206;151;142m██[38;2;107;57;59m██[38;2;148;82;68m████████[38;2;16;99;48m██[38;2;88;151;114m██[38;2;82;63;64m████[38;2;107;57;59m██[38;2;0;0;0m██
[38;2;0;0;0m  ██[38;2;148;83;68m████[38;2;66;66;66m██[38;2;255;255;255m██[38;2;198;181;174m██[38;2;74;61;58m██[38;2;66;66;66m██[38;2;148;82;68m██████████[38;2;110;57;56m██[38;2;137;86;79m██[38;2;148;82;68m██[38;2;66;66;66m██[38;2;206;151;142m████[38;2;107;57;59m██[38;2;148;82;68m████[38;2;65;65;65m██[38;2;88;151;114m██[38;2;231;255;247m██[38;2;49;181;105m██[38;2;82;63;64m██[38;2;0;0;0m██  
[38;2;0;0;0m  ██[38;2;148;82;68m████[38;2;74;61;58m██[38;2;198;181;174m██[38;2;255;255;255m██[38;2;90;74;66m██[38;2;148;83;68m████████████[38;2;148;82;68m████[38;2;66;66;66m██[38;2;206;148;142m██[38;2;206;151;142m██[38;2;107;57;59m██[38;2;148;82;68m████[38;2;129;55;73m██[38;2;74;78;66m██[38;2;49;181;105m████[38;2;68;170;111m██[38;2;46;85;59m██[38;2;107;57;59m██[38;2;0;0;0m██
[38;2;0;0;0m    ██[38;2;148;82;68m██[38;2;115;101;97m██[38;2;74;61;58m██[38;2;90;74;66m████[38;2;148;83;68m████████████[38;2;148;82;68m██[38;2;65;65;65m██[38;2;66;66;66m██[38;2;206;148;142m██[38;2;206;151;142m████[38;2;107;57;59m██[38;2;148;82;68m██[38;2;74;78;66m██[38;2;239;8;87m██[38;2;66;66;66m██[38;2;49;181;105m██[38;2;46;85;59m██[38;2;24;0;8m██[38;2;0;0;0m██  
[38;2;0;0;0m  ██[38;2;74;66;58m██[38;2;121;93;83m██[38;2;148;82;68m████[38;2;148;83;68m████████[38;2;148;82;68m████[38;2;121;93;83m██[38;2;74;66;58m██[38;2;66;66;66m██[38;2;206;148;142m██[38;2;66;66;66m██[38;2;206;148;142m██████[38;2;110;57;56m██[38;2;137;86;79m██[38;2;66;66;66m██[38;2;231;0;87m██[38;2;177;86;81m██[38;2;99;41;67m██[38;2;107;57;59m██[38;2;0;0;0m██    
[38;2;0;0;0m██[38;2;206;148;142m██[38;2;214;148;134m██[38;2;74;66;58m██[38;2;107;57;59m██[38;2;148;82;68m██[38;2;148;83;68m████████[38;2;148;82;68m██[38;2;107;57;59m██[38;2;74;66;58m██[38;2;214;148;134m██[38;2;206;148;142m██████[38;2;66;66;66m██[38;2;206;148;142m██[38;2;156;115;100m██[38;2;165;115;101m██[38;2;110;57;56m██[38;2;66;66;66m██[38;2;231;0;87m██[38;2;255;132;95m██[38;2;99;41;67m██[38;2;107;57;59m██[38;2;0;0;0m██    
[38;2;0;0;0m██[38;2;206;148;142m██[38;2;206;148;134m██[38;2;66;66;66m██[38;2;148;82;68m██[38;2;107;57;59m██[38;2;148;83;68m████[38;2;148;82;68m████[38;2;66;66;66m████[38;2;206;148;142m██████████[38;2;66;66;66m██[38;2;156;115;100m██████[38;2;107;57;59m██[38;2;66;66;66m██[38;2;247;173;95m██[38;2;71;47;47m██[38;2;107;66;67m██[38;2;0;0;0m██      
[38;2;0;0;0m  ██[38;2;159;121;111m██[38;2;66;66;66m██[38;2;148;82;68m████[38;2;148;83;68m████[38;2;66;66;66m████[38;2;206;148;142m████████████████[38;2;66;66;66m██[38;2;156;115;100m████[38;2;107;57;59m██[38;2;66;66;66m████[38;2;107;66;67m██[38;2;0;8;8m██[38;2;0;0;0m        
[38;2;0;0;0m  ██[38;2;65;65;65m██[38;2;148;82;68m██[38;2;148;83;68m████[38;2;148;82;68m██[38;2;66;66;66m██[38;2;156;115;100m██[38;2;206;148;142m██████████████[38;2;156;115;100m██[38;2;206;148;142m██[38;2;66;66;66m██[38;2;159;121;111m██[38;2;156;115;100m██[38;2;107;57;59m██[38;2;65;67;65m██[38;2;107;57;59m████[38;2;0;0;0m██        
[38;2;0;0;0m██[38;2;148;82;68m██████[38;2;148;83;68m████[38;2;148;82;68m██[38;2;66;66;66m██[38;2;206;148;142m████████████[38;2;156;115;100m████[38;2;206;148;142m████[38;2;206;148;134m██[38;2;66;66;66m██[38;2;156;115;100m██[38;2;107;57;59m██[38;2;65;67;65m██[38;2;107;57;59m██████[38;2;0;0;0m██      
[38;2;0;0;0m██[38;2;148;82;68m██[38;2;148;83;68m████████████[38;2;74;66;58m██[38;2;214;148;134m██[38;2;206;148;142m████[38;2;156;115;100m██[38;2;66;66;66m████[38;2;206;148;142m██████[38;2;206;148;134m██[38;2;66;66;66m██[38;2;107;57;59m████[38;2;71;47;47m██[38;2;107;66;67m██[38;2;71;47;47m██[38;2;107;66;67m██[38;2;107;57;59m██[38;2;0;0;0m██    
[38;2;0;0;0m██[38;2;148;82;68m██[38;2;148;83;68m████████████[38;2;121;93;83m██[38;2;74;66;58m██[38;2;66;66;66m████████[38;2;206;148;142m████████[38;2;159;121;111m██[38;2;66;66;66m██[38;2;107;57;59m██[38;2;65;67;65m██[38;2;0;8;8m██[38;2;107;66;67m████[38;2;0;8;8m██[38;2;0;0;0m██      
[38;2;0;0;0m  ██[38;2;148;82;68m████[38;2;148;83;68m████████████████[38;2;132;96;84m██[38;2;66;66;66m██[38;2;206;148;142m██████[38;2;156;115;100m██[38;2;154;117;103m██[38;2;77;60;56m██[38;2;107;57;59m██[38;2;0;0;0m██  ████          
[38;2;0;0;0m  ██[38;2;65;65;65m██[38;2;148;82;68m██[38;2;148;83;68m████████████████[38;2;66;66;66m██[38;2;165;111;93m██[38;2;156;115;100m████████[38;2;154;117;103m██[38;2;0;4;8m██[38;2;0;0;0m██                  
[38;2;0;0;0m  ██[38;2;154;121;106m██[38;2;77;60;53m██[38;2;148;82;68m████████████[38;2;96;78;69m██[38;2;66;61;58m██[38;2;156;118;100m████████[38;2;156;115;100m████[38;2;0;0;0m██                      
[38;2;0;0;0m    ██████[38;2;99;55;45m██[38;2;107;57;59m████████[38;2;66;61;58m██[38;2;156;111;92m██[38;2;156;118;100m████████[38;2;0;0;0m████                        
[38;2;0;0;0m          ████████[38;2;66;66;66m██████████[38;2;77;60;53m██[38;2;0;0;0m██                            
[38;2;0;0;0m                  ██[38;2;156;115;100m██[38;2;66;66;66m██[38;2;156;115;100m██[38;2;66;66;66m██[38;2;154;121;106m██[38;2;0;0;0m██                            
[38;2;0;0;0m                    ██████████                              [0m
