
[38;2;0;0;0m              ██                                              
[38;2;0;0;0m            ██[38;2;33;132;89m██[38;2;0;0;0m██                          ██                
[38;2;0;0;0m            ██[38;2;38;132;91m██[38;2;0;0;0m██                        ██[38;2;74;189;122m██[38;2;0;0;0m██              
[38;2;0;0;0m          ██[38;2;33;132;89m██[38;2;38;132;91m██[38;2;0;0;0m██      ████████          ██[38;2;74;189;122m██[38;2;0;0;0m██              
[38;2;0;0;0m          ██[38;2;38;132;91m██[38;2;189;49;77m██[38;2;24;115;80m██[38;2;0;0;0m██████[38;2;110;104;153m██[38;2;110;104;152m████[38;2;110;104;153m██[38;2;0;0;0m██████    ██[38;2;74;189;122m████[38;2;0;0;0m██            
[38;2;0;0;0m          ██[38;2;38;132;91m██[38;2;189;49;77m██[38;2;79;93;79m██[38;2;110;104;153m████████[38;2;110;104;152m████[38;2;110;104;153m████████[38;2;0;0;0m████[38;2;74;189;122m██████[38;2;0;0;0m██            
[38;2;0;0;0m          [38;2;8;0;0m██[38;2;57;123;89m██[38;2;66;66;66m██[38;2;110;104;153m██[38;2;110;104;152m████████████████[38;2;110;102;153m████[38;2;85;136;122m██[38;2;74;61;74m██[38;2;74;189;127m██[38;2;189;57;77m██[38;2;74;189;122m██[38;2;0;0;0m██            
[38;2;0;0;0m          [38;2;8;0;0m██[38;2;41;82;59m██[38;2;110;104;153m████[38;2;110;104;152m████████████████[38;2;88;82;141m██[38;2;110;102;153m██[38;2;74;61;74m██[38;2;90;173;146m██[38;2;74;189;127m██[38;2;189;57;77m██[38;2;74;189;122m██[38;2;0;0;0m██      ████  
[38;2;0;0;0m        ██[38;2;66;66;66m████[38;2;110;102;153m████[38;2;110;104;152m████████[38;2;115;119;131m██[38;2;66;61;66m██[38;2;110;104;153m██████[38;2;66;66;66m██[38;2;77;192;128m████[38;2;231;66;95m██[38;2;192;55;78m██[38;2;74;189;122m██[38;2;0;0;0m██    ██[38;2;110;104;153m██[38;2;107;103;155m██[38;2;0;0;0m██
[38;2;0;0;0m        ██[38;2;77;192;125m██[38;2;66;66;66m██[38;2;88;82;141m██[38;2;110;102;153m██[38;2;110;104;152m████████[38;2;66;61;66m██[38;2;140;148;164m██[38;2;66;66;66m██[38;2;110;104;153m████[38;2;66;66;66m██[38;2;77;192;128m██[38;2;231;66;95m████[38;2;192;55;78m██[38;2;74;189;122m██[38;2;0;0;0m██  ██[38;2;110;104;153m████[38;2;0;0;0m██  
[38;2;0;0;0m          ██[38;2;74;189;122m██[38;2;74;61;82m██[38;2;77;101;101m██[38;2;66;66;66m██[38;2;110;104;153m██████[38;2;66;66;66m██[38;2;140;156;156m████[38;2;66;66;66m██[38;2;110;102;153m████[38;2;66;66;66m██[38;2;239;61;87m██[38;2;189;57;77m██[38;2;74;189;127m██[38;2;66;107;114m██[38;2;8;0;0m██[38;2;0;0;0m  ██[38;2;110;104;153m██[38;2;0;0;0m██    
[38;2;0;0;0m          ██[38;2;74;189;122m██[38;2;82;181;138m██[38;2;74;61;82m██[38;2;110;104;153m██████[38;2;66;66;66m██[38;2;140;156;156m████[38;2;66;66;66m████[38;2;88;82;141m██[38;2;110;102;153m██[38;2;66;66;66m██[38;2;181;63;80m██[38;2;74;189;127m████[38;2;47;71;76m██[38;2;66;107;114m██[38;2;0;0;0m██[38;2;107;103;155m██[38;2;110;104;153m██[38;2;0;0;0m██    
[38;2;0;0;0m          [38;2;8;8;0m██[38;2;57;57;76m██[38;2;74;189;127m████[38;2;74;61;74m██[38;2;85;136;122m██[38;2;66;66;66m██[38;2;140;156;156m██[38;2;85;71;74m██[38;2;0;0;0m██[38;2;255;255;255m██[38;2;156;160;160m██[38;2;66;66;66m██[38;2;110;104;153m██[38;2;66;66;66m██[38;2;77;192;125m██[38;2;90;173;146m██[38;2;74;61;74m██[38;2;110;104;152m████████[38;2;107;99;155m██[38;2;85;80;112m██[38;2;0;0;0m██  
[38;2;0;0;0m        ██[38;2;82;82;114m██[38;2;57;57;76m██[38;2;189;57;77m██[38;2;74;189;127m██[38;2;90;173;146m██[38;2;74;61;74m██[38;2;66;66;66m████[38;2;255;214;223m██[38;2;170;143;149m██[38;2;255;255;255m██[38;2;57;66;65m██[38;2;66;66;66m██[38;2;110;104;153m██[38;2;66;66;66m██[38;2;77;192;125m██[38;2;74;61;74m██[38;2;85;136;122m██[38;2;110;104;152m████████[38;2;107;99;155m██[38;2;63;60;68m██[38;2;107;103;155m██[38;2;0;0;0m██
[38;2;0;0;0m        ██[38;2;79;75;111m██[38;2;44;44;60m██[38;2;24;115;80m██[38;2;206;57;78m██[38;2;77;192;128m████[38;2;77;191;122m██[38;2;38;134;89m██[38;2;37;136;89m████[38;2;38;134;89m██[38;2;77;191;122m██[38;2;66;66;66m██[38;2;110;104;153m████[38;2;66;66;66m██[38;2;110;104;152m████[38;2;90;85;138m██[38;2;74;67;122m██[38;2;90;84;138m██[38;2;107;101;155m██[38;2;88;82;141m██[38;2;110;102;153m██[38;2;107;103;155m██[38;2;0;0;0m██
[38;2;0;0;0m          [38;2;8;12;8m██[38;2;115;107;163m██[38;2;85;96;79m██[38;2;206;57;78m██[38;2;231;66;95m██[38;2;77;192;128m██[38;2;77;191;122m████[38;2;66;66;66m████[38;2;77;191;122m████[38;2;66;66;66m██[38;2;110;104;153m████[38;2;66;66;66m██[38;2;110;104;152m████[38;2;107;103;155m████[38;2;74;66;122m██[38;2;90;84;138m██[38;2;110;102;153m████[38;2;0;0;0m██  
[38;2;0;0;0m            ██[38;2;57;78;65m██[38;2;71;92;95m██[38;2;57;90;73m████████[38;2;255;255;255m████[38;2;66;66;66m██[38;2;37;136;89m██[38;2;66;66;66m██[38;2;110;104;153m████[38;2;66;66;66m██[38;2;107;103;155m██[38;2;74;67;122m██[38;2;74;66;122m██[38;2;107;101;155m██[38;2;110;102;153m██[38;2;88;82;141m██[38;2;104;93;147m██[38;2;0;0;0m██    
[38;2;0;0;0m          ██[38;2;66;66;66m██[38;2;99;119;155m██[38;2;57;78;65m██[38;2;57;90;73m██[38;2;255;255;255m██[38;2;57;90;73m██[38;2;255;255;255m██[38;2;66;66;66m██[38;2;255;255;255m██[38;2;37;136;89m██[38;2;66;66;66m██[38;2;110;104;153m██████[38;2;66;66;66m██[38;2;74;67;122m██[38;2;90;85;138m██[38;2;90;84;138m████[38;2;110;102;153m████[38;2;104;93;147m████[38;2;0;0;0m██  
[38;2;0;0;0m        ██[38;2;90;82;142m██[38;2;66;66;66m██[38;2;110;104;152m████[38;2;66;66;66m████[38;2;77;192;125m██████[38;2;66;66;66m██████[38;2;110;104;152m████[38;2;66;66;66m██[38;2;74;69;119m██████[38;2;93;88;131m██[38;2;66;66;66m██[38;2;88;82;141m██[38;2;110;102;153m██[38;2;93;88;147m████[38;2;0;0;0m██  
[38;2;0;0;0m  ██████[38;2;90;82;146m██[38;2;90;82;142m██[38;2;66;66;66m██[38;2;110;104;152m████[38;2;66;66;66m██[38;2;90;82;142m██[38;2;66;66;66m████████████[38;2;110;104;152m████[38;2;66;66;66m██[38;2;74;69;119m██[38;2;66;66;66m██████[38;2;107;99;163m██[38;2;110;102;153m████[38;2;93;88;147m██[38;2;0;0;0m██    
[38;2;0;0;0m██[38;2;110;104;153m██████[38;2;66;66;66m██[38;2;90;78;138m████[38;2;66;66;66m██[38;2;107;99;163m██[38;2;49;48;71m██[38;2;91;87;141m██[38;2;88;82;141m██[38;2;110;102;153m██[38;2;93;88;131m██[38;2;66;66;66m██[38;2;231;82;143m██[38;2;66;66;82m██[38;2;66;66;66m██[38;2;107;99;163m██[38;2;93;88;131m██[38;2;66;66;66m██[38;2;110;104;155m████[38;2;110;104;153m██[38;2;66;66;66m██[38;2;110;104;153m████[38;2;110;102;153m██[38;2;88;82;141m██[38;2;0;0;0m██  
[38;2;0;0;0m██[38;2;110;104;153m██[38;2;66;66;66m██[38;2;110;104;153m████[38;2;57;100;95m██[38;2;41;111;73m██[38;2;93;88;131m██[38;2;66;66;66m██[38;2;91;87;141m██[38;2;8;8;0m██[38;2;110;102;153m████[38;2;107;99;163m██[38;2;66;66;66m██[38;2;66;66;82m████[38;2;93;88;131m██[38;2;66;66;66m████[38;2;107;99;163m██[38;2;110;104;155m██[38;2;71;69;122m██[38;2;110;104;153m████[38;2;66;66;66m██[38;2;110;104;153m██[38;2;110;102;153m██[38;2;88;82;141m██[38;2;0;0;0m██  
[38;2;0;0;0m  [38;2;0;4;0m██[38;2;82;78;122m██[38;2;63;63;68m██[38;2;107;99;155m██[38;2;110;104;153m██[38;2;66;66;66m██[38;2;90;82;146m██[38;2;0;0;0m████  [38;2;8;8;0m██[38;2;49;48;71m██[38;2;71;66;95m██[38;2;36;132;92m██[38;2;82;74;130m██[38;2;38;135;91m██[38;2;66;66;66m██[38;2;90;82;142m██[38;2;66;66;66m██[38;2;110;104;153m██[38;2;85;80;112m██[38;2;107;99;155m██[38;2;107;99;163m██[38;2;93;86;133m██[38;2;66;66;66m██[38;2;90;82;142m██[38;2;55;115;108m████[38;2;0;0;0m██  
[38;2;0;0;0m██[38;2;82;78;122m██[38;2;55;53;81m██[38;2;85;81;112m██[38;2;63;63;68m██[38;2;110;104;153m██[38;2;66;66;66m██[38;2;0;0;0m██    ██[38;2;91;87;141m████[38;2;71;66;95m██[38;2;36;132;92m██[38;2;82;74;130m██[38;2;38;135;91m██[38;2;66;66;66m████[38;2;110;104;153m████[38;2;63;60;68m██[38;2;107;99;155m██[38;2;66;61;74m██[38;2;93;86;133m██[38;2;66;66;66m████[38;2;55;115;108m██[38;2;0;0;0m██    
[38;2;0;0;0m██[38;2;74;66;118m██[38;2;0;0;0m████[38;2;107;103;155m████[38;2;0;0;0m██    ██[38;2;104;93;147m██[38;2;66;66;66m████[38;2;90;82;142m██[38;2;74;70;122m██[38;2;33;132;89m██[38;2;66;66;84m██[38;2;88;82;141m████[38;2;66;66;66m████[38;2;93;91;128m██[38;2;66;66;74m██[38;2;77;74;119m██[38;2;82;78;146m██[38;2;66;66;66m██[38;2;0;0;0m████      
[38;2;0;0;0m  ██    ████    ██[38;2;104;93;147m████[38;2;107;99;163m██[38;2;93;88;131m██[38;2;90;82;142m████[38;2;66;66;84m████[38;2;88;82;141m██[38;2;110;102;153m██[38;2;110;104;153m██[38;2;66;66;66m██[38;2;107;103;155m████[38;2;66;66;66m████[38;2;0;0;0m██          
[38;2;0;0;0m                ██[38;2;93;88;147m████[38;2;90;82;142m████[38;2;49;48;71m██[38;2;91;87;141m██[38;2;74;66;118m██[38;2;0;0;0m██[38;2;113;105;153m██[38;2;60;55;76m██[38;2;110;104;153m████[38;2;66;66;66m████[38;2;90;82;142m████[38;2;0;0;0m██          
[38;2;0;0;0m                  ██[38;2;93;88;147m██[38;2;90;82;142m██[38;2;66;66;66m██[38;2;91;87;141m██[38;2;8;8;0m██[38;2;0;0;0m██  [38;2;8;4;0m██[38;2;113;105;153m██[38;2;66;66;66m██[38;2;110;104;153m██[38;2;90;82;142m██████[38;2;66;66;66m██[38;2;0;0;0m██          
[38;2;0;0;0m                    ██[38;2;66;66;66m██[38;2;37;136;89m██[38;2;0;0;0m██        ████[38;2;90;82;146m██[38;2;74;103;138m██[38;2;57;75;63m██[38;2;49;79;65m██[38;2;16;0;0m██[38;2;0;0;0m            
[38;2;0;0;0m                  ██[38;2;33;132;89m██[38;2;37;136;89m████[38;2;33;132;89m██[38;2;0;0;0m██          ██[38;2;57;75;63m██[38;2;66;89;100m██[38;2;66;119;98m██[38;2;49;79;65m██[38;2;0;0;0m██          
[38;2;0;0;0m                ██[38;2;33;132;89m██[38;2;0;0;0m██[38;2;66;189;130m██[38;2;44;126;87m██[38;2;0;0;0m██          [38;2;8;0;0m██[38;2;82;181;122m██[38;2;57;132;95m██[38;2;66;193;124m██[38;2;38;132;91m████[38;2;0;0;0m██          
[38;2;0;0;0m                  ██  ████          ██[38;2;82;181;122m██[38;2;45;90;61m██[38;2;66;193;124m██[38;2;49;70;65m██[38;2;38;132;91m██[38;2;0;0;0m██            
[38;2;0;0;0m                                      ██████████              [0m
