
[38;2;0;0;0m                        [38;2;49;49;49m██████[38;2;0;0;0m    
[38;2;0;0;0m                    [38;2;49;49;49m████[38;2;246;230;41m████[38;2;49;49;49m██[38;2;0;0;0m    
[38;2;0;0;0m                  [38;2;49;49;49m██[38;2;246;230;41m██████[38;2;49;49;49m██[38;2;0;0;0m      
[38;2;0;0;0m                [38;2;49;49;49m██[38;2;246;230;41m██████[38;2;49;49;49m██[38;2;0;0;0m        
[38;2;0;0;0m            [38;2;49;49;49m████[38;2;246;230;41m██[38;2;197;172;106m██[38;2;82;82;82m██[38;2;49;49;49m██[38;2;0;0;0m          
[38;2;0;0;0m        [38;2;49;49;49m████[38;2;148;205;139m██[38;2;82;82;82m██████[38;2;148;205;139m██[38;2;49;49;49m████[38;2;0;0;0m        
[38;2;0;0;0m      [38;2;49;49;49m██[38;2;148;205;139m██████████████████[38;2;49;49;49m██[38;2;0;0;0m      
[38;2;0;0;0m    [38;2;49;49;49m██[38;2;148;205;139m██████████████████████[38;2;49;49;49m██[38;2;0;0;0m    
[38;2;0;0;0m  [38;2;49;49;49m██[38;2;106;156;106m██[38;2;82;82;82m████[38;2;148;205;139m██████████████████[38;2;49;49;49m██[38;2;0;0;0m    
[38;2;0;0;0m  [38;2;49;49;49m██[38;2;82;82;82m██[38;2;148;205;139m████[38;2;106;156;106m██[38;2;148;205;139m██[38;2;49;49;49m██[38;2;148;205;139m██████████████[38;2;49;49;49m██[38;2;0;0;0m  
[38;2;49;49;49m██[38;2;106;156;106m██[38;2;82;82;82m██[38;2;106;156;106m██[38;2;148;205;139m████████[38;2;49;49;49m██[38;2;148;205;139m████████████[38;2;106;156;106m██[38;2;49;49;49m██
[38;2;49;49;49m██[38;2;106;156;106m████[38;2;82;82;82m██[38;2;106;156;106m██[38;2;148;205;139m██████████████████[38;2;106;156;106m████[38;2;49;49;49m██
[38;2;49;49;49m██[38;2;106;156;106m██[38;2;82;82;82m██[38;2;148;205;139m██████████████████[38;2;82;82;82m██[38;2;106;156;106m████[38;2;49;49;49m██[38;2;0;0;0m  
[38;2;0;0;0m  [38;2;49;49;49m██[38;2;106;156;106m██[38;2;82;82;82m████[38;2;148;205;139m██████[38;2;82;82;82m██[38;2;148;205;139m██[38;2;82;82;82m██[38;2;148;205;139m████[38;2;82;82;82m██[38;2;49;49;49m██[38;2;0;0;0m    
[38;2;0;0;0m    [38;2;49;49;49m██[38;2;106;156;106m██████████[38;2;82;82;82m██[38;2;148;205;139m████[38;2;82;82;82m██[38;2;106;156;106m██[38;2;49;49;49m██[38;2;0;0;0m      
[38;2;0;0;0m      [38;2;49;49;49m████[38;2;106;156;106m████████[38;2;82;82;82m██[38;2;106;156;106m██[38;2;49;49;49m████[38;2;0;0;0m        
[38;2;0;0;0m          [38;2;49;49;49m████████████[38;2;0;0;0m            [0m
