
[38;2;0;0;0m                                  ██                  
[38;2;0;0;0m                                ██[38;2;189;222;237m██[38;2;0;0;0m██                
[38;2;0;0;0m                            ████[38;2;189;222;237m████[38;2;0;0;0m██                
[38;2;0;0;0m                          ██[38;2;189;222;237m██[38;2;184;220;235m████[38;2;140;165;196m██[38;2;0;0;0m██                
[38;2;0;0;0m      ████████████    ████[38;2;189;222;237m████[38;2;184;220;235m██[38;2;140;165;196m██████[38;2;0;0;0m██              
[38;2;0;0;0m  ████[38;2;186;219;234m████[38;2;255;255;255m████[38;2;186;219;234m████[38;2;0;0;0m████[38;2;140;165;196m██[38;2;184;220;235m██[38;2;189;222;237m████[38;2;140;165;193m████[38;2;52;58;65m██[38;2;140;165;196m██[38;2;0;0;0m██              
[38;2;0;0;0m██[38;2;189;222;237m████[38;2;186;219;234m████[38;2;186;217;234m████[38;2;186;219;234m████[38;2;189;222;237m████[38;2;184;220;235m████[38;2;140;167;193m████[38;2;140;165;193m████[38;2;8;4;0m██[38;2;140;165;196m██[38;2;0;0;0m██              
[38;2;0;0;0m██[38;2;140;165;196m████[38;2;66;66;66m██████[38;2;181;214;245m██[38;2;189;222;237m████[38;2;186;219;234m████[38;2;186;217;234m██[38;2;255;255;255m████[38;2;140;164;193m██[38;2;126;148;163m██[38;2;63;74;82m██[38;2;0;0;0m██[38;2;140;165;196m████[38;2;0;0;0m██            
[38;2;0;0;0m  ██[38;2;140;165;196m██████[38;2;143;165;185m██[38;2;66;66;66m██████[38;2;186;219;234m████[38;2;255;255;255m████████[38;2;189;222;245m██[38;2;0;0;0m██  ██[38;2;140;165;196m██[38;2;0;0;0m██            
[38;2;0;0;0m    ██[38;2;140;165;196m██[38;2;52;58;65m██[38;2;66;66;66m██[38;2;140;165;196m██[38;2;140;165;193m████[38;2;66;66;66m████[38;2;192;193;195m██[38;2;255;255;255m████[38;2;186;217;234m██[38;2;186;219;234m████[38;2;0;0;0m██[38;2;63;71;76m██[38;2;140;165;196m████[38;2;0;0;0m██          
[38;2;0;0;0m      [38;2;8;4;0m██[38;2;140;165;196m██████[38;2;140;165;193m████[38;2;140;165;196m████[38;2;66;70;74m████[38;2;186;217;234m████[38;2;186;219;234m████[38;2;189;214;229m██[38;2;63;71;76m██[38;2;66;66;66m██[38;2;140;165;196m██[38;2;0;0;0m██          
[38;2;0;0;0m    ██[38;2;184;220;235m████[38;2;206;222;238m██[38;2;66;66;66m████[38;2;206;222;238m██[38;2;184;220;235m██[38;2;140;165;196m██[38;2;192;196;211m████[38;2;66;66;66m██[38;2;148;159;169m██[38;2;184;220;235m████[38;2;189;222;237m██[38;2;140;167;193m██[38;2;66;66;66m██[38;2;140;165;196m████[38;2;0;0;0m██        
[38;2;0;0;0m    ██[38;2;184;220;235m██[38;2;140;165;196m██[38;2;66;66;66m██[38;2;206;222;238m████[38;2;66;66;66m██[38;2;184;220;235m████[38;2;255;255;255m██[38;2;192;196;211m██[38;2;189;206;221m██[38;2;66;66;66m██[38;2;140;165;196m██[38;2;184;220;235m██[38;2;189;222;237m██[38;2;140;167;193m██[38;2;140;165;196m██[38;2;66;66;66m██[38;2;140;165;196m████[38;2;0;0;0m██      
[38;2;0;0;0m  ██[38;2;189;222;237m██[38;2;156;160;164m██[38;2;66;66;74m██[38;2;201;156;169m██[38;2;222;222;230m██[38;2;165;149;159m██[38;2;239;222;239m██[38;2;66;66;66m██[38;2;189;222;237m██[38;2;186;217;234m██[38;2;255;255;255m██[38;2;179;198;219m██[38;2;140;165;196m██[38;2;66;66;66m██[38;2;140;165;196m██[38;2;140;165;193m████[38;2;140;165;196m██[38;2;66;66;66m██[38;2;60;60;65m██[38;2;148;165;196m██[38;2;140;165;196m██[38;2;0;0;0m██    
[38;2;0;0;0m  ██[38;2;189;222;237m██[38;2;66;66;74m██[38;2;247;255;255m██[38;2;222;222;230m████[38;2;239;222;239m██[38;2;16;4;0m██[38;2;66;66;66m████[38;2;186;217;234m████[38;2;198;214;230m██[38;2;140;165;196m████[38;2;66;66;66m██[38;2;140;165;193m████[38;2;140;165;196m████[38;2;60;60;65m██[38;2;16;8;0m██[38;2;140;165;196m████[38;2;0;0;0m██  
[38;2;0;0;0m██[38;2;255;255;255m██[38;2;186;217;234m██[38;2;74;74;77m██[38;2;0;0;0m██[38;2;222;222;233m████[38;2;0;0;0m██[38;2;255;255;255m██[38;2;0;0;0m██[38;2;222;222;230m██[38;2;66;66;66m██[38;2;189;222;237m██[38;2;255;255;255m██[38;2;186;217;234m██[38;2;143;165;185m██[38;2;66;66;66m████[38;2;140;165;196m██[38;2;140;165;193m████[38;2;0;0;0m██  ██[38;2;140;165;196m██[38;2;0;0;0m██  
[38;2;0;0;0m██[38;2;186;217;234m████[38;2;74;74;77m██[38;2;222;222;230m██[38;2;222;222;233m████[38;2;0;0;0m████[38;2;222;222;230m████[38;2;66;66;66m██[38;2;189;222;237m██[38;2;186;217;234m████[38;2;181;214;245m██[38;2;66;66;66m██[38;2;140;165;196m████[38;2;140;165;193m████[38;2;0;0;0m██  ██[38;2;140;165;196m████[38;2;0;0;0m██
[38;2;0;0;0m██[38;2;187;217;237m████[38;2;181;214;245m██[38;2;66;66;74m██[38;2;214;222;238m████████[38;2;206;222;238m██[38;2;66;66;66m██[38;2;186;219;234m████████[38;2;187;217;237m████[38;2;66;66;66m██[38;2;0;0;0m██████      ██[38;2;189;222;237m██[38;2;0;0;0m██
[38;2;0;0;0m██[38;2;214;206;222m████[38;2;143;165;188m████[38;2;57;66;73m██[38;2;162;170;183m████[38;2;57;66;73m██[38;2;66;66;66m██[38;2;206;222;238m██[38;2;186;219;234m████████[38;2;214;206;222m████[38;2;0;0;0m██            ██[38;2;189;222;237m██[38;2;0;0;0m██
[38;2;0;0;0m  ██[38;2;231;206;215m██[38;2;198;214;230m████[38;2;66;66;66m██[38;2;140;165;196m██[38;2;66;66;66m██[38;2;198;214;230m██[38;2;195;214;229m████[38;2;187;217;237m██[38;2;214;206;222m████████[38;2;247;198;207m██[38;2;0;0;0m██          ██[38;2;126;148;163m██[38;2;189;222;237m██[38;2;0;0;0m██
[38;2;0;0;0m  ██[38;2;231;206;215m██[38;2;198;214;230m██[38;2;66;66;66m██[38;2;140;165;196m██[38;2;66;66;66m██[38;2;198;214;230m██[38;2;66;66;66m██[38;2;140;165;196m██[38;2;195;214;229m██[38;2;214;206;222m██████[38;2;247;198;207m██████[38;2;0;0;0m██      ████[38;2;63;74;82m██[38;2;189;222;245m██[38;2;0;0;0m██  
[38;2;0;0;0m    ██[38;2;255;206;215m████[38;2;247;198;207m██[38;2;66;66;66m██[38;2;247;198;207m████[38;2;247;201;207m████████[38;2;247;198;207m██████[38;2;0;0;0m██      ██[38;2;247;201;207m████[38;2;255;214;223m██[38;2;8;4;0m██[38;2;0;0;0m    
[38;2;0;0;0m      [38;2;8;4;8m██[38;2;173;139;146m██[38;2;247;198;207m████[38;2;66;66;66m██[38;2;247;198;207m██[38;2;247;201;207m████████[38;2;247;198;207m██[38;2;0;0;0m████      ██[38;2;66;66;66m██[38;2;247;201;207m████[38;2;173;144;149m██[38;2;8;4;0m██[38;2;0;0;0m    
[38;2;0;0;0m        ██[38;2;206;156;174m██[38;2;66;66;66m██[38;2;192;154;165m██[38;2;66;66;66m██[38;2;247;201;207m████[38;2;195;154;165m██[38;2;74;66;66m██[38;2;0;0;0m██      ████[38;2;186;219;234m████[38;2;74;66;66m██[38;2;167;165;175m██[38;2;189;148;165m██[38;2;0;0;0m██    
[38;2;0;0;0m        ██[38;2;206;156;174m████[38;2;66;66;66m██[38;2;255;198;215m██[38;2;247;201;207m████[38;2;255;198;215m██[38;2;195;154;165m██[38;2;66;66;66m██[38;2;0;0;0m██  ██[38;2;189;222;237m████[38;2;186;219;234m████[38;2;214;214;230m██[38;2;74;66;66m██[38;2;94;74;82m██[38;2;0;0;0m      
[38;2;0;0;0m          ██[38;2;206;156;174m██[38;2;247;198;207m████[38;2;247;201;207m████[38;2;189;154;160m██[38;2;74;66;66m██[38;2;203;156;171m████[38;2;0;0;0m██  ██[38;2;66;66;66m████[38;2;189;222;237m████[38;2;140;167;193m██[38;2;0;0;0m██      
[38;2;0;0;0m        ██[38;2;206;156;174m████[38;2;74;66;66m██[38;2;189;154;160m██[38;2;247;201;207m████[38;2;247;198;207m████[38;2;203;156;171m████[38;2;206;156;174m██[38;2;0;0;0m██  ██[38;2;189;222;237m██[38;2;66;66;66m██[38;2;140;167;193m████[38;2;0;0;0m██      
[38;2;0;0;0m        ██[38;2;206;156;174m██[38;2;69;57;63m██[38;2;255;255;255m██[38;2;66;66;66m████[38;2;247;198;207m██[38;2;189;154;160m██[38;2;247;198;207m████[38;2;203;154;174m██[38;2;206;156;174m██[38;2;0;0;0m████[38;2;189;222;237m██[38;2;140;165;196m██[38;2;8;4;0m██[38;2;52;58;65m██[38;2;8;4;0m██[38;2;0;0;0m        
[38;2;0;0;0m          [38;2;0;8;8m██[38;2;69;57;63m██[38;2;255;255;255m██[38;2;66;66;66m██[38;2;247;198;207m████[38;2;74;66;66m██[38;2;247;198;207m██[38;2;203;154;174m████[38;2;206;156;174m██[38;2;0;0;0m██  ██[38;2;8;4;0m██[38;2;52;58;65m██[38;2;140;165;196m██[38;2;8;4;0m██[38;2;0;0;0m        
[38;2;0;0;0m            ██[38;2;189;198;213m████[38;2;66;66;66m████[38;2;189;198;213m██[38;2;66;66;66m████[38;2;198;173;190m██[38;2;0;0;0m██        ██[38;2;140;165;196m██[38;2;0;0;0m██        
[38;2;0;0;0m              ██[38;2;189;198;213m██████████[38;2;198;173;190m██[38;2;66;66;66m████[38;2;0;0;0m██        ██          
[38;2;0;0;0m            ██[38;2;189;198;213m████[38;2;0;0;0m██[38;2;255;255;255m██[38;2;192;192;195m██[38;2;66;66;74m██[38;2;189;198;213m████████[38;2;0;0;0m██                  
[38;2;0;0;0m              ████  ██[38;2;255;255;255m████[38;2;63;66;71m██[38;2;0;0;0m██████                    
[38;2;0;0;0m                      ██████                          [0m
