
[38;2;0;0;0m            [38;2;49;49;49m██████[38;2;0;0;0m                                  
[38;2;0;0;0m          [38;2;49;49;49m██[38;2;82;82;82m██[38;2;57;123;172m██[38;2;49;49;49m████[38;2;0;0;0m          [38;2;49;49;49m██[38;2;0;0;0m                    
[38;2;0;0;0m        [38;2;49;49;49m████[38;2;57;123;172m██[38;2;82;82;82m██[38;2;57;123;172m██[38;2;82;82;82m██[38;2;49;49;49m██[38;2;0;0;0m    [38;2;49;49;49m████[38;2;57;123;172m██[38;2;49;49;49m██[38;2;0;0;0m                  
[38;2;0;0;0m    [38;2;49;49;49m████[38;2;82;82;82m██[38;2;57;123;172m██[38;2;65;98;123m██[38;2;57;123;172m██████[38;2;82;82;82m██[38;2;49;49;49m████[38;2;57;123;172m████[38;2;82;82;82m██[38;2;49;49;49m██[38;2;0;0;0m      [38;2;49;49;49m██[38;2;0;0;0m  [38;2;49;49;49m██[38;2;0;0;0m      
[38;2;0;0;0m  [38;2;49;49;49m██[38;2;57;123;172m████[38;2;82;82;82m██[38;2;57;123;172m██[38;2;65;98;123m██[38;2;57;123;172m██████[38;2;82;82;82m██[38;2;65;98;123m████[38;2;82;82;82m████[38;2;57;123;172m██[38;2;49;49;49m██[38;2;0;0;0m    [38;2;49;49;49m██[38;2;180;65;49m██[38;2;49;49;49m██[38;2;180;65;49m██[38;2;49;49;49m██[38;2;0;0;0m    
[38;2;49;49;49m██[38;2;57;123;172m████████████████████[38;2;65;98;123m████[38;2;57;123;172m████[38;2;49;49;49m██[38;2;0;0;0m      [38;2;49;49;49m██[38;2;180;65;49m██████[38;2;49;49;49m██[38;2;0;0;0m    
[38;2;49;49;49m██[38;2;82;82;82m██[38;2;57;123;172m████████████████████[38;2;65;98;123m████[38;2;49;49;49m██[38;2;0;0;0m      [38;2;49;49;49m██[38;2;180;65;49m██████████[38;2;49;49;49m██[38;2;0;0;0m  
[38;2;0;0;0m  [38;2;49;49;49m████[38;2;57;123;172m██████████████████[38;2;82;82;82m██[38;2;49;49;49m██[38;2;0;0;0m      [38;2;49;49;49m██[38;2;180;65;49m██████████████[38;2;49;49;49m██
[38;2;0;0;0m      [38;2;49;49;49m██[38;2;82;82;82m████[38;2;57;123;172m████████[38;2;82;82;82m████[38;2;65;98;123m██[38;2;49;49;49m██[38;2;0;0;0m        [38;2;49;49;49m██[38;2;180;65;49m██████████[38;2;49;49;49m██[38;2;0;0;0m  
[38;2;0;0;0m    [38;2;49;49;49m██[38;2;246;230;41m██████[38;2;82;82;82m██[38;2;189;189;189m██[38;2;180;65;49m██[38;2;49;49;49m██[38;2;255;255;255m██[38;2;82;82;82m██[38;2;189;189;189m██[38;2;65;98;123m██[38;2;49;49;49m██[38;2;0;0;0m    [38;2;49;49;49m██[38;2;65;98;123m██[38;2;180;65;49m████████████[38;2;49;49;49m██
[38;2;0;0;0m  [38;2;49;49;49m██[38;2;246;230;41m██████[38;2;148;123;74m████[38;2;82;82;82m██[38;2;189;189;189m██[38;2;255;255;255m██[38;2;82;82;82m██[38;2;255;255;255m██████[38;2;65;98;123m██[38;2;49;49;49m████[38;2;65;98;123m██████[38;2;180;65;49m██[38;2;49;49;49m██[38;2;180;65;49m██[38;2;49;49;49m████[38;2;0;0;0m  
[38;2;49;49;49m██[38;2;189;164;90m██[38;2;246;230;41m██[38;2;148;123;74m██[38;2;189;164;90m██████[38;2;82;82;82m██████[38;2;255;255;255m██████[38;2;82;82;82m████████[38;2;65;98;123m████[38;2;49;49;49m████[38;2;0;0;0m  [38;2;49;49;49m██[38;2;0;0;0m      
[38;2;49;49;49m██[38;2;246;230;41m██[38;2;49;49;49m████[38;2;82;82;82m██████[38;2;189;189;189m██[38;2;255;255;255m██████[38;2;82;82;82m████[38;2;57;123;172m████[38;2;65;98;123m████[38;2;82;82;82m██[38;2;49;49;49m██[38;2;0;0;0m              
[38;2;0;0;0m  [38;2;49;49;49m██[38;2;0;0;0m  [38;2;49;49;49m██[38;2;189;189;189m██████[38;2;255;255;255m██████[38;2;82;82;82m██[38;2;57;123;172m██████████[38;2;65;98;123m████[38;2;82;82;82m██[38;2;49;49;49m████[38;2;0;0;0m          
[38;2;0;0;0m      [38;2;49;49;49m██[38;2;123;123;131m██[38;2;189;189;189m██[38;2;255;255;255m██████[38;2;82;82;82m██[38;2;57;123;172m████████████[38;2;65;98;123m██[38;2;82;82;82m████[38;2;65;98;123m████[38;2;49;49;49m██[38;2;0;0;0m        
[38;2;0;0;0m        [38;2;49;49;49m██[38;2;189;189;189m████[38;2;255;255;255m██[38;2;189;189;189m██[38;2;82;82;82m██[38;2;57;123;172m████████████[38;2;65;98;123m████████[38;2;49;49;49m██[38;2;0;0;0m          
[38;2;0;0;0m          [38;2;49;49;49m██[38;2;189;189;189m██████[38;2;82;82;82m████[38;2;57;123;172m████████[38;2;65;98;123m██████[38;2;49;49;49m████[38;2;0;0;0m            
[38;2;0;0;0m        [38;2;49;49;49m██[38;2;189;189;189m██████[38;2;82;82;82m██[38;2;65;98;123m████[38;2;82;82;82m██[38;2;65;98;123m████████[38;2;49;49;49m████[38;2;0;0;0m                
[38;2;0;0;0m          [38;2;49;49;49m██████[38;2;65;98;123m████[38;2;82;82;82m██[38;2;98;98;98m██[38;2;82;82;82m██████[38;2;49;49;49m██[38;2;0;0;0m                    
[38;2;0;0;0m                [38;2;49;49;49m██████[38;2;189;189;189m██[38;2;98;98;98m██[38;2;82;82;82m██[38;2;98;98;98m██[38;2;49;49;49m██[38;2;0;0;0m                    
[38;2;0;0;0m                    [38;2;49;49;49m██████[38;2;255;255;255m██[38;2;82;82;82m██[38;2;255;255;255m██[38;2;49;49;49m██[38;2;0;0;0m                  
[38;2;0;0;0m                        [38;2;49;49;49m██████████[38;2;0;0;0m                  [0m
