
[38;2;0;0;0m                ████                
[38;2;0;0;0m              ██[38;2;74;132;194m████[38;2;0;0;0m████            
[38;2;0;0;0m              ██[38;2;74;132;194m██[38;2;0;0;0m██[38;2;74;132;194m████[38;2;0;0;0m██          
[38;2;0;0;0m            ██[38;2;74;132;194m██[38;2;0;0;0m██  ██[38;2;74;132;194m████[38;2;0;0;0m██        
[38;2;0;0;0m            ████      ██[38;2;74;132;194m██[38;2;49;88;129m██[38;2;0;0;0m██      
[38;2;0;0;0m          ██[38;2;148;148;116m██[38;2;189;198;165m██[38;2;0;0;0m██      ██[38;2;74;132;194m██[38;2;0;0;0m██      
[38;2;0;0;0m          ██[38;2;189;198;165m██[38;2;148;148;116m██[38;2;0;0;0m██      ██[38;2;74;132;194m████[38;2;0;0;0m██    
[38;2;0;0;0m      ██[38;2;0;0;8m██[38;2;189;198;165m██[38;2;198;206;166m██[38;2;8;4;0m██[38;2;0;0;0m          ██[38;2;74;132;194m██[38;2;57;90;137m██[38;2;0;0;0m██  
[38;2;0;0;0m  ████[38;2;189;198;165m██[38;2;63;66;60m████[38;2;198;206;166m██[38;2;135;139;111m██[38;2;0;0;0m██        ██[38;2;74;132;194m████[38;2;0;0;0m██  
[38;2;0;0;0m██[38;2;189;198;165m████[38;2;66;66;66m██[38;2;74;132;194m██[38;2;90;181;250m██[38;2;66;66;66m██[38;2;189;198;165m██[38;2;132;137;111m██[38;2;0;0;0m██        ██[38;2;74;132;194m████[38;2;0;0;0m██
[38;2;0;0;0m██[38;2;189;198;165m██[38;2;66;66;66m████[38;2;90;181;250m██[38;2;74;132;194m██[38;2;66;66;66m██[38;2;189;198;165m██[38;2;198;206;166m██[38;2;0;0;0m██        ██[38;2;74;132;194m████[38;2;0;0;0m██
[38;2;0;0;0m  ██[38;2;189;189;189m██[38;2;255;255;255m██[38;2;107;82;51m████[38;2;129;123;116m██[38;2;66;57;50m██[38;2;189;198;165m████[38;2;0;0;0m██    ██[38;2;74;132;194m██████[38;2;0;0;0m██
[38;2;0;0;0m  ██[38;2;255;255;255m██[38;2;189;189;189m██[38;2;107;82;51m██[38;2;131;107;83m██[38;2;255;255;247m██[38;2;192;189;181m██[38;2;66;66;66m██[38;2;148;154;132m██[38;2;0;0;0m██  ██[38;2;90;181;250m████[38;2;74;132;194m██[38;2;0;0;0m██  
[38;2;0;0;0m    [38;2;8;0;0m██[38;2;90;85;82m██[38;2;132;107;84m████[38;2;173;170;170m██[38;2;255;255;255m██[38;2;0;0;0m████  ██[38;2;90;181;250m██[38;2;57;90;137m██[38;2;99;181;251m██[38;2;53;90;129m██[38;2;0;0;0m██  
[38;2;0;0;0m    [38;2;8;0;0m██[38;2;255;255;247m██[38;2;189;189;189m██[38;2;132;107;84m██[38;2;90;85;85m██[38;2;8;0;0m██[38;2;0;0;0m    ██[38;2;90;181;250m██████[38;2;53;90;129m██[38;2;8;0;8m██[38;2;0;0;0m    
[38;2;0;0;0m    ██[38;2;173;140;109m██[38;2;173;151;122m██[38;2;255;255;247m██[38;2;0;0;0m██      ██[38;2;90;181;250m██████[38;2;0;0;0m██      
[38;2;0;0;0m    ██[38;2;173;140;109m██[38;2;132;99;60m██[38;2;173;151;122m██[38;2;0;0;0m██    ██[38;2;90;181;250m████████[38;2;0;0;0m██      
[38;2;0;0;0m  ██[38;2;173;140;109m██[38;2;131;107;83m██[38;2;68;65;63m██[38;2;173;140;109m██[38;2;0;0;0m██    ██[38;2;90;181;250m██[38;2;60;122;169m██[38;2;90;181;250m██[38;2;74;132;194m██[38;2;90;181;250m██[38;2;0;4;8m██[38;2;0;0;0m    
[38;2;0;0;0m  ██[38;2;173;140;109m██[38;2;131;107;83m██[38;2;121;103;86m██[38;2;173;140;109m██[38;2;0;0;0m██      [38;2;0;4;8m██[38;2;90;181;250m██[38;2;74;132;194m██[38;2;90;181;250m██[38;2;60;122;169m██[38;2;90;181;250m██[38;2;0;0;0m██  
[38;2;0;0;0m  ██[38;2;173;140;109m████[38;2;170;143;114m██[38;2;85;71;61m██[38;2;0;0;0m██      ██[38;2;90;181;250m██[38;2;66;126;167m██[38;2;99;189;251m██[38;2;0;0;0m████    
[38;2;0;0;0m  ██[38;2;121;103;86m██[38;2;68;65;63m██[38;2;170;143;114m██[38;2;0;0;8m██[38;2;0;0;0m          ██████        
[38;2;0;0;0m  ██[38;2;132;111;87m██[38;2;66;58;47m██[38;2;132;110;84m██[38;2;0;0;0m██                        
[38;2;0;0;0m    [38;2;0;4;8m██[38;2;132;111;87m██[38;2;132;110;84m██[38;2;0;0;0m██                        
[38;2;0;0;0m      ████                          [0m
