
[38;2;0;0;0m                      ████  ██████                                                  
[38;2;0;0;0m                    ██[38;2;189;74;141m████[38;2;0;0;0m██[38;2;82;80;69m██████[38;2;0;0;0m██    ██                                          
[38;2;0;0;0m                      ██[38;2;189;74;141m████[38;2;66;66;66m████[38;2;82;80;69m████[38;2;0;0;0m████[38;2;189;74;141m██[38;2;0;0;0m██                      ██████████        
[38;2;0;0;0m              ██████    [38;2;0;12;0m██[38;2;181;78;133m██[38;2;187;74;139m██[38;2;126;78;110m██[38;2;66;66;66m██[38;2;82;80;69m████[38;2;66;66;66m██[38;2;189;74;141m██[38;2;0;0;0m██                  ████[38;2;103;103;91m██[38;2;102;104;90m████[38;2;107;107;91m████[38;2;0;0;0m██      
[38;2;0;0;0m            ██[38;2;189;74;141m██████[38;2;0;0;0m████[38;2;90;45;66m██[38;2;181;78;133m██[38;2;187;74;139m████[38;2;66;66;66m██[38;2;82;80;69m████[38;2;66;66;66m██[38;2;189;74;141m████[38;2;0;0;0m██              ██[38;2;103;103;91m██████[38;2;102;104;90m██[38;2;82;82;66m██[38;2;71;73;61m██[38;2;0;4;0m██[38;2;0;0;0m        
[38;2;0;0;0m              ██[38;2;189;74;141m████[38;2;189;74;138m████[38;2;94;76;74m████[38;2;189;74;138m████[38;2;189;74;133m██[38;2;57;70;57m██[38;2;66;66;66m██[38;2;187;74;139m██[38;2;189;74;138m████[38;2;0;0;0m██            ██[38;2;104;106;94m████[38;2;103;103;91m████████[38;2;0;0;0m██          
[38;2;0;0;0m                ████[38;2;189;74;138m████[38;2;189;74;141m██[38;2;94;76;74m██[38;2;189;74;138m████[38;2;189;74;133m██[38;2;101;71;82m██[38;2;187;74;139m████[38;2;189;74;138m████[38;2;0;0;0m██          ██[38;2;103;103;91m██[38;2;104;106;94m████[38;2;103;103;91m██[38;2;0;0;0m██████            
[38;2;0;0;0m                    ██[38;2;189;74;141m██[38;2;187;74;139m████[38;2;189;82;141m██[38;2;66;74;66m██[38;2;66;66;66m████[38;2;187;75;139m████[38;2;189;74;141m████[38;2;0;0;0m██  ██    ██[38;2;102;104;90m████[38;2;103;103;91m████[38;2;0;0;0m██      ██████████  
[38;2;0;0;0m            ████████  ██[38;2;66;66;66m████[38;2;66;74;66m██[38;2;107;77;91m██[38;2;115;148;227m████[38;2;66;70;66m██[38;2;126;73;102m██[38;2;189;74;141m██[38;2;0;0;0m██  ██[38;2;189;74;141m██[38;2;0;0;0m████[38;2;82;78;70m██[38;2;82;82;66m██[38;2;102;104;90m██[38;2;103;103;91m██[38;2;0;0;0m██  ██████[38;2;103;103;91m██████████[38;2;0;0;0m██
[38;2;0;0;0m          ██[38;2;189;74;141m████[38;2;187;74;139m████[38;2;16;12;0m██[38;2;74;84;110m██[38;2;115;148;227m████[38;2;93;99;93m██[38;2;115;148;227m████████[38;2;66;66;66m██[38;2;132;78;108m██[38;2;88;73;80m██[38;2;0;8;8m██[38;2;189;82;141m██[38;2;66;66;66m████[38;2;82;81;69m████[38;2;82;80;69m████[38;2;66;66;66m████[38;2;8;4;0m██[38;2;115;111;99m██[38;2;104;106;94m████[38;2;102;104;90m██[38;2;82;82;66m██[38;2;82;78;70m██[38;2;0;0;0m████  
[38;2;0;0;0m            ████[38;2;187;74;139m██[38;2;66;66;66m██[38;2;74;84;110m██[38;2;132;156;220m██[38;2;115;148;227m██[38;2;93;99;93m██[38;2;115;148;227m████[38;2;66;66;66m████[38;2;115;148;227m████[38;2;66;70;66m██[38;2;132;78;108m██[38;2;126;57;97m██[38;2;189;82;141m██[38;2;66;66;66m██[38;2;82;80;69m██[38;2;82;81;69m████[38;2;82;80;69m██[38;2;66;66;66m██[38;2;82;80;69m████[38;2;79;75;66m████[38;2;104;106;94m████[38;2;102;104;90m████[38;2;0;0;0m██      
[38;2;0;0;0m                ██[38;2;66;66;66m██[38;2;112;148;227m████[38;2;115;148;227m██[38;2;93;99;93m██[38;2;148;132;228m██[38;2;82;61;66m██[38;2;189;74;141m██[38;2;96;99;96m██[38;2;115;148;227m██[38;2;74;115;190m██[38;2;82;66;66m██[38;2;85;82;106m██[38;2;123;90;107m██[38;2;66;70;66m██[38;2;82;80;69m████[38;2;74;70;66m████[38;2;82;80;69m████[38;2;77;74;69m████[38;2;0;0;0m████████████        
[38;2;0;0;0m        ██████    ██[38;2;112;148;227m████[38;2;93;99;93m██[38;2;115;148;227m██[38;2;82;61;66m██[38;2;115;96;147m██[38;2;189;74;141m██[38;2;96;99;96m██[38;2;115;148;227m██[38;2;74;115;190m██[38;2;90;115;186m██[38;2;82;66;66m██[38;2;66;70;66m██[38;2;104;83;93m██[38;2;66;66;66m██[38;2;82;80;69m██[38;2;74;70;66m██[38;2;189;73;139m██[38;2;66;66;66m██[38;2;82;80;69m██[38;2;77;74;69m██[38;2;0;0;0m██                    
[38;2;0;0;0m      ██[38;2;189;74;141m████[38;2;189;90;149m██[38;2;0;8;8m██[38;2;0;0;0m██  ██[38;2;115;148;227m██[38;2;93;99;93m██[38;2;115;148;227m██[38;2;82;61;50m██[38;2;126;108;158m██[38;2;90;94;98m██[38;2;107;140;227m██[38;2;71;115;189m████[38;2;66;66;66m██[38;2;103;103;91m████[38;2;66;66;66m████████[38;2;189;78;141m████[38;2;68;70;68m██[38;2;82;80;69m████[38;2;0;0;0m████████            
[38;2;0;0;0m        ██[38;2;189;74;141m██[38;2;126;63;102m████[38;2;66;66;66m██[38;2;0;0;0m██[38;2;115;148;227m████████[38;2;104;85;104m██[38;2;148;132;212m██[38;2;107;140;227m██[38;2;101;125;184m██[38;2;66;66;66m██[38;2;71;115;189m██[38;2;66;66;66m██[38;2;103;103;91m████[38;2;66;66;66m██[38;2;187;74;139m████[38;2;127;72;103m██[38;2;66;66;66m██[38;2;129;74;105m████[38;2;66;66;66m████[38;2;82;80;69m████████[38;2;0;0;0m████████    
[38;2;0;0;0m  ██████[38;2;85;82;106m██[38;2;82;66;66m██[38;2;66;66;66m██[38;2;71;115;189m████[38;2;66;66;66m██[38;2;115;148;227m████████[38;2;107;148;235m████[38;2;66;66;66m████[38;2;71;115;189m██[38;2;66;66;66m██[38;2;103;103;91m████████[38;2;66;66;66m██[38;2;127;78;107m██[38;2;66;66;66m████████[38;2;189;78;141m██[38;2;107;81;91m██[38;2;66;66;66m██[38;2;80;80;74m██[38;2;82;80;69m████[38;2;82;81;69m████[38;2;77;74;69m████[38;2;0;0;0m██  
[38;2;0;0;0m██[38;2;127;78;107m██████[38;2;82;66;66m██[38;2;90;115;186m██[38;2;71;115;189m██[38;2;66;66;66m████[38;2;71;115;189m██[38;2;66;66;66m██[38;2;115;148;227m██[38;2;93;99;93m██[38;2;115;148;227m██[38;2;90;121;181m██[38;2;57;66;73m██[38;2;127;78;107m████[38;2;71;115;189m██[38;2;66;66;66m██[38;2;103;103;91m██[38;2;66;66;66m██████████[38;2;115;148;227m████████[38;2;66;82;66m██[38;2;189;78;141m██[38;2;107;107;91m██[38;2;66;66;66m██[38;2;0;0;0m████[38;2;82;81;69m████[38;2;77;74;69m██[38;2;0;0;0m██    
[38;2;0;0;0m  ████[38;2;66;66;66m██[38;2;74;115;189m████[38;2;66;66;66m████[38;2;82;82;66m██[38;2;77;115;189m██[38;2;71;115;189m██[38;2;66;66;66m████████[38;2;127;78;107m██[38;2;87;82;106m██[38;2;82;115;186m██[38;2;66;66;66m██[38;2;103;103;91m██[38;2;66;70;66m██[38;2;123;90;107m██[38;2;127;78;107m████[38;2;66;66;66m██[38;2;115;148;227m██████[38;2;66;66;66m████[38;2;99;140;235m██[38;2;74;74;66m██[38;2;115;111;99m██[38;2;8;4;0m██[38;2;0;0;0m    ██████████  
[38;2;0;0;0m      ██[38;2;74;115;189m████[38;2;71;115;189m████[38;2;77;115;189m████[38;2;71;115;189m████[38;2;66;66;66m██[38;2;71;115;189m██[38;2;127;78;107m████[38;2;82;115;186m██[38;2;90;66;66m██[38;2;103;103;91m████[38;2;104;83;93m██[38;2;66;70;66m██[38;2;127;78;107m██[38;2;66;66;66m██[38;2;115;148;227m██████[38;2;66;66;66m██[38;2;94;99;94m████[38;2;91;118;179m██[38;2;74;74;66m██[38;2;79;75;66m████[38;2;0;0;0m██              
[38;2;0;0;0m    ██[38;2;127;78;107m██[38;2;45;59;89m██[38;2;82;119;178m██[38;2;71;115;189m██[38;2;66;66;66m██████[38;2;71;115;189m████[38;2;66;66;66m████[38;2;74;115;186m████[38;2;0;0;0m██[38;2;103;103;91m██[38;2;104;87;88m██[38;2;82;86;66m██[38;2;102;104;90m████[38;2;66;66;66m████[38;2;107;140;235m████████[38;2;74;115;186m████[38;2;71;115;189m████[38;2;71;71;66m████[38;2;0;0;0m██              
[38;2;0;0;0m      ██[38;2;8;0;0m████[38;2;66;66;66m████[38;2;127;78;107m████[38;2;71;115;189m██[38;2;66;66;66m██[38;2;82;80;69m████[38;2;0;0;0m████  ██[38;2;82;86;66m██[38;2;126;89;110m██[38;2;82;82;66m██[38;2;102;104;90m██[38;2;82;80;69m██[38;2;66;66;66m██[38;2;74;78;74m██[38;2;96;119;181m████[38;2;74;78;74m██[38;2;79;79;69m████[38;2;71;115;189m██[38;2;66;66;66m██[38;2;71;71;66m██[38;2;0;0;0m██                
[38;2;0;0;0m            ██[38;2;127;78;107m██[38;2;74;77;119m██[38;2;107;115;179m██[38;2;0;0;0m██[38;2;82;78;70m████[38;2;0;0;0m██      ██[38;2;189;82;141m██[38;2;126;57;97m██[38;2;115;140;227m██[38;2;99;70;67m██[38;2;115;140;227m██[38;2;99;70;67m██[38;2;74;70;66m██████[38;2;74;111;189m██[38;2;71;115;189m██[38;2;66;66;66m████[38;2;71;115;189m██[38;2;0;0;0m██                  
[38;2;0;0;0m              ██[38;2;8;0;0m████[38;2;0;0;0m  ████          [38;2;0;8;8m██[38;2;189;82;141m██[38;2;104;93;120m██[38;2;115;140;227m████[38;2;104;93;120m██[38;2;189;73;139m██[38;2;74;70;66m██████[38;2;66;66;66m██[38;2;71;115;189m████[38;2;66;66;66m██[38;2;74;115;186m██[38;2;0;0;0m██    ██████      
[38;2;0;0;0m                                  ██[38;2;71;115;189m██[38;2;66;66;66m██[38;2;82;66;66m██[38;2;85;82;106m██[38;2;74;115;186m████[38;2;127;72;103m██[38;2;189;78;141m██[38;2;127;78;107m██[38;2;66;66;66m██[38;2;74;115;189m████[38;2;71;115;189m██[38;2;66;66;66m██[38;2;71;115;189m████[38;2;0;0;0m████[38;2;60;68;84m████[38;2;82;78;70m██[38;2;0;0;0m██    
[38;2;0;0;0m                                  ██[38;2;71;115;189m████[38;2;90;115;186m██[38;2;82;66;66m██[38;2;0;0;0m████[38;2;66;66;66m████████[38;2;74;115;189m████[38;2;71;115;189m████[38;2;66;66;66m██[38;2;71;115;189m██[38;2;74;115;186m████[38;2;96;125;168m██[38;2;24;12;0m██[38;2;0;0;0m██      
[38;2;0;0;0m                                    ██[38;2;74;115;186m████[38;2;0;0;0m██    ████[38;2;127;78;107m████[38;2;66;66;66m██[38;2;71;115;189m██[38;2;74;115;189m████[38;2;66;66;66m██[38;2;0;0;0m████████          
[38;2;0;0;0m                                    ██[38;2;74;115;186m██[38;2;0;0;0m████        ████[38;2;66;66;66m██[38;2;71;115;189m██[38;2;74;115;189m████[38;2;0;0;0m██                  
[38;2;0;0;0m                                      ██  ██            ██[38;2;74;115;186m██[38;2;0;0;0m██[38;2;74;115;186m██[38;2;0;0;0m██                  
[38;2;0;0;0m                                                          ██  ██                    [0m
