
[38;2;0;0;0m                                  ██                                            
[38;2;0;0;0m                                ██[38;2;248;224;64m██[38;2;0;0;0m██            ██                            
[38;2;0;0;0m                                ██[38;2;128;104;72m██[38;2;248;224;64m██[38;2;0;0;0m██        ██[38;2;248;224;64m██[38;2;0;0;0m██                          
[38;2;0;0;0m                                ██[38;2;128;104;72m██[38;2;248;224;64m██[38;2;0;0;0m██      ██[38;2;64;64;64m████[38;2;0;0;0m██                          
[38;2;0;0;0m                              ██[38;2;248;224;64m██[38;2;128;104;72m██[38;2;248;224;64m████[38;2;0;0;0m██████[38;2;248;224;64m██████[38;2;64;64;64m██[38;2;0;0;0m██                        
[38;2;0;0;0m                              ██[38;2;248;224;64m██████████[38;2;64;64;64m██[38;2;248;224;64m████[38;2;128;104;72m██[38;2;248;224;64m██████[38;2;0;0;0m██                      
[38;2;0;0;0m                            ██[38;2;248;224;64m████████████[38;2;64;64;64m██[38;2;248;224;64m██[38;2;128;104;72m██[38;2;248;224;64m████[38;2;128;104;72m██[38;2;248;224;64m████[38;2;0;0;0m██                    
[38;2;0;0;0m                          ██[38;2;248;224;64m████████████[38;2;64;64;64m██[38;2;248;224;64m██[38;2;128;104;72m████[38;2;248;224;64m██[38;2;128;104;72m██[38;2;248;224;64m██████[38;2;0;0;0m██                    
[38;2;0;0;0m                          ██[38;2;248;224;64m████████████[38;2;64;64;64m██[38;2;248;224;64m████[38;2;128;104;72m██[38;2;248;224;64m██[38;2;128;104;72m██[38;2;248;224;64m████████[38;2;0;0;0m██                  
[38;2;0;0;0m                        ██[38;2;248;224;64m████████████████[38;2;64;64;64m██[38;2;248;224;64m██[38;2;64;64;64m██████[38;2;248;224;64m████[38;2;128;104;72m██[38;2;248;224;64m██[38;2;0;0;0m██                  
[38;2;0;0;0m                        ██[38;2;248;224;64m██████████████████[38;2;64;64;64m████[38;2;208;208;208m██[38;2;192;168;88m██[38;2;64;64;64m████[38;2;248;224;64m████[38;2;0;0;0m██                  
[38;2;0;0;0m                        ██[38;2;192;168;88m██[38;2;248;224;64m████████████████████[38;2;64;64;64m██[38;2;208;208;208m██[38;2;192;168;88m██████[38;2;248;224;64m██[38;2;0;0;0m██                  
[38;2;0;0;0m                          ██[38;2;248;224;64m████████████[38;2;192;168;88m██████[38;2;248;224;64m██[38;2;64;64;64m██[38;2;192;168;88m██[38;2;208;208;208m██[38;2;192;168;88m██████[38;2;248;224;64m██[38;2;0;0;0m██                
[38;2;0;0;0m                          ██[38;2;128;104;72m██[38;2;248;224;64m████████[38;2;128;104;72m██[38;2;248;248;248m██████[38;2;192;168;88m██[38;2;248;224;64m██[38;2;64;64;64m██[38;2;192;168;88m██[38;2;248;248;248m██[38;2;192;168;88m██████[38;2;0;0;0m██                
[38;2;0;0;0m                        ██[38;2;248;248;248m██[38;2;64;64;64m██[38;2;248;224;64m██████[38;2;128;104;72m██[38;2;248;248;248m██[38;2;0;0;0m██[38;2;248;248;248m██████[38;2;248;224;64m██[38;2;64;64;64m██[38;2;192;168;88m████[38;2;248;248;248m██[38;2;192;168;88m████[38;2;0;0;0m██                
[38;2;0;0;0m                    ████[38;2;248;248;248m██[38;2;64;64;64m██[38;2;248;224;64m████████[38;2;64;64;64m██[38;2;128;104;72m██████[38;2;192;168;88m████[38;2;80;88;104m██[38;2;248;248;248m██[38;2;64;64;64m██[38;2;192;168;88m████[38;2;248;248;248m██[38;2;192;168;88m██[38;2;0;0;0m██                
[38;2;0;0;0m            ████████[38;2;248;224;64m██[38;2;64;64;64m██[38;2;248;248;248m██[38;2;64;64;64m██[38;2;248;224;64m██████████[38;2;64;64;64m██[38;2;248;224;64m██████[38;2;80;88;104m██[38;2;248;248;248m████[38;2;64;64;64m██[38;2;192;168;88m██████[38;2;0;0;0m██                  
[38;2;0;0;0m    ████████[38;2;248;224;64m████████████[38;2;64;64;64m██[38;2;248;224;64m████████████[38;2;64;64;64m██[38;2;248;224;64m████[38;2;80;88;104m██[38;2;208;208;208m██[38;2;248;248;248m██[38;2;80;88;104m██[38;2;192;168;88m██████[38;2;0;0;0m██  ██                
[38;2;0;0;0m  ██[38;2;192;168;88m██[38;2;128;104;72m██[38;2;248;224;64m████████████████[38;2;64;64;64m██[38;2;248;224;64m██████████[38;2;64;64;64m██[38;2;192;168;88m██████[38;2;80;88;104m██[38;2;176;176;184m██[38;2;248;248;248m████[38;2;80;88;104m██[38;2;192;168;88m████[38;2;0;0;0m██    ████  ██████    
[38;2;0;0;0m██[38;2;192;168;88m██[38;2;128;104;72m██[38;2;248;224;64m██████[38;2;192;168;88m██[38;2;248;224;64m██████[38;2;0;0;0m████[38;2;248;248;248m██[38;2;64;64;64m██[38;2;248;224;64m████[38;2;64;64;64m████[38;2;192;168;88m██████[38;2;80;88;104m██[38;2;208;208;208m████[38;2;176;176;184m██[38;2;248;248;248m██[38;2;80;88;104m██[38;2;192;168;88m██[38;2;0;0;0m██          ██[38;2;176;176;184m██████[38;2;0;0;0m██  
[38;2;0;0;0m████[38;2;248;224;64m████[38;2;0;0;0m██[38;2;128;104;72m██[38;2;248;224;64m████[38;2;0;0;0m████    ██[38;2;248;248;248m██[38;2;64;64;64m████[38;2;208;208;208m████[38;2;80;88;104m██████[38;2;208;208;208m██████[38;2;80;88;104m████[38;2;192;168;88m██[38;2;0;0;0m██          ██[38;2;176;176;184m██[38;2;80;88;104m██[38;2;0;0;0m██[38;2;80;88;104m██[38;2;176;176;184m██[38;2;0;0;0m██
[38;2;0;0;0m  ██████  ██[38;2;192;168;88m████[38;2;0;0;0m██        ██[38;2;208;208;208m██[38;2;248;248;248m████[38;2;208;208;208m████[38;2;176;176;184m██[38;2;208;208;208m████████[38;2;80;88;104m██[38;2;192;168;88m████[38;2;0;0;0m██          ██[38;2;176;176;184m██[38;2;0;0;0m██  ██[38;2;120;128;136m██[38;2;0;0;0m██
[38;2;0;0;0m        ██[38;2;192;168;88m████[38;2;0;0;0m██            ██[38;2;248;248;248m████████[38;2;176;176;184m██[38;2;208;208;208m██[38;2;80;88;104m██[38;2;208;208;208m██[38;2;80;88;104m██[38;2;192;168;88m████[38;2;0;0;0m██            ██[38;2;120;128;136m██[38;2;80;88;104m██[38;2;0;0;0m██[38;2;80;88;104m██[38;2;120;128;136m██[38;2;0;0;0m██
[38;2;0;0;0m          ████                ██[38;2;80;88;104m██[38;2;248;248;248m██[38;2;80;88;104m██[38;2;208;208;208m██[38;2;80;88;104m██[38;2;192;168;88m██[38;2;80;88;104m██[38;2;192;168;88m██████[38;2;0;0;0m██              ██[38;2;120;128;136m██████[38;2;0;0;0m██  
[38;2;0;0;0m                                ██[38;2;80;88;104m██[38;2;192;168;88m██[38;2;80;88;104m██[38;2;192;168;88m████████████[38;2;0;0;0m██                ██████    
[38;2;0;0;0m                                ██[38;2;192;168;88m████████████████████[38;2;0;0;0m██                        
[38;2;0;0;0m                            ████[38;2;248;224;64m██[38;2;192;168;88m████████████████████[38;2;248;224;64m██[38;2;0;0;0m██                      
[38;2;0;0;0m                          ██[38;2;248;224;64m██████████[38;2;192;168;88m██████████████[38;2;248;224;64m██████[38;2;0;0;0m██                    
[38;2;0;0;0m                        ██[38;2;248;224;64m██████████████[38;2;0;0;0m██████[38;2;192;168;88m████[38;2;248;224;64m██████████[38;2;0;0;0m██                  
[38;2;0;0;0m                        ██[38;2;248;224;64m██████████[38;2;192;168;88m██[38;2;0;0;0m██      ████[38;2;248;224;64m██████████[38;2;0;0;0m██                  
[38;2;0;0;0m                        ██[38;2;64;64;64m██[38;2;248;224;64m██████[38;2;64;64;64m██[38;2;0;0;0m██            ██[38;2;248;224;64m██████[38;2;128;104;72m██[38;2;192;168;88m██[38;2;0;0;0m██                
[38;2;0;0;0m                      ██[38;2;192;168;88m██[38;2;64;64;64m████[38;2;192;168;88m████[38;2;0;0;0m██                ██[38;2;128;104;72m████[38;2;192;168;88m████[38;2;248;224;64m██[38;2;0;0;0m██              
[38;2;0;0;0m                      ██[38;2;128;104;72m██[38;2;192;168;88m██[38;2;128;104;72m██[38;2;192;168;88m██████[38;2;0;0;0m██              ██[38;2;192;168;88m██████[38;2;248;224;64m██[38;2;128;104;72m██[38;2;248;224;64m██[38;2;0;0;0m██            
[38;2;0;0;0m                        ██[38;2;128;104;72m██[38;2;192;168;88m████[38;2;0;0;0m████                  ████[38;2;192;168;88m██[38;2;128;104;72m██[38;2;248;224;64m██[38;2;0;0;0m██              
[38;2;0;0;0m                          ██████                          ██████                [0m
