
[38;2;0;0;0m            [38;2;0;8;0m██[38;2;82;119;194m██[38;2;74;87;141m██[38;2;222;222;134m██[38;2;225;225;134m████[38;2;222;222;134m██[38;2;0;4;0m██[38;2;0;0;0m                            
[38;2;0;0;0m            [38;2;0;8;0m██[38;2;55;82;129m██[38;2;222;222;134m████[38;2;225;225;134m████[38;2;222;222;134m██[38;2;0;4;0m██[38;2;0;0;0m                            
[38;2;0;0;0m          [38;2;0;4;0m██[38;2;74;96;157m████[38;2;225;225;134m████[38;2;222;228;134m████[38;2;167;170;79m██[38;2;8;16;0m██[38;2;0;0;0m                            
[38;2;0;0;0m          [38;2;0;4;0m██[38;2;74;96;157m██[38;2;222;222;134m██[38;2;225;225;134m████[38;2;222;228;134m██[38;2;189;189;69m██[38;2;247;247;119m██[38;2;167;170;79m██[38;2;0;4;0m██[38;2;0;0;0m                          
[38;2;0;0;0m        [38;2;0;4;0m██[38;2;74;115;186m██[38;2;74;104;173m██[38;2;222;222;134m██████[38;2;189;184;69m██[38;2;222;222;134m██[38;2;157;158;85m██[38;2;231;231;127m██[38;2;0;4;0m██[38;2;0;0;0m                          
[38;2;0;0;0m        [38;2;0;4;0m██[38;2;74;115;186m██[38;2;74;104;173m████[38;2;66;66;66m████[38;2;189;184;69m████[38;2;231;231;127m██[38;2;8;12;0m██[38;2;0;0;0m                            
[38;2;0;0;0m      [38;2;0;4;0m██[38;2;66;61;66m██[38;2;74;107;186m██[38;2;80;88;141m████[38;2;156;206;228m████[38;2;82;74;50m██[38;2;131;152;123m██[38;2;0;4;0m██[38;2;0;0;0m                              
[38;2;0;0;0m    [38;2;0;4;0m██[38;2;222;222;134m██[38;2;71;92;146m████[38;2;173;198;149m████[38;2;189;189;69m██[38;2;156;206;228m██[38;2;181;231;197m██[38;2;82;74;50m██[38;2;189;189;69m██[38;2;0;4;0m██[38;2;0;0;0m                            
[38;2;0;0;0m  [38;2;0;4;0m██[38;2;203;208;131m██[38;2;198;189;70m██[38;2;156;206;228m████[38;2;189;189;69m██[38;2;222;228;134m██[38;2;222;222;134m██[38;2;96;96;93m██[38;2;156;206;220m██[38;2;66;57;58m██[38;2;189;189;69m████[38;2;0;4;0m████[38;2;0;0;0m                        
[38;2;0;0;0m  [38;2;0;4;0m██[38;2;198;189;70m██[38;2;214;247;254m██[38;2;156;206;228m██[38;2;189;189;69m██[38;2;222;228;134m████[38;2;222;222;134m████[38;2;96;107;112m██[38;2;156;206;220m██[38;2;66;66;66m██[38;2;189;189;69m██████[38;2;0;4;0m██[38;2;0;0;0m                      
[38;2;0;4;0m██[38;2;222;222;134m██[38;2;189;189;69m██[38;2;156;206;228m████[38;2;189;189;69m██[38;2;222;222;134m████[38;2;66;66;66m██████[38;2;165;214;229m██[38;2;66;66;66m██[38;2;189;189;69m██[38;2;189;187;66m████[38;2;189;189;69m██[38;2;0;4;0m██[38;2;0;0;0m                    
[38;2;0;4;0m██[38;2;222;222;134m██[38;2;156;206;228m██████[38;2;189;189;69m██[38;2;112;112;88m██[38;2;57;57;65m██[38;2;255;255;255m██[38;2;66;66;66m████[38;2;132;165;175m██[38;2;66;66;66m██[38;2;189;189;69m██[38;2;189;187;66m████[38;2;189;189;69m██[38;2;0;4;0m██[38;2;0;0;0m                    
[38;2;0;0;0m  [38;2;0;4;0m██[38;2;156;206;228m████[38;2;187;201;211m██[38;2;82;94;122m██[38;2;214;189;78m████[38;2;247;255;255m██[38;2;66;66;66m██[38;2;140;165;172m██[38;2;66;66;66m██[38;2;189;187;66m████[38;2;189;189;69m████[38;2;0;4;0m██[38;2;0;0;0m                      
[38;2;0;0;0m  [38;2;0;4;0m██[38;2;156;206;228m██[38;2;74;87;141m██[38;2;82;94;122m██[38;2;239;255;255m██[38;2;255;255;255m████[38;2;66;66;66m██[38;2;156;160;160m██[38;2;91;99;101m██[38;2;66;66;66m██[38;2;189;187;66m████[38;2;0;4;0m████[38;2;0;0;0m                        
[38;2;0;0;8m██[38;2;78;103;122m██[38;2;82;86;138m██[38;2;156;206;220m██████[38;2;156;206;228m██[38;2;0;4;0m██[38;2;140;156;172m██[38;2;93;104;115m██[38;2;66;66;66m██[38;2;189;189;69m████[38;2;0;4;0m██[38;2;0;0;0m                            
[38;2;0;0;8m██[38;2;156;206;236m██[38;2;131;166;193m██[38;2;156;206;220m██[38;2;82;103;110m██[38;2;8;0;0m██[38;2;0;4;0m██[38;2;0;0;0m  ██[38;2;140;156;172m██[38;2;66;66;66m██[38;2;189;189;69m██[38;2;0;4;0m██[38;2;0;0;0m                              
[38;2;0;4;0m██[38;2;156;206;228m████[38;2;0;4;0m████[38;2;0;0;0m      [38;2;8;8;8m██[38;2;63;82;137m██[38;2;66;65;66m██[38;2;0;4;0m██[38;2;0;0;0m                                
[38;2;0;0;0m  [38;2;0;4;0m████[38;2;0;0;0m        [38;2;0;4;0m██[38;2;63;82;137m██[38;2;90;119;202m██[38;2;66;65;66m██[38;2;0;4;0m██[38;2;0;0;0m                                
[38;2;0;0;0m              [38;2;0;4;0m██[38;2;71;115;189m████[38;2;87;107;127m██[38;2;57;57;73m██[38;2;0;4;0m██[38;2;0;0;0m              [38;2;0;0;8m████[38;2;0;0;0m            
[38;2;0;0;0m            [38;2;0;4;0m██[38;2;74;115;186m██[38;2;71;115;189m██[38;2;66;66;66m██[38;2;148;206;236m██[38;2;57;57;73m██[38;2;189;189;69m██[38;2;0;4;0m██[38;2;0;0;0m          [38;2;0;4;0m██[38;2;93;132;165m██[38;2;140;198;244m██[38;2;0;4;0m██[38;2;0;0;0m          
[38;2;0;0;0m            [38;2;0;8;0m██[38;2;82;119;194m██[38;2;71;115;189m██[38;2;66;66;66m██[38;2;156;206;228m██[38;2;66;66;66m████[38;2;189;189;69m██[38;2;0;4;0m██[38;2;0;0;0m      [38;2;0;4;0m██[38;2;74;115;186m██[38;2;156;206;228m████[38;2;140;165;180m██[38;2;0;4;0m██[38;2;0;0;0m        
[38;2;0;0;0m            [38;2;0;8;0m██[38;2;55;82;129m██[38;2;71;115;189m████[38;2;66;66;66m██[38;2;156;206;228m██[38;2;66;66;66m██[38;2;189;189;69m██[38;2;0;4;0m██[38;2;0;0;0m      [38;2;0;4;0m██[38;2;74;115;186m██[38;2;156;206;228m██[38;2;0;4;0m██[38;2;140;165;180m██[38;2;0;4;0m██[38;2;0;0;0m        
[38;2;0;0;0m          [38;2;0;4;0m██[38;2;74;86;146m██[38;2;255;255;255m██[38;2;78;88;142m██[38;2;74;115;186m██[38;2;57;61;73m██[38;2;140;198;244m██[38;2;82;74;50m██[38;2;131;152;123m██[38;2;222;222;134m██[38;2;0;4;0m██[38;2;0;0;0m    [38;2;0;4;0m██[38;2;74;115;186m██[38;2;0;4;0m██[38;2;0;0;0m  [38;2;0;4;0m██[38;2;140;165;180m██[38;2;0;4;0m██[38;2;0;0;0m      
[38;2;0;0;0m          [38;2;0;4;0m██[38;2;74;86;146m██[38;2;255;255;255m██[38;2;78;88;142m██[38;2;74;115;186m██[38;2;98;129;158m██[38;2;57;61;73m██[38;2;181;231;197m██[38;2;82;74;50m██[38;2;222;222;134m████[38;2;0;4;0m██[38;2;0;0;0m  [38;2;0;4;0m██[38;2;74;115;186m██[38;2;0;4;0m██[38;2;0;0;0m  [38;2;0;4;0m██[38;2;140;165;180m██[38;2;0;4;0m██[38;2;0;0;0m  [38;2;0;4;0m██[38;2;0;0;0m  
[38;2;0;0;0m          [38;2;0;4;0m██[38;2;255;255;255m████[38;2;247;255;255m██[38;2;110;118;134m██[38;2;71;115;189m██[38;2;66;66;66m██[38;2;156;206;228m██[38;2;66;66;66m██[38;2;222;222;134m████[38;2;74;74;58m██[38;2;0;0;16m██[38;2;156;206;228m██[38;2;74;113;189m██[38;2;0;4;0m██[38;2;0;0;0m  [38;2;0;4;0m██[38;2;140;165;180m██[38;2;55;60;65m██[38;2;8;8;8m██[38;2;140;165;180m██[38;2;0;4;0m██
[38;2;0;0;0m          [38;2;0;4;0m██[38;2;255;255;255m████[38;2;247;255;255m██[38;2;41;49;73m██[38;2;71;115;189m██[38;2;66;66;66m██[38;2;156;206;228m████[38;2;66;66;66m██[38;2;222;222;134m██[38;2;222;222;142m██[38;2;74;74;58m██[38;2;74;113;189m██[38;2;156;206;228m██[38;2;0;4;0m██[38;2;0;0;0m    [38;2;0;4;0m██[38;2;148;165;180m██[38;2;55;60;65m██[38;2;140;165;180m██[38;2;0;4;0m██
[38;2;0;0;0m        [38;2;0;4;0m██[38;2;140;165;180m██[38;2;82;82;82m██[38;2;247;247;247m██[38;2;94;99;94m████[38;2;74;70;66m██[38;2;82;119;186m██[38;2;57;61;73m██[38;2;140;198;244m██[38;2;66;66;66m██[38;2;189;214;181m████[38;2;66;66;66m██[38;2;74;113;189m██[38;2;156;206;228m██[38;2;0;4;0m██[38;2;0;0;0m    [38;2;0;4;0m██[38;2;140;165;180m██████[38;2;0;4;0m██
[38;2;0;0;0m        [38;2;0;4;0m██[38;2;140;165;180m██[38;2;0;0;0m██[38;2;82;82;82m██[38;2;66;66;66m██[38;2;94;99;94m██[38;2;77;86;106m██[38;2;74;70;66m██[38;2;98;129;158m██[38;2;57;61;73m██[38;2;189;214;181m██[38;2;66;66;66m████[38;2;189;214;181m██[38;2;74;113;189m██[38;2;156;206;228m██[38;2;0;4;0m██[38;2;0;0;0m      [38;2;0;4;0m██[38;2;140;165;180m██[38;2;0;4;0m██[38;2;0;0;0m  
[38;2;0;0;0m        [38;2;0;4;0m██[38;2;66;66;66m██[38;2;0;4;0m██[38;2;66;65;66m████[38;2;0;4;0m██[38;2;99;99;99m██[38;2;66;67;66m██[38;2;82;119;186m██[38;2;74;70;66m██[38;2;94;99;94m██[38;2;66;66;66m██[38;2;148;206;236m██[38;2;98;131;158m██[38;2;156;206;228m████[38;2;0;4;0m██[38;2;0;0;0m      [38;2;0;4;0m██[38;2;140;165;180m██[38;2;0;4;0m██[38;2;0;0;0m  
[38;2;0;0;0m      [38;2;0;4;0m██[38;2;66;66;66m████[38;2;0;4;0m██[38;2;66;65;66m██[38;2;0;4;0m██[38;2;0;0;0m  [38;2;0;4;0m██[38;2;99;99;99m██[38;2;74;70;66m██[38;2;77;86;106m██[38;2;94;99;94m████[38;2;49;57;81m██[38;2;148;206;236m██[38;2;156;206;228m██[38;2;0;4;0m██[38;2;0;0;0m          [38;2;0;4;0m██[38;2;0;0;0m    
[38;2;0;0;0m      [38;2;0;4;0m██[38;2;66;66;66m████[38;2;0;4;0m██[38;2;66;65;66m██[38;2;0;4;0m██[38;2;0;0;0m  [38;2;0;4;0m██[38;2;94;96;94m██[38;2;66;66;66m██[38;2;94;99;94m██[38;2;96;99;96m████[38;2;66;66;66m██[38;2;156;206;228m████[38;2;0;4;0m██[38;2;0;0;0m                
[38;2;0;0;0m    [38;2;0;4;0m██[38;2;94;96;94m██[38;2;66;66;66m████[38;2;0;4;0m██[38;2;66;65;66m██[38;2;0;4;0m██[38;2;0;0;0m  [38;2;0;4;0m██[38;2;94;96;94m██[38;2;66;66;66m████[38;2;96;99;96m████[38;2;66;66;66m██[38;2;156;206;228m██[38;2;0;4;0m██[38;2;0;0;0m                  
[38;2;0;0;0m    [38;2;0;4;0m██[38;2;66;65;66m██[38;2;99;99;99m██[38;2;0;4;0m██[38;2;66;66;66m████[38;2;0;4;0m██[38;2;0;0;0m  [38;2;0;4;0m██[38;2;94;96;94m██[38;2;0;4;0m██[38;2;66;66;66m██[38;2;94;99;94m██[38;2;66;66;66m██[38;2;99;99;99m██[38;2;66;67;66m██[38;2;0;4;0m██[38;2;0;0;0m                  
[38;2;0;0;0m      [38;2;0;4;0m████[38;2;66;67;66m██[38;2;66;66;66m██[38;2;71;115;189m██[38;2;0;4;0m██[38;2;0;0;0m  [38;2;0;4;0m██[38;2;94;96;94m██[38;2;0;4;0m████[38;2;66;66;66m████[38;2;99;99;99m██[38;2;0;4;0m██[38;2;0;0;0m                    
[38;2;0;0;0m    [38;2;0;4;0m██[38;2;66;65;66m██████[38;2;52;63;84m██[38;2;87;118;167m██[38;2;66;67;66m██[38;2;0;4;0m██[38;2;96;99;96m████[38;2;0;4;0m██[38;2;0;0;0m  [38;2;0;4;0m██[38;2;99;99;99m██[38;2;66;67;66m██[38;2;99;99;99m██[38;2;0;4;0m██[38;2;0;0;0m                  
[38;2;0;0;0m      [38;2;0;4;0m██████[38;2;16;8;0m██[38;2;52;63;84m██[38;2;66;67;66m██[38;2;99;99;99m██[38;2;96;99;96m████[38;2;0;4;0m██[38;2;0;0;0m  [38;2;0;4;0m██[38;2;66;67;66m██[38;2;99;99;99m██[38;2;0;4;0m████[38;2;0;0;0m                  
[38;2;0;0;0m              [38;2;0;4;0m██[38;2;94;96;94m██[38;2;0;4;0m██[38;2;94;96;94m██[38;2;0;4;0m██[38;2;94;96;94m██[38;2;0;4;0m██[38;2;0;0;0m  [38;2;0;4;0m████[38;2;0;0;0m                      
[38;2;0;0;0m                [38;2;0;4;0m██[38;2;0;0;0m  [38;2;0;4;0m██[38;2;0;0;0m  [38;2;0;4;0m██[38;2;0;0;0m                              [0m
