
[38;2;0;0;0m                                      ██████                            
[38;2;0;0;0m                                  ████[38;2;248;240;176m██████[38;2;0;0;0m████  ████                  
[38;2;0;0;0m                              ████[38;2;248;248;248m████[38;2;248;240;176m████████[38;2;200;184;152m██[38;2;0;0;0m██[38;2;248;240;176m████[38;2;0;0;0m████              
[38;2;0;0;0m                            ██[38;2;248;240;176m██[38;2;248;248;248m████[38;2;248;240;176m██████[38;2;200;184;152m██████[38;2;248;240;176m████████[38;2;248;248;248m██[38;2;0;0;0m██            
[38;2;0;0;0m                          ██[38;2;248;240;176m██[38;2;248;248;248m████[38;2;248;240;176m██████[38;2;200;184;152m██████[38;2;248;240;176m██████████[38;2;248;248;248m████[38;2;0;0;0m██          
[38;2;0;0;0m                        ██[38;2;248;240;176m████[38;2;248;248;248m████[38;2;248;240;176m████[38;2;200;184;152m████[38;2;248;240;176m██████████████[38;2;248;248;248m████[38;2;248;240;176m██[38;2;0;0;0m██        
[38;2;0;0;0m                      ██[38;2;248;240;176m████████[38;2;248;248;248m████[38;2;248;240;176m██[38;2;200;184;152m██[38;2;248;240;176m██████████████[38;2;248;248;248m██████[38;2;248;240;176m██[38;2;0;0;0m██        
[38;2;0;0;0m                      ██[38;2;248;240;176m████████[38;2;200;184;152m██[38;2;64;64;64m████[38;2;200;184;152m██[38;2;248;240;176m██████████[38;2;248;248;248m████████[38;2;248;240;176m██████[38;2;0;0;0m██      
[38;2;0;0;0m        ████        ██[38;2;248;240;176m████████[38;2;64;64;64m████[38;2;144;80;144m████[38;2;64;64;64m██[38;2;248;240;176m██[38;2;64;64;64m████[38;2;248;248;248m████████[38;2;248;240;176m██████████[38;2;0;0;0m██      
[38;2;0;0;0m      ██[38;2;208;144;208m██[38;2;144;80;144m██[38;2;0;0;0m██      ██[38;2;248;240;176m██████[38;2;64;64;64m██[38;2;208;144;208m██████████[38;2;64;64;64m██[38;2;144;80;144m████[38;2;64;64;64m██[38;2;248;240;176m████████████████[38;2;0;0;0m██      
[38;2;0;0;0m      ██[38;2;208;144;208m████[38;2;0;0;0m██      ██[38;2;248;240;176m██████[38;2;64;64;64m██[38;2;208;144;208m██[38;2;248;248;248m████[38;2;208;144;208m████████[38;2;144;80;144m██[38;2;64;64;64m██[38;2;248;240;176m████████████[38;2;200;184;152m██[38;2;248;240;176m██[38;2;0;0;0m██      
[38;2;0;0;0m  ████[38;2;64;64;64m██[38;2;144;80;144m██[38;2;208;144;208m██[38;2;144;80;144m██[38;2;0;0;0m██  ██[38;2;248;240;176m██████[38;2;64;64;64m██[38;2;208;144;208m████[38;2;0;0;0m██[38;2;248;248;248m██[38;2;208;144;208m██████████[38;2;144;80;144m██[38;2;64;64;64m██[38;2;248;240;176m████[38;2;200;184;152m██[38;2;248;240;176m████[38;2;200;184;152m██[38;2;248;240;176m████[38;2;0;0;0m██    
[38;2;0;0;0m██[38;2;208;144;208m████[38;2;144;80;144m██[38;2;64;64;64m██[38;2;144;80;144m██████[38;2;0;0;0m██[38;2;64;64;64m██[38;2;248;240;176m██████[38;2;64;64;64m██[38;2;208;144;208m████[38;2;248;248;248m████[38;2;208;144;208m██████[38;2;248;248;248m████[38;2;208;144;208m██[38;2;64;64;64m██[38;2;248;240;176m████[38;2;200;184;152m██[38;2;248;240;176m██████[38;2;200;184;152m██[38;2;248;240;176m██[38;2;0;0;0m██    
[38;2;0;0;0m██[38;2;64;64;64m██[38;2;208;144;208m████[38;2;144;80;144m██████████[38;2;64;64;64m██[38;2;248;240;176m██████[38;2;64;64;64m██[38;2;208;144;208m██████[38;2;144;80;144m████[38;2;208;144;208m████[38;2;0;0;0m██[38;2;248;248;248m██[38;2;208;144;208m██[38;2;64;64;64m██[38;2;248;240;176m██████[38;2;200;184;152m██[38;2;248;240;176m████[38;2;200;184;152m██[38;2;248;240;176m██[38;2;0;0;0m██    
[38;2;0;0;0m  ████[38;2;64;64;64m██[38;2;144;80;144m████[38;2;64;64;64m██[38;2;208;144;208m██[38;2;144;80;144m██[38;2;64;64;64m██[38;2;248;240;176m████[38;2;64;64;64m██[38;2;144;136;48m██[38;2;64;64;64m██[38;2;208;144;208m██[38;2;144;80;144m██[38;2;248;176;200m████[38;2;144;80;144m██[38;2;208;144;208m██[38;2;248;248;248m████[38;2;208;144;208m██[38;2;64;64;64m██[38;2;248;240;176m██████[38;2;200;184;152m██[38;2;248;240;176m████[38;2;200;184;152m██[38;2;64;64;64m██[38;2;0;0;0m██    
[38;2;0;0;0m      ██[38;2;144;80;144m██[38;2;64;64;64m██[38;2;208;144;208m████[38;2;144;80;144m██[38;2;64;64;64m██[38;2;248;240;176m████[38;2;64;64;64m██[38;2;144;136;48m██[38;2;64;64;64m██[38;2;144;80;144m██[38;2;248;176;200m██[38;2;200;104;104m██[38;2;64;64;64m██[38;2;248;176;200m██[38;2;144;80;144m██[38;2;208;144;208m██████[38;2;64;64;64m██[38;2;248;240;176m████[38;2;64;64;64m████[38;2;248;240;176m████[38;2;64;64;64m██[38;2;144;80;144m██[38;2;208;144;208m██[38;2;0;0;0m██  
[38;2;0;0;0m        ████[38;2;208;144;208m██[38;2;144;80;144m██[38;2;64;64;64m████[38;2;248;240;176m████[38;2;64;64;64m██[38;2;144;136;48m████[38;2;64;64;64m██[38;2;144;80;144m██[38;2;248;176;200m██[38;2;72;88;104m██[38;2;200;104;104m██[38;2;248;176;200m██[38;2;144;80;144m██[38;2;208;144;208m████[38;2;64;64;64m██[38;2;248;240;176m██[38;2;64;64;64m██[38;2;208;144;208m██[38;2;144;80;144m██[38;2;64;64;64m██[38;2;248;240;176m██[38;2;64;64;64m██[38;2;208;144;208m████[38;2;0;0;0m██  
[38;2;0;0;0m            ████[38;2;248;248;248m██[38;2;64;64;64m██[38;2;200;184;152m██[38;2;248;240;176m██[38;2;64;64;64m██[38;2;144;136;48m██[38;2;64;64;64m██[38;2;240;216;104m██[38;2;64;64;64m██[38;2;144;80;144m██[38;2;248;176;200m████[38;2;144;80;144m██[38;2;208;144;208m██████[38;2;64;64;64m██[38;2;248;240;176m██[38;2;64;64;64m██[38;2;208;144;208m████[38;2;64;64;64m████[38;2;144;80;144m██[38;2;208;144;208m██[38;2;0;0;0m██    
[38;2;0;0;0m              ██[38;2;176;176;176m████[38;2;64;64;64m██[38;2;200;184;152m████[38;2;64;64;64m██[38;2;248;96;56m██[38;2;192;88;104m██[38;2;240;216;104m██[38;2;64;64;64m██[38;2;144;80;144m████[38;2;64;64;64m████████[38;2;248;240;176m██████[38;2;64;64;64m██[38;2;208;144;208m██[38;2;144;80;144m████████[38;2;64;64;64m██[38;2;0;0;0m██  
[38;2;0;0;0m                ██[38;2;248;248;248m██[38;2;64;64;64m██[38;2;200;184;152m████[38;2;64;64;64m██[38;2;248;96;56m████[38;2;192;88;104m██[38;2;240;216;104m██[38;2;64;64;64m████[38;2;240;216;104m██████[38;2;64;64;64m██[38;2;248;240;176m████[38;2;200;184;152m██[38;2;64;64;64m██[38;2;144;80;144m████████[38;2;208;144;208m████[38;2;64;64;64m██[38;2;0;0;0m██
[38;2;0;0;0m                  ████[38;2;64;64;64m██[38;2;200;184;152m██[38;2;64;64;64m██[38;2;192;176;64m██[38;2;248;96;56m████[38;2;192;88;104m██[38;2;240;216;104m████[38;2;192;88;104m██████[38;2;64;64;64m██[38;2;248;240;176m██[38;2;200;184;152m██[38;2;144;136;48m██[38;2;200;184;152m██[38;2;64;64;64m████[38;2;144;80;144m████[38;2;64;64;64m██[38;2;208;144;208m████[38;2;0;0;0m██
[38;2;0;0;0m                      ██[38;2;200;184;152m████[38;2;64;64;64m██[38;2;192;176;64m██████[38;2;240;216;104m██[38;2;192;88;104m██[38;2;248;96;56m██████[38;2;64;64;64m██[38;2;200;184;152m████[38;2;144;136;48m██[38;2;200;184;152m████[38;2;64;64;64m████████[38;2;0;0;0m████  
[38;2;0;0;0m                    ██[38;2;192;88;104m██[38;2;64;64;64m██[38;2;200;184;152m████[38;2;64;64;64m████████[38;2;240;216;104m██[38;2;192;88;104m██[38;2;248;96;56m██[38;2;64;64;64m██[38;2;200;184;152m████[38;2;144;136;48m██[38;2;200;184;152m████[38;2;64;64;64m██[38;2;248;248;248m██████[38;2;0;0;0m██      
[38;2;0;0;0m                  ██[38;2;192;88;104m██████[38;2;64;64;64m██[38;2;200;184;152m██[38;2;64;64;64m██[38;2;192;88;104m██[38;2;152;64;72m██[38;2;192;88;104m██[38;2;64;64;64m██[38;2;192;176;64m████[38;2;64;64;64m██[38;2;200;184;152m██[38;2;144;136;48m██[38;2;200;184;152m████[38;2;64;64;64m████[38;2;176;176;176m████[38;2;248;248;248m██[38;2;176;176;176m██[38;2;0;0;0m██    
[38;2;0;0;0m                    ████[38;2;152;64;72m██[38;2;248;96;56m██[38;2;64;64;64m██[38;2;248;96;56m████[38;2;152;64;72m██[38;2;192;88;104m████[38;2;64;64;64m████[38;2;200;184;152m██[38;2;144;136;48m██[38;2;200;184;152m██[38;2;64;64;64m████[38;2;192;88;104m████[38;2;64;64;64m██[38;2;248;248;248m██[38;2;176;176;176m██[38;2;248;248;248m██[38;2;0;0;0m██    
[38;2;0;0;0m                      ██[38;2;248;96;56m██████████[38;2;152;64;72m██[38;2;248;96;56m██[38;2;192;88;104m██[38;2;64;64;64m██[38;2;200;184;152m██[38;2;64;64;64m██████[38;2;152;64;72m██[38;2;192;88;104m████[38;2;152;64;72m██[38;2;192;88;104m██[38;2;64;64;64m████[38;2;0;0;0m██      
[38;2;0;0;0m                    ██[38;2;248;96;56m██████████[38;2;152;64;72m██[38;2;248;96;56m████[38;2;152;64;72m██[38;2;64;64;64m████[38;2;248;96;56m████████[38;2;152;64;72m██[38;2;192;88;104m████[38;2;152;64;72m██[38;2;192;88;104m████[38;2;0;0;0m██      
[38;2;0;0;0m                    ██[38;2;248;96;56m████████[38;2;152;64;72m██[38;2;248;96;56m██████[38;2;152;64;72m██[38;2;248;96;56m████████████[38;2;192;88;104m██[38;2;152;64;72m██████[38;2;192;88;104m████[38;2;0;0;0m██      
[38;2;0;0;0m                      ██[38;2;248;96;56m████[38;2;152;64;72m██[38;2;248;96;56m████████[38;2;152;64;72m██[38;2;248;96;56m████████████[38;2;192;88;104m██████████[38;2;0;0;0m██        
[38;2;0;0;0m                        ██████[38;2;248;96;56m██████[38;2;152;64;72m██[38;2;248;96;56m████████████████[38;2;192;88;104m██████[38;2;0;0;0m██          
[38;2;0;0;0m                              ██[38;2;248;96;56m████[38;2;152;64;72m██[38;2;248;96;56m████████████████[38;2;192;88;104m██████[38;2;0;0;0m██          
[38;2;0;0;0m                                ██████████[38;2;248;96;56m██████████[38;2;0;0;0m████████            
[38;2;0;0;0m                                          ██[38;2;248;96;56m██████[38;2;0;0;0m██                    
[38;2;0;0;0m                                            ██████                      [0m
