
[38;2;0;0;0m                [38;2;49;49;49m██[38;2;0;0;0m                      
[38;2;0;0;0m              [38;2;49;49;49m██[38;2;139;213;255m██[38;2;49;49;49m██[38;2;0;0;0m                    
[38;2;0;0;0m              [38;2;49;49;49m██[38;2;139;213;255m██[38;2;49;49;49m██[38;2;0;0;0m  [38;2;49;49;49m██[38;2;0;0;0m    [38;2;49;49;49m████[38;2;0;0;0m        
[38;2;0;0;0m              [38;2;49;49;49m██[38;2;106;180;230m██[38;2;74;139;197m██[38;2;49;49;49m██[38;2;139;213;255m██[38;2;49;49;49m████[38;2;106;180;230m██[38;2;139;213;255m██[38;2;49;49;49m██[38;2;0;0;0m      
[38;2;0;0;0m              [38;2;49;49;49m██[38;2;106;180;230m██[38;2;49;49;49m████[38;2;139;213;255m██[38;2;106;180;230m████[38;2;49;49;49m████[38;2;0;0;0m        
[38;2;0;0;0m            [38;2;49;49;49m██[38;2;106;180;230m██[38;2;49;49;49m██[38;2;0;0;0m  [38;2;49;49;49m██[38;2;106;180;230m██[38;2;49;49;49m████[38;2;0;0;0m            
[38;2;0;0;0m            [38;2;49;49;49m██[38;2;65;98;180m██[38;2;82;82;82m██[38;2;49;49;49m██[38;2;106;180;230m██[38;2;82;82;82m██[38;2;49;49;49m██[38;2;0;0;0m              
[38;2;0;0;0m            [38;2;49;49;49m██[38;2;106;180;230m████[38;2;82;82;82m██[38;2;106;180;230m██[38;2;82;82;82m██[38;2;106;180;230m██[38;2;49;49;49m██████[38;2;0;0;0m        
[38;2;0;0;0m          [38;2;49;49;49m██[38;2;106;180;230m██[38;2;139;213;255m██[38;2;65;98;180m██[38;2;106;180;230m████████[38;2;65;98;180m██[38;2;139;213;255m████[38;2;49;49;49m██[38;2;0;0;0m      
[38;2;0;0;0m          [38;2;49;49;49m██[38;2;139;213;255m██[38;2;106;180;230m██████[38;2;74;139;197m██[38;2;106;180;230m██[38;2;65;98;180m██[38;2;106;180;230m██[38;2;139;213;255m██[38;2;49;49;49m██[38;2;0;0;0m        
[38;2;0;0;0m      [38;2;49;49;49m████[38;2;106;180;230m████[38;2;74;139;197m██[38;2;106;180;230m██[38;2;238;123;123m██[38;2;255;255;255m██[38;2;74;139;197m██[38;2;106;180;230m████[38;2;74;139;197m██[38;2;49;49;49m██[38;2;0;0;0m        
[38;2;0;0;0m  [38;2;49;49;49m████[38;2;106;180;230m██[38;2;139;213;255m██[38;2;106;180;230m██[38;2;74;139;197m██[38;2;106;180;230m██[38;2;49;49;49m██[38;2;172;41;41m██[38;2;255;255;255m██[38;2;106;180;230m████[38;2;82;82;82m██[38;2;49;49;49m██[38;2;0;0;0m          
[38;2;49;49;49m██[38;2;74;139;197m██[38;2;139;213;255m████[38;2;106;180;230m████████████████[38;2;82;82;82m██[38;2;49;49;49m██[38;2;0;0;0m      [38;2;49;49;49m████[38;2;0;0;0m  
[38;2;0;0;0m  [38;2;49;49;49m██████████[38;2;106;180;230m██████[38;2;82;82;82m████[38;2;197;238;246m████[38;2;255;255;255m██[38;2;49;49;49m██[38;2;0;0;0m  [38;2;49;49;49m██[38;2;74;139;197m████[38;2;49;49;49m██
[38;2;0;0;0m            [38;2;49;49;49m████[38;2;82;82;82m██[38;2;65;98;180m██[38;2;74;139;197m██[38;2;82;82;82m██[38;2;255;255;255m████[38;2;82;82;82m██[38;2;49;49;49m██[38;2;74;139;197m██[38;2;197;238;246m██[38;2;49;49;49m██[38;2;0;0;0m  
[38;2;0;0;0m                [38;2;49;49;49m██[38;2;74;139;197m████[38;2;106;180;230m██[38;2;82;82;82m████[38;2;65;98;180m██[38;2;74;139;197m██[38;2;197;238;246m██[38;2;148;197;205m██[38;2;49;49;49m██[38;2;0;0;0m  
[38;2;0;0;0m              [38;2;49;49;49m██[38;2;74;139;197m██[38;2;255;197;41m██[38;2;106;180;230m██████[38;2;82;82;82m██[38;2;74;139;197m██[38;2;197;238;246m██[38;2;148;197;205m██[38;2;49;49;49m██[38;2;0;0;0m    
[38;2;0;0;0m              [38;2;49;49;49m██[38;2;255;197;41m████[38;2;172;123;57m██[38;2;106;180;230m██[38;2;74;139;197m██[38;2;82;82;82m██[38;2;148;197;205m████[38;2;197;238;246m██[38;2;49;49;49m██[38;2;0;0;0m    
[38;2;0;0;0m              [38;2;49;49;49m██[38;2;213;148;65m██[38;2;172;123;57m██[38;2;213;148;65m████[38;2;74;139;197m████[38;2;49;49;49m████[38;2;74;139;197m████[38;2;49;49;49m██[38;2;0;0;0m  
[38;2;0;0;0m                [38;2;49;49;49m██[38;2;255;197;41m██[38;2;213;148;65m██[38;2;172;123;57m██[38;2;74;139;197m████[38;2;49;49;49m██[38;2;0;0;0m  [38;2;49;49;49m████[38;2;0;0;0m    
[38;2;0;0;0m                  [38;2;49;49;49m████[38;2;213;148;65m██[38;2;82;82;82m████[38;2;74;139;197m██[38;2;49;49;49m██[38;2;0;0;0m        
[38;2;0;0;0m                      [38;2;49;49;49m██[38;2;74;139;197m██[38;2;82;82;82m██[38;2;74;139;197m██[38;2;49;49;49m██[38;2;0;0;0m        
[38;2;0;0;0m                      [38;2;49;49;49m██[38;2;74;139;197m██████[38;2;49;49;49m██[38;2;0;0;0m        
[38;2;0;0;0m                        [38;2;49;49;49m██████[38;2;0;0;0m          [0m
