
[38;2;0;0;0m                                          [38;2;0;4;0m██████████[38;2;0;0;0m                                    
[38;2;0;0;0m                                        [38;2;0;4;0m██[38;2;255;198;135m██[38;2;255;181;111m████[38;2;255;165;87m████[38;2;0;4;0m████████[38;2;0;0;0m                            
[38;2;0;0;0m                                      [38;2;0;4;0m██[38;2;255;198;135m████████[38;2;239;169;119m██[38;2;255;198;127m██[38;2;255;198;135m████[38;2;255;170;87m████[38;2;0;4;0m██[38;2;0;0;0m                          
[38;2;0;0;0m                                      [38;2;0;4;0m██[38;2;255;198;135m████████[38;2;206;111;102m██[38;2;255;198;127m██[38;2;255;198;135m██████[38;2;255;170;87m██[38;2;255;165;87m██[38;2;0;4;0m██[38;2;0;0;0m                        
[38;2;0;0;0m                                    [38;2;0;4;0m██[38;2;255;189;143m██[38;2;255;198;135m████[38;2;201;111;105m████[38;2;255;198;135m████████████[38;2;255;168;90m████[38;2;0;4;0m██[38;2;0;0;0m                      
[38;2;0;0;0m                                    [38;2;0;4;0m██[38;2;170;127;95m██[38;2;255;198;135m██[38;2;201;111;105m██[38;2;255;198;135m████████████████[38;2;255;168;90m████[38;2;0;4;0m██[38;2;0;0;0m                      
[38;2;0;0;0m                                  [38;2;0;4;0m██[38;2;255;198;135m████████████████████████[38;2;255;168;90m████[38;2;255;165;87m██[38;2;0;4;0m██[38;2;0;0;0m                    
[38;2;0;0;0m                                [38;2;0;4;0m██[38;2;255;165;87m██[38;2;255;170;87m██[38;2;255;198;135m████████████████████[38;2;255;170;87m██[38;2;255;168;90m████[38;2;255;165;87m████[38;2;0;4;0m██[38;2;0;0;0m                  
[38;2;0;0;0m      [38;2;0;4;0m██[38;2;0;4;8m████[38;2;0;0;0m                    [38;2;0;4;0m██[38;2;255;165;87m██[38;2;255;168;90m████[38;2;255;165;111m██[38;2;170;111;77m██[38;2;0;4;0m████[38;2;255;189;119m████[38;2;255;198;135m████[38;2;255;168;90m████████████[38;2;255;165;87m██[38;2;0;4;0m██[38;2;0;0;0m                
[38;2;0;0;0m    [38;2;0;4;0m██[38;2;255;165;87m██[38;2;255;165;111m██[38;2;170;111;77m██[38;2;0;4;0m██[38;2;0;0;0m                    [38;2;0;4;0m██[38;2;255;168;90m████[38;2;0;4;8m████[38;2;0;0;0m    [38;2;0;4;0m██[38;2;255;189;119m██[38;2;255;198;135m██[38;2;255;170;87m██[38;2;255;168;90m████████████[38;2;255;165;87m████[38;2;0;4;0m██[38;2;0;0;0m              
[38;2;0;0;0m  [38;2;0;4;0m██[38;2;255;168;90m████████[38;2;0;4;0m██[38;2;0;0;0m                    [38;2;0;4;0m██[38;2;206;111;110m██[38;2;0;4;0m██[38;2;0;0;0m          [38;2;0;4;0m██[38;2;255;165;87m████[38;2;255;168;90m████████████████[38;2;0;4;0m██[38;2;0;0;0m              
[38;2;0;0;0m  [38;2;0;4;0m██[38;2;255;168;90m████████[38;2;255;165;87m██[38;2;0;4;0m██[38;2;0;0;0m                    [38;2;0;4;0m██[38;2;0;0;0m              [38;2;0;4;0m██[38;2;255;165;87m██[38;2;255;168;90m████████████████[38;2;0;4;0m██[38;2;0;0;0m              
[38;2;0;0;0m  [38;2;0;4;0m██[38;2;255;168;90m████[38;2;255;165;87m██[38;2;74;74;82m██[38;2;247;173;95m██[38;2;0;8;8m██[38;2;0;0;0m                        [38;2;0;4;0m██[38;2;0;0;0m      [38;2;0;4;0m██[38;2;0;0;0m  [38;2;0;4;0m██[38;2;255;165;87m██[38;2;255;168;90m████[38;2;255;165;87m████[38;2;255;168;90m████[38;2;255;165;87m██[38;2;0;4;0m██[38;2;0;0;0m                
[38;2;0;4;0m██[38;2;255;165;87m██[38;2;255;168;90m████[38;2;74;74;82m████[38;2;82;63;37m██[38;2;0;8;8m██[38;2;0;0;0m              [38;2;0;4;0m██[38;2;0;0;0m      [38;2;0;4;0m██[38;2;255;165;87m██[38;2;0;4;0m██[38;2;0;0;0m  [38;2;0;4;0m██[38;2;255;165;87m██[38;2;0;4;0m██[38;2;0;0;0m  [38;2;0;4;0m██[38;2;255;168;90m████[38;2;131;99;95m████[38;2;255;168;90m████[38;2;255;165;87m██[38;2;0;4;0m██[38;2;0;0;0m                
[38;2;0;4;8m██[38;2;255;165;111m██[38;2;255;165;87m██[38;2;66;66;66m██[38;2;80;91;104m████[38;2;82;63;37m██[38;2;0;8;8m██[38;2;0;0;0m            [38;2;0;4;8m██[38;2;255;165;111m██[38;2;0;4;0m██[38;2;0;0;0m    [38;2;0;4;0m██[38;2;206;111;110m██[38;2;0;4;0m██[38;2;0;0;0m  [38;2;0;4;0m██[38;2;206;119;118m██[38;2;0;20;16m██[38;2;0;0;0m    [38;2;0;8;16m██[38;2;127;90;55m██[38;2;255;168;90m████████[38;2;255;165;103m██[38;2;8;4;8m██[38;2;0;0;0m                
[38;2;0;4;8m██[38;2;170;111;77m██[38;2;255;165;87m██[38;2;66;66;66m██[38;2;80;91;104m██[38;2;66;66;66m██[38;2;247;173;95m██[38;2;0;8;8m██[38;2;0;0;0m            [38;2;0;4;8m██[38;2;170;111;77m██[38;2;206;111;110m██[38;2;0;4;0m██[38;2;0;0;0m  [38;2;0;4;0m██[38;2;206;111;110m██[38;2;0;4;0m████[38;2;206;111;110m██[38;2;69;53;50m████[38;2;0;4;0m████[38;2;255;173;95m████[38;2;255;168;90m████████[38;2;173;111;71m██[38;2;255;165;103m██[38;2;0;4;0m██[38;2;0;0;0m              
[38;2;0;4;0m██[38;2;206;111;110m████[38;2;66;66;66m██[38;2;74;74;82m████[38;2;255;165;87m████[38;2;0;4;0m██[38;2;0;0;0m            [38;2;0;4;0m██[38;2;170;113;79m██[38;2;0;8;16m██[38;2;0;4;0m██[38;2;66;66;66m██████████[38;2;132;99;96m████[38;2;66;66;66m████[38;2;255;165;87m████[38;2;255;168;90m████[38;2;255;165;87m██[38;2;203;110;107m██[38;2;255;165;87m██[38;2;203;110;107m██[38;2;0;4;0m██[38;2;0;0;0m              
[38;2;0;0;0m  [38;2;0;4;0m██[38;2;206;111;110m████[38;2;74;74;82m██[38;2;255;165;87m████[38;2;203;110;107m██[38;2;206;111;110m██[38;2;0;4;0m██[38;2;0;0;0m          [38;2;0;4;0m██[38;2;85;60;48m██[38;2;255;165;111m██[38;2;66;66;66m████[38;2;132;99;96m██████████[38;2;66;66;66m████[38;2;255;165;87m██[38;2;131;99;95m██[38;2;255;165;87m██[38;2;255;168;90m████[38;2;203;110;107m██[38;2;255;165;87m██[38;2;203;110;107m██[38;2;255;165;87m██[38;2;0;4;0m██[38;2;0;0;0m              
[38;2;0;0;0m  [38;2;0;4;0m██[38;2;198;119;118m████[38;2;74;74;82m██[38;2;255;165;87m██[38;2;203;112;107m████[38;2;206;111;110m██[38;2;0;4;0m██[38;2;0;0;0m            [38;2;0;8;8m██[38;2;247;173;95m██[38;2;255;168;90m████[38;2;66;66;66m██████████[38;2;255;165;87m██████[38;2;131;99;95m██[38;2;255;165;87m██████[38;2;203;112;107m████[38;2;206;111;110m██[38;2;0;4;0m██[38;2;0;0;0m                
[38;2;0;0;0m    [38;2;0;16;16m██[38;2;99;67;67m██[38;2;74;74;82m████[38;2;203;112;107m████[38;2;0;4;0m██[38;2;0;0;0m              [38;2;0;8;8m██[38;2;82;63;37m██[38;2;255;168;90m████[38;2;255;165;87m██████████████[38;2;131;99;95m██[38;2;255;165;87m██████[38;2;203;110;107m██[38;2;203;112;107m████[38;2;206;111;110m██[38;2;0;4;0m██[38;2;0;0;0m                
[38;2;0;0;0m    [38;2;0;4;0m██[38;2;206;181;150m██████[38;2;0;4;0m████[38;2;0;0;0m            [38;2;16;0;0m████[38;2;255;168;90m████[38;2;66;61;66m██[38;2;192;124;91m██[38;2;255;165;95m████[38;2;255;165;87m████[38;2;203;112;107m████[38;2;206;111;110m██[38;2;131;100;95m██[38;2;255;165;87m██[38;2;203;110;107m██[38;2;203;112;107m████[38;2;206;111;110m████[38;2;74;61;66m██[38;2;126;107;100m██[38;2;0;4;0m██[38;2;0;0;0m              
[38;2;0;0;0m      [38;2;0;4;0m██[38;2;206;181;150m██[38;2;0;4;0m██[38;2;0;0;0m      [38;2;0;4;0m██[38;2;0;0;0m      [38;2;0;4;0m██[38;2;255;247;247m██[38;2;135;123;123m██[38;2;255;168;90m████[38;2;255;156;103m██[38;2;66;61;66m██[38;2;66;61;74m██[38;2;192;130;88m██[38;2;203;110;107m████[38;2;203;112;107m████[38;2;131;100;95m██[38;2;206;111;110m██[38;2;203;110;107m████[38;2;203;112;107m████[38;2;206;111;110m██[38;2;66;66;66m██[38;2;126;107;100m██[38;2;179;152;133m██[38;2;0;4;0m██[38;2;0;0;0m              
[38;2;0;0;0m      [38;2;0;4;0m██[38;2;173;158;149m██[38;2;8;12;0m██[38;2;0;0;0m    [38;2;0;4;0m██[38;2;255;222;223m██[38;2;0;4;0m██[38;2;0;0;0m  ██[38;2;255;231;231m██[38;2;255;255;255m██[38;2;24;0;0m██[38;2;255;168;90m████████[38;2;255;156;103m██[38;2;66;57;74m██[38;2;66;66;66m████[38;2;66;61;66m████[38;2;206;111;110m████[38;2;203;112;107m████[38;2;206;111;110m████[38;2;66;66;66m██[38;2;170;159;138m██[38;2;170;161;138m████[38;2;0;4;0m██[38;2;0;0;0m              
[38;2;0;0;0m      [38;2;0;4;0m██[38;2;255;231;223m████[38;2;0;4;0m██[38;2;0;0;0m  [38;2;0;4;0m██[38;2;255;222;223m██[38;2;66;65;66m██[38;2;0;4;0m██[38;2;85;77;77m██[38;2;170;154;154m██[38;2;255;255;255m██[38;2;139;127;127m██[38;2;255;168;90m████████[38;2;192;123;93m████[38;2;255;255;255m████[38;2;192;124;91m██[38;2;255;156;103m██[38;2;66;66;66m████[38;2;203;112;107m████[38;2;206;111;110m██[38;2;0;4;0m██[38;2;170;159;138m████[38;2;170;161;138m██[38;2;0;4;0m██[38;2;0;0;0m                
[38;2;0;0;0m        [38;2;0;4;0m██[38;2;255;222;223m████[38;2;0;0;0m██[38;2;66;66;66m██[38;2;255;222;223m████[38;2;66;66;66m██[38;2;82;90;106m██[38;2;255;165;87m██[38;2;203;110;107m████[38;2;255;168;90m████[38;2;222;132;102m████[38;2;255;255;255m██[38;2;0;4;0m██[38;2;255;255;255m██████[38;2;222;132;102m██[38;2;82;90;106m██[38;2;255;222;223m██[38;2;66;66;66m████[38;2;0;4;0m██[38;2;206;111;110m██[38;2;0;4;0m██[38;2;170;155;143m██[38;2;255;222;223m██[38;2;0;4;0m██[38;2;0;0;0m                
[38;2;0;0;0m        [38;2;0;4;0m██[38;2;255;222;223m██[38;2;127;111;111m██[38;2;255;222;223m████[38;2;66;66;66m██[38;2;255;222;223m████[38;2;82;90;106m██[38;2;255;165;87m██████[38;2;255;168;90m████[38;2;222;132;102m██[38;2;255;255;255m████████[38;2;206;110;110m██[38;2;222;132;102m████[38;2;82;90;106m██[38;2;255;222;223m████[38;2;66;66;66m██[38;2;0;4;0m██[38;2;206;111;110m██[38;2;0;4;0m██[38;2;255;231;215m██[38;2;255;222;223m████[38;2;0;4;0m██[38;2;0;0;0m              
[38;2;0;0;0m          [38;2;0;4;0m████[38;2;66;65;66m██[38;2;66;66;66m████[38;2;255;222;223m██[38;2;129;112;113m██[38;2;255;222;223m██[38;2;107;96;102m██[38;2;82;86;106m██[38;2;255;156;95m██[38;2;255;168;90m████[38;2;197;126;99m████[38;2;203;110;107m████[38;2;255;168;90m████[38;2;197;178;152m██[38;2;82;90;90m██[38;2;255;225;223m████[38;2;66;66;66m██[38;2;170;159;138m██[38;2;170;157;143m██[38;2;0;8;0m██[38;2;90;82;80m██[38;2;8;8;8m██[38;2;255;225;223m████[38;2;255;231;223m██[38;2;8;8;8m██[38;2;0;0;0m            
[38;2;0;0;0m              [38;2;0;4;0m██[38;2;206;181;150m████[38;2;66;57;58m██[38;2;255;222;223m██[38;2;107;96;102m██[38;2;255;222;223m██[38;2;82;86;106m██[38;2;197;133;99m██[38;2;255;168;90m████[38;2;82;82;106m██[38;2;255;148;95m██[38;2;255;165;87m████[38;2;255;168;90m████[38;2;82;90;90m██[38;2;255;222;183m██[38;2;255;225;223m████[38;2;66;66;66m██[38;2;170;159;138m██[38;2;170;157;143m██[38;2;255;231;215m██[38;2;255;231;223m██[38;2;90;82;80m██[38;2;255;225;223m████[38;2;90;82;80m████[38;2;0;4;0m██[38;2;0;0;0m          
[38;2;0;0;0m              [38;2;0;4;0m██[38;2;206;181;150m██[38;2;69;63;55m██[38;2;0;4;0m██[38;2;206;181;150m██[38;2;255;222;223m██████[38;2;82;90;106m██[38;2;206;111;110m██[38;2;79;92;106m██[38;2;255;222;223m██[38;2;82;90;106m██[38;2;151;131;138m██[38;2;99;86;99m██[38;2;151;131;138m██[38;2;99;86;99m██[38;2;255;225;223m████[38;2;255;222;223m██[38;2;201;181;149m██[38;2;206;181;150m██[38;2;66;66;66m██████[38;2;255;222;223m████[38;2;129;109;105m████[38;2;74;66;66m██[38;2;206;181;150m██[38;2;132;117;100m██[38;2;0;4;0m██[38;2;0;0;0m        
[38;2;0;0;0m            [38;2;0;4;0m██[38;2;206;181;150m████[38;2;0;4;8m██[38;2;0;0;0m  [38;2;0;4;0m██[38;2;201;181;149m██[38;2;255;222;223m██████[38;2;79;92;106m████[38;2;255;222;223m████[38;2;99;86;99m██[38;2;255;222;215m██[38;2;99;86;99m██[38;2;255;222;215m██[38;2;255;225;223m████[38;2;201;181;149m████[38;2;206;181;150m████[38;2;66;66;66m██[38;2;206;181;150m██[38;2;66;66;66m████[38;2;255;222;215m██[38;2;66;53;50m██[38;2;206;181;150m██[38;2;118;104;94m██[38;2;198;173;150m██[38;2;0;4;0m██[38;2;0;0;0m        
[38;2;0;0;0m          [38;2;0;4;0m██[38;2;203;182;150m████[38;2;0;4;0m██[38;2;0;0;0m      [38;2;0;4;0m████[38;2;170;162;149m██[38;2;255;239;223m██[38;2;255;222;223m████████[38;2;255;231;223m████[38;2;255;222;223m████[38;2;203;182;150m████[38;2;206;181;150m██████[38;2;66;66;66m██[38;2;206;181;150m████[38;2;0;4;0m██[38;2;255;222;223m██[38;2;255;225;223m████[38;2;66;65;66m██[38;2;0;4;0m██[38;2;206;181;150m████[38;2;0;4;0m██[38;2;0;0;0m      
[38;2;0;0;0m        [38;2;0;4;0m██[38;2;127;101;95m██[38;2;132;103;100m██[38;2;203;182;150m██[38;2;0;4;0m██[38;2;0;0;0m          [38;2;0;8;0m████[38;2;173;156;133m██[38;2;200;178;163m██[38;2;201;181;149m████[38;2;195;169;157m██[38;2;134;107;92m██[38;2;129;99;97m████[38;2;132;103;100m██[38;2;203;182;150m██[38;2;206;181;150m██[38;2;66;66;66m████[38;2;206;181;150m██[38;2;0;4;0m████[38;2;0;0;0m  [38;2;0;4;0m██[38;2;255;225;223m████[38;2;0;4;0m██[38;2;0;0;0m  [38;2;0;4;0m██[38;2;206;181;150m████[38;2;0;4;0m██[38;2;0;0;0m    
[38;2;0;0;0m      [38;2;0;4;0m██[38;2;206;181;150m████[38;2;0;4;0m████[38;2;0;0;0m                [38;2;0;4;0m████████[38;2;132;117;100m██[38;2;198;173;150m██[38;2;206;181;150m████[38;2;198;173;150m██[38;2;132;117;100m██[38;2;0;4;0m████████[38;2;0;0;0m      [38;2;0;4;0m██[38;2;255;225;223m████[38;2;0;4;0m██[38;2;0;0;0m  [38;2;0;4;0m██[38;2;206;181;150m██[38;2;132;103;100m████[38;2;0;4;0m██[38;2;0;0;0m  
[38;2;0;0;0m        [38;2;0;4;0m████[38;2;0;0;0m                            [38;2;0;4;0m████████████[38;2;0;0;0m              [38;2;0;4;0m██[38;2;255;225;223m████[38;2;255;222;223m██[38;2;0;4;0m██[38;2;0;0;0m  [38;2;0;4;0m██[38;2;132;103;100m██[38;2;239;214;183m████[38;2;0;4;0m██
[38;2;0;0;0m                                                                    [38;2;0;4;0m██[38;2;255;222;223m██[38;2;255;222;215m██[38;2;0;0;0m██    [38;2;0;4;0m██████[38;2;0;0;0m  
[38;2;0;0;0m                                                                    [38;2;0;4;0m██[38;2;255;222;223m██[38;2;127;111;107m████[38;2;0;4;0m██[38;2;0;0;0m          
[38;2;0;0;0m                                                                      [38;2;0;4;0m██[38;2;127;113;107m██[38;2;255;222;215m██[38;2;255;222;223m██[38;2;0;4;0m██[38;2;0;0;0m        
[38;2;0;0;0m                                                                        [38;2;0;4;0m██████[38;2;0;0;0m          [0m
