
[38;2;0;0;0m              [38;2;49;49;49m████[38;2;0;0;0m                        
[38;2;0;0;0m            [38;2;49;49;49m██[38;2;82;82;82m██[38;2;164;205;222m██[38;2;49;49;49m██[38;2;0;0;0m                      
[38;2;0;0;0m            [38;2;49;49;49m██[38;2;164;205;222m██████[38;2;49;49;49m██[38;2;0;0;0m                    
[38;2;0;0;0m          [38;2;49;49;49m██[38;2;164;205;222m██[38;2;222;172;115m██[38;2;164;205;222m██[38;2;82;82;82m██[38;2;49;49;49m██████[38;2;0;0;0m    [38;2;49;49;49m██████[38;2;0;0;0m      
[38;2;0;0;0m          [38;2;49;49;49m██[38;2;222;172;115m██[38;2;246;197;148m██[38;2;82;82;82m██[38;2;164;205;222m██████[38;2;123;164;189m██[38;2;49;49;49m████[38;2;164;205;222m██████[38;2;49;49;49m██[38;2;0;0;0m    
[38;2;0;0;0m          [38;2;49;49;49m██[38;2;246;197;148m██[38;2;82;82;82m██[38;2;164;205;222m██████████[38;2;82;82;82m██[38;2;164;205;222m██████████[38;2;49;49;49m██[38;2;0;0;0m  
[38;2;0;0;0m      [38;2;49;49;49m██████[38;2;82;82;82m██[38;2;213;238;246m██[38;2;123;164;189m██[38;2;164;205;222m██████████████[38;2;148;106;57m████[38;2;164;205;222m████[38;2;49;49;49m██
[38;2;0;0;0m  [38;2;49;49;49m████[38;2;180;164;131m██[38;2;213;197;156m██[38;2;82;82;82m██[38;2;123;164;189m████[38;2;164;205;222m██████[38;2;123;164;189m██████[38;2;164;205;222m██[38;2;148;106;57m██[38;2;246;197;148m████[38;2;148;106;57m██[38;2;164;205;222m██[38;2;49;49;49m██
[38;2;49;49;49m██[38;2;213;197;156m████[38;2;180;164;131m██[38;2;213;197;156m██[38;2;82;82;82m██[38;2;164;205;222m██[38;2;82;82;82m████[38;2;164;205;222m████[38;2;123;164;189m██[38;2;213;238;246m████[38;2;123;164;189m██[38;2;148;106;57m██[38;2;246;197;148m██████[38;2;49;49;49m██[38;2;0;0;0m  
[38;2;49;49;49m██[38;2;213;197;156m██[38;2;180;164;131m██[38;2;148;106;57m████[38;2;82;82;82m████[38;2;115;115;115m████[38;2;82;82;82m██[38;2;164;205;222m████[38;2;123;164;189m██████[38;2;164;205;222m██[38;2;148;106;57m██[38;2;246;197;148m██[38;2;82;82;82m██[38;2;49;49;49m██[38;2;0;0;0m  
[38;2;49;49;49m██[38;2;148;106;57m██████████[38;2;82;82;82m██[38;2;115;115;115m████[38;2;82;82;82m██[38;2;164;205;222m██[38;2;49;49;49m██[38;2;164;205;222m██████[38;2;123;164;189m██[38;2;49;49;49m██████[38;2;0;0;0m    
[38;2;0;0;0m  [38;2;49;49;49m██[38;2;148;106;57m██[38;2;90;65;49m██[38;2;148;106;57m████[38;2;82;82;82m██[38;2;115;115;115m██[38;2;82;82;82m████[38;2;123;164;189m████[38;2;49;49;49m████[38;2;123;164;189m██[38;2;49;49;49m██[38;2;0;0;0m          
[38;2;0;0;0m  [38;2;49;49;49m██[38;2;148;106;57m██[38;2;90;65;49m██[38;2;148;106;57m██[38;2;82;82;82m██[38;2;123;164;189m██[38;2;82;82;82m████████[38;2;123;164;189m██████[38;2;82;82;82m██[38;2;213;238;246m██[38;2;49;49;49m██[38;2;0;0;0m        
[38;2;0;0;0m    [38;2;49;49;49m██[38;2;148;106;57m████[38;2;82;82;82m████[38;2;123;164;189m████████[38;2;82;82;82m████[38;2;213;238;246m████[38;2;82;82;82m██[38;2;49;49;49m██[38;2;0;0;0m        
[38;2;0;0;0m    [38;2;49;49;49m██[38;2;148;106;57m████████[38;2;82;82;82m████[38;2;123;164;189m██[38;2;164;205;222m██████[38;2;82;82;82m████[38;2;49;49;49m██[38;2;0;0;0m          
[38;2;0;0;0m      [38;2;49;49;49m██[38;2;148;106;57m██[38;2;90;65;49m██[38;2;148;106;57m████[38;2;82;82;82m██████[38;2;164;205;222m████████[38;2;49;49;49m██[38;2;0;0;0m          
[38;2;0;0;0m      [38;2;49;49;49m██[38;2;148;106;57m██[38;2;90;65;49m██[38;2;148;106;57m██[38;2;82;82;82m██[38;2;164;205;222m████████████[38;2;82;139;164m██[38;2;213;238;246m██[38;2;49;49;49m██[38;2;0;0;0m        
[38;2;0;0;0m        [38;2;49;49;49m██[38;2;180;164;131m████[38;2;82;82;82m██[38;2;164;205;222m████████████[38;2;82;139;164m██[38;2;213;238;246m██[38;2;49;49;49m██[38;2;0;0;0m        
[38;2;0;0;0m          [38;2;49;49;49m██████████[38;2;123;164;189m██[38;2;164;205;222m████[38;2;82;139;164m██[38;2;213;238;246m██[38;2;49;49;49m██[38;2;0;0;0m          
[38;2;0;0;0m                    [38;2;49;49;49m██████████[38;2;0;0;0m            [0m
