
[38;2;0;0;0m      ██████                                            
[38;2;0;0;0m    ██[38;2;170;88;63m██[38;2;255;132;95m██[38;2;247;132;95m██[38;2;0;0;0m██                                          
[38;2;0;0;0m    ██[38;2;247;132;95m████[38;2;66;66;66m██[38;2;0;0;0m██                                          
[38;2;0;0;0m  ██[38;2;247;132;95m████[38;2;66;66;66m██[38;2;0;0;0m██                                            
[38;2;0;0;0m██[38;2;247;132;95m██[38;2;198;89;70m██[38;2;66;66;66m████[38;2;0;4;8m████[38;2;0;0;0m                                ████      
[38;2;0;0;0m██[38;2;198;89;70m████[38;2;66;66;66m████[38;2;82;49;40m██[38;2;247;140;103m██[38;2;0;0;0m██                            ██[38;2;255;132;95m██[38;2;170;88;63m██[38;2;0;0;0m██    
[38;2;0;0;0m██[38;2;198;90;70m██████[38;2;66;66;66m████[38;2;247;132;95m██[38;2;255;132;95m██[38;2;0;0;0m██                        ██[38;2;247;132;95m██████[38;2;255;132;95m██[38;2;8;0;0m██[38;2;0;0;0m  
[38;2;0;0;0m  ██[38;2;198;90;70m████[38;2;66;66;66m██[38;2;247;132;95m████[38;2;170;88;63m██[38;2;0;0;0m██  ██                  ██  ██[38;2;247;132;95m████[38;2;255;132;95m██[38;2;173;88;63m██[38;2;0;0;0m██
[38;2;0;0;0m    ██[38;2;66;66;66m██[38;2;192;121;96m██[38;2;189;99;77m██[38;2;0;4;8m██[38;2;0;0;0m██  ██[38;2;247;132;95m██[38;2;0;0;0m██    ██        [38;2;8;0;0m██[38;2;255;132;95m██[38;2;0;0;0m██[38;2;66;66;66m████[38;2;247;132;95m██████[38;2;0;0;0m██
[38;2;0;0;0m  ██[38;2;247;206;159m██[38;2;192;121;96m██[38;2;66;66;66m██[38;2;94;51;42m██[38;2;0;4;8m██[38;2;0;0;0m    ██[38;2;247;132;95m██[38;2;0;0;0m██  ██[38;2;247;132;95m██[38;2;0;0;0m██    ██[38;2;173;88;63m██[38;2;255;132;95m██[38;2;66;66;66m██████[38;2;247;132;95m██████[38;2;0;0;0m██
[38;2;0;0;0m  ██[38;2;247;206;159m██████[38;2;255;214;167m██[38;2;0;0;8m██[38;2;0;0;0m  ██[38;2;255;247;239m██[38;2;175;165;159m██[38;2;247;132;95m██[38;2;0;0;0m██[38;2;247;132;95m████[38;2;173;88;63m██[38;2;8;0;0m██[38;2;0;0;0m  ██[38;2;198;90;70m████[38;2;66;66;66m████[38;2;198;89;70m██[38;2;247;132;95m██[38;2;255;132;95m██[38;2;173;88;63m██[38;2;0;0;0m██
[38;2;0;0;0m    ██[38;2;247;206;159m████[38;2;85;71;61m██[38;2;170;143;114m██[38;2;0;0;0m██[38;2;247;132;95m██[38;2;255;247;239m██[38;2;16;0;0m██[38;2;247;132;95m████████[38;2;255;132;95m████[38;2;0;0;0m██  ██[38;2;198;90;70m████[38;2;66;66;66m██[38;2;198;89;70m████[38;2;173;88;63m██[38;2;8;0;0m██[38;2;0;0;0m  
[38;2;0;0;0m      ██[38;2;181;148;125m████[38;2;66;66;66m██[38;2;247;206;159m██[38;2;66;66;66m██[38;2;228;140;113m██[38;2;255;255;247m██[38;2;247;132;95m████[38;2;255;255;255m██[38;2;0;0;0m██[38;2;255;255;247m██[38;2;228;142;118m██[38;2;247;140;103m██[38;2;0;4;8m██[38;2;0;0;0m  [38;2;115;99;75m██[38;2;74;57;58m██[38;2;164;123;100m██[38;2;198;90;70m████[38;2;0;0;0m██    
[38;2;0;0;0m        ██[38;2;66;66;66m████[38;2;187;159;128m██[38;2;66;66;66m██[38;2;214;82;46m██[38;2;228;140;113m██[38;2;247;132;95m██[38;2;255;255;255m██████[38;2;255;255;247m██[38;2;214;86;54m██[38;2;82;49;40m██[38;2;0;4;8m██[38;2;0;0;0m██[38;2;231;198;151m██[38;2;255;189;143m██[38;2;74;57;58m██[38;2;0;0;0m████      
[38;2;0;0;0m      [38;2;0;4;0m██[38;2;181;148;125m████[38;2;0;0;0m██[38;2;247;206;159m████[38;2;66;66;66m██[38;2;192;121;96m██[38;2;198;90;70m████████[38;2;164;123;100m██[38;2;74;57;58m██[38;2;247;206;159m████[38;2;66;66;66m██[38;2;187;159;128m██[38;2;247;206;159m████[38;2;0;0;0m██        
[38;2;0;0;0m    ██[38;2;181;148;125m██[38;2;121;100;83m██[38;2;0;0;0m██  ██[38;2;247;206;159m██[38;2;192;121;96m██[38;2;66;66;66m██[38;2;198;90;70m██[38;2;66;65;66m██[38;2;66;66;66m████[38;2;74;57;58m██[38;2;255;189;143m██[38;2;66;66;66m██[38;2;247;206;159m████[38;2;66;66;66m██████[38;2;0;0;0m██        
[38;2;0;0;0m    ██████    ██[38;2;247;206;159m████[38;2;66;61;66m██[38;2;66;66;66m██[38;2;247;206;159m██████[38;2;132;107;84m██[38;2;247;206;159m██[38;2;66;66;66m████[38;2;247;206;159m████[38;2;0;0;0m██[38;2;126;99;83m██[38;2;132;110;84m██[38;2;0;0;0m██      
[38;2;0;0;0m                ██[38;2;187;158;128m██[38;2;247;206;159m████████[38;2;181;148;125m██[38;2;189;156;121m██[38;2;132;107;84m██[38;2;181;148;125m████[38;2;0;0;8m██[38;2;82;69;58m██[38;2;189;148;125m██[38;2;0;0;0m██[38;2;132;110;84m████[38;2;0;0;0m██    
[38;2;0;0;0m                  ████[38;2;181;148;125m████████████[38;2;0;0;0m████  ██[38;2;181;148;125m████[38;2;0;0;0m██████    
[38;2;0;0;0m                      ████████████        ██[38;2;181;148;125m██[38;2;0;0;0m██        
[38;2;0;0;0m                                            ████        [0m
