
[38;2;0;0;0m        ██████              ████████                            
[38;2;0;0;0m      ██[38;2;66;66;66m██[38;2;74;123;162m████[38;2;0;0;0m██        ████[38;2;115;206;251m██[38;2;99;198;251m████[38;2;82;181;250m██[38;2;0;0;0m██                          
[38;2;0;0;0m      [38;2;8;0;0m██[38;2;79;126;162m██[38;2;74;123;162m██████[38;2;0;0;0m██    ██[38;2;82;181;250m██[38;2;119;210;251m████████[38;2;82;181;250m████[38;2;0;0;0m██                        
[38;2;0;0;0m  ████[38;2;44;63;81m██[38;2;79;126;162m██[38;2;66;66;66m██[38;2;74;123;162m████[38;2;0;0;0m██████[38;2;82;181;250m██████[38;2;119;210;251m████[38;2;82;181;250m██████[38;2;0;0;0m██                        
[38;2;0;0;0m██[38;2;82;181;250m████[38;2;66;66;66m████[38;2;90;133;158m██[38;2;66;61;66m██[38;2;66;66;66m██[38;2;115;206;251m██[38;2;90;189;250m██[38;2;66;66;66m██[38;2;82;181;250m██████[38;2;66;66;66m████[38;2;82;181;250m██████[38;2;0;0;0m██                        
[38;2;0;0;0m██[38;2;74;123;166m██[38;2;82;181;250m████[38;2;74;123;158m██[38;2;66;61;66m██[38;2;115;206;251m██████[38;2;90;189;250m████[38;2;82;181;250m████[38;2;66;66;66m██[38;2;82;181;250m████[38;2;74;123;158m██[38;2;82;181;250m████[38;2;0;0;0m██                        
[38;2;0;0;0m  ██[38;2;74;123;162m██[38;2;82;181;250m████████████████████[38;2;66;66;66m██[38;2;82;181;250m██████[38;2;90;181;250m██[38;2;0;0;0m██                          
[38;2;0;0;0m    ██[38;2;82;181;250m██████████[38;2;74;123;166m██[38;2;82;181;250m████[38;2;66;66;66m██[38;2;74;123;158m██[38;2;66;66;66m██[38;2;74;123;158m██[38;2;82;181;250m████[38;2;60;121;167m██[38;2;0;0;0m██                          
[38;2;0;0;0m      ██[38;2;99;198;251m██[38;2;82;181;250m████[38;2;74;123;166m██[38;2;82;181;250m██[38;2;143;170;169m██[38;2;71;85;85m██[38;2;255;255;255m██[38;2;74;123;162m██[38;2;74;123;158m██[38;2;66;66;66m██[38;2;0;0;0m██████                            
[38;2;0;0;0m    ██[38;2;66;132;167m██[38;2;99;198;251m██[38;2;82;181;250m████[38;2;74;123;166m██[38;2;82;181;250m██[38;2;214;255;254m██[38;2;0;0;0m██[38;2;255;255;255m████[38;2;82;181;250m██[38;2;74;123;158m██[38;2;74;123;162m██[38;2;0;0;0m██                              
[38;2;0;0;0m    ██[38;2;118;209;251m████[38;2;82;181;250m██████[38;2;74;123;158m██[38;2;0;0;0m██[38;2;82;82;82m██[38;2;255;255;255m██[38;2;82;181;250m██████[38;2;74;123;162m██[38;2;0;0;0m██                              
[38;2;0;0;0m  ██[38;2;115;206;251m██[38;2;118;209;251m████[38;2;82;181;250m██████[38;2;66;66;66m██[38;2;82;82;82m██[38;2;247;247;247m██[38;2;82;181;250m██████[38;2;74;123;166m██[38;2;74;123;162m██[38;2;0;0;0m██                              
[38;2;0;0;0m  ██[38;2;115;206;251m████[38;2;82;181;250m██████████████████[38;2;41;78;113m██[38;2;90;115;133m██[38;2;74;123;162m██[38;2;0;0;0m██                              
[38;2;0;0;0m  ██[38;2;115;206;251m██[38;2;82;181;250m████[38;2;60;82;116m██[38;2;82;181;250m██████████[38;2;66;66;66m████[38;2;189;189;173m██[38;2;90;115;133m██[38;2;0;0;0m██                                
[38;2;0;0;0m    ██[38;2;60;121;167m██[38;2;90;181;250m██[38;2;82;181;250m████[38;2;66;66;66m████████[38;2;203;181;150m████[38;2;206;181;150m██[38;2;74;123;162m██[38;2;70;70;66m██[38;2;0;0;0m██      ████                    
[38;2;0;0;0m      ████[38;2;74;123;166m████[38;2;206;181;150m████████[38;2;203;181;150m████[38;2;74;123;162m████[38;2;70;70;66m██[38;2;140;140;132m██[38;2;0;0;0m██  ██[38;2;173;173;173m██[38;2;99;115;127m██[38;2;0;0;0m██                  
[38;2;0;0;0m          ████████[38;2;173;167;141m████[38;2;205;181;149m██[38;2;255;231;191m██[38;2;82;181;250m██[38;2;66;66;66m██[38;2;143;140;129m████[38;2;58;63;58m██[38;2;0;4;0m██[38;2;176;178;176m████[38;2;189;189;181m██[38;2;8;4;0m██[38;2;0;0;0m                  
[38;2;0;0;0m                  [38;2;8;8;8m██[38;2;255;247;207m██[38;2;255;231;191m████[38;2;82;181;250m██[38;2;66;66;66m██[38;2;143;140;129m██[38;2;178;177;176m██[38;2;173;181;173m████[38;2;176;178;176m████[38;2;68;66;60m██[38;2;129;127;121m██[38;2;0;0;0m██                
[38;2;0;0;0m                  ██[38;2;255;231;191m██████[38;2;82;181;250m██[38;2;66;66;66m██[38;2;176;176;176m██████[38;2;66;66;66m████[38;2;176;176;176m██[38;2;178;177;176m██[38;2;143;140;129m██[38;2;140;140;132m██[38;2;0;0;0m██████          
[38;2;0;0;0m              ████[38;2;255;231;191m██████[38;2;82;181;250m████[38;2;66;66;66m██[38;2;99;115;131m██[38;2;176;176;176m██[38;2;66;66;66m██[38;2;176;176;176m████[38;2;66;66;66m██[38;2;178;177;176m████[38;2;140;140;132m██[38;2;70;70;66m██[38;2;119;127;127m████[38;2;0;0;0m██        
[38;2;0;0;0m            ██[38;2;187;176;160m██[38;2;66;66;66m██[38;2;252;231;194m████[38;2;255;231;191m██[38;2;82;181;250m████[38;2;66;66;66m██[38;2;173;176;176m██[38;2;115;121;120m██[38;2;178;177;175m████[38;2;176;176;176m██[38;2;66;66;66m██[38;2;176;178;176m████[38;2;178;177;176m██[38;2;143;140;129m██[38;2;143;143;127m████[38;2;0;0;0m██        
[38;2;0;0;0m            ██[38;2;66;66;66m██[38;2;247;231;207m██[38;2;252;231;194m████[38;2;255;231;191m██[38;2;82;181;250m██████[38;2;57;66;65m██[38;2;173;176;176m██[38;2;101;115;128m████[38;2;176;176;176m████[38;2;176;178;176m████[38;2;143;140;129m████[38;2;143;143;127m██[38;2;0;0;0m██          
[38;2;0;0;0m          ██[38;2;143;143;127m██[38;2;66;66;66m██[38;2;255;231;191m██[38;2;252;231;194m████[38;2;255;231;191m██[38;2;82;181;250m██████[38;2;66;66;66m████[38;2;176;176;176m████[38;2;101;115;128m██[38;2;178;177;175m██[38;2;178;177;176m████[38;2;140;140;129m████[38;2;0;0;0m██            
[38;2;0;0;0m          ██[38;2;143;143;127m██[38;2;66;66;66m██[38;2;255;231;191m██[38;2;252;231;194m████[38;2;255;231;191m██[38;2;82;181;250m████████[38;2;66;66;66m████[38;2;176;176;176m██[38;2;178;177;175m██[38;2;101;115;128m██[38;2;178;177;176m██[38;2;143;140;129m██[38;2;140;140;129m████[38;2;66;66;66m██[38;2;0;0;0m██          
[38;2;0;0;0m          ██[38;2;66;66;66m██[38;2;252;231;194m████████[38;2;255;231;191m██[38;2;82;181;250m██████[38;2;55;115;185m██[38;2;82;181;250m██[38;2;66;66;66m████[38;2;176;176;176m██[38;2;66;66;66m██[38;2;140;140;128m██████[38;2;66;66;66m██[38;2;140;140;132m██[38;2;0;0;0m██          
[38;2;0;0;0m            ██[38;2;252;231;194m████████[38;2;255;231;191m████[38;2;82;181;250m████[38;2;55;115;185m████[38;2;82;181;250m██[38;2;66;66;66m██[38;2;176;176;176m████[38;2;66;66;66m██████[38;2;140;140;128m██[38;2;0;0;0m██            
[38;2;0;0;0m            ██[38;2;252;231;194m████████████[38;2;82;181;250m████[38;2;55;115;185m████[38;2;82;181;250m████[38;2;66;66;66m████[38;2;140;140;128m████[38;2;107;132;147m██[38;2;66;66;66m██[38;2;44;63;81m██[38;2;8;0;0m██[38;2;0;0;0m          
[38;2;0;0;0m            ██[38;2;252;231;194m████████████[38;2;82;181;250m██████[38;2;55;115;185m██[38;2;82;181;250m████[38;2;74;123;162m████[38;2;66;66;66m██████[38;2;107;132;147m██[38;2;79;126;162m████[38;2;0;0;0m████      
[38;2;0;0;0m          [38;2;8;0;0m██[38;2;44;63;81m██[38;2;66;66;66m██[38;2;255;231;191m██[38;2;252;231;194m████████[38;2;255;231;191m██[38;2;82;181;250m████████[38;2;74;123;166m██[38;2;74;126;165m████[38;2;74;123;162m████████████████[38;2;0;0;0m██    
[38;2;0;0;0m    ██████[38;2;79;126;162m████[38;2;66;66;66m██[38;2;255;231;191m██[38;2;252;231;194m████████[38;2;255;231;191m████[38;2;82;181;250m████[38;2;74;123;166m████[38;2;74;126;165m████[38;2;74;123;162m██[38;2;66;66;66m██[38;2;206;181;150m████[38;2;0;0;0m████████      
[38;2;0;0;0m  [38;2;8;0;0m██[38;2;90;181;250m██[38;2;82;181;250m██[38;2;74;123;166m██[38;2;74;126;165m████[38;2;90;115;133m██[38;2;41;78;113m██[38;2;255;239;199m████[38;2;255;231;191m██████[38;2;205;181;149m██[38;2;206;181;150m██[38;2;74;123;162m████████[38;2;66;66;66m██████[38;2;38;63;83m██[38;2;16;4;0m██[38;2;0;0;0m              
[38;2;0;0;0m██[38;2;90;181;250m██[38;2;63;121;167m██[38;2;74;123;166m████[38;2;74;126;165m████[38;2;90;115;133m██[38;2;189;189;173m██[38;2;173;162;135m██[38;2;8;8;8m██[38;2;205;181;149m████████[38;2;206;181;150m████[38;2;66;66;66m██[38;2;74;123;162m██████[38;2;82;181;250m████████[38;2;0;0;0m████████████  
[38;2;0;0;0m  ████[38;2;206;181;150m██████████[38;2;0;0;0m████  ████████████[38;2;239;231;207m██[38;2;119;117;115m██[38;2;57;132;185m██[38;2;118;168;195m██[38;2;82;181;250m████████████████████[38;2;0;0;0m██
[38;2;0;0;0m      ██████████                  [38;2;0;4;24m██[38;2;239;231;207m██[38;2;239;239;215m██[38;2;57;132;185m██[38;2;74;123;166m██████████[38;2;82;181;250m██████[38;2;0;0;0m████  
[38;2;0;0;0m                                    ████[38;2;255;231;191m████████████[38;2;0;0;0m██████      
[38;2;0;0;0m                                        ████████████            [0m
