
[38;2;0;0;0m          [38;2;49;49;49m██[38;2;0;0;0m                        
[38;2;0;0;0m        [38;2;49;49;49m██[38;2;213;139;90m██[38;2;49;49;49m██[38;2;0;0;0m                      
[38;2;0;0;0m      [38;2;49;49;49m██[38;2;213;139;90m████[38;2;49;49;49m██[38;2;0;0;0m          [38;2;49;49;49m██[38;2;0;0;0m          
[38;2;0;0;0m      [38;2;49;49;49m██[38;2;172;98;82m██[38;2;213;139;90m████[38;2;49;49;49m██[38;2;0;0;0m    [38;2;49;49;49m████[38;2;213;139;90m██[38;2;49;49;49m██[38;2;0;0;0m        
[38;2;0;0;0m    [38;2;49;49;49m██[38;2;82;82;82m██[38;2;172;98;82m██[38;2;213;139;90m██[38;2;82;82;82m██[38;2;49;49;49m██[38;2;0;0;0m  [38;2;49;49;49m██[38;2;213;139;90m██████[38;2;49;49;49m██[38;2;0;0;0m        
[38;2;0;0;0m  [38;2;49;49;49m████[38;2;172;98;82m████[38;2;82;82;82m██[38;2;246;213;148m██[38;2;82;82;82m██[38;2;49;49;49m██[38;2;213;139;90m████[38;2;172;98;82m██[38;2;213;139;90m██[38;2;49;49;49m██[38;2;0;0;0m        
[38;2;0;0;0m  [38;2;49;49;49m██[38;2;246;213;148m██[38;2;82;82;82m████[38;2;246;213;148m████[38;2;82;82;82m████████[38;2;172;98;82m██[38;2;49;49;49m██[38;2;0;0;0m      [38;2;49;49;49m████
[38;2;49;49;49m██[38;2;172;139;74m██[38;2;246;213;148m████[38;2;172;139;74m██[38;2;246;213;148m████[38;2;172;139;74m██[38;2;205;172;98m██[38;2;246;213;148m██[38;2;82;82;82m██[38;2;172;98;82m██[38;2;213;139;90m██[38;2;49;49;49m██[38;2;0;0;0m  [38;2;49;49;49m██[38;2;213;139;90m██[38;2;49;49;49m██
[38;2;49;49;49m██[38;2;255;255;255m██[38;2;205;172;98m██[38;2;246;213;148m██████[38;2;205;172;98m██[38;2;246;213;148m██████[38;2;82;82;82m██[38;2;172;98;82m██[38;2;49;49;49m██[38;2;0;0;0m  [38;2;49;49;49m██[38;2;213;139;90m████[38;2;49;49;49m██
[38;2;0;0;0m  [38;2;49;49;49m██[38;2;255;255;255m██[38;2;246;213;148m██████████[38;2;205;172;98m██[38;2;82;82;82m██[38;2;172;98;82m██[38;2;82;82;82m████[38;2;49;49;49m██[38;2;82;82;82m██[38;2;213;139;90m██[38;2;49;49;49m██[38;2;0;0;0m  
[38;2;0;0;0m  [38;2;49;49;49m██[38;2;255;255;255m██[38;2;246;213;148m████[38;2;255;255;255m██[38;2;246;213;148m████████[38;2;82;82;82m██[38;2;106;106;139m████[38;2;213;139;90m██[38;2;82;82;82m██[38;2;172;98;82m██[38;2;213;139;90m██[38;2;49;49;49m██
[38;2;49;49;49m██[38;2;255;255;255m██[38;2;246;213;148m██████[38;2;82;82;82m██[38;2;255;255;255m██[38;2;246;213;148m██[38;2;205;172;98m██[38;2;82;82;82m██[38;2;213;139;90m██[38;2;106;106;139m██████[38;2;213;139;90m██[38;2;49;49;49m████[38;2;0;0;0m  
[38;2;49;49;49m██[38;2;205;172;98m██[38;2;246;98;82m██[38;2;197;57;49m██[38;2;246;213;148m██[38;2;49;49;49m██[38;2;255;255;255m██[38;2;246;213;148m████[38;2;172;139;74m██[38;2;82;82;82m██[38;2;213;139;90m██[38;2;106;106;139m██[38;2;213;139;90m████[38;2;49;49;49m██[38;2;0;0;0m    
[38;2;0;0;0m  [38;2;49;49;49m██[38;2;205;172;98m██[38;2;246;213;148m████[38;2;255;255;255m██[38;2;205;172;98m████[38;2;246;213;148m████[38;2;82;82;82m██[38;2;213;139;90m██████[38;2;172;98;82m██[38;2;49;49;49m██[38;2;0;0;0m    
[38;2;0;0;0m    [38;2;49;49;49m██[38;2;205;172;98m██[38;2;82;82;82m██[38;2;205;172;98m██████[38;2;82;82;82m████[38;2;213;139;90m████[38;2;49;49;49m██[38;2;172;98;82m██[38;2;49;49;49m██[38;2;0;0;0m      
[38;2;0;0;0m    [38;2;49;49;49m████[38;2;172;98;82m██[38;2;82;82;82m██[38;2;49;49;49m██[38;2;205;172;98m██[38;2;49;49;49m██[38;2;172;98;82m██[38;2;213;139;90m██[38;2;49;49;49m██[38;2;0;0;0m  [38;2;49;49;49m████[38;2;0;0;0m      
[38;2;0;0;0m        [38;2;49;49;49m████[38;2;0;0;0m  [38;2;49;49;49m██[38;2;0;0;0m  [38;2;49;49;49m██[38;2;172;98;82m██[38;2;49;49;49m██[38;2;0;0;0m            
[38;2;0;0;0m                  [38;2;49;49;49m████[38;2;0;0;0m              [0m
