
[38;2;0;0;0m            ██            
[38;2;0;0;0m          ██[38;2;148;123;204m██[38;2;0;0;0m██          
[38;2;0;0;0m          ██[38;2;148;123;204m██[38;2;0;0;0m██          
[38;2;0;0;0m        ██[38;2;148;123;204m██[38;2;173;165;205m██[38;2;148;123;204m██[38;2;0;0;0m██        
[38;2;0;0;0m        ██[38;2;148;123;204m██[38;2;173;165;205m██[38;2;148;123;204m██[38;2;0;0;0m██        
[38;2;0;0;0m        [38;2;8;4;0m██[38;2;148;173;204m██[38;2;148;156;204m████[38;2;0;0;0m██        
[38;2;0;0;0m    ████[38;2;148;173;204m██[38;2;55;60;68m██[38;2;148;156;204m██[38;2;66;66;66m██[38;2;156;189;204m██[38;2;0;0;0m████    
[38;2;0;0;0m  ██[38;2;255;255;255m██[38;2;173;167;205m██[38;2;173;165;205m██[38;2;156;192;204m██████[38;2;173;167;205m████[38;2;255;255;255m██[38;2;0;0;0m██  
[38;2;0;0;0m██[38;2;255;255;255m██████[38;2;173;165;205m████████[38;2;173;167;205m██[38;2;255;255;255m██████[38;2;0;0;0m██
[38;2;0;0;0m██[38;2;255;255;255m██████████████████████[38;2;0;0;0m██
[38;2;0;0;0m██[38;2;255;255;255m██████████[38;2;173;181;197m██[38;2;255;255;255m██████████[38;2;0;0;0m██
[38;2;0;0;0m██[38;2;173;181;197m██[38;2;255;255;255m██████[38;2;173;181;197m██[38;2;239;247;255m██[38;2;209;202;185m██[38;2;255;255;255m██████[38;2;170;171;173m██[38;2;0;0;0m██
[38;2;0;0;0m  ██[38;2;255;255;255m████[38;2;173;181;197m██[38;2;255;255;255m██[38;2;148;111;44m██[38;2;239;247;255m██[38;2;173;181;197m████[38;2;170;171;173m██[38;2;0;4;8m██[38;2;0;0;0m  
[38;2;0;0;0m  ██[38;2;127;127;127m████[38;2;255;255;255m████[38;2;206;165;46m██[38;2;255;255;255m██[38;2;123;123;123m██[38;2;255;255;255m██[38;2;123;123;123m██[38;2;0;0;0m██  
[38;2;0;0;0m    ██[38;2;255;255;255m██[38;2;173;181;197m██[38;2;255;255;255m████████[38;2;123;123;123m██[38;2;0;0;0m██    
[38;2;0;0;0m  ██[38;2;255;255;255m██████████████████[38;2;0;0;0m██  
[38;2;0;0;0m    ████[38;2;173;181;197m██[38;2;255;255;255m██████[38;2;170;171;173m██[38;2;0;4;8m██[38;2;0;0;0m██    
[38;2;0;0;0m        ██████████        [0m
