
[38;2;0;0;0m          [38;2;49;49;49m██[38;2;0;0;0m      [38;2;49;49;49m████[38;2;0;0;0m                              
[38;2;0;0;0m        [38;2;49;49;49m██[38;2;255;246;156m██[38;2;49;49;49m██[38;2;0;0;0m  [38;2;49;49;49m██[38;2;164;106;74m████[38;2;49;49;49m██[38;2;0;0;0m  [38;2;49;49;49m████[38;2;0;0;0m                      
[38;2;0;0;0m        [38;2;49;49;49m██[38;2;255;246;156m██[38;2;49;49;49m████[38;2;164;106;74m██████[38;2;82;82;82m██[38;2;49;49;49m██[38;2;82;82;82m██[38;2;189;131;98m██[38;2;49;49;49m██[38;2;0;0;0m                    
[38;2;0;0;0m        [38;2;49;49;49m██[38;2;255;246;156m████[38;2;82;82;82m██[38;2;164;106;74m██[38;2;82;82;82m██[38;2;164;106;74m██[38;2;82;82;82m████[38;2;255;246;156m██[38;2;82;82;82m██[38;2;189;131;98m██[38;2;49;49;49m██[38;2;0;0;0m                  
[38;2;0;0;0m        [38;2;49;49;49m██[38;2;255;246;156m████[38;2;82;82;82m██[38;2;164;106;74m██[38;2;82;82;82m██████[38;2;255;246;156m████[38;2;82;82;82m██[38;2;189;131;98m████[38;2;49;49;49m██[38;2;0;0;0m                
[38;2;0;0;0m          [38;2;49;49;49m██[38;2;255;246;156m████[38;2;82;82;82m██[38;2;189;131;98m██[38;2;82;82;82m██[38;2;255;246;156m████[38;2;82;82;82m██[38;2;189;131;98m██████[38;2;255;246;156m██[38;2;49;49;49m██[38;2;0;0;0m              
[38;2;0;0;0m        [38;2;49;49;49m██[38;2;82;82;82m██[38;2;255;246;156m██[38;2;82;82;82m██[38;2;189;131;98m████[38;2;82;82;82m██[38;2;255;246;156m████[38;2;82;82;82m██[38;2;255;246;156m██[38;2;189;131;98m████[38;2;205;189;115m██[38;2;49;49;49m██[38;2;0;0;0m              
[38;2;0;0;0m        [38;2;49;49;49m██[38;2;205;189;115m██[38;2;82;82;82m██[38;2;189;131;98m████[38;2;82;82;82m██[38;2;255;246;156m████[38;2;82;82;82m██[38;2;189;131;98m██[38;2;82;82;82m██[38;2;255;246;156m██[38;2;189;131;98m████[38;2;255;246;156m██[38;2;49;49;49m██[38;2;0;0;0m            
[38;2;0;0;0m      [38;2;49;49;49m██[38;2;205;189;115m████[38;2;82;82;82m██[38;2;189;131;98m████[38;2;82;82;82m██[38;2;255;246;156m██[38;2;82;82;82m██[38;2;189;131;98m████[38;2;82;82;82m██[38;2;255;246;156m████[38;2;189;131;98m██[38;2;255;246;156m████[38;2;49;49;49m██[38;2;0;0;0m          
[38;2;0;0;0m  [38;2;49;49;49m████[38;2;205;189;115m████[38;2;82;82;82m██[38;2;189;131;98m████████[38;2;82;82;82m██[38;2;189;131;98m██████[38;2;82;82;82m██[38;2;255;246;156m██████████[38;2;49;49;49m██[38;2;0;0;0m          
[38;2;49;49;49m██[38;2;205;189;115m████████[38;2;82;82;82m██[38;2;189;131;98m██████████[38;2;255;255;255m██[38;2;246;123;139m██[38;2;189;131;98m██[38;2;164;106;74m██[38;2;82;82;82m██[38;2;255;246;156m██████████[38;2;49;49;49m██[38;2;0;0;0m        
[38;2;49;49;49m██[38;2;205;189;115m████████[38;2;82;82;82m██[38;2;189;131;98m████████[38;2;82;82;82m██[38;2;49;49;49m██[38;2;246;123;139m██[38;2;164;106;74m████[38;2;82;82;82m██[38;2;255;246;156m██████████[38;2;49;49;49m██[38;2;0;0;0m        
[38;2;0;0;0m  [38;2;49;49;49m██[38;2;82;82;82m██[38;2;205;189;115m██████[38;2;82;82;82m██[38;2;246;123;139m██[38;2;189;131;98m████[38;2;82;82;82m██[38;2;246;123;139m████[38;2;164;106;74m██[38;2;49;49;49m████[38;2;255;246;156m████████████[38;2;49;49;49m██[38;2;0;0;0m      
[38;2;0;0;0m    [38;2;49;49;49m██[38;2;205;189;115m████[38;2;49;49;49m██[38;2;0;0;0m  [38;2;82;82;82m████[38;2;164;106;74m██████[38;2;82;82;82m██[38;2;49;49;49m██[38;2;0;0;0m    [38;2;49;49;49m██[38;2;255;246;156m██████████[38;2;49;49;49m████[38;2;0;0;0m    
[38;2;0;0;0m      [38;2;49;49;49m████[38;2;0;0;0m  [38;2;49;49;49m██[38;2;82;82;82m██[38;2;205;189;115m██[38;2;82;82;82m██████[38;2;164;106;74m██[38;2;82;82;82m██[38;2;49;49;49m██[38;2;0;0;0m  [38;2;49;49;49m██[38;2;255;246;156m██████████████[38;2;49;49;49m██[38;2;0;0;0m  
[38;2;0;0;0m            [38;2;49;49;49m██[38;2;205;189;115m████[38;2;255;246;156m██████[38;2;82;82;82m██[38;2;189;131;98m████[38;2;49;49;49m██[38;2;82;82;82m██[38;2;255;246;156m████████████████[38;2;49;49;49m██
[38;2;0;0;0m            [38;2;49;49;49m██[38;2;82;82;82m██[38;2;205;189;115m██[38;2;255;246;156m████[38;2;205;189;115m██[38;2;82;82;82m██[38;2;189;131;98m██[38;2;139;82;65m████[38;2;82;82;82m██[38;2;205;189;115m██[38;2;255;246;156m██████████████[38;2;49;49;49m██
[38;2;0;0;0m              [38;2;49;49;49m████[38;2;189;131;98m████[38;2;82;82;82m██[38;2;164;106;74m██[38;2;139;82;65m██[38;2;189;131;98m████[38;2;82;82;82m██[38;2;255;246;156m████████████[38;2;205;189;115m██[38;2;49;49;49m██[38;2;0;0;0m  
[38;2;0;0;0m                  [38;2;49;49;49m██[38;2;82;82;82m████[38;2;164;106;74m██[38;2;255;246;156m██[38;2;139;82;65m██[38;2;189;131;98m██[38;2;49;49;49m██[38;2;255;246;156m██████████████[38;2;49;49;49m██[38;2;0;0;0m  
[38;2;0;0;0m                    [38;2;49;49;49m██[38;2;205;189;115m██[38;2;82;82;82m██[38;2;255;246;156m████[38;2;49;49;49m██[38;2;0;0;0m  [38;2;49;49;49m██[38;2;255;246;156m████[38;2;49;49;49m██[38;2;255;246;156m████[38;2;49;49;49m██[38;2;0;0;0m    
[38;2;0;0;0m                      [38;2;49;49;49m████[38;2;82;82;82m██[38;2;255;246;156m██[38;2;49;49;49m██[38;2;0;0;0m    [38;2;49;49;49m████[38;2;0;0;0m  [38;2;49;49;49m████[38;2;0;0;0m      
[38;2;0;0;0m                          [38;2;49;49;49m████[38;2;0;0;0m                      [0m
