
[38;2;0;0;0m        [38;2;0;4;0m██[38;2;0;0;0m              [38;2;0;4;0m██[38;2;0;0;0m                      
[38;2;0;0;0m      [38;2;0;4;0m██[38;2;107;140;163m██[38;2;0;4;0m██[38;2;0;0;0m          [38;2;0;4;0m██[38;2;107;181;219m██[38;2;0;4;0m██[38;2;0;0;0m                    
[38;2;0;0;0m      [38;2;0;4;0m██[38;2;104;140;160m████[38;2;0;4;0m██[38;2;0;0;0m        [38;2;0;4;0m██[38;2;107;181;219m██[38;2;0;4;0m██[38;2;0;0;0m                    
[38;2;0;0;0m      [38;2;0;4;0m██[38;2;104;140;160m████[38;2;0;4;0m██[38;2;0;0;0m      [38;2;0;4;0m██[38;2;107;181;219m████[38;2;0;4;0m██[38;2;0;0;0m                    
[38;2;0;0;0m      [38;2;0;4;0m██[38;2;66;66;66m██[38;2;103;140;159m██[38;2;104;139;163m██[38;2;0;4;0m██[38;2;0;0;0m    [38;2;16;4;0m██[38;2;115;181;219m██[38;2;110;181;222m████[38;2;0;4;0m██[38;2;0;0;0m                  
[38;2;0;0;0m      [38;2;0;4;0m██[38;2;66;66;66m████[38;2;104;139;163m██[38;2;0;4;0m██[38;2;0;0;0m  [38;2;0;4;0m██[38;2;115;181;219m██[38;2;49;63;73m██[38;2;110;181;222m████[38;2;0;4;0m██[38;2;0;0;0m                  
[38;2;0;0;0m        [38;2;0;4;0m██[38;2;66;65;66m██[38;2;103;140;159m████[38;2;0;4;0m██[38;2;66;67;66m██[38;2;107;181;219m██[38;2;66;66;66m██[38;2;88;101;112m██[38;2;115;181;219m██[38;2;0;4;0m██[38;2;0;0;0m                  
[38;2;0;0;0m        [38;2;0;4;0m██[38;2;66;65;66m██[38;2;66;66;66m████[38;2;99;99;99m████[38;2;107;181;219m██[38;2;66;66;66m██[38;2;74;61;58m██[38;2;115;181;219m██[38;2;0;4;0m██[38;2;0;0;0m                  
[38;2;0;0;0m          [38;2;0;4;0m██[38;2;107;181;219m██[38;2;96;98;96m████[38;2;107;181;219m██[38;2;74;61;58m██[38;2;88;101;112m██[38;2;66;66;66m██[38;2;107;181;219m██[38;2;123;173;203m██[38;2;16;4;0m██[38;2;0;0;0m                
[38;2;0;0;0m        [38;2;0;4;0m██[38;2;107;181;219m██[38;2;96;98;96m██████[38;2;107;181;219m██[38;2;115;181;219m████[38;2;66;66;66m██[38;2;107;181;219m██[38;2;87;117;135m██[38;2;52;60;68m██[38;2;0;4;0m██[38;2;0;0;0m              
[38;2;0;0;0m      [38;2;0;4;0m██[38;2;110;181;222m████[38;2;96;99;96m████[38;2;110;181;222m████[38;2;107;181;219m████[38;2;115;181;219m██[38;2;88;101;106m██[38;2;94;99;94m██[38;2;66;66;66m██[38;2;99;99;99m██[38;2;0;4;0m██[38;2;0;0;0m            
[38;2;0;0;0m      [38;2;0;4;0m██[38;2;110;181;222m████[38;2;96;99;96m████[38;2;110;181;222m████[38;2;107;181;219m██[38;2;66;66;66m██[38;2;74;61;50m██[38;2;88;101;106m██[38;2;94;99;94m████[38;2;66;67;66m██[38;2;99;99;99m██[38;2;0;4;0m██[38;2;0;0;0m          
[38;2;0;0;0m      [38;2;0;4;0m██[38;2;74;94;106m██[38;2;132;181;212m██[38;2;96;99;96m████[38;2;132;181;212m██[38;2;74;94;106m██[38;2;123;45;43m██[38;2;255;255;247m██[38;2;96;99;96m████████[38;2;66;66;66m██[38;2;94;99;94m██[38;2;94;96;94m██[38;2;0;4;0m██[38;2;0;0;0m        
[38;2;0;0;0m        [38;2;16;8;0m██[38;2;74;94;106m██[38;2;96;99;96m████[38;2;74;94;106m██[38;2;16;8;0m██[38;2;167;115;111m██[38;2;255;255;247m██[38;2;96;99;96m████████[38;2;66;66;66m██[38;2;94;99;94m██[38;2;94;96;94m████[38;2;0;4;0m██[38;2;0;0;0m      
[38;2;0;0;0m        [38;2;0;4;0m██[38;2;66;67;66m██[38;2;96;99;96m████[38;2;85;86;88m██[38;2;255;86;87m████[38;2;96;97;98m██[38;2;96;98;96m████[38;2;123;173;203m██[38;2;52;60;68m██[38;2;94;99;94m██[38;2;66;66;66m██[38;2;96;99;96m████[38;2;0;4;0m██[38;2;0;0;0m      
[38;2;0;0;0m      [38;2;0;4;0m██[38;2;99;99;99m████[38;2;96;99;96m████[38;2;85;86;88m████[38;2;96;97;98m████[38;2;107;181;219m████[38;2;16;4;0m██[38;2;87;117;135m██[38;2;94;99;94m██[38;2;66;66;66m██[38;2;96;99;96m████[38;2;94;96;94m██[38;2;0;4;0m██[38;2;0;0;0m    
[38;2;0;0;0m      [38;2;0;4;0m██[38;2;66;67;66m██[38;2;99;99;99m██[38;2;74;94;106m████[38;2;110;181;222m████[38;2;115;181;219m████[38;2;66;65;66m██[38;2;0;4;0m██[38;2;0;0;0m  [38;2;0;4;0m██[38;2;94;99;94m██[38;2;66;66;66m██[38;2;94;96;94m██████[38;2;0;4;0m██[38;2;0;0;0m    
[38;2;0;0;0m        [38;2;0;4;0m████[38;2;16;8;0m██[38;2;132;181;212m██[38;2;110;181;222m████[38;2;99;143;168m██[38;2;66;66;66m██[38;2;0;4;0m██[38;2;0;0;0m    [38;2;0;4;0m██[38;2;94;99;94m████[38;2;0;4;0m██[38;2;94;96;94m████[38;2;0;4;0m██[38;2;0;0;0m    
[38;2;0;0;0m              [38;2;0;4;0m██[38;2;66;66;66m████[38;2;123;129;112m██[38;2;255;239;143m██[38;2;66;73;71m██[38;2;0;4;0m██[38;2;0;0;0m    [38;2;0;4;0m████[38;2;0;0;0m  [38;2;0;4;0m████[38;2;0;0;0m      
[38;2;0;0;0m            [38;2;0;4;0m██[38;2;94;96;94m██[38;2;255;239;135m████[38;2;255;239;143m██[38;2;57;74;97m██[38;2;99;107;107m████[38;2;0;4;0m██[38;2;0;0;0m                  
[38;2;0;0;0m          [38;2;0;4;0m██[38;2;120;132;134m██[38;2;57;70;73m██[38;2;66;66;66m██[38;2;231;222;159m██[38;2;255;231;111m██[38;2;66;61;58m██[38;2;65;94;109m██[38;2;115;181;219m██[38;2;0;4;0m██[38;2;0;0;0m          [38;2;0;4;0m████[38;2;0;0;0m    
[38;2;0;0;0m          [38;2;0;4;0m██[38;2;57;70;73m██[38;2;247;255;255m██[38;2;231;222;159m██[38;2;66;66;66m██[38;2;192;174;93m████[38;2;16;8;0m██[38;2;115;181;219m██[38;2;107;181;219m██[38;2;0;4;0m██[38;2;0;0;0m      [38;2;0;4;0m██[38;2;104;139;163m████[38;2;0;4;0m██[38;2;0;0;0m  
[38;2;0;0;0m        [38;2;8;4;0m██[38;2;123;140;155m██[38;2;103;140;159m██[38;2;66;66;66m██[38;2;66;61;58m██[38;2;192;180;104m██[38;2;173;163;95m██[38;2;8;12;16m██[38;2;0;0;0m  [38;2;0;4;0m██[38;2;107;181;219m████[38;2;0;4;0m██[38;2;0;0;0m    [38;2;0;4;0m██[38;2;104;139;163m██████[38;2;0;4;0m██
[38;2;0;0;0m      [38;2;0;4;0m██[38;2;85;95;103m████[38;2;103;140;159m██[38;2;66;66;66m██[38;2;255;239;127m████[38;2;255;239;135m██[38;2;90;88;56m██[38;2;0;4;0m██[38;2;66;65;66m██[38;2;107;181;219m██[38;2;96;98;96m██[38;2;0;4;0m██[38;2;0;0;0m  [38;2;0;4;0m██[38;2;107;140;163m██[38;2;104;139;163m██[38;2;0;4;0m██████
[38;2;0;0;0m  [38;2;0;4;0m████[38;2;99;101;95m██[38;2;94;99;94m████[38;2;74;70;66m██[38;2;85;93;98m██[38;2;96;96;98m██[38;2;255;239;135m██[38;2;96;98;96m████[38;2;88;101;112m██[38;2;74;61;58m██[38;2;115;181;219m██[38;2;88;101;106m██[38;2;99;99;99m██[38;2;0;4;0m██[38;2;104;139;163m████[38;2;0;4;0m██[38;2;0;0;0m      
[38;2;0;4;0m██[38;2;198;198;190m██████[38;2;94;99;94m██[38;2;66;66;66m██[38;2;107;140;163m████[38;2;96;96;98m████[38;2;96;98;96m██[38;2;107;181;219m██[38;2;115;181;219m████[38;2;74;61;50m██[38;2;88;101;106m██[38;2;99;99;99m██[38;2;66;67;66m██[38;2;104;139;163m██[38;2;0;4;0m██[38;2;0;0;0m        
[38;2;0;0;0m  [38;2;0;4;0m██[38;2;198;189;190m██[38;2;66;61;66m██[38;2;85;93;98m██[38;2;74;70;66m██[38;2;104;140;160m████[38;2;99;143;168m██[38;2;115;181;219m██[38;2;110;181;222m████[38;2;107;181;219m████[38;2;66;66;66m██[38;2;94;99;94m██[38;2;96;96;96m██[38;2;255;255;255m██[38;2;85;85;85m██[38;2;0;0;0m██        
[38;2;0;0;0m  [38;2;0;4;0m██[38;2;66;61;66m██[38;2;110;104;107m██[38;2;74;70;66m██[38;2;107;140;163m██[38;2;104;140;160m████[38;2;66;66;66m████[38;2;110;181;222m████[38;2;107;181;219m██[38;2;66;66;66m██[38;2;94;99;94m████[38;2;255;255;255m████████[38;2;0;4;0m██[38;2;0;0;0m      
[38;2;0;0;0m    [38;2;0;4;0m████[38;2;66;67;66m████[38;2;103;140;159m████[38;2;107;140;163m██[38;2;0;4;0m██[38;2;107;181;219m██████[38;2;66;66;66m██[38;2;94;99;94m████[38;2;85;85;85m██[38;2;255;255;255m██[38;2;0;4;0m████[38;2;0;0;0m        
[38;2;0;0;0m        [38;2;0;4;0m██[38;2;99;99;99m██[38;2;66;66;66m████[38;2;0;4;0m██[38;2;0;0;0m  [38;2;0;4;0m██[38;2;107;181;219m██████[38;2;66;66;66m██[38;2;94;99;94m██[38;2;85;85;85m██[38;2;0;0;0m██            
[38;2;0;0;0m          [38;2;0;4;0m██[38;2;94;96;94m██[38;2;0;4;0m██[38;2;0;0;0m      [38;2;0;4;0m████[38;2;66;65;66m██[38;2;66;66;66m████[38;2;0;4;0m██[38;2;0;0;0m              
[38;2;0;0;0m      [38;2;0;4;0m████[38;2;94;96;94m██████[38;2;0;4;0m██[38;2;0;0;0m        [38;2;0;4;0m██[38;2;94;99;94m████[38;2;94;96;94m██[38;2;0;4;0m██[38;2;0;0;0m            
[38;2;0;0;0m    [38;2;0;4;0m██[38;2;94;96;94m██[38;2;66;67;66m██[38;2;99;99;99m██[38;2;94;96;94m██[38;2;0;4;0m██[38;2;0;0;0m            [38;2;0;8;0m██[38;2;82;85;82m██[38;2;91;92;91m██[38;2;8;12;8m██[38;2;0;0;0m            
[38;2;0;0;0m      [38;2;0;4;0m████████[38;2;0;0;0m            [38;2;0;4;0m██[38;2;123;123;123m████[38;2;132;132;132m██[38;2;91;92;91m██[38;2;0;4;0m██[38;2;0;0;0m          
[38;2;0;0;0m                          [38;2;0;4;0m██[38;2;66;67;66m██[38;2;99;99;99m██[38;2;66;67;66m██[38;2;99;99;99m██[38;2;0;4;0m██[38;2;0;0;0m          [0m
