
[38;2;0;0;0m                                          [38;2;0;4;0m██[38;2;0;0;0m                            
[38;2;0;0;0m                                    [38;2;0;4;0m██[38;2;0;0;0m  [38;2;0;4;0m██[38;2;255;239;135m██[38;2;0;4;0m██[38;2;0;0;0m                          
[38;2;0;0;0m                                  [38;2;0;4;0m██[38;2;255;247;143m██[38;2;8;8;16m██[38;2;255;239;132m████[38;2;0;4;0m██[38;2;0;0;0m                          
[38;2;0;0;0m                              [38;2;0;4;0m████[38;2;127;101;95m██[38;2;255;247;143m██[38;2;173;167;101m██[38;2;255;239;132m████[38;2;0;4;0m██[38;2;0;0;0m  [38;2;0;4;0m████[38;2;0;0;0m                    
[38;2;0;0;0m                            [38;2;0;0;8m██[38;2;247;231;143m██[38;2;255;239;135m██[38;2;132;103;100m██[38;2;255;239;135m████████[38;2;222;198;142m██[38;2;0;4;0m██[38;2;255;239;135m████[38;2;0;4;0m██[38;2;0;0;0m                  
[38;2;0;0;0m                            [38;2;0;0;8m██[38;2;123;115;75m██[38;2;255;239;135m████[38;2;203;180;152m██[38;2;255;239;135m████[38;2;203;180;152m██[38;2;222;198;142m████[38;2;255;239;135m██[38;2;96;96;98m██[38;2;0;4;0m██[38;2;0;0;0m                  
[38;2;0;0;0m                    [38;2;0;4;0m████[38;2;0;0;0m  [38;2;0;4;0m██[38;2;148;198;92m██[38;2;66;66;66m██[38;2;85;85;88m██[38;2;255;239;135m██████[38;2;203;181;150m████[38;2;206;181;150m████[38;2;93;107;83m██[38;2;66;61;74m██[38;2;148;198;92m██[38;2;0;4;0m██[38;2;0;0;0m  [38;2;0;4;0m████[38;2;0;0;0m          
[38;2;0;0;0m              [38;2;0;4;0m██[38;2;0;0;0m    [38;2;0;4;0m██[38;2;148;198;92m██[38;2;0;4;0m██[38;2;148;198;92m██████[38;2;85;85;88m████[38;2;96;96;98m██[38;2;255;239;135m██[38;2;99;99;99m██[38;2;203;181;150m██[38;2;96;98;93m████[38;2;66;61;74m██[38;2;148;198;100m██[38;2;148;198;92m████[38;2;0;4;0m██[38;2;148;198;92m██[38;2;0;4;0m██[38;2;0;0;0m    [38;2;0;4;0m██[38;2;0;0;0m    
[38;2;0;0;0m            [38;2;0;4;0m██[38;2;148;198;92m██[38;2;0;4;8m████[38;2;151;200;92m████████████[38;2;159;181;117m██[38;2;66;66;66m██[38;2;173;148;133m██[38;2;99;86;83m██[38;2;173;148;133m██[38;2;99;86;83m██[38;2;173;158;138m██[38;2;74;61;66m██[38;2;148;198;92m████[38;2;151;200;92m████████[38;2;156;198;92m██[38;2;8;4;16m██[38;2;0;4;0m██[38;2;148;198;92m██[38;2;0;4;0m██[38;2;0;0;0m  
[38;2;0;0;0m            [38;2;0;4;0m██[38;2;148;198;92m██[38;2;156;198;100m██[38;2;52;69;39m██[38;2;151;200;92m████████████[38;2;66;66;66m██[38;2;159;181;117m██[38;2;124;107;100m████████[38;2;123;109;102m██[38;2;173;158;138m██[38;2;66;66;66m██[38;2;148;198;92m██[38;2;151;200;92m████████[38;2;156;198;92m██[38;2;57;69;41m██[38;2;148;198;92m████[38;2;0;4;0m██[38;2;0;0;0m  
[38;2;0;0;0m          [38;2;0;4;0m██[38;2;90;99;90m██[38;2;156;192;113m██[38;2;151;200;92m████[38;2;148;198;92m████████[38;2;192;239;133m████[38;2;68;63;66m██[38;2;121;109;99m██[38;2;170;160;138m██████████[38;2;132;103;100m██[38;2;66;66;66m██[38;2;189;239;133m██[38;2;192;236;136m██[38;2;148;198;92m██[38;2;148;188;103m████[38;2;151;200;92m████[38;2;148;198;92m████[38;2;94;115;74m██[38;2;0;0;8m██
[38;2;0;0;0m          [38;2;0;4;0m██[38;2;189;239;125m██[38;2;90;99;90m██[38;2;151;200;92m████[38;2;148;198;92m██[38;2;66;66;66m██[38;2;192;236;136m████[38;2;192;239;133m████[38;2;68;63;66m██[38;2;173;156;133m██[38;2;132;103;100m██████████[38;2;170;160;138m██[38;2;66;66;66m██[38;2;189;239;133m██[38;2;192;236;136m████[38;2;189;247;125m██[38;2;66;70;58m██[38;2;151;200;92m████[38;2;148;198;92m██[38;2;94;99;94m██[38;2;189;231;141m██[38;2;0;0;8m██
[38;2;0;0;0m            [38;2;0;4;0m██[38;2;189;239;133m██[38;2;101;120;85m██[38;2;145;184;105m██[38;2;66;66;66m██[38;2;189;239;133m██[38;2;66;70;66m██[38;2;189;247;125m██[38;2;192;239;133m████[38;2;189;239;133m██[38;2;66;66;66m██[38;2;173;156;141m████████[38;2;159;174;122m██[38;2;66;61;66m██[38;2;189;239;133m████████[38;2;66;70;58m██[38;2;189;247;133m██[38;2;66;70;66m██[38;2;148;188;105m██[38;2;96;98;93m██[38;2;189;239;133m██[38;2;0;4;0m██[38;2;0;0;0m  
[38;2;0;0;0m            [38;2;0;4;0m██[38;2;189;239;133m██[38;2;189;247;125m██[38;2;57;57;65m██[38;2;189;239;133m████[38;2;148;188;105m██[38;2;66;70;66m██[38;2;192;239;133m████[38;2;66;66;66m██[38;2;189;239;133m██[38;2;66;66;66m██[38;2;102;96;91m██[38;2;96;99;96m████[38;2;66;61;66m██[38;2;206;231;150m██[38;2;66;66;66m██[38;2;189;239;133m████[38;2;66;66;66m██[38;2;148;188;108m██[38;2;189;247;133m██[38;2;189;247;125m██[38;2;66;70;66m██[38;2;189;239;133m████[38;2;0;4;0m██[38;2;0;0;0m  
[38;2;0;0;0m              [38;2;0;4;0m██[38;2;192;239;133m████████[38;2;189;239;133m██[38;2;66;66;66m██[38;2;189;239;133m██[38;2;66;66;66m██[38;2;192;239;133m████[38;2;189;239;133m██[38;2;66;66;66m██[38;2;189;239;133m██[38;2;66;66;66m██[38;2;192;239;133m████[38;2;189;239;133m██[38;2;66;66;66m██[38;2;189;239;133m██[38;2;66;66;66m██[38;2;192;239;133m████████[38;2;189;239;133m██[38;2;0;4;0m██[38;2;0;0;0m    
[38;2;0;0;0m              [38;2;0;4;0m██[38;2;192;239;133m████████[38;2;189;239;133m████[38;2;66;66;66m██[38;2;189;239;133m██[38;2;192;239;133m████[38;2;189;239;133m████[38;2;66;66;66m██[38;2;189;239;133m██[38;2;192;239;133m████[38;2;189;239;133m████[38;2;66;66;66m██[38;2;189;239;133m██[38;2;192;239;133m████████[38;2;189;239;133m██[38;2;0;4;0m██[38;2;0;0;0m    
[38;2;0;0;0m                [38;2;0;4;0m████[38;2;189;239;133m████████[38;2;192;239;133m████████████████████████████[38;2;189;239;133m██████[38;2;0;4;0m████[38;2;0;0;0m      
[38;2;0;0;0m  [38;2;0;4;0m████[38;2;0;0;0m              [38;2;0;0;8m██[38;2;63;80;50m██[38;2;66;66;66m██[38;2;189;239;133m██[38;2;192;239;133m████████████████████████████[38;2;66;66;66m████[38;2;0;4;0m██[38;2;0;0;0m          
[38;2;0;8;0m██[38;2;206;255;134m██[38;2;189;239;133m██[38;2;0;4;0m██[38;2;0;0;0m          [38;2;0;4;0m██[38;2;201;218;129m██[38;2;148;198;108m██[38;2;239;239;239m██[38;2;0;4;0m██[38;2;77;69;69m████[38;2;66;70;66m██[38;2;189;247;125m██[38;2;206;231;166m████[38;2;189;239;133m████████[38;2;66;66;66m████████[38;2;203;180;152m████[38;2;0;4;0m██[38;2;0;0;0m          
[38;2;0;8;0m██[38;2;137;173;89m██[38;2;189;239;133m████[38;2;0;4;0m██[38;2;0;0;0m        [38;2;0;4;0m██[38;2;255;239;151m██[38;2;201;218;129m██[38;2;239;239;239m██[38;2;0;4;0m██[38;2;77;69;69m██[38;2;148;198;92m██[38;2;148;188;105m██[38;2;66;70;66m██[38;2;206;231;166m██[38;2;66;66;66m██████████[38;2;206;181;150m████████[38;2;203;180;152m██[38;2;255;239;135m████[38;2;0;4;0m██[38;2;0;0;0m        
[38;2;0;0;0m  [38;2;0;4;0m██[38;2;151;200;92m████[38;2;148;189;100m██[38;2;0;0;8m██[38;2;0;4;0m██[38;2;0;0;0m  [38;2;0;0;8m██[38;2;255;239;135m██[38;2;247;231;135m██[38;2;90;66;74m██[38;2;96;74;74m██[38;2;239;173;111m██[38;2;239;173;119m██[38;2;90;70;74m██[38;2;151;154;124m██[38;2;203;204;190m██[38;2;0;4;0m██[38;2;239;239;239m██[38;2;151;200;92m████[38;2;90;82;74m██[38;2;198;206;134m██[38;2;203;180;152m████[38;2;200;184;139m██[38;2;255;239;135m██[38;2;255;239;132m████[38;2;255;239;159m██[38;2;0;4;16m██[38;2;0;0;0m        
[38;2;0;0;0m  [38;2;0;4;0m██[38;2;151;200;92m████[38;2;148;189;100m██[38;2;99;126;69m██[38;2;148;198;92m██[38;2;0;4;0m██[38;2;85;80;50m██[38;2;255;239;135m██[38;2;90;66;74m██[38;2;142;121;94m██[38;2;239;173;111m████[38;2;140;104;89m██[38;2;239;173;119m██[38;2;99;103;59m██[38;2;255;255;255m██[38;2;0;4;0m██[38;2;239;239;239m██[38;2;151;200;92m████[38;2;162;165;114m██[38;2;90;82;74m██[38;2;255;239;135m████[38;2;173;156;141m████[38;2;255;239;132m████[38;2;170;161;111m████[38;2;0;4;0m██[38;2;0;0;0m      
[38;2;0;0;0m    [38;2;0;4;0m██[38;2;148;198;92m██[38;2;151;200;92m████[38;2;148;198;92m████[38;2;66;66;66m██[38;2;255;239;135m██[38;2;90;78;82m██[38;2;231;181;135m██[38;2;239;173;111m████████[38;2;239;176;116m████[38;2;255;255;247m██[38;2;173;115;77m██[38;2;189;239;133m████[38;2;99;74;75m██[38;2;255;239;135m██████[38;2;66;66;66m████[38;2;170;159;138m████[38;2;175;166;125m████[38;2;0;4;0m██[38;2;0;0;0m      
[38;2;0;0;0m      [38;2;0;4;0m██[38;2;151;200;92m████[38;2;148;198;92m██[38;2;0;4;0m██[38;2;66;66;66m██[38;2;255;239;135m██[38;2;184;147;117m██[38;2;90;78;82m██[38;2;96;74;74m██████[38;2;239;173;111m██[38;2;239;176;116m████[38;2;200;162;134m████[38;2;99;74;75m████[38;2;255;239;135m██████[38;2;66;66;66m██[38;2;189;239;133m████[38;2;66;66;66m██[38;2;170;159;138m██[38;2;96;93;106m██[38;2;255;239;143m██[38;2;255;239;135m██[38;2;0;4;0m██[38;2;0;0;0m    
[38;2;0;0;0m      [38;2;0;4;0m██[38;2;151;200;92m████[38;2;0;4;0m██[38;2;0;0;0m  [38;2;0;4;0m██[38;2;173;156;141m██[38;2;173;159;138m████[38;2;96;74;74m██[38;2;239;173;111m██[38;2;132;100;96m██[38;2;99;74;75m██[38;2;90;78;74m████[38;2;99;70;75m██[38;2;247;156;119m██[38;2;231;181;127m██[38;2;90;74;82m██[38;2;173;156;137m████[38;2;247;231;143m██[38;2;66;61;66m██[38;2;90;99;90m██[38;2;189;239;125m██[38;2;189;239;133m██[38;2;66;66;66m██[38;2;156;198;100m██[38;2;57;69;49m██[38;2;0;4;0m██[38;2;0;0;0m      
[38;2;0;0;0m      [38;2;0;4;0m██[38;2;151;200;92m████[38;2;0;4;0m██[38;2;0;0;0m    [38;2;0;4;0m██[38;2;173;159;138m██[38;2;255;239;135m██[38;2;96;74;74m██[38;2;239;173;111m██[38;2;132;100;96m████[38;2;129;89;89m██[38;2;206;111;118m██[38;2;198;127;104m██[38;2;99;70;75m██[38;2;137;110;97m██[38;2;184;145;112m██[38;2;99;74;75m██[38;2;173;156;137m██[38;2;187;174;117m██[38;2;66;61;66m██[38;2;90;99;90m██[38;2;156;192;113m██[38;2;189;239;133m████[38;2;57;69;49m██[38;2;8;4;24m██[38;2;0;0;0m        
[38;2;0;0;0m        [38;2;0;4;0m████[38;2;0;0;0m      [38;2;0;4;0m██[38;2;255;239;135m████[38;2;99;74;75m██[38;2;203;184;115m██[38;2;131;98;95m████[38;2;209;108;118m████[38;2;192;130;109m██[38;2;137;96;100m██[38;2;231;189;135m██[38;2;184;153;117m██[38;2;82;70;74m██[38;2;255;239;135m██[38;2;66;70;58m██[38;2;148;188;108m██[38;2;94;99;94m██[38;2;148;198;92m██[38;2;96;98;93m██[38;2;189;239;133m██[38;2;66;66;66m██[38;2;148;198;92m██[38;2;0;4;0m██[38;2;0;0;0m      
[38;2;0;0;0m                    [38;2;0;4;0m██[38;2;255;239;135m████[38;2;99;74;75m██[38;2;239;173;111m██[38;2;131;98;95m██[38;2;132;103;100m████[38;2;137;96;100m██[38;2;247;165;119m██[38;2;184;153;117m██[38;2;90;82;82m██[38;2;255;239;135m██[38;2;82;70;74m██[38;2;189;247;133m████[38;2;148;198;92m████[38;2;96;98;93m██[38;2;189;239;133m██[38;2;148;198;92m████[38;2;0;4;0m██[38;2;0;0;0m      
[38;2;0;0;0m                    [38;2;0;4;0m██[38;2;206;181;150m██[38;2;173;158;138m████[38;2;96;74;74m██[38;2;173;156;141m██████████[38;2;99;74;83m██[38;2;255;239;159m██[38;2;206;181;150m██[38;2;66;66;66m██[38;2;189;247;125m██[38;2;148;188;105m██[38;2;151;200;92m████[38;2;94;99;94m██[38;2;148;198;92m██[38;2;156;198;100m██[38;2;0;4;8m██[38;2;0;0;0m        
[38;2;0;0;0m                      [38;2;0;4;0m██[38;2;173;158;138m████[38;2;173;156;141m██[38;2;96;74;74m██████████[38;2;203;184;134m████[38;2;206;181;150m████[38;2;66;70;66m████[38;2;151;200;92m████[38;2;148;198;92m████[38;2;52;69;39m██[38;2;0;4;8m██[38;2;0;0;0m        
[38;2;0;0;0m                      [38;2;0;4;0m██[38;2;90;103;90m██[38;2;198;198;134m██[38;2;173;156;137m████[38;2;206;181;150m██████[38;2;173;156;137m██[38;2;173;156;141m████[38;2;206;181;150m██[38;2;173;156;137m██[38;2;173;159;138m██[38;2;206;181;150m██[38;2;66;66;66m████████[38;2;203;181;150m████[38;2;0;4;0m██[38;2;0;0;0m      
[38;2;0;0;0m                    [38;2;0;4;0m██[38;2;148;198;92m██[38;2;162;166;119m██[38;2;90;103;90m██[38;2;206;181;150m██[38;2;173;156;137m██[38;2;173;159;138m██[38;2;206;181;150m██[38;2;173;156;137m████[38;2;96;99;96m██[38;2;173;156;141m██[38;2;173;156;137m████[38;2;206;181;150m████[38;2;94;99;94m████[38;2;206;181;150m████[38;2;203;181;150m██[38;2;99;99;99m██[38;2;206;181;150m██[38;2;0;4;0m██[38;2;0;0;0m    
[38;2;0;0;0m                    [38;2;0;4;0m██[38;2;148;198;92m██[38;2;151;200;92m████[38;2;94;99;94m████[38;2;170;154;133m████[38;2;162;175;114m██[38;2;93;96;93m██[38;2;148;198;100m██[38;2;93;104;88m██[38;2;170;154;133m██[38;2;206;181;150m██[38;2;198;214;142m██[38;2;93;99;96m██[38;2;148;198;92m████[38;2;99;99;99m██[38;2;203;181;150m██[38;2;206;181;150m████[38;2;0;4;0m██[38;2;0;0;0m      
[38;2;0;0;0m                    [38;2;0;4;0m██[38;2;148;198;92m██[38;2;151;200;92m████[38;2;148;198;92m████[38;2;99;99;99m██[38;2;206;181;150m██[38;2;93;96;93m██[38;2;162;175;114m██[38;2;66;57;82m██[38;2;93;104;88m██[38;2;99;99;99m██[38;2;206;181;150m██[38;2;93;99;96m██[38;2;198;214;142m██[38;2;148;198;92m██[38;2;94;99;94m██[38;2;203;181;150m████[38;2;0;4;0m████[38;2;0;0;0m        
[38;2;0;0;0m                      [38;2;0;4;0m██[38;2;148;198;92m████[38;2;148;181;108m██[38;2;99;121;72m██[38;2;0;4;0m████████[38;2;55;60;47m██[38;2;148;181;108m██[38;2;96;98;93m████[38;2;192;239;133m████[38;2;189;231;141m██[38;2;94;115;74m██[38;2;0;4;0m████[38;2;0;0;0m            
[38;2;0;0;0m                        [38;2;0;4;0m████[38;2;0;0;0m████        [38;2;8;0;16m██[38;2;101;121;77m██[38;2;189;239;133m████[38;2;192;239;133m████[38;2;189;231;141m██[38;2;0;0;8m██[38;2;0;0;0m                
[38;2;0;0;0m                                          [38;2;0;4;0m██[38;2;137;173;89m██[38;2;206;255;134m██[38;2;189;239;133m████[38;2;94;96;94m██[38;2;0;4;0m██[38;2;0;0;0m                
[38;2;0;0;0m                                            [38;2;0;8;0m████[38;2;0;4;0m██████[38;2;0;0;0m                  [0m
