
[38;2;0;0;0m        [38;2;0;4;0m██[38;2;255;239;135m██[38;2;255;239;127m██[38;2;170;161;85m██[38;2;0;4;0m██[38;2;0;0;0m                                                              
[38;2;0;0;0m      [38;2;0;4;0m██[38;2;255;239;135m██[38;2;189;165;85m██[38;2;192;165;80m████[38;2;189;165;85m██[38;2;0;4;0m██[38;2;0;0;0m                                                            
[38;2;0;0;0m    [38;2;0;4;0m██[38;2;189;165;85m██████[38;2;66;66;66m████[38;2;189;165;85m██[38;2;0;4;0m██[38;2;0;0;0m                                      [38;2;0;4;0m██████[38;2;0;0;0m                
[38;2;0;0;0m    [38;2;0;4;0m██[38;2;189;165;85m██[38;2;192;165;80m██[38;2;66;66;66m██[38;2;74;71;63m██[38;2;206;198;190m██[38;2;0;4;0m██[38;2;0;0;0m                                      [38;2;8;4;0m██[38;2;173;161;85m██[38;2;189;165;85m██[38;2;255;239;135m██[38;2;0;4;0m████[38;2;0;0;0m            
[38;2;0;0;0m  [38;2;0;4;0m██[38;2;189;165;85m████[38;2;66;66;66m████[38;2;206;198;190m██[38;2;8;8;0m██[38;2;0;0;0m          [38;2;0;4;0m████[38;2;0;0;0m                        [38;2;0;4;0m██[38;2;173;161;85m██[38;2;255;239;127m██[38;2;255;239;135m██[38;2;189;165;85m██[38;2;170;161;85m██[38;2;255;239;127m██[38;2;0;4;0m██[38;2;0;0;0m          
[38;2;0;0;0m  [38;2;0;4;0m██[38;2;189;165;82m████[38;2;66;66;66m████[38;2;198;198;190m██[38;2;0;4;0m██[38;2;0;0;0m        [38;2;0;4;40m██[38;2;255;239;143m██[38;2;255;239;135m██[38;2;0;4;0m██[38;2;0;0;0m    [38;2;0;4;0m████[38;2;0;0;0m              [38;2;0;4;0m██[38;2;255;239;135m██[38;2;66;66;66m████[38;2;255;247;191m██[38;2;255;239;135m██[38;2;189;162;85m██[38;2;255;239;127m██[38;2;8;4;0m██[38;2;0;0;0m        
[38;2;0;0;0m  [38;2;0;4;0m██[38;2;189;165;82m████[38;2;66;66;66m██[38;2;198;198;190m██[38;2;0;4;0m██[38;2;0;0;0m        [38;2;0;4;0m██[38;2;255;239;143m██[38;2;85;82;74m██[38;2;0;4;0m██[38;2;0;0;0m      [38;2;0;4;0m██[38;2;255;239;135m██[38;2;0;4;0m████[38;2;0;0;0m            [38;2;66;66;66m████[38;2;255;247;191m██[38;2;66;66;66m██[38;2;255;239;135m████[38;2;173;161;85m██[38;2;255;239;127m██[38;2;0;4;0m██[38;2;0;0;0m      
[38;2;0;4;0m██[38;2;189;165;85m██[38;2;189;156;101m██[38;2;66;66;74m██[38;2;66;66;66m██[38;2;198;198;190m██[38;2;0;4;0m██[38;2;0;0;0m      [38;2;0;4;0m██[38;2;255;239;135m██[38;2;82;82;66m██[38;2;90;84;142m██[38;2;0;4;0m██[38;2;0;0;0m        [38;2;0;4;0m██[38;2;255;239;135m██[38;2;189;165;85m██[38;2;0;4;0m██[38;2;0;0;0m              [38;2;0;4;0m██[38;2;255;255;255m██[38;2;74;70;90m██[38;2;255;239;135m██[38;2;255;239;132m████[38;2;0;4;0m██[38;2;0;0;0m      
[38;2;0;4;0m██[38;2;189;165;85m██[38;2;148;126;92m██[38;2;66;66;74m██[38;2;66;66;66m██[38;2;198;198;190m██[38;2;0;4;0m██[38;2;0;0;0m      [38;2;0;4;0m██[38;2;255;239;135m██[38;2;82;82;66m██[38;2;90;84;142m██[38;2;198;198;190m██[38;2;0;4;0m██[38;2;0;0;0m    [38;2;0;4;0m██[38;2;66;65;66m██[38;2;255;239;135m██[38;2;189;165;85m████[38;2;0;4;0m██[38;2;0;0;0m            [38;2;0;4;0m██[38;2;255;255;255m██[38;2;74;70;90m████[38;2;255;239;132m████[38;2;255;239;135m██[38;2;0;4;0m██[38;2;0;0;0m    
[38;2;0;4;8m██[38;2;132;111;76m██[38;2;195;165;91m████[38;2;66;66;66m██[38;2;198;198;190m██[38;2;0;4;0m██[38;2;0;0;0m    [38;2;0;4;0m██[38;2;255;239;135m██[38;2;82;82;66m██[38;2;93;83;144m████[38;2;198;198;190m████[38;2;0;8;0m████[38;2;66;66;66m██[38;2;255;255;255m██[38;2;66;66;66m██[38;2;255;239;135m██[38;2;189;165;82m████[38;2;0;4;0m██[38;2;0;0;0m            [38;2;0;4;0m██[38;2;255;255;255m██[38;2;90;85;144m██[38;2;66;66;66m██[38;2;192;176;101m██[38;2;255;239;143m██[38;2;8;4;16m██[38;2;0;0;0m    
[38;2;0;4;8m██[38;2;198;165;110m██[38;2;134;115;86m██[38;2;74;66;82m██[38;2;66;66;66m██[38;2;198;198;190m██[38;2;0;4;0m██[38;2;0;0;0m    [38;2;0;4;0m██[38;2;255;239;135m██[38;2;82;82;66m██[38;2;93;83;144m████[38;2;93;82;144m██[38;2;198;198;190m██[38;2;170;173;170m██[38;2;255;255;255m██████[38;2;66;66;66m██[38;2;255;239;135m██[38;2;189;165;82m████[38;2;0;4;0m██[38;2;0;0;0m            [38;2;0;4;0m██[38;2;255;255;255m██[38;2;90;85;144m██[38;2;66;66;66m██[38;2;255;231;119m██[38;2;131;121;79m██[38;2;255;239;143m██[38;2;0;4;0m██[38;2;0;0;0m  
[38;2;0;4;0m██[38;2;189;165;85m██[38;2;192;165;80m██[38;2;66;66;66m██[38;2;90;82;142m██[38;2;66;66;66m██[38;2;206;198;190m██[38;2;8;8;0m██[38;2;0;0;8m██[38;2;255;239;135m████[38;2;85;80;93m██[38;2;93;82;144m██[38;2;198;198;190m██[38;2;104;96;125m████[38;2;181;165;213m██[38;2;66;57;74m██[38;2;66;66;66m████[38;2;255;255;255m██[38;2;66;66;66m██[38;2;255;239;135m██[38;2;189;165;85m████[38;2;0;4;0m██[38;2;0;0;0m          [38;2;0;4;0m██[38;2;255;255;255m██[38;2;85;88;101m██[38;2;74;70;90m██[38;2;255;239;135m██[38;2;148;119;100m██[38;2;255;239;127m██[38;2;0;4;0m██[38;2;0;0;0m  
[38;2;0;4;0m██[38;2;189;165;85m██[38;2;192;165;80m██[38;2;66;66;66m██[38;2;90;82;142m██[38;2;66;66;66m██[38;2;206;198;190m██[38;2;74;71;63m██[38;2;85;80;50m██[38;2;255;239;135m██[38;2;85;80;93m████[38;2;93;82;144m██[38;2;198;198;190m██[38;2;198;189;198m██[38;2;57;49;89m██[38;2;66;57;74m██[38;2;143;129;167m██[38;2;115;90;211m████[38;2;66;66;66m████[38;2;255;239;135m██[38;2;189;165;85m████[38;2;0;4;0m██[38;2;0;0;0m            [38;2;0;4;24m██[38;2;255;255;255m██[38;2;74;70;90m████[38;2;184;159;109m██[38;2;255;239;127m██[38;2;0;4;0m██[38;2;0;0;0m  
[38;2;0;4;0m██[38;2;189;165;85m██[38;2;192;165;80m██[38;2;66;66;66m██[38;2;90;82;142m████[38;2;66;66;66m██[38;2;198;198;190m██[38;2;66;66;66m██[38;2;192;165;80m██[38;2;82;79;69m██[38;2;198;198;190m██[38;2;93;82;141m██[38;2;214;165;182m██[38;2;57;41;113m██[38;2;123;110;160m██[38;2;107;90;187m██[38;2;255;103;167m██[38;2;90;82;143m██[38;2;222;148;174m██[38;2;143;129;167m██[38;2;66;57;74m██[38;2;255;239;135m██[38;2;140;115;116m██[38;2;189;165;82m████[38;2;0;4;0m██[38;2;0;0;0m          [38;2;0;4;0m██[38;2;255;255;255m██[38;2;90;82;142m██[38;2;66;66;66m██[38;2;255;239;132m████[38;2;255;239;135m██[38;2;0;4;0m██
[38;2;0;4;0m██[38;2;189;165;85m██[38;2;192;165;80m██[38;2;66;66;66m██[38;2;90;82;142m██[38;2;66;66;66m██[38;2;198;198;190m████[38;2;66;66;66m██[38;2;192;165;80m██[38;2;82;79;69m██[38;2;198;198;190m██[38;2;214;165;182m████[38;2;123;110;160m██[38;2;255;247;255m██[38;2;107;90;187m████[38;2;222;148;174m██[38;2;90;82;143m██[38;2;181;165;213m██[38;2;66;57;74m██[38;2;255;239;135m██[38;2;140;115;116m██[38;2;189;165;82m████[38;2;0;4;0m██[38;2;0;0;0m    [38;2;0;4;0m████[38;2;0;0;0m  [38;2;0;4;0m██[38;2;255;255;255m██[38;2;90;82;142m██[38;2;66;66;66m██[38;2;255;239;132m████[38;2;255;239;135m██[38;2;0;4;0m██
[38;2;0;0;0m  [38;2;0;4;0m██[38;2;189;165;82m████[38;2;66;66;66m██[38;2;90;82;142m██[38;2;66;66;66m████[38;2;66;66;58m██[38;2;165;154;125m██[38;2;192;165;80m██[38;2;82;82;66m██[38;2;247;103;175m██[38;2;49;74;105m██[38;2;255;255;255m██[38;2;107;85;176m██[38;2;156;57;132m██[38;2;255;247;247m██[38;2;255;103;167m████[38;2;231;222;159m██[38;2;66;66;66m██[38;2;255;239;135m██[38;2;140;115;116m██[38;2;189;165;85m████[38;2;0;4;0m██[38;2;0;0;0m  [38;2;0;4;0m██[38;2;255;255;255m████[38;2;0;0;0m██[38;2;0;4;0m██[38;2;255;255;255m██[38;2;90;82;142m██[38;2;115;90;211m██[38;2;66;66;66m██[38;2;255;239;135m████[38;2;0;4;0m██
[38;2;0;0;0m  [38;2;0;4;0m██[38;2;189;165;82m████[38;2;66;66;66m██[38;2;90;82;142m████[38;2;66;66;66m██[38;2;214;198;158m██[38;2;66;66;58m██[38;2;192;165;80m██[38;2;82;82;66m██[38;2;247;103;175m██[38;2;115;84;128m██[38;2;255;255;255m██[38;2;107;85;176m██[38;2;189;120;170m████[38;2;255;103;167m██[38;2;90;84;141m██[38;2;66;66;66m██[38;2;231;222;159m██[38;2;255;239;135m██[38;2;140;115;116m██[38;2;189;165;85m██[38;2;0;4;0m██[38;2;0;0;0m      [38;2;0;4;0m██[38;2;85;85;85m██[38;2;170;170;170m██[38;2;0;4;0m██[38;2;255;255;255m██[38;2;90;82;142m██[38;2;115;90;211m██[38;2;66;66;66m██[38;2;255;239;135m████[38;2;0;4;0m██
[38;2;0;0;0m  [38;2;0;4;0m██[38;2;189;165;93m██[38;2;126;113;67m██[38;2;66;61;82m██[38;2;107;93;88m██[38;2;66;66;66m██[38;2;198;198;190m██[38;2;66;66;66m████[38;2;192;165;80m████[38;2;66;66;66m██[38;2;255;255;255m████[38;2;118;90;208m██[38;2;90;85;144m████[38;2;99;82;123m██[38;2;198;198;182m██[38;2;140;115;116m██[38;2;255;239;135m██[38;2;140;118;113m██[38;2;189;166;80m██[38;2;198;165;110m██[38;2;0;4;8m██[38;2;0;0;0m    [38;2;0;4;0m██[38;2;198;198;190m████[38;2;66;69;63m██[38;2;255;255;255m████[38;2;115;107;150m████[38;2;66;66;66m██[38;2;255;231;119m██[38;2;255;239;135m██[38;2;0;4;0m██
[38;2;0;0;0m    [38;2;0;8;16m██[38;2;189;165;93m██[38;2;189;156;101m██[38;2;66;61;82m██[38;2;66;66;66m██████[38;2;198;198;190m██[38;2;66;66;66m██[38;2;192;165;80m██[38;2;66;66;66m██[38;2;255;255;255m██████████[38;2;198;198;182m██[38;2;132;121;143m██[38;2;255;239;135m████[38;2;140;118;113m██[38;2;189;166;80m██[38;2;132;111;76m██[38;2;0;4;8m██[38;2;0;0;0m      [38;2;0;4;0m████[38;2;198;198;190m██[38;2;255;255;255m████[38;2;247;247;255m██[38;2;49;37;97m██[38;2;66;66;66m██[38;2;192;176;101m██[38;2;255;239;135m██[38;2;0;4;0m██
[38;2;0;0;0m    [38;2;0;4;0m██[38;2;140;115;116m██[38;2;148;126;92m██[38;2;66;66;74m██[38;2;93;83;144m████[38;2;90;82;142m██[38;2;66;66;66m██[38;2;198;198;190m██[38;2;66;66;66m██[38;2;192;165;80m██[38;2;66;66;66m██[38;2;198;198;190m████[38;2;132;134;108m████[38;2;214;198;166m██[38;2;126;113;99m██[38;2;255;239;119m██[38;2;148;119;92m██[38;2;198;165;110m██[38;2;132;113;81m██[38;2;0;4;0m██[38;2;0;0;0m            [38;2;0;4;0m██[38;2;200;195;190m██[38;2;255;255;255m██[38;2;66;66;66m██[38;2;115;90;211m██[38;2;66;66;66m██[38;2;255;239;135m██[38;2;140;115;116m██[38;2;0;4;0m██
[38;2;0;0;0m      [38;2;0;4;0m██[38;2;189;156;101m██[38;2;66;66;74m██[38;2;93;83;144m████[38;2;90;82;142m██[38;2;66;66;66m██[38;2;198;198;190m████[38;2;66;66;66m████████[38;2;198;198;190m████[38;2;82;70;66m██[38;2;170;155;133m██[38;2;184;159;101m████[38;2;66;60;53m██[38;2;0;8;24m██[38;2;0;0;0m              [38;2;0;4;0m██[38;2;200;195;190m████[38;2;66;66;66m██[38;2;115;90;211m██[38;2;255;239;135m████[38;2;140;115;116m██[38;2;0;4;0m██
[38;2;0;0;0m      [38;2;0;4;0m██[38;2;189;165;85m████[38;2;66;66;66m██[38;2;90;82;142m██[38;2;93;83;144m████[38;2;66;66;66m██[38;2;198;198;190m██████[38;2;198;189;190m██[38;2;104;98;117m██[38;2;82;81;69m████[38;2;192;165;80m████[38;2;82;79;69m████[38;2;66;66;66m██[38;2;198;198;190m██[38;2;0;4;0m██[38;2;0;0;0m          ██[38;2;170;170;170m██[38;2;198;198;190m██[38;2;66;66;66m██[38;2;181;165;213m██[38;2;66;57;74m██[38;2;255;231;127m██[38;2;129;118;92m██[38;2;189;165;85m██[38;2;0;4;0m██
[38;2;0;0;0m        [38;2;0;4;0m██[38;2;189;165;85m██[38;2;66;66;66m██[38;2;90;82;142m██[38;2;93;83;144m████[38;2;66;66;66m██[38;2;198;198;190m██[38;2;66;66;66m████[38;2;57;53;81m██[38;2;198;189;190m██[38;2;82;81;69m████[38;2;82;82;66m████[38;2;82;79;69m██[38;2;198;198;190m██████[38;2;255;255;255m██[38;2;0;4;0m████[38;2;0;0;0m  [38;2;0;4;0m████[38;2;255;255;255m██[38;2;85;85;85m██[38;2;198;198;190m██[38;2;66;66;66m██[38;2;66;57;74m██[38;2;143;129;167m██[38;2;66;61;74m██[38;2;192;174;109m██[38;2;189;165;85m██[38;2;0;4;0m██
[38;2;0;0;0m        [38;2;0;4;0m██[38;2;189;165;85m██[38;2;192;165;80m██[38;2;66;66;66m██[38;2;90;82;146m██[38;2;0;4;0m████[38;2;66;65;66m██[38;2;66;61;82m██[38;2;107;93;88m██[38;2;101;93;141m██[38;2;55;55;71m██[38;2;198;198;190m██[38;2;66;66;66m██[38;2;170;159;125m██[38;2;82;82;58m██[38;2;198;198;190m██[38;2;82;79;69m██[38;2;192;192;192m██[38;2;66;66;66m██[38;2;57;53;65m██[38;2;247;247;255m██[38;2;255;255;255m██[38;2;0;0;0m██[38;2;255;255;255m████[38;2;66;66;66m████[38;2;181;165;213m██[38;2;66;57;74m██[38;2;118;91;211m████[38;2;66;66;66m██[38;2;192;165;80m██[38;2;189;165;85m██[38;2;0;4;0m██
[38;2;0;0;0m          [38;2;0;4;0m██[38;2;192;165;80m██[38;2;66;66;66m██[38;2;0;4;0m██[38;2;0;0;0m    [38;2;0;4;0m██[38;2;66;61;82m██[38;2;189;156;101m██[38;2;55;55;71m██[38;2;8;16;0m██[38;2;198;198;190m██[38;2;66;66;66m██[38;2;82;82;58m██[38;2;214;198;158m██[38;2;82;79;69m████[38;2;255;255;255m██[38;2;66;66;66m██[38;2;120;118;128m██[38;2;57;53;65m██[38;2;85;85;85m██[38;2;255;255;255m████[38;2;66;66;66m██[38;2;115;90;211m████[38;2;66;57;74m██[38;2;143;129;167m██[38;2;118;91;211m████[38;2;66;66;66m██[38;2;192;165;80m██[38;2;0;4;0m██[38;2;0;0;0m  
[38;2;0;0;0m          [38;2;0;4;0m██[38;2;189;165;85m████[38;2;0;4;0m██[38;2;0;0;0m      [38;2;0;4;0m██[38;2;189;165;85m██[38;2;0;4;0m██[38;2;0;0;0m  [38;2;0;4;0m██[38;2;198;198;190m██[38;2;66;66;66m██[38;2;255;255;255m██[38;2;82;82;66m██[38;2;255;255;255m██[38;2;198;189;198m██[38;2;57;57;73m██[38;2;93;83;144m████[38;2;90;85;144m██[38;2;255;255;255m██[38;2;66;66;66m██[38;2;115;90;211m██████[38;2;118;91;211m████[38;2;115;90;211m██[38;2;66;66;66m██[38;2;189;165;82m████[38;2;0;4;0m██[38;2;0;0;0m  
[38;2;0;0;0m            [38;2;0;4;0m██[38;2;189;165;85m██[38;2;0;4;0m██[38;2;0;0;0m    [38;2;0;4;0m██[38;2;189;165;85m██████[38;2;0;4;0m██[38;2;0;0;0m  [38;2;0;4;0m██[38;2;192;192;192m██[38;2;255;255;255m██████[38;2;57;57;73m██[38;2;104;101;115m██[38;2;93;83;144m████[38;2;90;85;144m████[38;2;115;90;211m██[38;2;66;66;66m██[38;2;115;90;211m██[38;2;66;66;66m██[38;2;118;91;211m████[38;2;115;90;211m██[38;2;66;66;66m██[38;2;189;165;82m████[38;2;0;4;0m██[38;2;0;0;0m  
[38;2;0;0;0m              [38;2;0;4;0m██[38;2;189;165;85m██[38;2;0;4;0m██[38;2;0;0;0m    [38;2;0;4;0m██[38;2;189;165;85m██[38;2;0;4;0m██[38;2;0;0;0m      [38;2;0;4;0m██[38;2;198;198;190m██[38;2;255;255;255m██[38;2;129;134;134m██[38;2;198;189;198m██[38;2;57;57;73m██[38;2;93;83;141m████[38;2;0;4;0m████[38;2;127;119;107m██[38;2;255;239;159m██[38;2;66;66;66m██[38;2;255;239;135m██[38;2;66;65;66m██[38;2;0;4;0m██[38;2;154;127;149m██[38;2;77;66;74m██[38;2;189;165;85m██[38;2;0;4;0m██[38;2;0;0;0m    
[38;2;0;0;0m                [38;2;0;4;0m████[38;2;0;0;0m      [38;2;0;4;0m██[38;2;0;0;0m          [38;2;0;4;0m██[38;2;192;195;195m██[38;2;66;74;74m██[38;2;57;57;73m██[38;2;104;101;115m██[38;2;93;83;141m██[38;2;0;4;0m██[38;2;0;0;0m    [38;2;0;0;56m██[38;2;255;239;159m██[38;2;66;66;66m██[38;2;255;239;135m██[38;2;0;4;0m██[38;2;0;0;0m  [38;2;0;4;0m██[38;2;154;127;149m██[38;2;189;165;85m██[38;2;0;4;0m██[38;2;0;0;0m    
[38;2;0;0;0m                                      [38;2;0;4;0m██[38;2;85;80;77m████[38;2;255;239;135m██[38;2;90;82;141m██[38;2;0;4;0m██[38;2;0;0;0m    [38;2;0;4;0m██[38;2;255;239;127m██[38;2;173;161;85m██[38;2;255;239;127m████[38;2;189;165;93m██[38;2;0;8;8m██[38;2;66;66;66m██[38;2;192;165;80m██[38;2;0;4;0m██[38;2;0;0;0m      
[38;2;0;0;0m                                        [38;2;0;0;40m██[38;2;255;239;151m██[38;2;90;82;141m████[38;2;0;4;0m██[38;2;0;0;0m      [38;2;8;4;0m██[38;2;173;161;85m██[38;2;8;4;0m██[38;2;173;161;85m██[38;2;0;8;8m██[38;2;63;60;36m██[38;2;66;66;66m██[38;2;192;165;80m██[38;2;0;4;0m██[38;2;0;0;0m      
[38;2;0;0;0m                                        [38;2;0;4;0m██[38;2;255;239;135m██[38;2;93;83;141m██[38;2;0;4;0m██[38;2;0;0;0m          [38;2;0;4;0m██[38;2;0;0;0m  [38;2;0;4;0m██[38;2;0;0;0m  [38;2;0;4;0m██[38;2;189;165;85m██[38;2;0;4;0m██[38;2;0;0;0m        
[38;2;0;0;0m                              [38;2;0;4;0m████[38;2;0;0;0m    [38;2;0;4;0m██[38;2;255;239;135m████[38;2;93;83;141m██[38;2;0;4;0m██[38;2;0;0;0m    [38;2;0;4;0m████[38;2;0;0;0m          [38;2;0;4;0m████[38;2;0;0;0m          
[38;2;0;0;0m                              [38;2;0;4;0m██[38;2;189;165;85m██[38;2;0;4;0m████[38;2;189;165;125m██[38;2;255;239;135m██[38;2;193;164;125m██[38;2;90;82;98m████[38;2;0;4;0m████[38;2;255;239;135m██[38;2;0;4;0m██[38;2;0;0;0m                        
[38;2;0;0;0m                                [38;2;0;4;0m██[38;2;189;165;85m██[38;2;189;165;125m██[38;2;94;84;62m██[38;2;193;164;125m██[38;2;255;239;135m██[38;2;172;160;108m██[38;2;255;239;119m██[38;2;255;239;135m████[38;2;0;4;0m██[38;2;0;0;0m                          
[38;2;0;0;0m                                  [38;2;0;4;0m████[38;2;189;165;125m██[38;2;94;84;50m██[38;2;189;165;93m██[38;2;255;239;135m████[38;2;0;4;0m████[38;2;0;0;0m                            
[38;2;0;0;0m                                      [38;2;0;4;0m██[38;2;0;4;8m████[38;2;0;4;0m████[38;2;0;0;0m                                [0m
