
[38;2;0;0;0m      [38;2;49;49;49m██████[38;2;0;0;0m    [38;2;49;49;49m████[38;2;0;0;0m            
[38;2;0;0;0m    [38;2;49;49;49m██[38;2;246;148;148m████[38;2;238;98;98m██[38;2;49;49;49m████[38;2;246;148;148m████[38;2;49;49;49m██[38;2;0;0;0m          
[38;2;0;0;0m  [38;2;49;49;49m██[38;2;238;98;98m██[38;2;246;148;148m██████[38;2;82;82;82m██[38;2;246;148;148m████████[38;2;49;49;49m██[38;2;0;0;0m        
[38;2;0;0;0m  [38;2;49;49;49m██[38;2;82;82;82m██[38;2;172;74;82m██[38;2;246;148;148m████████████[38;2;238;98;98m██[38;2;49;49;49m██[38;2;0;0;0m        
[38;2;49;49;49m██[38;2;238;98;98m██[38;2;246;148;148m████[38;2;238;98;98m██[38;2;246;148;148m██████[38;2;238;98;98m██[38;2;172;74;82m██[38;2;82;82;82m██[38;2;49;49;49m██[38;2;0;0;0m        
[38;2;49;49;49m██[38;2;246;148;148m████████████[38;2;238;98;98m██[38;2;246;148;148m████[38;2;238;98;98m██[38;2;172;74;82m██[38;2;49;49;49m██[38;2;0;0;0m      
[38;2;49;49;49m██[38;2;238;98;98m██[38;2;246;148;148m████[38;2;238;98;98m████[38;2;246;148;148m██████████[38;2;238;98;98m██[38;2;49;49;49m██[38;2;0;0;0m      
[38;2;0;0;0m  [38;2;49;49;49m██[38;2;82;82;82m██[38;2;197;197;205m██[38;2;238;98;98m██[38;2;172;74;82m██[38;2;238;98;98m██[38;2;246;148;148m██████[38;2;238;98;98m████[38;2;49;49;49m██[38;2;0;0;0m      
[38;2;0;0;0m    [38;2;49;49;49m██[38;2;255;255;255m██[38;2;238;98;98m████[38;2;49;49;49m██[38;2;197;197;205m██[38;2;82;82;82m██[38;2;238;98;98m████[38;2;49;49;49m██[38;2;0;0;0m        
[38;2;0;0;0m  [38;2;49;49;49m██[38;2;255;255;123m████████[38;2;49;49;49m██[38;2;255;255;255m██[38;2;238;98;98m██[38;2;82;82;82m██[38;2;49;49;49m██[38;2;0;0;0m          
[38;2;0;0;0m  [38;2;49;49;49m██[38;2;222;172;106m██[38;2;82;82;82m██[38;2;255;255;123m██████[38;2;238;98;98m████[38;2;172;74;82m██[38;2;49;49;49m██[38;2;0;0;0m    [38;2;49;49;49m████[38;2;0;0;0m  
[38;2;0;0;0m    [38;2;49;49;49m██[38;2;172;74;82m██[38;2;222;172;106m████[38;2;238;98;98m██[38;2;172;74;82m██[38;2;82;82;82m████[38;2;172;74;82m██[38;2;49;49;49m████[38;2;255;255;255m██[38;2;82;82;82m██[38;2;49;49;49m██
[38;2;0;0;0m      [38;2;49;49;49m████[38;2;82;82;82m██████[38;2;238;98;98m██[38;2;172;74;82m██[38;2;238;98;98m████████[38;2;197;197;205m██[38;2;49;49;49m██
[38;2;0;0;0m        [38;2;49;49;49m██[38;2;82;82;82m████[38;2;238;98;98m██████[38;2;82;82;82m██[38;2;238;98;98m██[38;2;255;255;255m██[38;2;238;98;98m██[38;2;49;49;49m██[38;2;0;0;0m  
[38;2;0;0;0m      [38;2;49;49;49m██[38;2;238;98;98m██[38;2;172;74;82m██[38;2;255;255;123m██[38;2;238;98;98m████[38;2;172;74;82m██[38;2;238;98;98m██[38;2;82;82;82m████[38;2;49;49;49m██████
[38;2;0;0;0m      [38;2;49;49;49m██[38;2;172;74;82m██[38;2;222;172;106m██[38;2;255;255;123m████[38;2;172;74;82m██[38;2;238;98;98m██████[38;2;82;82;82m██[38;2;172;74;82m██[38;2;238;98;98m██[38;2;49;49;49m██
[38;2;0;0;0m    [38;2;49;49;49m██[38;2;197;197;205m██[38;2;172;74;82m██[38;2;49;49;49m██[38;2;222;172;106m████[38;2;82;82;82m██[38;2;238;98;98m██████[38;2;172;74;82m██[38;2;238;98;98m██[38;2;49;49;49m██[38;2;0;0;0m  
[38;2;0;0;0m      [38;2;49;49;49m████[38;2;0;0;0m  [38;2;49;49;49m████[38;2;82;82;82m██[38;2;172;74;82m██[38;2;238;98;98m██[38;2;172;74;82m██[38;2;49;49;49m████[38;2;0;0;0m    
[38;2;0;0;0m                [38;2;49;49;49m██[38;2;255;255;255m██[38;2;49;49;49m██[38;2;255;255;255m██[38;2;49;49;49m██[38;2;0;0;0m      
[38;2;0;0;0m                  [38;2;49;49;49m██[38;2;0;0;0m  [38;2;49;49;49m██[38;2;0;0;0m        [0m
