
[38;2;0;0;0m                                    [38;2;49;49;49m██[38;2;0;0;0m    
[38;2;0;0;0m                                  [38;2;49;49;49m██[38;2;255;139;82m██[38;2;49;49;49m██[38;2;0;0;0m  
[38;2;0;0;0m                                [38;2;49;49;49m██[38;2;255;139;82m██[38;2;246;246;41m██[38;2;49;49;49m██[38;2;0;0;0m  
[38;2;0;0;0m        [38;2;49;49;49m████[38;2;0;0;0m      [38;2;49;49;49m████████████[38;2;0;0;0m  [38;2;49;49;49m██[38;2;255;139;82m██[38;2;246;246;41m████[38;2;49;49;49m██
[38;2;0;0;0m      [38;2;49;49;49m██[38;2;246;246;41m████[38;2;49;49;49m██████[38;2;106;98;148m██[38;2;139;139;205m████[38;2;82;82;82m██[38;2;139;139;205m████[38;2;49;49;49m██[38;2;255;139;82m████[38;2;246;246;41m██[38;2;255;139;82m██[38;2;49;49;49m██
[38;2;0;0;0m    [38;2;49;49;49m██[38;2;246;246;41m██[38;2;82;82;82m██[38;2;246;246;41m██[38;2;172;74;57m██[38;2;213;90;57m██[38;2;246;246;41m████[38;2;82;82;82m██[38;2;139;139;205m████[38;2;82;82;82m██[38;2;139;139;205m██[38;2;213;90;57m██[38;2;246;246;41m████[38;2;255;139;82m██[38;2;49;49;49m██[38;2;0;0;0m  
[38;2;0;0;0m    [38;2;49;49;49m██[38;2;246;246;41m████[38;2;172;74;57m██[38;2;213;90;57m██[38;2;246;246;41m██[38;2;49;49;49m██[38;2;246;246;41m██[38;2;82;82;82m██[38;2;106;98;148m██[38;2;139;139;205m██[38;2;106;98;148m██[38;2;139;139;205m██[38;2;246;246;41m████[38;2;213;90;57m██[38;2;49;49;49m██[38;2;0;0;0m    
[38;2;0;0;0m  [38;2;49;49;49m██[38;2;213;90;57m██[38;2;255;139;82m██[38;2;213;90;57m██████[38;2;246;246;41m████[38;2;213;148;41m██[38;2;172;74;57m██[38;2;82;82;82m██[38;2;139;139;205m██[38;2;106;98;148m██[38;2;189;139;115m██[38;2;139;139;205m██[38;2;82;82;82m██[38;2;49;49;49m██[38;2;0;0;0m      
[38;2;49;49;49m██[38;2;255;139;82m██[38;2;255;180;148m████[38;2;255;139;82m██[38;2;213;90;57m████[38;2;213;148;41m████[38;2;172;74;57m██[38;2;213;90;57m██[38;2;82;82;82m██[38;2;106;98;148m██████[38;2;189;139;115m██[38;2;106;98;148m██[38;2;139;139;205m██[38;2;49;49;49m██[38;2;0;0;0m    
[38;2;49;49;49m██[38;2;255;139;82m██████████[38;2;213;90;57m████████████[38;2;82;82;82m██[38;2;139;139;205m████[38;2;106;98;148m████[38;2;189;139;115m██[38;2;49;49;49m██[38;2;0;0;0m    
[38;2;49;49;49m██[38;2;255;139;82m██████████[38;2;213;90;57m████████████[38;2;82;82;82m██[38;2;139;139;205m██[38;2;189;139;115m██[38;2;106;98;148m██[38;2;139;139;205m██[38;2;106;98;148m██[38;2;49;49;49m██[38;2;0;0;0m    
[38;2;0;0;0m  [38;2;49;49;49m██[38;2;172;74;57m██[38;2;255;139;82m████[38;2;213;90;57m██████[38;2;82;82;82m████[38;2;213;90;57m██[38;2;172;74;57m██[38;2;82;82;82m██[38;2;189;139;115m████[38;2;106;98;148m██[38;2;139;139;205m████[38;2;49;49;49m██[38;2;0;0;0m    
[38;2;0;0;0m  [38;2;82;82;82m██[38;2;213;90;57m██[38;2;82;82;82m██████[38;2;213;90;57m██[38;2;82;82;82m██[38;2;172;74;57m██[38;2;213;90;57m██[38;2;172;74;57m██[38;2;82;82;82m██[38;2;106;98;148m██[38;2;139;139;205m██[38;2;106;98;148m████[38;2;189;139;115m██[38;2;106;98;148m██[38;2;49;49;49m██[38;2;0;0;0m    
[38;2;0;0;0m    [38;2;82;82;82m██[38;2;49;49;49m██[38;2;172;74;57m██[38;2;82;82;82m██[38;2;255;139;82m████[38;2;82;82;82m██[38;2;255;139;82m██[38;2;82;82;82m██[38;2;106;98;148m██[38;2;139;139;205m██[38;2;106;98;148m██[38;2;139;139;205m████[38;2;106;98;148m██[38;2;49;49;49m██[38;2;0;0;0m      
[38;2;0;0;0m        [38;2;49;49;49m██[38;2;82;82;82m██[38;2;255;180;148m██[38;2;255;139;82m██[38;2;82;82;82m██████[38;2;189;139;115m██[38;2;139;139;205m████[38;2;106;98;148m██[38;2;189;139;115m██[38;2;82;82;82m██[38;2;49;49;49m██[38;2;0;0;0m      
[38;2;0;0;0m        [38;2;49;49;49m██[38;2;213;90;57m██[38;2;82;82;82m████[38;2;213;90;57m██████[38;2;82;82;82m██[38;2;189;139;115m████[38;2;106;98;148m██[38;2;82;82;82m██[38;2;49;49;49m██[38;2;0;0;0m        
[38;2;0;0;0m      [38;2;49;49;49m██[38;2;213;90;57m██████████████[38;2;255;139;82m██[38;2;82;82;82m████[38;2;213;90;57m██[38;2;82;82;82m██[38;2;213;90;57m██[38;2;49;49;49m████[38;2;0;0;0m    
[38;2;0;0;0m    [38;2;49;49;49m██[38;2;213;90;57m██████████████[38;2;255;139;82m██████[38;2;213;90;57m██████████[38;2;255;139;82m██[38;2;49;49;49m██[38;2;0;0;0m  
[38;2;0;0;0m    [38;2;49;49;49m██[38;2;255;139;82m██[38;2;213;90;57m████████████████████[38;2;255;139;82m████████[38;2;172;74;57m██[38;2;49;49;49m██[38;2;0;0;0m  
[38;2;0;0;0m      [38;2;49;49;49m████[38;2;172;74;57m██[38;2;213;90;57m██[38;2;255;139;82m████[38;2;213;90;57m██████[38;2;255;139;82m██████[38;2;49;49;49m████████[38;2;0;0;0m    
[38;2;0;0;0m          [38;2;49;49;49m██████[38;2;172;74;57m██[38;2;255;139;82m██████[38;2;213;90;57m██[38;2;49;49;49m████[38;2;0;0;0m            
[38;2;0;0;0m                [38;2;49;49;49m██████████[38;2;0;0;0m                [0m
