
[38;2;0;0;0m              ██                            
[38;2;0;0;0m            ██[38;2;189;165;69m██[38;2;0;0;0m██                          
[38;2;0;0;0m            [38;2;8;0;8m██[38;2;255;247;55m██[38;2;0;0;16m████[38;2;0;0;0m██                      
[38;2;0;0;0m        ██[38;2;66;66;66m██[38;2;173;165;39m██[38;2;255;247;55m██[38;2;82;82;32m██[38;2;247;247;63m██[38;2;0;0;0m██                      
[38;2;0;0;0m        ██[38;2;247;247;47m██[38;2;189;165;69m██[38;2;247;247;47m██████[38;2;0;0;0m██        ██            
[38;2;0;0;0m          ██[38;2;247;247;47m████████[38;2;0;0;0m██      ██[38;2;247;115;87m██[38;2;0;0;0m██          
[38;2;0;0;0m          ██[38;2;214;140;86m██[38;2;71;52;39m██[38;2;66;66;66m████[38;2;0;0;0m████    ██[38;2;247;115;87m██[38;2;255;255;255m██[38;2;0;0;0m██        
[38;2;0;0;0m            [38;2;0;8;16m██[38;2;214;140;86m██[38;2;255;111;79m██[38;2;192;96;75m██[38;2;247;111;87m██[38;2;165;74;58m██[38;2;0;0;0m████[38;2;247;115;87m████[38;2;255;255;255m████[38;2;0;0;0m██      
[38;2;0;0;0m          ██[38;2;247;118;87m████[38;2;239;115;87m████[38;2;198;82;70m██████[38;2;247;115;87m██[38;2;66;66;66m██[38;2;247;115;87m██[38;2;255;255;255m████[38;2;0;0;0m██      
[38;2;0;0;0m        ██[38;2;247;115;87m██[38;2;247;118;87m████[38;2;234;203;199m██[38;2;231;247;255m██[38;2;247;115;87m██[38;2;198;82;70m██[38;2;247;115;87m██[38;2;198;82;70m██[38;2;247;115;87m██[38;2;66;66;66m██[38;2;255;255;255m██[38;2;197;189;189m██[38;2;0;0;0m██      
[38;2;0;0;0m        ██[38;2;247;115;87m██[38;2;247;118;87m████[38;2;255;255;255m██[38;2;0;0;0m██[38;2;255;255;255m██[38;2;247;115;87m██[38;2;198;82;70m████[38;2;247;107;79m██[38;2;156;84;72m██[38;2;192;192;192m██[38;2;255;255;255m████[38;2;0;0;0m██    
[38;2;0;0;0m      ██[38;2;247;115;87m████[38;2;247;118;87m████[38;2;255;255;255m██████[38;2;247;115;87m██[38;2;198;82;70m██[38;2;247;115;87m██[38;2;66;61;66m████[38;2;66;66;66m██[38;2;255;255;255m████[38;2;0;0;0m██    
[38;2;0;0;0m      ██[38;2;198;82;70m████[38;2;247;115;87m██████[38;2;255;255;255m██[38;2;231;140;119m████[38;2;66;66;66m████[38;2;247;115;87m████[38;2;239;132;103m██[38;2;57;74;73m██[38;2;198;189;190m████[38;2;0;0;0m██  
[38;2;0;0;0m    ██[38;2;156;66;60m██[38;2;255;181;167m████[38;2;189;123;117m██[38;2;247;115;87m██████[38;2;231;140;119m██[38;2;66;66;66m██[38;2;247;115;87m████[38;2;255;255;255m████[38;2;57;74;73m██[38;2;148;103;88m██[38;2;132;133;116m████[38;2;0;0;0m██  
[38;2;0;0;0m    ██[38;2;189;123;117m██[38;2;66;66;66m████[38;2;247;181;175m██[38;2;189;86;77m██[38;2;247;115;87m████[38;2;66;66;66m████[38;2;255;255;255m████[38;2;197;189;189m████[38;2;107;85;83m████[38;2;198;189;190m████[38;2;0;0;0m██  
[38;2;0;0;0m      ██[38;2;66;66;66m████[38;2;208;118;110m██[38;2;189;86;77m██[38;2;247;115;87m██[38;2;66;66;66m██[38;2;247;247;47m████[38;2;66;66;66m██[38;2;192;192;192m██[38;2;255;255;255m████[38;2;255;255;247m██[38;2;33;0;1m██[38;2;198;82;70m██████[38;2;0;0;0m██
[38;2;0;0;0m    ████[38;2;66;66;66m██████[38;2;255;181;167m██[38;2;200;89;72m██[38;2;247;115;87m██[38;2;66;66;66m████[38;2;247;247;47m██[38;2;66;66;66m██[38;2;255;247;239m██[38;2;82;53;50m██[38;2;0;0;0m██  ██████  
[38;2;0;0;0m  ██[38;2;189;165;69m██[38;2;0;0;0m██[38;2;156;68;60m██[38;2;66;66;66m████[38;2;255;181;167m██[38;2;154;63;58m██[38;2;247;115;87m██████[38;2;66;66;66m██[38;2;247;247;47m██[38;2;82;53;50m██[38;2;140;118;113m██[38;2;0;0;0m██          
[38;2;0;0;0m██[38;2;189;165;69m██[38;2;0;0;0m██  ██[38;2;255;181;167m████[38;2;170;121;111m██[38;2;198;82;70m██[38;2;156;66;60m██[38;2;154;75;69m██[38;2;198;82;70m██[38;2;66;66;66m██[38;2;247;247;47m██[38;2;66;66;66m██[38;2;0;0;0m██            
[38;2;0;0;0m██[38;2;189;165;69m██[38;2;0;0;0m██    ██████[38;2;198;82;70m██████[38;2;66;61;66m██[38;2;66;66;66m██[38;2;247;247;47m██[38;2;66;66;66m██[38;2;0;0;0m██            
[38;2;0;0;0m  ██[38;2;189;165;69m██[38;2;0;0;0m██        ████[38;2;63;58;36m██[38;2;189;165;77m████[38;2;63;58;36m██[38;2;247;247;55m████[38;2;0;0;0m██          
[38;2;0;0;0m    ██[38;2;189;165;69m██[38;2;0;0;0m██          [38;2;0;4;16m██[38;2;189;165;77m██[38;2;0;4;16m██[38;2;189;165;77m██[38;2;82;82;34m██[38;2;0;0;24m██[38;2;0;0;0m            
[38;2;0;0;0m    ██[38;2;189;165;69m██[38;2;0;0;0m██          ████  ████              
[38;2;0;0;0m      ██                                    [0m
