
[38;2;0;0;0m                              ██                                        
[38;2;0;0;0m                            ██[38;2;248;224;64m██[38;2;0;0;0m██          ██                          
[38;2;0;0;0m                            ██[38;2;248;224;64m██[38;2;0;0;0m██        ██[38;2;248;224;64m██[38;2;0;0;0m██                        
[38;2;0;0;0m                        ████[38;2;248;224;64m██████[38;2;0;0;0m██    ██[38;2;248;224;64m██████[38;2;0;0;0m██                      
[38;2;0;0;0m                      ██[38;2;248;224;64m████████[38;2;0;0;0m██      ██[38;2;248;224;64m██████[38;2;0;0;0m██                      
[38;2;0;0;0m                      ██[38;2;248;224;64m████████[38;2;0;0;0m██    ██[38;2;248;224;64m████████[38;2;0;0;0m██                      
[38;2;0;0;0m                  ████[38;2;248;224;64m████████████[38;2;0;0;0m████[38;2;248;224;64m████████[38;2;0;0;0m██                        
[38;2;0;0;0m                ██[38;2;248;96;64m██████[38;2;248;160;80m██[38;2;248;224;64m██████[38;2;64;64;64m██[38;2;248;224;64m██████████[38;2;0;0;0m██                          
[38;2;0;0;0m              ██[38;2;248;96;64m██████████[38;2;248;160;80m██[38;2;64;64;64m████[38;2;248;224;64m██[38;2;248;160;80m██[38;2;248;96;64m██[38;2;248;160;80m██[38;2;248;224;64m████[38;2;0;0;0m██                      [38;2;152;64;64m██[38;2;0;0;0m  
[38;2;0;0;0m              ██[38;2;248;96;64m██████████[38;2;64;64;64m██[38;2;248;96;64m██████████████[38;2;248;160;80m████[38;2;0;0;0m██                  [38;2;152;64;64m██[38;2;248;160;80m██[38;2;152;64;64m██
[38;2;0;0;0m              ██[38;2;248;96;64m████████[38;2;64;64;64m██[38;2;248;96;64m████████████████████[38;2;0;0;0m████            [38;2;152;64;64m████[38;2;248;160;80m████[38;2;152;64;64m██
[38;2;0;0;0m                ██[38;2;248;96;64m████[38;2;192;96;64m██[38;2;64;64;64m██[38;2;248;96;64m██████████████████[38;2;192;96;64m██████[38;2;0;0;0m██        [38;2;152;64;64m██[38;2;248;160;80m██████[38;2;152;64;64m██[38;2;0;0;0m  
[38;2;0;0;0m                  ██[38;2;64;64;64m████[38;2;192;96;64m██[38;2;64;64;64m██[38;2;248;96;64m████████████[38;2;192;96;64m██[38;2;64;64;64m██[38;2;192;96;64m████[38;2;0;0;0m██          [38;2;152;64;64m██[38;2;248;96;64m██[38;2;248;160;80m██[38;2;152;64;64m██[38;2;0;0;0m    
[38;2;0;0;0m                  ██[38;2;208;208;208m██[38;2;0;0;0m██[38;2;192;96;64m██[38;2;152;64;64m██[38;2;64;64;64m████[38;2;192;96;64m██████[38;2;64;64;64m████[38;2;192;96;64m████[38;2;0;0;0m██          [38;2;152;64;64m██[38;2;248;96;64m██[38;2;248;160;80m██[38;2;248;96;64m██[38;2;152;64;64m██[38;2;0;0;0m    
[38;2;0;0;0m                    ██[38;2;80;88;104m████[38;2;152;64;64m██[38;2;208;208;208m████[38;2;0;0;0m██[38;2;208;208;208m████[38;2;152;64;64m██[38;2;192;96;64m██████[38;2;64;64;64m██[38;2;0;0;0m██        [38;2;152;64;64m██[38;2;248;96;64m████████[38;2;152;64;64m██[38;2;0;0;0m  
[38;2;0;0;0m                    ██[38;2;240;216;176m████[38;2;80;88;104m██[38;2;152;64;64m██[38;2;248;248;248m██████[38;2;152;64;64m██[38;2;192;96;64m██████[38;2;64;64;64m██[38;2;152;64;64m████[38;2;0;0;0m██    [38;2;152;64;64m██[38;2;248;96;64m██████████[38;2;152;64;64m██[38;2;0;0;0m  
[38;2;0;0;0m                  ██[38;2;240;216;176m████████[38;2;80;88;104m██████[38;2;192;96;64m██████████[38;2;64;64;64m██[38;2;152;64;64m██[38;2;0;0;0m██      [38;2;152;64;64m██[38;2;248;96;64m██████████[38;2;152;64;64m██[38;2;0;0;0m  
[38;2;0;0;0m                ██[38;2;240;216;176m████████████████[38;2;80;88;104m██[38;2;192;96;64m██████[38;2;64;64;64m████[38;2;0;0;0m██          [38;2;152;64;64m██[38;2;248;96;64m██████[38;2;152;64;64m██[38;2;0;0;0m    
[38;2;0;0;0m                ██[38;2;208;144;152m██[38;2;64;64;64m████[38;2;240;216;176m██████[38;2;208;144;152m██[38;2;80;88;104m██[38;2;192;96;64m██████[38;2;64;64;64m██[38;2;248;224;64m██████[38;2;0;0;0m██          [38;2;152;64;64m██████[38;2;0;0;0m      
[38;2;0;0;0m                  ██[38;2;208;144;152m██████[38;2;64;64;64m██████████████[38;2;248;224;64m██████████[38;2;0;0;0m██        ██[38;2;248;96;64m██[38;2;0;0;0m██      
[38;2;0;0;0m                ██[38;2;192;96;64m██[38;2;64;64;64m████████[38;2;248;96;64m██[38;2;192;96;64m██[38;2;64;64;64m████████[38;2;248;224;64m██████████[38;2;0;0;0m██        ██[38;2;248;160;80m██[38;2;0;0;0m██      
[38;2;0;0;0m        ████████[38;2;192;96;64m██[38;2;152;64;64m████[38;2;192;96;64m██[38;2;64;64;64m██[38;2;152;64;64m██[38;2;248;96;64m████████████[38;2;64;64;64m██[38;2;248;224;64m████[38;2;152;64;64m████[38;2;0;0;0m██      ██[38;2;248;224;64m████[38;2;0;0;0m██      
[38;2;0;0;0m    ████[38;2;192;96;64m████[38;2;64;64;64m██[38;2;192;96;64m██[38;2;152;64;64m██[38;2;192;96;64m██[38;2;0;0;0m██[38;2;64;64;64m████[38;2;248;224;64m██[38;2;152;64;64m██[38;2;248;96;64m████[38;2;152;64;64m██[38;2;248;96;64m██████[38;2;64;64;64m██[38;2;152;64;64m██[38;2;248;96;64m████[38;2;0;0;0m██    ██[38;2;248;224;64m████[38;2;0;0;0m██        
[38;2;0;0;0m  ██[38;2;80;88;104m██[38;2;152;64;64m██[38;2;192;96;64m██████[38;2;0;0;0m██████  ██[38;2;248;224;64m██[38;2;152;64;64m██[38;2;248;96;64m████[38;2;152;64;64m██[38;2;248;224;64m██[38;2;152;64;64m██[38;2;248;96;64m██████[38;2;64;64;64m██[38;2;152;64;64m██████[38;2;0;0;0m████[38;2;192;168;88m██[38;2;248;224;64m██[38;2;192;168;88m██[38;2;0;0;0m██        
[38;2;0;0;0m██[38;2;208;208;208m██[38;2;80;88;104m██[38;2;248;248;248m██[38;2;152;64;64m████[38;2;0;0;0m██        ██[38;2;64;64;64m██[38;2;152;64;64m██[38;2;248;96;64m██[38;2;152;64;64m██[38;2;248;224;64m████[38;2;152;64;64m██[38;2;248;96;64m████[38;2;192;96;64m████[38;2;64;64;64m██[38;2;248;96;64m████[38;2;64;64;64m██[38;2;192;168;88m██████[38;2;0;0;0m██          
[38;2;0;0;0m██[38;2;80;88;104m██[38;2;248;248;248m██[38;2;0;0;0m████[38;2;248;248;248m██[38;2;0;0;0m██      ██[38;2;192;168;88m██[38;2;64;64;64m██[38;2;248;224;64m██[38;2;152;64;64m████[38;2;248;224;64m██████[38;2;152;64;64m██[38;2;192;96;64m██[38;2;80;88;104m████[38;2;64;64;64m██[38;2;152;64;64m██[38;2;64;64;64m████[38;2;192;168;88m████[38;2;0;0;0m██            
[38;2;0;0;0m  ████    ██        ██[38;2;192;168;88m████[38;2;80;88;104m██[38;2;248;224;64m████████[38;2;192;168;88m████[38;2;80;88;104m██[38;2;248;224;64m████[38;2;64;64;64m████[38;2;248;96;64m████[38;2;64;64;64m██[38;2;0;0;0m██              
[38;2;0;0;0m                      ██[38;2;192;168;88m████[38;2;64;64;64m██[38;2;248;224;64m██[38;2;192;168;88m██████[38;2;80;88;104m██[38;2;248;224;64m██████[38;2;64;64;64m██[38;2;152;64;64m██[38;2;248;96;64m██████[38;2;0;0;0m██              
[38;2;0;0;0m                        ██[38;2;64;64;64m████████[38;2;192;168;88m████[38;2;80;88;104m██[38;2;248;224;64m██████[38;2;64;64;64m██[38;2;248;248;248m██[38;2;152;64;64m██████[38;2;248;248;248m██[38;2;0;0;0m██            
[38;2;0;0;0m                  ██████[38;2;192;96;64m██[38;2;152;64;64m██[38;2;64;64;64m████[38;2;0;0;0m████████[38;2;248;224;64m████[38;2;64;64;64m██[38;2;248;248;248m██[38;2;64;64;64m██[38;2;152;64;64m██[38;2;248;248;248m██[38;2;64;64;64m██[38;2;248;248;248m██[38;2;0;0;0m██            
[38;2;0;0;0m                ██[38;2;208;208;208m██[38;2;80;88;104m██[38;2;152;64;64m██[38;2;192;96;64m████████[38;2;0;0;0m██      ██[38;2;192;168;88m████[38;2;64;64;64m██[38;2;192;168;88m██[38;2;64;64;64m██[38;2;248;248;248m██[38;2;0;0;0m████              
[38;2;0;0;0m                ██[38;2;80;88;104m██[38;2;208;208;208m████[38;2;152;64;64m██[38;2;192;96;64m██[38;2;0;0;0m████          ██[38;2;64;64;64m████████[38;2;0;0;0m██                  
[38;2;0;0;0m                  ██████████            ██[38;2;248;96;64m██[38;2;64;64;64m██████[38;2;248;96;64m██[38;2;0;0;0m██                  
[38;2;0;0;0m                                      ██[38;2;152;64;64m██[38;2;248;96;64m██████████[38;2;0;0;0m██                  
[38;2;0;0;0m                                      ██[38;2;248;248;248m██[38;2;152;64;64m██[38;2;248;96;64m██[38;2;152;64;64m██[38;2;248;96;64m██[38;2;0;0;0m██                    
[38;2;0;0;0m                                    ██[38;2;248;248;248m██[38;2;0;0;0m████[38;2;152;64;64m██[38;2;248;248;248m██[38;2;152;64;64m██[38;2;0;0;0m██                    
[38;2;0;0;0m                                    ████    ██[38;2;248;248;248m██[38;2;0;0;0m██                      
[38;2;0;0;0m                                              ██                        [0m
