
[38;2;0;0;0m            [38;2;49;49;49m██[38;2;0;0;0m                      
[38;2;0;0;0m          [38;2;49;49;49m██[38;2;246;238;115m██[38;2;49;49;49m██[38;2;0;0;0m        [38;2;49;49;49m██[38;2;0;0;0m          
[38;2;0;0;0m          [38;2;49;49;49m██[38;2;246;238;115m████[38;2;49;49;49m████[38;2;0;0;0m  [38;2;49;49;49m██[38;2;246;238;115m██[38;2;49;49;49m██[38;2;0;0;0m        
[38;2;0;0;0m          [38;2;49;49;49m██[38;2;246;238;115m██[38;2;82;82;82m██[38;2;246;238;115m████[38;2;49;49;49m██[38;2;246;238;115m████[38;2;49;49;49m██[38;2;0;0;0m        
[38;2;0;0;0m            [38;2;49;49;49m██[38;2;172;131;65m██[38;2;246;238;115m██[38;2;230;189;74m██[38;2;172;131;65m██[38;2;246;238;115m██[38;2;172;131;65m██[38;2;49;49;49m██[38;2;0;0;0m        
[38;2;0;0;0m          [38;2;49;49;49m██[38;2;82;82;82m██[38;2;246;238;115m██[38;2;172;131;65m████[38;2;246;238;115m██[38;2;82;82;82m██[38;2;49;49;49m██[38;2;0;0;0m          
[38;2;0;0;0m        [38;2;49;49;49m██[38;2;246;238;115m██████████████[38;2;49;49;49m██[38;2;0;0;0m          
[38;2;0;0;0m      [38;2;49;49;49m██[38;2;246;238;115m██[38;2;49;49;49m██[38;2;246;238;115m████████████[38;2;230;189;74m██[38;2;49;49;49m██[38;2;0;0;0m        
[38;2;0;0;0m    [38;2;49;49;49m██[38;2;246;115;123m██[38;2;246;238;115m██[38;2;49;49;49m██[38;2;246;238;115m██████[38;2;49;49;49m████[38;2;246;238;115m████[38;2;49;49;49m██[38;2;0;0;0m        
[38;2;0;0;0m  [38;2;49;49;49m████[38;2;246;115;123m██[38;2;230;189;74m██[38;2;246;238;115m██████[38;2;49;49;49m██[38;2;246;238;115m██████[38;2;246;115;123m████[38;2;49;49;49m██[38;2;0;0;0m      
[38;2;49;49;49m██[38;2;156;156;189m██[38;2;115;115;123m██[38;2;82;82;82m██[38;2;230;189;74m██[38;2;82;82;82m██[38;2;246;238;115m████████[38;2;82;82;82m██[38;2;246;115;123m██[38;2;230;189;74m██[38;2;246;115;123m██[38;2;49;49;49m██[38;2;0;0;0m      
[38;2;49;49;49m██[38;2;156;156;189m████[38;2;82;82;82m██[38;2;172;131;65m██[38;2;230;189;74m██[38;2;82;82;82m████████[38;2;230;189;74m██[38;2;246;115;123m████[38;2;82;82;82m██[38;2;230;189;74m██[38;2;49;49;49m██[38;2;0;0;0m    
[38;2;49;49;49m██[38;2;115;115;123m██[38;2;82;82;82m██[38;2;246;238;115m██[38;2;82;82;82m████[38;2;230;189;74m██████████[38;2;82;82;82m████[38;2;230;189;74m██[38;2;82;82;82m████[38;2;49;49;49m██[38;2;0;0;0m  
[38;2;0;0;0m  [38;2;49;49;49m████[38;2;246;238;115m████[38;2;172;131;65m██[38;2;82;82;82m██████████[38;2;172;131;65m██[38;2;230;189;74m██[38;2;82;82;82m██[38;2;156;156;189m████[38;2;49;49;49m██[38;2;0;0;0m  
[38;2;0;0;0m      [38;2;49;49;49m██[38;2;246;238;115m████[38;2;82;82;82m██████[38;2;230;189;74m██████[38;2;82;82;82m██[38;2;156;156;189m██████[38;2;115;115;123m██[38;2;49;49;49m██
[38;2;0;0;0m    [38;2;49;49;49m██[38;2;230;189;74m██[38;2;82;82;82m██[38;2;172;131;65m██[38;2;246;238;115m██████[38;2;230;189;74m██████[38;2;82;82;82m██[38;2;156;156;189m████[38;2;115;115;123m████[38;2;49;49;49m██
[38;2;0;0;0m      [38;2;49;49;49m██████████[38;2;230;189;74m████[38;2;172;131;65m██[38;2;82;82;82m██[38;2;172;131;65m██[38;2;82;82;82m██[38;2;115;115;123m████[38;2;49;49;49m██[38;2;0;0;0m  
[38;2;0;0;0m                [38;2;49;49;49m████[38;2;246;238;115m████[38;2;230;189;74m██[38;2;49;49;49m██████[38;2;0;0;0m    
[38;2;0;0;0m                    [38;2;49;49;49m██████[38;2;0;0;0m          [0m
