
[38;2;0;0;0m                ████                  ██████          
[38;2;0;0;0m              ██[38;2;140;140;196m████[38;2;0;0;0m██      ██      ██[38;2;140;140;196m██████[38;2;0;0;0m██        
[38;2;0;0;0m                ██[38;2;140;140;196m██[38;2;107;206;235m██[38;2;0;0;0m██  ██[38;2;69;132;141m██[38;2;8;0;0m██[38;2;0;0;0m  ██[38;2;140;140;196m████[38;2;107;206;235m██[38;2;0;0;0m██          
[38;2;0;0;0m            ██  ██[38;2;140;140;196m██[38;2;107;206;235m██[38;2;0;0;0m██  ██[38;2;69;132;141m██[38;2;38;66;70m██[38;2;0;0;0m██[38;2;66;66;66m██[38;2;140;140;196m██[38;2;107;206;235m██[38;2;0;0;0m██            
[38;2;0;0;0m          ██[38;2;66;132;141m██[38;2;0;0;0m██[38;2;66;66;66m██[38;2;140;140;196m██[38;2;121;152;187m██[38;2;140;198;244m██[38;2;0;0;0m████[38;2;66;66;66m██████[38;2;140;140;196m████[38;2;107;206;235m██[38;2;0;0;0m██            
[38;2;0;0;0m            ██[38;2;66;132;141m██[38;2;66;66;66m██[38;2;140;140;196m██[38;2;121;152;187m██[38;2;82;61;74m██[38;2;66;66;66m████[38;2;140;140;196m██████████[38;2;107;206;235m██[38;2;0;0;0m██            
[38;2;0;0;0m            [38;2;8;12;0m██[38;2;55;57;65m██[38;2;140;140;196m████[38;2;66;66;66m██[38;2;140;140;196m██████████████[38;2;115;206;235m██[38;2;16;0;0m██[38;2;0;0;0m  ██          
[38;2;0;0;0m      ██████[38;2;55;57;65m██[38;2;148;148;196m██[38;2;140;140;196m██[38;2;66;66;66m██[38;2;140;140;196m██████████████[38;2;107;206;235m██[38;2;49;69;78m████[38;2;0;0;0m██[38;2;66;132;138m██[38;2;0;0;0m██        
[38;2;0;0;0m    ██[38;2;140;140;196m██[38;2;101;103;136m██[38;2;63;65;68m██[38;2;140;140;196m████[38;2;66;66;66m██[38;2;140;140;196m████████████[38;2;66;66;66m██████[38;2;66;132;142m████[38;2;82;132;138m██[38;2;49;66;69m██[38;2;0;0;0m██        
[38;2;0;0;0m      ██[38;2;140;140;204m██[38;2;63;65;68m██[38;2;140;140;196m████[38;2;66;66;66m██[38;2;140;140;196m████████[38;2;66;66;66m████[38;2;140;140;196m██████[38;2;66;66;66m████[38;2;49;66;69m██[38;2;16;0;0m██[38;2;0;0;0m    ██    
[38;2;0;0;0m      ██[38;2;99;102;147m████[38;2;140;140;196m████[38;2;98;98;146m██[38;2;140;140;196m██████[38;2;98;98;146m██[38;2;140;140;196m██████████[38;2;107;206;235m████[38;2;66;66;66m████[38;2;0;0;0m████[38;2;123;173;219m██[38;2;0;0;0m██  
[38;2;0;0;0m      ██[38;2;99;102;147m████[38;2;140;140;196m████████████████████████████[38;2;107;206;235m████████[38;2;123;173;219m██[38;2;0;0;0m██  
[38;2;0;0;0m        ██[38;2;99;99;147m██[38;2;98;98;146m██[38;2;140;140;196m██████[38;2;148;140;200m██[38;2;99;99;147m██[38;2;140;140;196m██████████████████████████[38;2;0;0;0m██  
[38;2;0;0;0m          ██[38;2;98;98;146m██[38;2;140;140;196m██[38;2;66;66;66m██[38;2;140;140;196m██[38;2;99;99;147m██[38;2;198;181;254m██[38;2;98;98;146m██[38;2;140;140;196m██████████[38;2;98;98;146m████████[38;2;140;140;196m████[38;2;0;0;0m██    
[38;2;0;0;0m      ██[38;2;0;16;0m██[38;2;82;28;70m██[38;2;123;66;126m██[38;2;57;74;73m██[38;2;206;41;166m██[38;2;66;66;66m██[38;2;214;198;222m████[38;2;255;231;199m██[38;2;99;99;155m██[38;2;140;140;196m████[38;2;66;66;66m████████[38;2;57;74;73m██[38;2;123;66;126m██[38;2;0;0;0m████      
[38;2;0;0;0m    ██[38;2;165;33;141m██[38;2;165;41;141m████[38;2;57;74;73m██[38;2;189;57;178m██[38;2;206;41;166m██[38;2;66;66;66m██[38;2;214;198;222m██[38;2;0;0;0m██[38;2;203;187;184m██[38;2;99;99;155m██[38;2;66;66;66m████[38;2;206;41;166m████████[38;2;189;57;178m██[38;2;57;74;73m██[38;2;0;0;0m██        
[38;2;0;0;0m  ██[38;2;152;82;140m██[38;2;66;66;66m████[38;2;152;82;140m██[38;2;66;66;66m██[38;2;206;41;166m██[38;2;206;37;166m████[38;2;82;41;74m██[38;2;206;173;254m██[38;2;165;107;189m██[38;2;74;57;66m██[38;2;206;41;166m████████████[38;2;206;42;166m████[38;2;214;41;174m██[38;2;8;0;8m██[38;2;0;0;0m      
[38;2;0;0;0m  ██[38;2;66;66;66m██[38;2;152;82;140m████[38;2;66;66;66m████[38;2;206;41;166m██[38;2;66;61;66m██[38;2;159;45;133m██[38;2;123;85;134m████[38;2;74;57;66m██[38;2;135;90;148m██[38;2;66;66;66m████[38;2;136;127;144m████[38;2;164;32;140m██[38;2;206;41;166m██[38;2;206;42;166m████[38;2;214;41;174m██[38;2;145;27;119m██[38;2;0;0;0m██    
[38;2;0;0;0m  ██[38;2;137;126;143m████████[38;2;0;0;0m██[38;2;66;66;66m██[38;2;156;53;156m██[38;2;63;75;73m██[38;2;104;96;147m██[38;2;66;66;66m██[38;2;93;73;109m████[38;2;93;71;109m████[38;2;94;70;110m██[38;2;0;0;0m██[38;2;214;173;254m██[38;2;119;86;131m██[38;2;206;41;166m████[38;2;181;37;149m████[38;2;0;0;0m██    
[38;2;0;0;0m    ██[38;2;137;126;143m████[38;2;0;0;0m██  ██[38;2;63;75;73m██[38;2;109;64;115m██[38;2;66;66;66m██[38;2;85;81;106m██[38;2;93;73;109m████[38;2;93;71;109m██[38;2;165;148;213m██[38;2;0;0;0m██  [38;2;24;0;8m██[38;2;214;173;254m██[38;2;164;32;140m██[38;2;206;41;166m██[38;2;181;37;149m██[38;2;198;181;254m██[38;2;0;0;0m██    
[38;2;0;0;0m      ██[38;2;137;126;143m██[38;2;0;0;0m██  ██[38;2;99;78;109m██[38;2;66;61;66m██[38;2;118;96;131m██████[38;2;255;239;151m████[38;2;118;96;131m██[38;2;181;165;237m██[38;2;0;0;0m██  ██[38;2;198;181;254m██[38;2;165;33;141m██[38;2;198;181;254m██[38;2;0;0;0m██      
[38;2;0;0;0m      ██[38;2;137;126;143m████[38;2;0;0;0m██[38;2;206;189;110m██[38;2;99;78;109m██[38;2;115;86;131m██[38;2;118;96;131m██[38;2;255;239;151m██████[38;2;118;96;131m████[38;2;181;165;237m██[38;2;0;0;0m██  ██[38;2;198;181;254m██████[38;2;0;0;0m██      
[38;2;0;0;0m        ██[38;2;137;126;143m██[38;2;74;66;79m████[38;2;118;96;131m████████████[38;2;115;99;131m████[38;2;198;181;254m██[38;2;0;0;0m██  ██[38;2;198;181;254m████[38;2;0;0;0m██        
[38;2;0;0;0m        ██[38;2;137;126;143m██[38;2;74;66;79m██[38;2;206;189;110m██[38;2;118;96;131m████[38;2;255;239;151m██[38;2;118;96;131m██████[38;2;115;99;131m██[38;2;198;181;254m██[38;2;0;0;0m██  ██[38;2;198;181;254m████[38;2;0;0;0m██          
[38;2;0;0;0m        ██[38;2;137;126;143m██[38;2;69;66;50m██[38;2;206;198;118m██[38;2;118;96;131m████[38;2;255;239;151m██[38;2;118;96;131m██[38;2;115;94;131m████[38;2;74;74;85m██[38;2;222;222;254m██[38;2;0;0;0m██  ██[38;2;198;181;254m██[38;2;0;0;0m██            
[38;2;0;0;0m      ██[38;2;137;126;143m████[38;2;0;0;16m██[38;2;69;66;50m██[38;2;118;96;131m████████[38;2;90;78;101m██[38;2;66;61;71m██[38;2;222;222;254m██[38;2;0;0;0m██  ██[38;2;198;181;254m████[38;2;0;0;0m██            
[38;2;0;0;0m    [38;2;0;0;8m██[38;2;132;126;135m██[38;2;189;189;189m██[38;2;0;0;0m██  ██[38;2;206;181;142m██[38;2;103;90;83m██[38;2;255;239;151m██[38;2;90;74;106m██[38;2;74;70;82m████[38;2;255;255;255m████[38;2;0;0;0m██[38;2;82;85;82m██[38;2;198;181;254m██[38;2;136;129;144m██[38;2;255;255;255m██[38;2;0;0;0m████        
[38;2;0;0;0m  ██[38;2;132;126;135m██[38;2;198;189;198m██[38;2;189;189;189m██[38;2;0;0;0m██    [38;2;0;0;24m██[38;2;103;90;83m██[38;2;90;74;106m████[38;2;74;70;82m██[38;2;255;255;255m██████[38;2;247;255;247m██[38;2;0;0;0m██[38;2;198;181;254m██[38;2;136;129;144m██[38;2;255;255;255m██████[38;2;0;0;0m██      
[38;2;0;0;0m██[38;2;126;126;131m██[38;2;189;189;189m██[38;2;0;0;0m████        ██[38;2;93;73;109m████[38;2;66;66;66m██[38;2;255;255;255m██████[38;2;0;0;0m██  ██[38;2;198;181;254m██[38;2;135;127;143m██[38;2;255;255;255m████[38;2;0;0;0m██      
[38;2;0;0;0m██[38;2;189;189;197m██[38;2;0;0;0m██            ██[38;2;66;66;66m██[38;2;93;73;109m██[38;2;66;66;66m██[38;2;192;192;192m██[38;2;255;255;255m██[38;2;0;0;0m██    ██[38;2;198;181;254m██[38;2;135;127;143m██[38;2;255;255;255m██████[38;2;0;0;0m██    
[38;2;0;0;0m  ██            ██[38;2;189;189;189m████[38;2;0;0;0m████[38;2;189;189;189m██[38;2;192;192;192m██[38;2;66;66;66m██[38;2;0;0;0m██    ██[38;2;198;181;246m██[38;2;132;121;164m██[38;2;255;255;255m████[38;2;0;0;0m██    
[38;2;0;0;0m                  ████    ██[38;2;255;255;255m██████[38;2;0;0;0m██    ██[38;2;198;181;246m██[38;2;135;127;143m██[38;2;255;255;255m████[38;2;0;0;0m██  
[38;2;0;0;0m                            ██████        ████[38;2;198;181;254m██[38;2;255;255;255m████[38;2;0;0;0m██[0m
