
[38;2;0;0;0m                                  [38;2;0;4;0m██████████[38;2;0;0;0m                          
[38;2;0;0;0m                            [38;2;0;4;0m██████[38;2;189;148;69m██████████[38;2;0;4;0m██████[38;2;0;0;0m                    
[38;2;0;0;0m                        [38;2;0;4;0m████[38;2;165;123;93m████[38;2;192;148;67m██████████████[38;2;167;124;93m██[38;2;195;148;69m██[38;2;0;4;0m████[38;2;0;0;0m                
[38;2;0;0;0m                      [38;2;0;4;0m██[38;2;165;123;93m██████[38;2;192;148;67m██████████████[38;2;165;123;93m██[38;2;195;148;69m██[38;2;167;124;93m██[38;2;181;132;77m████[38;2;0;4;0m██[38;2;0;0;0m              
[38;2;0;0;0m                  [38;2;0;4;0m████[38;2;99;70;67m██[38;2;151;132;127m██[38;2;168;123;93m████████[38;2;195;148;69m████████[38;2;167;124;93m██[38;2;195;148;69m██[38;2;167;124;93m██[38;2;195;148;69m██[38;2;167;124;93m██[38;2;195;148;69m██[38;2;165;123;93m██[38;2;0;4;0m██[38;2;0;0;0m            
[38;2;0;0;0m                [38;2;0;4;0m██[38;2;255;255;255m████[38;2;255;255;247m██[38;2;99;70;67m██[38;2;168;123;93m████████[38;2;167;124;93m████████████████████[38;2;165;123;93m████[38;2;0;4;0m██[38;2;0;0;0m          
[38;2;0;0;0m                [38;2;0;4;0m██[38;2;255;255;255m████████[38;2;99;74;75m████████████████[38;2;167;125;93m████[38;2;168;123;93m████████████[38;2;0;4;0m██[38;2;0;0;0m          
[38;2;0;0;0m              [38;2;0;4;0m██[38;2;255;255;255m████[38;2;112;178;224m████[38;2;255;255;255m██████████████████[38;2;96;76;74m████[38;2;168;123;93m████████████[38;2;165;123;93m██[38;2;0;4;0m██[38;2;0;0;0m        
[38;2;0;0;0m            [38;2;0;4;0m██[38;2;255;255;255m████[38;2;77;88;85m██[38;2;154;171;170m██[38;2;112;189;230m██[38;2;255;255;255m██████████████████████[38;2;96;76;74m██[38;2;167;125;93m██[38;2;168;123;93m████████[38;2;165;123;93m██[38;2;0;4;0m██[38;2;0;0;0m        
[38;2;0;0;0m            [38;2;0;4;0m██[38;2;255;255;255m██[38;2;82;82;66m██[38;2;231;255;255m██[38;2;0;4;0m██[38;2;112;189;230m████[38;2;255;255;255m██████[38;2;112;178;224m████████[38;2;255;255;255m██████[38;2;96;76;74m██[38;2;167;125;93m██[38;2;168;123;93m████████[38;2;165;123;93m████[38;2;0;4;0m██[38;2;0;0;0m      
[38;2;0;0;0m            [38;2;0;4;0m██[38;2;255;255;255m██[38;2;74;74;66m██[38;2;255;255;255m██[38;2;24;4;0m██[38;2;115;206;251m████[38;2;110;179;224m████[38;2;118;209;251m████[38;2;115;206;251m████[38;2;156;196;196m████[38;2;255;255;255m██████[38;2;99;74;75m██[38;2;168;123;93m████████████[38;2;0;4;0m██[38;2;0;0;0m      
[38;2;0;0;0m          [38;2;0;4;0m██[38;2;165;123;93m██[38;2;74;74;66m██[38;2;255;255;255m██[38;2;101;88;85m████[38;2;156;103;84m████[38;2;115;206;251m████[38;2;118;209;251m████[38;2;115;206;251m██[38;2;0;4;0m██[38;2;206;255;254m██[38;2;57;78;81m██[38;2;112;178;224m██[38;2;255;255;255m████[38;2;99;74;75m██[38;2;168;123;93m████████████[38;2;165;123;93m██[38;2;0;4;0m██[38;2;0;0;0m    
[38;2;0;0;0m          [38;2;0;4;0m██[38;2;159;122;101m██[38;2;82;57;58m██[38;2;134;109;97m██[38;2;173;99;85m██[38;2;255;206;183m██[38;2;236;214;180m████[38;2;156;103;84m████[38;2;115;206;251m██[38;2;107;86;75m██[38;2;255;255;255m██[38;2;0;0;0m██[38;2;255;255;255m██[38;2;82;82;66m██[38;2;115;206;251m██[38;2;110;179;224m██[38;2;255;255;255m████[38;2;96;76;74m██[38;2;167;125;93m██[38;2;168;123;93m████████[38;2;165;123;93m██[38;2;0;4;0m██[38;2;0;0;0m    
[38;2;0;0;0m          [38;2;0;4;0m██[38;2;80;63;50m██[38;2;239;214;175m████[38;2;228;170;150m████[38;2;236;214;180m████[38;2;239;214;183m████[38;2;107;86;75m████[38;2;85;85;85m██[38;2;255;255;255m██[38;2;82;82;66m████[38;2;115;206;251m██[38;2;110;179;224m██[38;2;255;255;255m████[38;2;96;76;74m██[38;2;167;125;93m██[38;2;168;123;93m████████[38;2;165;123;93m██[38;2;0;4;0m██[38;2;0;0;0m    
[38;2;0;0;0m  [38;2;0;4;0m██[38;2;0;0;0m      [38;2;0;4;0m██[38;2;239;214;183m██[38;2;255;165;151m██[38;2;82;82;66m██[38;2;255;165;151m██████[38;2;239;214;178m██[38;2;236;214;180m████[38;2;239;214;183m██[38;2;156;101;84m██[38;2;107;86;75m████[38;2;82;82;66m██[38;2;115;198;243m██[38;2;112;178;224m██[38;2;255;255;255m████[38;2;99;74;75m██[38;2;168;123;93m████████████████[38;2;0;4;0m██[38;2;0;0;0m  
[38;2;0;4;0m██[38;2;198;198;190m██[38;2;0;4;0m██[38;2;0;0;0m      [38;2;0;4;0m██[38;2;255;165;151m██[38;2;82;82;66m██[38;2;255;165;151m██[38;2;82;82;66m██[38;2;255;165;151m████[38;2;236;214;180m████[38;2;239;214;183m████[38;2;107;86;75m██[38;2;115;206;251m██[38;2;115;198;243m████[38;2;255;255;255m██████[38;2;99;74;75m██[38;2;168;123;93m████████████████[38;2;0;4;0m██[38;2;0;0;0m  
[38;2;0;4;0m██[38;2;198;198;190m██[38;2;0;4;0m██[38;2;0;0;0m    [38;2;0;4;0m██[38;2;239;214;183m██[38;2;239;214;178m██[38;2;255;165;151m████[38;2;82;82;66m██[38;2;255;165;151m████[38;2;239;214;183m████[38;2;236;214;180m████████[38;2;156;103;84m██[38;2;255;255;247m██[38;2;255;255;255m████[38;2;96;76;74m██[38;2;167;125;93m██[38;2;168;123;93m████████████[38;2;165;123;93m██[38;2;132;101;97m██[38;2;0;4;0m██[38;2;0;0;0m  
[38;2;0;4;0m██[38;2;198;198;190m████[38;2;0;4;0m██[38;2;0;0;0m    [38;2;0;4;0m██[38;2;239;214;178m████[38;2;255;165;151m██████[38;2;239;214;178m██[38;2;66;66;66m██[38;2;239;214;183m██[38;2;236;214;180m████████[38;2;222;204;193m██[38;2;156;103;84m██[38;2;99;74;75m████[38;2;167;125;93m████[38;2;168;123;93m████████████[38;2;132;101;97m██[38;2;165;123;93m██[38;2;127;101;95m██[38;2;0;4;0m██
[38;2;0;4;0m██[38;2;198;198;190m██████[38;2;0;4;0m████[38;2;198;198;190m██[38;2;66;66;66m██[38;2;239;214;183m██[38;2;236;214;180m████[38;2;239;214;183m██[38;2;66;66;66m██[38;2;255;255;255m██[38;2;66;66;66m██[38;2;236;214;180m████[38;2;134;109;97m██[38;2;239;214;175m██[38;2;140;104;84m██[38;2;173;123;93m██[38;2;168;123;93m████████████[38;2;165;123;93m████[38;2;99;74;75m██[38;2;132;100;96m██[38;2;165;123;93m██[38;2;132;101;97m██[38;2;148;111;95m██[38;2;0;4;0m██
[38;2;0;0;0m  [38;2;0;4;0m██[38;2;198;198;190m██████████[38;2;66;66;66m██[38;2;239;214;183m██[38;2;236;214;180m████[38;2;239;214;183m██[38;2;66;66;66m██[38;2;255;255;255m██[38;2;66;66;66m██[38;2;236;214;180m████[38;2;239;214;175m██[38;2;82;57;58m██[38;2;74;66;66m██[38;2;173;123;93m██[38;2;168;123;93m████████████[38;2;132;101;97m████[38;2;99;74;75m██[38;2;132;100;96m██[38;2;132;101;97m████[38;2;148;111;95m██[38;2;0;4;0m██
[38;2;0;0;0m  [38;2;0;4;0m██[38;2;198;198;190m██[38;2;201;198;190m████████[38;2;198;198;190m██[38;2;66;66;66m██[38;2;247;214;159m██[38;2;181;143;93m██[38;2;255;214;159m██[38;2;74;66;58m██[38;2;255;255;255m████[38;2;74;70;66m██[38;2;195;193;187m██[38;2;66;66;66m██[38;2;255;255;255m████[38;2;66;66;66m██[38;2;165;123;93m████[38;2;99;74;75m██[38;2;132;100;96m██[38;2;99;74;75m██[38;2;132;100;96m██████[38;2;99;74;75m██[38;2;132;100;96m██[38;2;132;101;97m████[38;2;127;101;95m██[38;2;0;4;0m██
[38;2;0;0;0m    [38;2;0;4;0m██[38;2;201;198;190m████████[38;2;198;198;190m██[38;2;66;66;66m██[38;2;181;143;93m██[38;2;148;107;60m██[38;2;164;140;108m██[38;2;74;66;58m██[38;2;255;255;255m████[38;2;255;255;247m██[38;2;74;70;66m██[38;2;255;255;255m████████[38;2;66;66;66m██[38;2;132;104;84m██[38;2;99;74;75m██[38;2;132;100;96m██[38;2;99;74;75m██[38;2;132;100;96m████[38;2;99;74;75m██[38;2;132;100;96m████[38;2;132;101;97m████[38;2;0;4;0m██[38;2;0;0;0m  
[38;2;0;0;0m      [38;2;0;4;0m████[38;2;198;198;190m████[38;2;82;74;66m██[38;2;123;112;105m██[38;2;132;101;97m████████[38;2;66;66;66m██[38;2;255;255;255m██████[38;2;82;90;106m████[38;2;255;255;255m████[38;2;74;66;66m██[38;2;93;77;75m██[38;2;132;101;97m████[38;2;132;103;100m██[38;2;88;78;77m██[38;2;88;70;67m██[38;2;132;103;100m██[38;2;132;111;100m████[38;2;123;107;99m████[38;2;0;4;0m██[38;2;0;0;0m  
[38;2;0;0;0m          [38;2;0;4;0m████[38;2;206;189;182m██[38;2;82;74;66m██[38;2;82;79;69m████[38;2;132;101;97m████[38;2;66;66;66m██[38;2;255;255;255m████████████[38;2;66;66;66m██[38;2;93;77;75m██[38;2;132;99;92m██[38;2;132;101;97m████[38;2;132;103;100m██[38;2;66;66;66m██[38;2;0;4;0m████[38;2;198;198;190m██[38;2;132;111;100m██[38;2;206;198;182m██[38;2;82;61;58m██[38;2;0;4;0m██[38;2;0;0;0m  
[38;2;0;0;0m              [38;2;0;4;0m██[38;2;198;198;190m██[38;2;69;71;63m██[38;2;206;198;190m██[38;2;66;65;66m████[38;2;0;4;0m████[38;2;255;255;255m██████████[38;2;85;85;85m██[38;2;132;100;96m████████[38;2;123;99;99m██[38;2;0;4;0m██[38;2;0;0;0m    [38;2;0;4;0m████████[38;2;0;0;0m    
[38;2;0;0;0m                [38;2;0;4;0m██[38;2;0;8;0m████[38;2;0;4;0m████[38;2;0;0;0m    [38;2;0;4;0m██[38;2;255;255;255m██████[38;2;0;0;0m██[38;2;255;255;255m██[38;2;99;74;75m██████[38;2;132;100;96m██[38;2;82;67;66m██[38;2;0;4;0m██[38;2;0;0;0m                
[38;2;0;0;0m                                [38;2;0;4;0m██████[38;2;0;0;0m  [38;2;0;4;0m██[38;2;255;255;247m██[38;2;127;129;123m██[38;2;247;255;247m██[38;2;82;85;82m██[38;2;66;65;66m██[38;2;0;4;0m██[38;2;0;0;0m                
[38;2;0;0;0m                                          [38;2;0;4;0m████[38;2;0;0;0m████[38;2;0;4;0m██[38;2;0;0;0m                  [0m
