
[38;2;0;0;0m                  ██                                      
[38;2;0;0;0m                ██[38;2;255;247;127m██[38;2;0;0;0m██                                    
[38;2;0;0;0m              ██[38;2;255;247;127m████[38;2;0;0;0m██                                    
[38;2;0;0;0m              ██[38;2;255;247;127m██[38;2;255;247;130m████[38;2;0;0;0m██                                  
[38;2;0;0;0m            ██[38;2;255;247;127m████[38;2;255;247;130m████[38;2;0;0;0m██                                  
[38;2;0;0;0m            ██[38;2;255;247;130m████[38;2;255;247;127m████[38;2;173;165;85m██[38;2;8;0;0m██[38;2;0;0;0m                                
[38;2;0;0;0m          ██[38;2;189;173;93m██[38;2;255;247;130m████[38;2;255;247;127m██[38;2;192;173;91m██[38;2;255;247;127m████[38;2;0;0;0m██                              
[38;2;0;0;0m        ██[38;2;255;247;127m██[38;2;192;173;91m██[38;2;255;247;130m████[38;2;255;247;127m██[38;2;192;173;91m██[38;2;255;247;130m████[38;2;0;0;0m██                              
[38;2;0;0;0m        ██[38;2;255;247;127m██[38;2;192;173;91m██[38;2;255;247;130m████[38;2;192;173;91m██[38;2;255;247;127m██[38;2;255;247;130m████[38;2;206;198;126m██[38;2;0;0;0m██                            
[38;2;0;0;0m      ██[38;2;255;247;127m██[38;2;192;173;91m██[38;2;255;247;127m██████[38;2;192;173;91m██[38;2;255;247;127m████[38;2;205;197;125m██[38;2;206;198;126m██[38;2;0;0;0m██              ██            
[38;2;0;0;0m      ██[38;2;255;247;127m██[38;2;192;173;91m██[38;2;255;247;127m████[38;2;192;173;91m██[38;2;255;247;127m██████[38;2;205;197;125m██[38;2;206;198;126m████[38;2;0;0;0m██          ██[38;2;99;189;187m██[38;2;0;0;0m██          
[38;2;0;0;0m    ██[38;2;255;247;127m██[38;2;192;173;91m██[38;2;255;247;130m████[38;2;255;247;127m██[38;2;192;173;91m██[38;2;255;247;130m████[38;2;206;198;126m████████[38;2;0;0;0m██          ██[38;2;99;189;187m████[38;2;0;0;0m██        
[38;2;0;0;0m    ██[38;2;255;247;127m████[38;2;255;247;130m████[38;2;255;247;127m████[38;2;255;247;130m████[38;2;206;198;126m██████████[38;2;0;0;0m██        ██[38;2;99;189;187m████[38;2;0;0;0m██        
[38;2;0;0;0m      ██[38;2;255;247;127m██[38;2;255;247;130m████[38;2;247;214;127m████[38;2;134;120;92m████[38;2;135;121;92m██[38;2;206;198;126m████████[38;2;0;0;0m██          ██[38;2;99;187;190m████[38;2;0;0;0m██      
[38;2;0;0;0m      ██[38;2;255;247;127m██[38;2;255;247;130m████[38;2;16;0;0m██[38;2;170;143;85m██[38;2;255;255;255m████[38;2;135;121;92m██[38;2;206;198;126m████[38;2;66;66;66m██[38;2;206;198;126m████[38;2;0;0;0m██        ██[38;2;99;187;190m████[38;2;99;189;187m██[38;2;0;0;0m██    
[38;2;0;0;0m    ██[38;2;255;247;127m████[38;2;71;148;157m████[38;2;214;111;94m████[38;2;239;255;255m██[38;2;156;170;151m██[38;2;99;188;192m██[38;2;132;119;92m██[38;2;206;198;126m██[38;2;66;66;66m██[38;2;206;198;126m████[38;2;0;0;0m██  ██    ██[38;2;99;189;187m████[38;2;107;189;187m██[38;2;16;0;0m██[38;2;0;0;0m    
[38;2;0;0;0m  ██[38;2;255;247;127m████[38;2;74;148;154m██[38;2;102;190;192m████[38;2;99;185;192m████[38;2;115;127;99m████[38;2;132;119;92m████[38;2;206;198;126m██████[38;2;0;0;0m██  ██[38;2;206;198;126m██[38;2;0;0;0m██    ██[38;2;99;189;187m██[38;2;46;63;62m██[38;2;107;189;187m██[38;2;0;0;0m██  
[38;2;0;0;0m██[38;2;148;198;172m██[38;2;99;133;120m██[38;2;71;148;157m██[38;2;102;190;192m██████████[38;2;154;129;87m██[38;2;143;167;138m██[38;2;206;198;126m████[38;2;206;196;126m████[38;2;103;99;71m██[38;2;0;0;8m██[38;2;0;0;0m  ██[38;2;206;198;126m██[38;2;0;0;0m██    [38;2;0;0;8m██[38;2;127;123;71m██[38;2;255;247;127m██[38;2;66;66;66m██[38;2;99;189;187m██[38;2;0;0;0m██
[38;2;0;0;0m  [38;2;0;4;16m██[38;2;148;198;172m██[38;2;102;190;192m██████[38;2;71;148;157m████[38;2;102;190;192m██[38;2;132;206;188m██[38;2;154;129;87m██[38;2;206;198;126m████[38;2;206;196;126m██[38;2;107;94;91m██[38;2;206;198;134m████[38;2;0;0;0m██[38;2;66;66;66m██[38;2;206;198;126m████[38;2;0;0;0m██  [38;2;0;0;8m██[38;2;255;247;135m██[38;2;255;247;127m██[38;2;66;66;66m██[38;2;0;0;0m██  
[38;2;0;0;0m    ██████[38;2;66;133;135m██[38;2;99;198;203m██[38;2;165;189;157m██[38;2;113;126;105m██[38;2;135;121;92m██████[38;2;206;198;126m██████[38;2;173;206;157m██[38;2;99;99;99m██[38;2;66;66;66m██[38;2;154;192;159m██[38;2;206;198;126m██[38;2;66;66;66m██[38;2;255;247;135m██[38;2;0;0;8m██[38;2;255;247;130m████[38;2;129;123;86m██[38;2;66;61;66m██[38;2;255;247;127m██[38;2;0;0;0m██
[38;2;0;0;0m          [38;2;0;4;0m████[38;2;8;0;0m██[38;2;165;189;157m██[38;2;206;198;126m████████████[38;2;99;99;99m██[38;2;148;170;138m██[38;2;154;192;159m██[38;2;66;66;66m██████[38;2;255;247;135m██[38;2;127;123;71m██[38;2;255;247;130m████[38;2;129;123;86m██[38;2;255;247;127m████[38;2;0;0;0m██
[38;2;0;0;0m                ██[38;2;206;198;126m██[38;2;90;111;114m████[38;2;206;198;126m██[38;2;173;206;157m██[38;2;99;99;99m██[38;2;99;187;190m████████[38;2;144;162;124m██[38;2;57;70;81m██[38;2;255;247;130m████[38;2;255;247;127m██[38;2;134;120;92m██[38;2;255;247;127m████[38;2;0;0;0m██  
[38;2;0;0;0m              ██[38;2;74;148;154m██[38;2;90;111;114m████████[38;2;99;99;99m██[38;2;148;170;138m██[38;2;99;187;190m████████[38;2;57;70;81m██[38;2;231;255;167m██[38;2;255;247;130m████[38;2;255;247;127m██████[38;2;205;197;125m██[38;2;0;0;0m██  
[38;2;0;0;0m            ██[38;2;107;198;203m██[38;2;77;133;135m██[38;2;71;145;157m████[38;2;71;148;157m██[38;2;102;190;192m██[38;2;99;187;190m████████[38;2;96;184;192m████[38;2;66;66;66m██[38;2;206;198;126m██[38;2;255;247;127m████████[38;2;206;198;126m██████[38;2;0;0;0m██
[38;2;0;0;0m              [38;2;16;4;0m██[38;2;46;69;68m██[38;2;71;145;157m████[38;2;102;190;192m████[38;2;99;187;190m████████[38;2;76;120;132m██[38;2;57;57;73m██[38;2;66;66;66m██[38;2;206;198;126m██[38;2;205;197;125m████████[38;2;206;198;126m██[38;2;0;0;0m████  
[38;2;0;0;0m                ██[38;2;71;148;157m████[38;2;55;98;143m██[38;2;99;189;187m██[38;2;99;187;190m████[38;2;96;184;192m██[38;2;76;120;132m██[38;2;99;78;67m██[38;2;93;101;96m██[38;2;132;119;92m██[38;2;0;0;0m██[38;2;206;198;126m████████[38;2;0;0;0m██      
[38;2;0;0;0m                  ██[38;2;71;148;157m██[38;2;77;144;165m██[38;2;55;98;143m██[38;2;99;187;190m████[38;2;96;184;192m██[38;2;57;57;73m██[38;2;82;148;154m████[38;2;0;0;0m██  [38;2;0;0;8m██[38;2;69;66;47m██[38;2;66;66;66m████[38;2;74;148;154m██[38;2;0;0;0m██    
[38;2;0;0;0m                    ██[38;2;136;127;96m██[38;2;66;66;66m██[38;2;123;142;123m████[38;2;167;185;135m██[38;2;57;61;73m██[38;2;74;140;154m████[38;2;0;0;0m██  [38;2;0;4;8m██[38;2;66;127;133m██[38;2;71;148;157m████[38;2;0;0;0m██      
[38;2;0;0;0m                    ██[38;2;206;189;126m██[38;2;66;66;66m██[38;2;123;142;123m██[38;2;255;247;127m██[38;2;112;123;104m██[38;2;222;247;166m██[38;2;41;70;77m██[38;2;8;0;0m██[38;2;0;0;0m  ██[38;2;99;189;195m████[38;2;102;190;192m██[38;2;71;148;157m██[38;2;0;0;0m██      
[38;2;0;0;0m                  [38;2;0;4;8m██[38;2;189;206;181m██[38;2;49;70;81m██[38;2;239;255;151m██[38;2;255;247;127m██████████[38;2;0;0;0m██  ██[38;2;181;214;221m██[38;2;121;143;147m██[38;2;214;214;214m██[38;2;0;0;0m██        
[38;2;0;0;0m                ██[38;2;189;206;181m██[38;2;126;139;123m██[38;2;49;70;81m██[38;2;112;132;104m██[38;2;134;120;92m██[38;2;255;247;127m████[38;2;134;120;92m██[38;2;0;0;0m██      ██████          
[38;2;0;0;0m                  ████[38;2;239;255;255m██[38;2;119;129;131m██[38;2;255;255;239m██[38;2;127;127;119m██[38;2;132;119;92m██[38;2;0;0;0m██                        
[38;2;0;0;0m                      [38;2;0;4;8m████[38;2;0;0;0m██████                          [0m
