
[38;2;0;0;0m          ████                          
[38;2;0;0;0m        ██[38;2;74;107;202m████[38;2;0;0;0m██        ████            
[38;2;0;0;0m        ██[38;2;74;107;202m████[38;2;0;0;0m██      ██[38;2;82;140;250m████[38;2;0;0;0m██          
[38;2;0;0;0m        ██[38;2;74;107;202m██[38;2;0;0;0m██      ██[38;2;82;140;250m██████[38;2;0;0;0m██          
[38;2;0;0;0m        ██[38;2;74;107;202m██[38;2;0;0;0m██    ██[38;2;82;140;250m████[38;2;0;0;0m████            
[38;2;0;0;0m          ██[38;2;82;111;186m██[38;2;8;4;0m██[38;2;0;0;0m  ██[38;2;82;140;250m██[38;2;0;0;0m██                
[38;2;0;0;0m            [38;2;8;4;0m██[38;2;45;57;93m██[38;2;0;0;0m██[38;2;66;66;66m██[38;2;0;0;0m██                  
[38;2;0;0;0m          ████[38;2;82;140;250m████████[38;2;0;0;0m██████            
[38;2;0;0;0m      ████[38;2;82;140;250m██████████████████[38;2;0;0;0m██          
[38;2;0;0;0m  ██[38;2;16;12;0m██[38;2;82;111;202m██[38;2;66;66;66m██[38;2;165;214;253m██[38;2;82;140;250m████[38;2;137;200;222m██[38;2;156;214;252m██[38;2;165;222;253m████[38;2;124;178;252m██[38;2;82;143;250m██[38;2;99;156;251m██[38;2;0;0;0m████      
[38;2;0;0;0m██[38;2;74;107;202m██[38;2;82;111;202m██[38;2;38;45;67m██[38;2;165;214;253m████████[38;2;156;214;252m██[38;2;99;173;163m██[38;2;0;8;0m██[38;2;110;151;169m██[38;2;165;214;253m████[38;2;99;156;251m████[38;2;82;140;250m██[38;2;0;0;0m██    
[38;2;0;0;0m██[38;2;74;107;202m██[38;2;107;173;155m██[38;2;57;86;77m██[38;2;165;214;253m████████[38;2;165;222;253m██[38;2;0;8;0m██[38;2;247;255;255m██[38;2;0;8;8m██[38;2;165;217;253m████████[38;2;90;144;234m████[38;2;0;0;0m██  
[38;2;0;0;0m  ██[38;2;8;0;0m██[38;2;107;173;155m██[38;2;132;74;76m████[38;2;140;57;52m████[38;2;165;222;253m██[38;2;110;151;169m██[38;2;0;8;8m██[38;2;123;131;131m██[38;2;165;217;253m████████[38;2;115;181;251m██[38;2;66;107;218m██[38;2;74;107;202m██[38;2;0;0;0m██
[38;2;0;0;0m      ████[38;2;165;214;253m██[38;2;198;82;78m████[38;2;165;217;253m████[38;2;165;214;253m████[38;2;165;231;253m██[38;2;66;74;66m██[38;2;107;173;155m████[38;2;74;107;202m████[38;2;66;66;66m██[38;2;0;0;0m██
[38;2;0;0;0m          ██[38;2;165;214;253m████[38;2;165;217;253m████[38;2;165;214;253m██[38;2;66;66;66m██[38;2;66;74;66m██[38;2;115;152;159m██[38;2;107;173;155m██[38;2;0;0;0m████████  
[38;2;0;0;0m            ████[38;2;107;173;155m██████████[38;2;0;0;0m████          
[38;2;0;0;0m                ██████████              [0m
