
[38;2;0;0;0m            ██████                                              
[38;2;0;0;0m          ██[38;2;247;140;164m████[38;2;255;132;175m██[38;2;8;0;8m██[38;2;0;0;0m████                  ██████                
[38;2;0;0;0m      ████[38;2;189;74;141m██[38;2;247;140;164m████[38;2;173;88;119m██[38;2;255;132;175m██[38;2;247;140;167m████[38;2;0;0;0m██              ██[38;2;255;181;199m██[38;2;255;156;199m██[38;2;170;104;133m██[38;2;0;0;0m██              
[38;2;0;0;0m    ██[38;2;247;140;167m██[38;2;247;140;164m████[38;2;173;123;125m██[38;2;66;78;66m██[38;2;66;74;66m████[38;2;247;140;167m████[38;2;0;0;0m██            ██[38;2;74;49;66m██[38;2;164;111;132m██[38;2;255;181;199m████[38;2;0;0;0m██  ██████      
[38;2;0;0;0m    ██[38;2;247;140;167m██[38;2;247;140;164m████[38;2;66;78;66m██[38;2;137;108;105m██[38;2;137;145;73m██[38;2;173;181;77m██[38;2;82;52;61m██[38;2;0;8;8m██[38;2;0;0;0m            ██[38;2;255;181;199m██[38;2;255;173;199m████[38;2;189;74;138m████[38;2;189;74;141m██[38;2;0;0;0m██[38;2;255;181;199m████[38;2;189;74;141m██[38;2;0;0;0m██    
[38;2;0;0;0m      ██[38;2;187;102;133m██[38;2;66;61;66m██[38;2;112;187;91m████[38;2;186;165;72m██[38;2;255;239;71m██[38;2;134;146;78m██[38;2;129;192;89m██[38;2;0;0;0m██          [38;2;8;0;0m██[38;2;173;110;133m██[38;2;189;74;138m████[38;2;255;239;71m████[38;2;189;74;141m████[38;2;189;74;138m████[38;2;255;181;199m██[38;2;0;0;0m██    
[38;2;0;0;0m      ██[38;2;247;123;167m██[38;2;66;61;66m██[38;2;112;187;91m████[38;2;186;165;72m██[38;2;118;90;72m██[38;2;140;99;68m██[38;2;129;192;89m██[38;2;115;189;91m██[38;2;0;0;0m██      ██[38;2;255;165;199m████[38;2;255;181;199m██[38;2;189;74;138m██[38;2;189;74;141m██[38;2;255;239;71m████[38;2;189;74;141m██[38;2;255;181;199m████[38;2;0;0;0m██      
[38;2;0;0;0m    ██[38;2;247;140;167m██[38;2;247;132;167m██[38;2;66;53;66m██[38;2;115;189;91m████[38;2;112;187;91m████[38;2;115;189;91m████[38;2;115;181;91m██[38;2;0;0;0m██        ██[38;2;255;181;199m██████[38;2;187;74;139m████[38;2;189;74;138m██████[38;2;255;181;199m████[38;2;0;0;0m██    
[38;2;0;0;0m    ██[38;2;247;140;167m██[38;2;187;106;133m██[38;2;247;132;167m██[38;2;66;66;66m██[38;2;115;189;91m██[38;2;112;187;91m████[38;2;115;189;91m██[38;2;82;79;69m██[38;2;115;181;91m██[38;2;77;121;61m██[38;2;0;0;0m██        ██[38;2;189;74;138m████[38;2;148;222;132m██[38;2;187;74;139m██[38;2;255;181;199m████[38;2;189;74;138m████[38;2;255;181;199m██[38;2;0;0;0m██    
[38;2;0;0;0m      ██[38;2;115;70;79m██[38;2;231;140;159m██[38;2;57;86;49m██[38;2;115;173;99m██[38;2;115;189;91m████[38;2;82;82;66m██[38;2;255;239;71m██[38;2;66;82;82m██[38;2;124;137;81m██[38;2;0;0;0m██      ██[38;2;255;239;79m██[38;2;193;156;69m██[38;2;148;222;132m████[38;2;187;74;139m██[38;2;255;181;199m██████[38;2;85;63;66m██[38;2;0;0;0m██      
[38;2;0;0;0m          ██████[38;2;115;189;91m██[38;2;78;106;74m██[38;2;82;82;66m██[38;2;255;239;71m██[38;2;239;247;79m██[38;2;66;82;82m██[38;2;66;66;66m██[38;2;0;0;0m██    ██[38;2;170;159;53m██[38;2;193;156;69m██[38;2;148;222;132m██████[38;2;189;74;138m██[38;2;255;181;199m████[38;2;0;4;0m██[38;2;0;0;0m        
[38;2;0;0;0m                ██[38;2;90;140;122m██[38;2;85;80;72m██[38;2;255;239;71m██████[38;2;82;82;74m██[38;2;153;197;124m██[38;2;0;0;8m████[38;2;82;107;74m██[38;2;148;222;132m████████[38;2;193;156;69m██[38;2;82;80;42m████[38;2;0;0;0m██          
[38;2;0;0;0m                  ██[38;2;85;80;72m██[38;2;170;159;71m██[38;2;255;239;71m██[38;2;193;158;69m██[38;2;82;82;74m██[38;2;189;255;149m██[38;2;156;222;132m██[38;2;52;74;49m██[38;2;82;107;74m██[38;2;148;222;132m██[38;2;82;107;74m████[38;2;148;222;132m██[38;2;193;156;69m██[38;2;247;239;79m██[38;2;0;0;24m██[38;2;0;0;0m            
[38;2;0;0;0m                [38;2;0;8;16m██[38;2;170;173;74m██[38;2;198;255;150m██[38;2;82;82;66m██████[38;2;198;255;150m████[38;2;148;222;132m██[38;2;66;66;66m██[38;2;90;140;122m██[38;2;74;96;79m██[38;2;87;140;122m██[38;2;82;107;74m██[38;2;148;222;132m██[38;2;0;0;0m████              
[38;2;0;0;0m        ██    ██[38;2;255;255;103m██[38;2;170;173;74m██[38;2;198;255;150m██████████[38;2;148;228;132m██[38;2;148;222;132m████[38;2;66;74;58m██[38;2;90;140;122m██[38;2;87;140;122m████[38;2;0;0;0m██        ██        
[38;2;0;0;0m      ██[38;2;88;143;120m██[38;2;0;0;0m██  ██[38;2;255;239;71m██[38;2;193;158;69m██[38;2;148;228;132m██[38;2;198;255;150m██[38;2;181;255;149m██[38;2;156;204;124m██[38;2;112;93;72m████[38;2;123;94;67m██[38;2;173;222;117m██[38;2;148;222;132m██[38;2;66;66;66m██[38;2;78;107;74m██[38;2;0;0;0m██    ██  [38;2;8;4;0m██[38;2;99;148;115m██[38;2;0;0;0m██      
[38;2;0;0;0m  ████[38;2;66;66;66m██[38;2;88;143;120m████[38;2;0;0;0m██[38;2;82;78;70m██[38;2;255;239;71m██[38;2;193;158;69m██[38;2;148;228;132m████[38;2;156;204;124m██[38;2;107;103;75m██[38;2;112;93;72m██[38;2;255;239;71m██[38;2;148;158;92m██[38;2;123;94;67m██[38;2;148;222;132m████[38;2;0;0;0m██    ██[38;2;90;140;122m██[38;2;0;0;0m██[38;2;69;100;77m████[38;2;0;0;0m██      
[38;2;0;0;0m██[38;2;90;140;122m██[38;2;87;141;122m████[38;2;96;145;96m██[38;2;74;74;74m██[38;2;112;187;91m████[38;2;82;82;66m██[38;2;140;231;124m██[38;2;148;225;129m████[38;2;148;222;132m██[38;2;115;90;73m██[38;2;255;239;71m██████[38;2;193;158;69m██[38;2;148;228;130m████[38;2;0;0;0m██  [38;2;8;0;16m██[38;2;57;74;55m██[38;2;82;119;90m████[38;2;193;158;69m██[38;2;255;239;71m██[38;2;110;125;86m██[38;2;0;12;24m██[38;2;0;0;0m██  
[38;2;0;0;0m  ██[38;2;87;141;122m████[38;2;74;74;74m██[38;2;107;181;107m██[38;2;112;187;91m████[38;2;82;82;66m██[38;2;121;181;105m██[38;2;148;225;129m████[38;2;148;222;132m██[38;2;115;90;73m██[38;2;193;158;69m██[38;2;255;239;71m██[38;2;193;158;69m████[38;2;148;228;130m██[38;2;115;189;91m██[38;2;66;66;66m██[38;2;0;0;0m██[38;2;156;222;132m██[38;2;57;74;55m██[38;2;82;119;90m██[38;2;255;239;71m██[38;2;193;158;69m████[38;2;165;181;117m██[38;2;110;125;86m██[38;2;90;140;122m██[38;2;0;0;0m██
[38;2;0;0;0m██[38;2;255;239;71m██[38;2;66;66;66m██[38;2;86;144;122m██[38;2;82;78;74m██[38;2;107;181;107m██[38;2;112;187;91m████[38;2;115;189;91m██[38;2;66;66;66m██[38;2;85;129;79m██[38;2;140;231;124m██[38;2;74;140;74m██[38;2;148;231;124m██[38;2;88;124;80m██[38;2;181;173;77m██[38;2;192;156;67m██[38;2;115;189;91m██[38;2;121;181;105m██[38;2;82;82;66m██[38;2;148;225;129m████[38;2;140;222;140m██[38;2;66;66;74m██[38;2;82;119;90m██[38;2;192;160;67m██[38;2;148;222;132m██[38;2;193;156;69m██[38;2;222;231;102m██[38;2;148;154;76m██[38;2;0;0;0m██  
[38;2;0;0;0m  ██[38;2;66;66;66m██[38;2;86;144;122m██[38;2;99;147;96m██[38;2;82;78;74m██[38;2;112;187;91m████[38;2;115;189;91m████[38;2;57;78;57m██[38;2;85;129;79m██[38;2;111;185;99m██[38;2;74;140;74m██[38;2;88;124;80m██[38;2;134;148;78m██[38;2;115;189;91m████[38;2;82;82;66m██[38;2;140;231;124m██[38;2;148;225;129m████[38;2;66;66;74m██[38;2;103;144;107m██[38;2;82;119;90m████[38;2;148;222;132m████[38;2;74;77;50m██[38;2;0;0;24m██[38;2;0;0;0m    
[38;2;0;0;0m    ██[38;2;88;143;120m██[38;2;90;140;122m██[38;2;0;0;0m██[38;2;69;88;77m████[38;2;115;189;91m████[38;2;123;170;102m██[38;2;66;85;55m██[38;2;82;82;66m██[38;2;82;126;93m██[38;2;107;181;107m██[38;2;82;78;74m██[38;2;78;74;70m████[38;2;66;66;66m██[38;2;148;222;132m██[38;2;148;225;129m████[38;2;140;239;116m██[38;2;66;70;58m██[38;2;55;82;60m██[38;2;101;165;112m██[38;2;74;96;79m██[38;2;66;74;58m██[38;2;0;0;0m██      
[38;2;0;0;0m    ██[38;2;88;143;120m██[38;2;0;0;0m██  [38;2;8;0;0m██[38;2;99;132;115m██[38;2;0;0;0m████[38;2;8;0;8m██[38;2;66;85;55m██[38;2;82;148;106m██[38;2;82;82;66m██[38;2;82;78;74m██[38;2;99;147;96m██[38;2;90;140;122m██[38;2;78;74;70m██[38;2;148;222;132m████[38;2;148;225;129m████[38;2;115;183;97m████[38;2;101;165;112m██[38;2;8;0;8m██[38;2;90;140;122m████[38;2;0;0;0m██      
[38;2;0;0;0m      ██      ██      ████[38;2;82;78;70m██[38;2;148;222;132m██[38;2;82;79;71m██[38;2;107;150;107m██[38;2;74;78;74m██[38;2;148;222;132m████[38;2;115;181;91m████[38;2;115;189;91m██[38;2;0;0;0m████  ██[38;2;90;140;122m██[38;2;0;0;0m██      
[38;2;0;0;0m                          ██[38;2;148;222;132m████[38;2;74;78;74m██[38;2;140;222;140m██[38;2;148;222;132m██[38;2;66;66;66m██[38;2;57;90;49m██[38;2;0;0;8m██[38;2;0;0;0m██        ██        
[38;2;0;0;0m                        ██[38;2;148;222;132m██[38;2;148;225;129m████[38;2;148;231;124m████[38;2;112;187;91m████[38;2;0;0;0m██                      
[38;2;0;0;0m                        ██[38;2;74;111;66m██[38;2;148;225;129m████[38;2;77;115;69m██[38;2;112;173;96m██[38;2;112;187;91m████[38;2;0;0;0m██                      
[38;2;0;0;0m                          ██[38;2;74;99;79m████[38;2;77;124;74m████[38;2;115;173;99m██[38;2;77;115;69m██[38;2;0;0;0m██                      
[38;2;0;0;0m                      ████[38;2;90;140;122m██[38;2;66;74;58m██[38;2;90;148;122m██[38;2;88;144;123m████[38;2;77;115;69m██[38;2;0;0;8m██[38;2;0;0;0m                        
[38;2;0;0;0m                    ██[38;2;90;140;122m██[38;2;88;143;120m████[38;2;87;140;122m██[38;2;82;107;74m██████[38;2;88;143;120m████[38;2;0;0;0m████                    
[38;2;0;0;0m                      ██████[38;2;87;140;122m████████[38;2;0;0;0m██[38;2;88;143;120m██████[38;2;0;0;0m██                  
[38;2;0;0;0m                            ██[38;2;90;140;122m████[38;2;0;0;0m██  ██████                    
[38;2;0;0;0m                              ████                              [0m
