
[38;2;0;0;0m          [38;2;49;49;49m████[38;2;0;0;0m                                
[38;2;0;0;0m        [38;2;49;49;49m██[38;2;123;197;246m██[38;2;98;164;230m██[38;2;49;49;49m██[38;2;0;0;0m      [38;2;49;49;49m██████[38;2;0;0;0m                  
[38;2;0;0;0m      [38;2;49;49;49m██[38;2;246;98;82m██[38;2;197;41;32m██[38;2;123;197;246m██[38;2;49;49;49m██[38;2;0;0;0m    [38;2;49;49;49m██[38;2;123;197;246m████[38;2;74;131;205m██[38;2;49;49;49m██[38;2;0;0;0m                
[38;2;0;0;0m      [38;2;49;49;49m██[38;2;246;98;82m██[38;2;197;41;32m██[38;2;74;131;205m██[38;2;82;82;82m██[38;2;49;49;49m████[38;2;123;197;246m████[38;2;197;41;32m████[38;2;74;131;205m██[38;2;49;49;49m██[38;2;0;0;0m              
[38;2;0;0;0m        [38;2;49;49;49m██[38;2;74;131;205m██[38;2;123;197;246m████[38;2;74;131;205m██[38;2;82;82;82m██[38;2;123;197;246m██[38;2;197;41;32m██[38;2;246;98;82m████[38;2;197;41;32m██[38;2;49;49;49m██[38;2;0;0;0m              
[38;2;0;0;0m      [38;2;49;49;49m██[38;2;255;255;255m██[38;2;123;197;246m████████████[38;2;246;98;82m██████[38;2;197;41;32m██[38;2;49;49;49m██[38;2;0;0;0m              
[38;2;0;0;0m    [38;2;49;49;49m██[38;2;98;164;230m██[38;2;49;49;49m██[38;2;98;164;230m██[38;2;123;197;246m████[38;2;255;255;255m██[38;2;74;131;205m██[38;2;123;197;246m████[38;2;246;98;82m████[38;2;49;49;49m██[38;2;0;0;0m      [38;2;49;49;49m██████[38;2;0;0;0m    
[38;2;0;0;0m  [38;2;49;49;49m████[38;2;123;197;246m████[38;2;172;106;131m████[38;2;123;197;246m██[38;2;49;49;49m██[38;2;74;131;205m██[38;2;123;197;246m████[38;2;82;82;82m██[38;2;49;49;49m██[38;2;0;0;0m      [38;2;49;49;49m██[38;2;123;197;246m██████[38;2;49;49;49m██[38;2;0;0;0m  
[38;2;49;49;49m██[38;2;98;164;230m██[38;2;82;82;82m██[38;2;123;197;246m██████[38;2;222;148;197m██[38;2;123;197;246m████████████[38;2;98;164;230m██[38;2;49;49;49m██[38;2;0;0;0m  [38;2;49;49;49m██[38;2;123;197;246m██[38;2;172;222;255m██[38;2;123;197;246m██████[38;2;49;49;49m██
[38;2;0;0;0m  [38;2;49;49;49m████[38;2;189;189;180m██[38;2;255;255;255m████████[38;2;172;222;255m██[38;2;123;197;246m████[38;2;82;82;82m██[38;2;98;164;230m██[38;2;74;131;205m██[38;2;49;49;49m██[38;2;0;0;0m  [38;2;49;49;49m██[38;2;123;197;246m██████████[38;2;49;49;49m██
[38;2;0;0;0m    [38;2;49;49;49m██[38;2;189;189;180m██[38;2;255;255;255m██████████[38;2;172;222;255m██[38;2;123;197;246m████[38;2;82;82;82m██[38;2;74;131;205m██[38;2;49;49;49m██[38;2;0;0;0m  [38;2;49;49;49m██[38;2;74;131;205m██[38;2;123;197;246m██████[38;2;74;131;205m██[38;2;49;49;49m██
[38;2;0;0;0m      [38;2;49;49;49m██[38;2;255;255;255m████████████[38;2;98;164;230m██[38;2;82;82;82m████[38;2;74;131;205m██[38;2;49;49;49m██[38;2;0;0;0m    [38;2;49;49;49m██[38;2;74;131;205m██[38;2;82;82;82m██[38;2;74;131;205m██[38;2;49;49;49m██[38;2;0;0;0m  
[38;2;0;0;0m      [38;2;49;49;49m██[38;2;82;82;82m██[38;2;255;255;255m████████[38;2;189;189;180m██[38;2;74;131;205m██████[38;2;49;49;49m██[38;2;0;0;0m        [38;2;49;49;49m██████[38;2;0;0;0m    
[38;2;0;0;0m    [38;2;49;49;49m██[38;2;74;131;205m████[38;2;49;49;49m██[38;2;189;189;180m██████[38;2;74;131;205m██████[38;2;49;49;49m████[38;2;0;0;0m    [38;2;49;49;49m████[38;2;0;0;0m  [38;2;49;49;49m██[38;2;0;0;0m      
[38;2;0;0;0m      [38;2;49;49;49m████[38;2;0;0;0m  [38;2;49;49;49m██████[38;2;82;82;82m████[38;2;49;49;49m████[38;2;0;0;0m  [38;2;49;49;49m██[38;2;0;0;0m  [38;2;49;49;49m██[38;2;0;0;0m  [38;2;49;49;49m██[38;2;0;0;0m        
[38;2;0;0;0m                [38;2;49;49;49m██[38;2;74;131;205m████[38;2;49;49;49m██[38;2;0;0;0m      [38;2;49;49;49m████[38;2;0;0;0m            
[38;2;0;0;0m                  [38;2;49;49;49m████[38;2;0;0;0m                        [0m
