
[38;2;0;0;0m                [38;2;49;49;49m████[38;2;0;0;0m              
[38;2;0;0;0m              [38;2;49;49;49m██[38;2;189;189;189m██[38;2;213;213;213m██[38;2;49;49;49m██[38;2;0;0;0m            
[38;2;0;0;0m          [38;2;49;49;49m████[38;2;213;213;213m██[38;2;189;189;189m██[38;2;213;213;213m██[38;2;49;49;49m██[38;2;0;0;0m            
[38;2;0;0;0m        [38;2;49;49;49m██[38;2;213;213;213m████[38;2;189;189;189m██[38;2;213;213;213m████[38;2;189;189;189m██[38;2;49;49;49m████[38;2;0;0;0m        
[38;2;0;0;0m      [38;2;49;49;49m██[38;2;213;213;213m██████[38;2;189;189;189m██[38;2;213;213;213m██████[38;2;189;189;189m████[38;2;49;49;49m██[38;2;0;0;0m      
[38;2;0;0;0m    [38;2;49;49;49m██[38;2;82;82;82m██[38;2;213;213;213m████[38;2;189;189;189m██[38;2;213;213;213m██████████[38;2;189;189;189m████[38;2;49;49;49m██[38;2;0;0;0m    
[38;2;0;0;0m  [38;2;49;49;49m██[38;2;213;213;213m██[38;2;131;131;139m██[38;2;189;189;189m██[38;2;213;213;213m██[38;2;189;189;189m██[38;2;213;213;213m██████████[38;2;189;189;189m████[38;2;49;49;49m██[38;2;0;0;0m    
[38;2;49;49;49m██[38;2;213;213;213m██[38;2;131;131;139m██[38;2;189;189;189m██[38;2;82;82;82m██[38;2;189;189;189m██████[38;2;213;213;213m██████[38;2;189;189;189m████[38;2;82;82;82m██[38;2;49;49;49m██[38;2;0;0;0m    
[38;2;49;49;49m██[38;2;213;213;213m██[38;2;189;189;189m██[38;2;82;82;82m██[38;2;213;213;213m██[38;2;49;49;49m██[38;2;82;82;82m██[38;2;189;189;189m████[38;2;131;131;139m████[38;2;189;189;189m██[38;2;82;82;82m██[38;2;189;189;189m████[38;2;49;49;49m██[38;2;0;0;0m  
[38;2;0;0;0m  [38;2;49;49;49m██[38;2;189;189;189m██[38;2;82;82;82m██[38;2;255;255;255m██[38;2;49;49;49m██[38;2;189;189;189m██[38;2;131;131;139m██[38;2;49;49;49m████[38;2;213;213;213m██[38;2;131;131;139m██[38;2;189;189;189m████████[38;2;49;49;49m██
[38;2;0;0;0m    [38;2;49;49;49m██[38;2;82;82;82m██[38;2;213;106;115m██[38;2;213;213;213m████[38;2;189;189;189m██[38;2;49;49;49m████[38;2;255;255;255m██[38;2;131;131;139m██[38;2;189;189;189m██[38;2;131;131;139m████[38;2;189;189;189m██[38;2;49;49;49m██
[38;2;0;0;0m    [38;2;49;49;49m██[38;2;65;139;222m██[38;2;82;82;82m████[38;2;189;189;189m██[38;2;213;213;213m████[38;2;213;106;115m████[38;2;49;49;49m████[38;2;131;131;139m██[38;2;189;189;189m██[38;2;49;49;49m██[38;2;0;0;0m  
[38;2;0;0;0m  [38;2;49;49;49m██[38;2;106;180;246m██[38;2;65;106;148m██[38;2;131;131;139m██[38;2;65;139;222m██[38;2;65;106;148m██████[38;2;82;82;82m██[38;2;49;49;49m██[38;2;0;0;0m    [38;2;49;49;49m████[38;2;0;0;0m    
[38;2;0;0;0m  [38;2;49;49;49m██[38;2;65;139;222m████[38;2;82;82;82m████[38;2;189;189;189m██[38;2;65;139;222m██████[38;2;65;106;148m██[38;2;49;49;49m████[38;2;65;139;222m██[38;2;106;180;246m██[38;2;49;49;49m██[38;2;0;0;0m  
[38;2;0;0;0m    [38;2;49;49;49m████[38;2;65;139;222m██[38;2;82;82;82m████[38;2;189;189;189m██████[38;2;131;131;139m██[38;2;65;139;222m██[38;2;189;189;189m██[38;2;65;139;222m██[38;2;82;82;82m██[38;2;106;180;246m██[38;2;49;49;49m██
[38;2;0;0;0m      [38;2;49;49;49m██[38;2;65;139;222m██[38;2;65;106;148m██[38;2;213;213;213m██[38;2;82;82;82m████[38;2;131;131;139m██[38;2;82;82;82m██████[38;2;65;106;148m██[38;2;65;139;222m████[38;2;49;49;49m██
[38;2;0;0;0m        [38;2;49;49;49m██[38;2;213;213;213m██[38;2;189;189;189m██[38;2;82;82;82m██[38;2;213;213;213m██[38;2;82;82;82m██[38;2;65;106;148m██[38;2;65;139;222m████[38;2;49;49;49m██████[38;2;0;0;0m  
[38;2;0;0;0m        [38;2;49;49;49m██[38;2;189;189;189m██[38;2;82;82;82m██[38;2;213;213;213m██[38;2;189;189;189m██[38;2;65;139;222m████[38;2;65;106;148m██[38;2;49;49;49m██[38;2;0;0;0m        
[38;2;0;0;0m          [38;2;49;49;49m████[38;2;189;189;189m████[38;2;65;106;148m██[38;2;49;49;49m████[38;2;0;0;0m          
[38;2;0;0;0m              [38;2;49;49;49m██████[38;2;0;0;0m              [0m
