
[38;2;0;0;0m        ██                                              
[38;2;0;0;0m      ██[38;2;255;255;255m██[38;2;0;0;0m██                                            
[38;2;0;0;0m    ██[38;2;255;255;255m████[38;2;0;0;0m██                            ████            
[38;2;0;0;0m    ██[38;2;82;123;194m██[38;2;79;123;191m████[38;2;0;0;0m██                      [38;2;0;0;16m████[38;2;255;255;255m████[38;2;0;0;0m██          
[38;2;0;0;0m  ██[38;2;82;123;194m████[38;2;79;123;191m████[38;2;0;0;0m██          ████      ██[38;2;119;127;135m██[38;2;239;255;255m██[38;2;255;255;255m████[38;2;0;0;0m██          
[38;2;0;0;0m  ██[38;2;79;123;191m████[38;2;63;97;151m██[38;2;66;115;194m██[38;2;55;88;145m██[38;2;0;0;0m██    [38;2;0;4;0m████[38;2;255;255;255m████[38;2;0;0;0m██  ██[38;2;82;123;194m██[38;2;79;123;191m████[38;2;255;255;255m████[38;2;0;0;0m██          
[38;2;0;0;0m██[38;2;82;123;194m██[38;2;79;123;191m████[38;2;57;61;65m██[38;2;63;97;151m██[38;2;55;88;145m████[38;2;0;0;0m████[38;2;170;171;170m██[38;2;255;255;255m██████[38;2;66;66;66m██[38;2;0;0;0m██[38;2;82;123;194m████[38;2;79;123;191m████[38;2;82;123;194m████[38;2;0;0;0m██          
[38;2;0;0;0m██[38;2;82;123;194m██[38;2;104;137;187m██[38;2;247;255;255m██[38;2;173;189;197m██[38;2;49;61;73m██[38;2;55;91;145m██[38;2;66;66;66m██[38;2;255;255;255m██[38;2;189;189;189m██[38;2;255;255;255m████████[38;2;65;66;65m██[38;2;82;123;194m██[38;2;65;66;65m██[38;2;82;123;194m██[38;2;79;123;191m████[38;2;82;123;194m████[38;2;0;0;0m██          
[38;2;0;0;0m██[38;2;82;123;194m██[38;2;247;255;255m██[38;2;33;78;153m██[38;2;90;104;114m██[38;2;49;61;73m██[38;2;55;91;145m██[38;2;66;66;66m██[38;2;255;255;255m██████████[38;2;189;189;189m██[38;2;65;66;65m████[38;2;82;123;194m████[38;2;79;123;191m████[38;2;82;123;194m██[38;2;0;0;0m██            
[38;2;0;0;0m  ██[38;2;57;90;145m██[38;2;189;189;189m████[38;2;66;66;66m████[38;2;255;255;255m██████████[38;2;189;189;189m██[38;2;66;66;66m██[38;2;71;99;151m██[38;2;66;66;66m██[38;2;255;255;255m██[38;2;82;123;194m████████[38;2;0;0;0m██            
[38;2;0;0;0m  ██[38;2;189;189;189m██████[38;2;66;66;66m████[38;2;192;192;192m██[38;2;129;132;129m██[38;2;255;255;255m████[38;2;189;189;189m████[38;2;66;66;66m████[38;2;74;115;194m██[38;2;82;123;194m██[38;2;255;255;255m██[38;2;55;90;145m████[38;2;0;0;0m██              
[38;2;0;0;0m    ██[38;2;189;189;189m██[38;2;66;66;66m██[38;2;82;123;194m██[38;2;65;66;65m████[38;2;255;255;255m████[38;2;189;189;189m████[38;2;66;66;66m██[38;2;82;123;194m██[38;2;66;66;66m██[38;2;189;189;189m██[38;2;57;90;145m████[38;2;189;189;189m██[38;2;0;0;0m██                
[38;2;0;0;0m      ██[38;2;66;66;66m██[38;2;82;123;194m████[38;2;65;66;65m██[38;2;189;189;189m██████[38;2;66;66;66m██[38;2;82;123;194m██[38;2;66;66;66m██[38;2;189;189;189m██████[38;2;57;90;145m██[38;2;0;0;0m██                  
[38;2;0;0;0m      ██[38;2;74;132;181m████[38;2;66;66;66m██[38;2;189;189;189m██[38;2;173;189;213m██[38;2;58;66;76m██[38;2;65;66;65m██[38;2;82;123;194m██[38;2;66;115;194m██[38;2;57;61;65m██[38;2;189;189;189m████[38;2;66;66;66m████[38;2;0;0;0m██                  
[38;2;0;0;0m      ██[38;2;66;78;170m██[38;2;90;239;202m██[38;2;66;66;66m████[38;2;58;66;76m██[38;2;115;127;145m██[38;2;82;123;194m████[38;2;63;97;151m████[38;2;66;66;66m████[38;2;55;91;145m████[38;2;0;0;0m██                  
[38;2;0;0;0m      ██[38;2;231;255;255m██[38;2;77;112;85m██[38;2;66;78;170m██[38;2;74;132;181m██[38;2;79;123;191m████[38;2;110;142;187m██[38;2;41;86;153m██[38;2;90;239;194m████[38;2;57;90;145m████[38;2;55;88;145m████[38;2;0;0;0m██                  
[38;2;0;0;0m        [38;2;0;41;0m██[38;2;77;112;85m██[38;2;90;239;202m██[38;2;74;132;181m██[38;2;79;123;191m████[38;2;41;86;153m██[38;2;247;255;255m██[38;2;0;148;80m██[38;2;90;239;194m██[38;2;74;206;162m██[38;2;57;90;145m██[38;2;55;88;145m██[38;2;0;0;0m██      ████████      
[38;2;0;0;0m        ██[38;2;57;90;145m██[38;2;74;115;194m██[38;2;66;66;66m██[38;2;82;123;194m████[38;2;57;90;145m██[38;2;90;239;194m██[38;2;46;134;134m██[38;2;57;214;145m██[38;2;55;91;145m████[38;2;66;66;66m██[38;2;0;0;0m██  ████[38;2;82;123;194m██[38;2;255;255;255m██[38;2;82;123;194m██[38;2;104;126;160m██[38;2;0;0;24m██[38;2;0;0;0m    
[38;2;0;0;0m          ██[38;2;66;66;66m██[38;2;71;99;151m██[38;2;55;90;145m████[38;2;57;90;145m████[38;2;41;94;129m████[38;2;66;66;66m████[38;2;0;0;0m██  ██[38;2;57;90;145m██[38;2;82;123;194m██████[38;2;255;255;255m██[38;2;104;126;160m██[38;2;156;189;228m██[38;2;0;0;0m██  
[38;2;0;0;0m        ██[38;2;189;189;189m████[38;2;66;66;66m████████████[38;2;127;127;127m██[38;2;132;132;132m██[38;2;0;0;0m██  ██[38;2;55;90;148m████[38;2;55;90;145m██[38;2;82;123;194m██[38;2;57;90;145m██[38;2;189;189;189m██[38;2;57;90;145m██[38;2;189;189;189m██[38;2;0;0;0m██  
[38;2;0;0;0m          ██[38;2;66;66;66m██[38;2;127;127;127m██[38;2;255;255;255m████[38;2;189;189;189m████████[38;2;66;66;66m████[38;2;0;0;0m██[38;2;57;90;145m██[38;2;55;90;148m████[38;2;55;90;145m████[38;2;57;90;145m██[38;2;189;189;189m██[38;2;57;90;145m████[38;2;189;189;189m██[38;2;0;0;0m██
[38;2;0;0;0m            [38;2;0;0;16m██[38;2;247;255;255m██[38;2;255;255;255m██[38;2;66;66;66m██[38;2;255;255;255m██[38;2;192;192;192m██[38;2;247;255;255m██[38;2;57;66;81m██[38;2;65;66;65m████[38;2;55;91;145m██████[38;2;66;66;66m██████[38;2;49;61;73m████[38;2;55;91;145m████[38;2;189;189;189m██[38;2;0;0;0m██
[38;2;0;0;0m          ██[38;2;82;85;96m████[38;2;66;66;66m██[38;2;255;255;255m████[38;2;66;66;66m██[38;2;57;66;81m██[38;2;120;129;139m██[38;2;82;123;194m██[38;2;65;66;65m██[38;2;55;91;145m██[38;2;66;66;66m████[38;2;55;91;145m██████[38;2;173;189;197m██[38;2;90;104;114m██[38;2;66;66;66m████[38;2;63;63;63m██[38;2;0;0;0m██
[38;2;0;0;0m        ██[38;2;189;189;189m██[38;2;55;91;145m██[38;2;66;66;66m██[38;2;82;123;194m██[38;2;65;66;65m████[38;2;82;123;194m██[38;2;79;123;194m██[38;2;57;90;145m██[38;2;110;126;150m██[38;2;247;255;255m██[38;2;66;74;90m████[38;2;55;88;145m████[38;2;86;94;118m████[38;2;189;189;189m██[38;2;57;90;145m████[38;2;189;189;189m██[38;2;0;0;0m██  
[38;2;0;0;0m          ██[38;2;66;66;66m██[38;2;55;91;145m██[38;2;82;123;194m████████[38;2;79;123;194m████[38;2;41;61;97m██[38;2;247;255;255m██[38;2;255;255;255m██[38;2;66;74;90m██[38;2;0;0;0m████[38;2;0;0;24m██[38;2;173;189;213m██[38;2;57;90;145m████[38;2;189;189;189m████[38;2;0;0;0m██  
[38;2;0;0;0m            ██[38;2;82;123;194m██[38;2;63;97;151m██[38;2;66;115;194m██[38;2;82;123;194m████[38;2;79;123;194m████[38;2;60;89;135m██[38;2;38;50;67m██[38;2;0;0;0m████      ██[38;2;66;66;66m██[38;2;189;189;189m████[38;2;0;0;0m██    
[38;2;0;0;0m              ██[38;2;57;61;65m██[38;2;63;97;151m██[38;2;65;66;65m██[38;2;82;123;194m██[38;2;79;123;194m██[38;2;57;90;145m██[38;2;82;127;202m██[38;2;16;12;0m██[38;2;0;0;0m        ██[38;2;189;189;189m██████[38;2;0;0;0m██      
[38;2;0;0;0m                ██[38;2;189;189;189m██[38;2;0;0;0m██[38;2;57;90;145m██[38;2;119;127;135m██[38;2;0;0;16m██[38;2;0;0;0m██            ██████        
[38;2;0;0;0m                  ██  ██[38;2;239;255;255m██[38;2;0;0;16m██[38;2;0;0;0m                            
[38;2;0;0;0m                        ██                              [0m
