
[38;2;0;0;0m                [38;2;32;32;32m████[38;2;0;0;0m              
[38;2;0;0;0m            [38;2;32;32;32m████[38;2;255;255;255m██[38;2;205;197;197m██[38;2;32;32;32m██[38;2;0;0;0m            
[38;2;0;0;0m      [38;2;32;32;32m██████[38;2;172;131;123m██[38;2;82;82;82m██[38;2;189;180;180m██[38;2;255;255;255m██[38;2;82;82;82m██[38;2;32;32;32m██[38;2;0;0;0m          
[38;2;0;0;0m    [38;2;32;32;32m██[38;2;148;106;90m██[38;2;123;82;74m████[38;2;172;131;123m████[38;2;82;82;82m████[38;2;172;131;123m██[38;2;32;32;32m████[38;2;0;0;0m        
[38;2;0;0;0m    [38;2;32;32;32m██[38;2;123;82;74m██[38;2;172;131;123m████████████[38;2;148;106;90m██[38;2;123;82;74m██[38;2;172;131;123m██[38;2;32;32;32m██[38;2;0;0;0m      
[38;2;0;0;0m  [38;2;32;32;32m██[38;2;148;106;90m██[38;2;172;131;123m████████[38;2;148;106;90m██[38;2;172;131;123m██[38;2;148;106;90m████[38;2;172;131;123m██████[38;2;32;32;32m██[38;2;0;0;0m    
[38;2;0;0;0m  [38;2;32;32;32m██[38;2;82;82;82m██[38;2;172;131;123m████████[38;2;148;106;90m██[38;2;172;131;123m██████████[38;2;82;82;82m████[38;2;32;32;32m██[38;2;0;0;0m  
[38;2;32;32;32m██[38;2;82;82;82m████[38;2;172;131;123m██████[38;2;131;98;82m██[38;2;172;131;123m██████████[38;2;82;82;82m████[38;2;255;255;255m██[38;2;123;82;74m██[38;2;32;32;32m██
[38;2;32;32;32m██[38;2;82;82;82m████[38;2;172;131;123m████[38;2;131;98;82m██[38;2;172;131;123m████████████[38;2;123;82;74m██[38;2;148;106;90m██[38;2;255;255;255m████[38;2;32;32;32m██
[38;2;32;32;32m██[38;2;82;82;82m████[38;2;172;131;123m██[38;2;131;98;82m██[38;2;172;131;123m████[38;2;82;82;82m██████[38;2;172;131;123m██████[38;2;82;82;82m██[38;2;189;180;180m██[38;2;82;82;82m██[38;2;32;32;32m██
[38;2;32;32;32m██[38;2;148;106;90m██[38;2;82;82;82m██[38;2;172;131;123m██[38;2;131;98;82m██[38;2;172;131;123m██[38;2;82;82;82m██████████[38;2;172;131;123m██████[38;2;82;82;82m██[38;2;32;32;32m██[38;2;0;0;0m  
[38;2;0;0;0m  [38;2;32;32;32m██[38;2;148;106;90m██[38;2;131;98;82m████[38;2;172;131;123m██[38;2;82;82;82m██████████[38;2;172;131;123m████████[38;2;32;32;32m██[38;2;0;0;0m  
[38;2;0;0;0m  [38;2;32;32;32m██[38;2;82;82;82m██[38;2;148;106;90m██[38;2;131;98;82m████[38;2;82;82;82m████[38;2;123;82;74m████[38;2;82;82;82m██[38;2;172;131;123m██████[38;2;123;82;74m██[38;2;32;32;32m██[38;2;0;0;0m  
[38;2;0;0;0m  [38;2;32;32;32m██[38;2;123;82;74m██[38;2;82;82;82m██[38;2;131;98;82m██[38;2;148;106;90m████[38;2;82;82;82m██[38;2;123;82;74m████[38;2;148;106;90m██████[38;2;123;82;74m██[38;2;32;32;32m██[38;2;0;0;0m    
[38;2;0;0;0m    [38;2;32;32;32m██[38;2;123;82;74m██[38;2;82;82;82m████[38;2;123;82;74m██[38;2;148;106;90m██████████[38;2;123;82;74m████[38;2;32;32;32m██[38;2;0;0;0m    
[38;2;0;0;0m      [38;2;32;32;32m████████[38;2;82;82;82m██[38;2;123;82;74m██[38;2;148;106;90m██[38;2;123;82;74m████[38;2;189;180;180m██[38;2;32;32;32m██[38;2;0;0;0m      
[38;2;0;0;0m              [38;2;32;32;32m██████[38;2;189;180;180m████[38;2;82;82;82m██[38;2;32;32;32m██[38;2;0;0;0m      
[38;2;0;0;0m                    [38;2;32;32;32m██████[38;2;0;0;0m        [0m
