
[38;2;152;64;64m██[38;2;248;96;64m██████[38;2;152;64;64m██[38;2;0;0;0m      [38;2;152;64;64m██[38;2;0;0;0m                                                        [38;2;152;64;64m████[38;2;248;168;80m████[38;2;152;64;64m██
[38;2;0;0;0m  [38;2;152;64;64m██[38;2;248;96;64m██████[38;2;152;64;64m██[38;2;0;0;0m  [38;2;152;64;64m██[38;2;248;96;64m██[38;2;152;64;64m██[38;2;0;0;0m                                                    [38;2;152;64;64m██[38;2;248;168;80m██████[38;2;152;64;64m██[38;2;0;0;0m  
[38;2;0;0;0m  [38;2;152;64;64m██[38;2;248;96;64m██[38;2;248;168;80m██[38;2;248;240;0m██[38;2;152;64;64m████[38;2;248;96;64m██[38;2;152;64;64m██[38;2;0;0;0m                                                    [38;2;152;64;64m██[38;2;248;96;64m██[38;2;248;168;80m██[38;2;152;64;64m████[38;2;0;0;0m    
[38;2;0;0;0m    ██[38;2;248;240;0m██████[38;2;248;168;80m██[38;2;248;96;64m██[38;2;152;64;64m██[38;2;0;0;0m                                                    [38;2;152;64;64m██[38;2;248;96;64m██████[38;2;152;64;64m██[38;2;0;0;0m    
[38;2;0;0;0m  ██[38;2;200;144;64m██[38;2;136;88;88m██[38;2;248;240;0m██[38;2;136;88;88m██[38;2;248;96;64m████[38;2;248;168;80m██[38;2;152;64;64m██[38;2;0;0;0m                                                [38;2;152;64;64m██[38;2;248;168;80m██[38;2;248;96;64m████[38;2;152;64;64m██[38;2;0;0;0m      
[38;2;0;0;0m  ██[38;2;200;144;64m████[38;2;136;88;88m██[38;2;200;144;64m██[38;2;136;88;88m██[38;2;248;168;80m██████[38;2;152;64;64m██[38;2;0;0;0m                                            [38;2;152;64;64m██[38;2;248;168;80m████[38;2;136;88;88m██[38;2;248;96;64m██[38;2;152;64;64m██[38;2;0;0;0m      
[38;2;0;0;0m  ██[38;2;200;144;64m████[38;2;136;88;88m██[38;2;200;144;64m██[38;2;136;88;88m██[38;2;248;240;0m██[38;2;248;168;80m████[38;2;152;64;64m██[38;2;0;0;0m                                            [38;2;152;64;64m██[38;2;248;240;0m██[38;2;136;88;88m██[38;2;248;208;96m██[38;2;64;64;64m██[38;2;152;64;64m██[38;2;0;0;0m      
[38;2;0;0;0m    ██[38;2;200;144;64m██████[38;2;136;88;88m██[38;2;248;240;0m████[38;2;152;64;64m██[38;2;0;0;0m                                            [38;2;152;64;64m██[38;2;248;240;0m████[38;2;136;88;88m██[38;2;248;208;96m██[38;2;64;64;64m██[38;2;0;0;0m        
[38;2;0;0;0m    ██[38;2;200;144;64m██████[38;2;136;88;88m██[38;2;248;240;0m████[38;2;248;168;80m██[38;2;152;64;64m██[38;2;0;0;0m                                      [38;2;152;64;64m██[38;2;0;0;0m  [38;2;152;64;64m██[38;2;248;240;0m██[38;2;136;88;88m██[38;2;248;208;96m████[38;2;64;64;64m██[38;2;0;0;0m        
[38;2;0;0;0m      ██[38;2;200;144;64m██████[38;2;136;88;88m██[38;2;248;168;80m██[38;2;248;96;64m████[38;2;152;64;64m██[38;2;0;0;0m          [38;2;152;64;64m████[38;2;0;0;0m                    [38;2;152;64;64m██[38;2;248;168;80m██[38;2;152;64;64m██[38;2;248;240;0m██[38;2;136;88;88m██[38;2;248;208;96m████[38;2;64;64;64m██[38;2;0;0;0m          
[38;2;0;0;0m      ██[38;2;200;144;64m██████[38;2;136;88;88m██[38;2;248;96;64m████[38;2;152;64;64m██[38;2;248;96;64m██[38;2;152;64;64m██[38;2;0;0;0m    [38;2;152;64;64m████[38;2;248;96;64m████[38;2;152;64;64m██[38;2;0;0;0m                [38;2;152;64;64m██[38;2;248;96;64m██[38;2;248;240;0m████[38;2;136;88;88m██[38;2;248;208;96m██████[38;2;64;64;64m██[38;2;0;0;0m          
[38;2;0;0;0m      ██[38;2;200;144;64m████████[38;2;136;88;88m██[38;2;152;64;64m██[38;2;248;96;64m████[38;2;152;64;64m██[38;2;0;0;0m  [38;2;152;64;64m██[38;2;248;240;0m██[38;2;248;168;80m██[38;2;248;96;64m██████[38;2;152;64;64m██[38;2;0;0;0m              [38;2;152;64;64m██[38;2;248;96;64m██[38;2;248;168;80m██[38;2;136;88;88m████[38;2;248;208;96m████[38;2;64;64;64m████[38;2;0;0;0m          
[38;2;0;0;0m        ██[38;2;200;144;64m████████[38;2;152;64;64m██[38;2;248;96;64m██[38;2;152;64;64m██[38;2;0;0;0m  [38;2;152;64;64m██[38;2;248;96;64m████████[38;2;152;64;64m████[38;2;0;0;0m                [38;2;152;64;64m██[38;2;248;96;64m██[38;2;136;88;88m██[38;2;248;208;96m██[38;2;136;88;88m██[38;2;248;208;96m████[38;2;64;64;64m██[38;2;0;0;0m            
[38;2;0;0;0m          ██[38;2;200;144;64m████[38;2;152;64;64m██[38;2;248;240;0m██[38;2;248;168;80m██[38;2;152;64;64m████[38;2;248;96;64m██████[38;2;248;168;80m██[38;2;152;64;64m██[38;2;0;0;0m                  [38;2;152;64;64m██[38;2;248;168;80m██[38;2;248;240;0m████[38;2;136;88;88m██[38;2;248;208;96m██████[38;2;64;64;64m██[38;2;0;0;0m            
[38;2;0;0;0m          ██[38;2;200;144;64m██[38;2;152;64;64m██[38;2;248;240;0m██████[38;2;248;168;80m██[38;2;248;96;64m████[38;2;248;168;80m██[38;2;248;240;0m██[38;2;152;64;64m██[38;2;0;0;0m                      [38;2;152;64;64m██[38;2;248;240;0m██[38;2;136;88;88m██[38;2;248;208;96m██████[38;2;64;64;64m██[38;2;0;0;0m              
[38;2;0;0;0m            ██[38;2;152;64;64m██[38;2;248;240;0m████[38;2;248;168;80m██[38;2;248;96;64m████[38;2;248;168;80m██[38;2;248;240;0m████[38;2;152;64;64m██[38;2;0;0;0m                      [38;2;152;64;64m██[38;2;136;88;88m██[38;2;248;208;96m████████[38;2;64;64;64m██[38;2;0;0;0m              
[38;2;0;0;0m              ██[38;2;248;168;80m██[38;2;248;96;64m██████████[38;2;152;64;64m████[38;2;0;0;0m                      [38;2;152;64;64m██[38;2;248;96;64m██[38;2;136;88;88m██[38;2;248;208;96m██████[38;2;64;64;64m██[38;2;0;0;0m                
[38;2;0;0;0m            ██[38;2;248;96;64m████████████[38;2;152;64;64m██[38;2;0;0;0m                      [38;2;152;64;64m██[38;2;0;0;0m  [38;2;152;64;64m██[38;2;248;96;64m██[38;2;136;88;88m██[38;2;248;208;96m████[38;2;64;64;64m██[38;2;0;0;0m                  
[38;2;0;0;0m              ██[38;2;248;96;64m████████[38;2;152;64;64m██[38;2;248;208;96m██[38;2;0;0;0m██                  [38;2;152;64;64m██[38;2;248;168;80m██[38;2;152;64;64m██[38;2;248;240;0m██[38;2;136;88;88m██[38;2;248;208;96m████[38;2;64;64;64m██[38;2;0;0;0m                    
[38;2;0;0;0m            ██[38;2;248;96;64m██████[38;2;152;64;64m████[38;2;248;208;96m██████[38;2;0;0;0m██                [38;2;152;64;64m██[38;2;248;240;0m████[38;2;136;88;88m██[38;2;248;208;96m██████[38;2;64;64;64m██[38;2;0;0;0m                    
[38;2;0;0;0m            ██[38;2;248;96;64m████[38;2;152;64;64m██[38;2;248;208;96m██████[38;2;80;88;80m██[38;2;200;144;64m████[38;2;0;0;0m██              [38;2;152;64;64m██[38;2;248;240;0m██[38;2;136;88;88m██[38;2;248;208;96m██████[38;2;64;64;64m██[38;2;0;0;0m                      
[38;2;0;0;0m              ██[38;2;248;96;64m██[38;2;152;64;64m██[38;2;248;208;96m████[38;2;0;0;0m██[38;2;248;248;248m██[38;2;200;144;64m████[38;2;0;0;0m██            [38;2;152;64;64m██[38;2;248;96;64m████[38;2;136;88;88m██[38;2;248;208;96m████[38;2;64;64;64m██[38;2;152;64;64m██[38;2;0;0;0m    [38;2;152;64;64m██[38;2;0;0;0m                
[38;2;0;0;0m              ██[38;2;152;64;64m██[38;2;248;208;96m████[38;2;200;144;64m██[38;2;0;0;0m██[38;2;248;248;248m██[38;2;200;144;64m████[38;2;64;64;64m██[38;2;0;0;0m██        [38;2;152;64;64m██[38;2;248;96;64m████[38;2;64;64;64m██[38;2;248;208;96m████[38;2;64;64;64m██[38;2;248;96;64m██[38;2;152;64;64m██[38;2;0;0;0m  [38;2;152;64;64m██[38;2;248;96;64m██[38;2;152;64;64m██[38;2;0;0;0m              
[38;2;0;0;0m            ██[38;2;184;152;128m████[38;2;136;88;88m██[38;2;248;208;96m██[38;2;80;88;80m██[38;2;136;88;88m██[38;2;200;144;64m████████[38;2;64;64;64m██[38;2;0;0;0m████    [38;2;152;64;64m██[38;2;64;64;64m████[38;2;248;208;96m████[38;2;64;64;64m██[38;2;248;96;64m██████[38;2;152;64;64m██[38;2;248;96;64m████[38;2;152;64;64m██[38;2;0;0;0m              
[38;2;0;0;0m            ██[38;2;184;152;128m██████[38;2;64;64;64m██[38;2;200;144;64m████[38;2;0;0;0m████[38;2;200;144;64m██████[38;2;64;64;64m██[38;2;200;144;64m██[38;2;0;0;0m████[38;2;64;64;64m██[38;2;248;208;96m██████[38;2;64;64;64m██[38;2;248;96;64m██████[38;2;248;168;80m██[38;2;248;96;64m████[38;2;152;64;64m██[38;2;0;0;0m                
[38;2;0;0;0m          ██[38;2;184;152;128m██████[38;2;0;0;0m████████    ██[38;2;200;144;64m████[38;2;248;208;96m██[38;2;136;88;88m████[38;2;248;208;96m██████[38;2;64;64;64m████[38;2;248;96;64m██████[38;2;248;168;80m██████[38;2;152;64;64m██[38;2;0;0;0m                  
[38;2;0;0;0m        ██[38;2;184;152;128m████[38;2;0;0;0m████            ██[38;2;136;88;88m██[38;2;248;208;96m████████████[38;2;64;64;64m██[38;2;248;168;80m██[38;2;248;96;64m██████████[38;2;248;168;80m████[38;2;152;64;64m██[38;2;0;0;0m                  
[38;2;0;0;0m      ██[38;2;184;152;128m██[38;2;0;0;0m████                ██[38;2;248;208;96m██████████[38;2;136;88;88m██[38;2;64;64;64m██[38;2;248;240;0m████[38;2;248;168;80m██[38;2;248;96;64m████[38;2;152;64;64m████████[38;2;0;0;0m                    
[38;2;0;0;0m      ████                    ██[38;2;248;208;96m██████████[38;2;200;144;64m████[38;2;64;64;64m██[38;2;248;240;0m████[38;2;248;96;64m██[38;2;152;64;64m██[38;2;0;0;0m                            
[38;2;0;0;0m                                ██[38;2;248;208;96m██████[38;2;200;144;64m████████[38;2;64;64;64m██[38;2;152;64;64m████[38;2;0;0;0m                              
[38;2;0;0;0m                                ██[38;2;248;208;96m████[38;2;200;144;64m████████[38;2;248;208;96m██[38;2;64;64;64m██[38;2;0;0;0m                                  
[38;2;0;0;0m                                  ██[38;2;200;144;64m████████[38;2;248;208;96m██████[38;2;0;0;0m██                                
[38;2;0;0;0m                                    ██[38;2;200;144;64m████[38;2;64;64;64m██[38;2;0;0;0m██[38;2;248;208;96m████[38;2;0;0;0m██                                
[38;2;0;0;0m                                      ██[38;2;64;64;64m██[38;2;0;0;0m██  ██[38;2;136;88;88m██[38;2;0;0;0m██                                
[38;2;0;0;0m                                      ██[38;2;144;104;48m██[38;2;0;0;0m██    ██[38;2;136;88;88m██[38;2;0;0;0m██                              
[38;2;0;0;0m                                  ████[38;2;144;104;48m██[38;2;0;0;0m██      ██[38;2;136;88;88m██[38;2;0;0;0m██                              
[38;2;0;0;0m                              ████[38;2;184;152;128m██[38;2;144;104;48m██[38;2;184;152;128m██[38;2;0;0;0m██    ██[38;2;184;152;128m██[38;2;64;64;64m██[38;2;0;0;0m██                              
[38;2;0;0;0m                            ██[38;2;184;152;128m██[38;2;64;64;64m██[38;2;0;0;0m██[38;2;184;152;128m██[38;2;0;0;0m██    ██[38;2;184;152;128m██[38;2;136;88;88m██[38;2;0;0;0m██                                
[38;2;0;0;0m                            ████  ██[38;2;184;152;128m██[38;2;0;0;0m██  ██[38;2;184;152;128m██[38;2;64;64;64m██[38;2;184;152;128m██[38;2;0;0;0m██                                
[38;2;0;0;0m                                    ██    ██[38;2;184;152;128m██[38;2;0;0;0m██[38;2;184;152;128m██[38;2;0;0;0m██                                [0m
