
[38;2;0;0;0m                                        [38;2;49;49;49m██[38;2;0;0;0m  
[38;2;0;0;0m                                      [38;2;49;49;49m██[38;2;238;106;74m██[38;2;49;49;49m██
[38;2;0;0;0m                    [38;2;49;49;49m██████[38;2;0;0;0m            [38;2;49;49;49m██[38;2;238;106;74m██[38;2;49;49;49m██
[38;2;0;0;0m                [38;2;49;49;49m████[38;2;238;156;57m████[38;2;49;49;49m██[38;2;0;0;0m          [38;2;49;49;49m██[38;2;238;106;74m██[38;2;49;49;49m██[38;2;0;0;0m  
[38;2;0;0;0m        [38;2;49;49;49m██[38;2;0;0;0m    [38;2;49;49;49m██[38;2;238;156;57m██████[38;2;49;49;49m██[38;2;0;0;0m          [38;2;49;49;49m██[38;2;238;106;74m████[38;2;49;49;49m██[38;2;0;0;0m  
[38;2;0;0;0m      [38;2;49;49;49m██[38;2;205;164;115m██[38;2;49;49;49m████[38;2;238;156;57m████████[38;2;49;49;49m████[38;2;0;0;0m        [38;2;49;49;49m██[38;2;238;106;74m████[38;2;49;49;49m██[38;2;0;0;0m  
[38;2;0;0;0m    [38;2;49;49;49m██[38;2;205;164;115m████[38;2;82;82;82m██[38;2;238;156;57m██████████████[38;2;49;49;49m██[38;2;0;0;0m    [38;2;49;49;49m██[38;2;246;180;57m██[38;2;238;106;74m██████[38;2;49;49;49m██
[38;2;0;0;0m    [38;2;49;49;49m██[38;2;205;164;115m██[38;2;82;82;82m██[38;2;238;156;57m██████████████████[38;2;49;49;49m██████[38;2;246;222;74m██[38;2;246;180;57m██[38;2;246;222;74m██[38;2;246;180;57m██[38;2;49;49;49m██
[38;2;0;0;0m      [38;2;49;49;49m██[38;2;65;106;164m██[38;2;238;156;57m████[38;2;65;106;164m██████[38;2;238;156;57m██████[38;2;82;82;82m██[38;2;246;205;156m██[38;2;205;164;115m██[38;2;49;49;49m██[38;2;246;222;74m████████[38;2;49;49;49m██
[38;2;0;0;0m    [38;2;49;49;49m██[38;2;74;139;222m██[38;2;65;106;164m██[38;2;238;156;57m██[38;2;65;106;164m██[38;2;74;139;222m██████[38;2;65;106;164m██[38;2;238;156;57m██[38;2;82;82;82m██[38;2;246;205;156m██████[38;2;49;49;49m████[38;2;246;222;74m████[38;2;49;49;49m██[38;2;0;0;0m  
[38;2;0;0;0m    [38;2;49;49;49m██[38;2;74;139;222m██[38;2;65;106;164m████[38;2;74;139;222m██████████[38;2;65;106;164m██[38;2;82;82;82m██[38;2;246;205;156m██[38;2;205;164;115m██[38;2;246;205;156m██[38;2;49;49;49m████[38;2;246;222;74m████[38;2;49;49;49m██[38;2;0;0;0m  
[38;2;0;0;0m      [38;2;49;49;49m██[38;2;74;139;222m██████[38;2;238;156;57m██████[38;2;74;139;222m██[38;2;65;106;164m██[38;2;82;82;82m██[38;2;246;205;156m██[38;2;205;164;115m██[38;2;246;205;156m██[38;2;49;49;49m██[38;2;0;0;0m  [38;2;49;49;49m██[38;2;246;222;74m████[38;2;49;49;49m██
[38;2;0;0;0m      [38;2;49;49;49m██[38;2;65;106;164m██[38;2;74;139;222m██[38;2;238;106;74m██[38;2;238;156;57m██[38;2;49;49;49m██[38;2;255;255;255m██[38;2;65;106;164m██[38;2;238;156;57m██[38;2;82;82;82m██[38;2;246;205;156m██[38;2;205;164;115m██[38;2;49;49;49m██[38;2;0;0;0m      [38;2;49;49;49m██[38;2;246;180;57m██[38;2;49;49;49m██
[38;2;0;0;0m        [38;2;49;49;49m██[38;2;238;106;74m████[38;2;246;205;156m██[38;2;49;49;49m██[38;2;255;255;255m██[38;2;246;205;156m██[38;2;238;156;57m████[38;2;82;82;82m██[38;2;49;49;49m██[38;2;0;0;0m        [38;2;49;49;49m██[38;2;238;156;57m██[38;2;49;49;49m██
[38;2;0;0;0m    [38;2;49;49;49m████[38;2;82;82;82m██[38;2;246;205;156m████████████[38;2;82;82;82m████[38;2;255;255;255m██[38;2;49;49;49m██[38;2;0;0;0m      [38;2;49;49;49m██[38;2;205;123;57m██[38;2;49;49;49m██[38;2;0;0;0m  
[38;2;0;0;0m  [38;2;49;49;49m██[38;2;156;106;57m██[38;2;205;123;57m████[38;2;82;82;82m██[38;2;246;205;156m██[38;2;205;164;115m██[38;2;246;205;156m██[38;2;82;82;82m████[38;2;255;255;255m████[38;2;238;156;57m████[38;2;49;49;49m██[38;2;0;0;0m    [38;2;49;49;49m██[38;2;205;123;57m██[38;2;49;49;49m██[38;2;0;0;0m  
[38;2;49;49;49m██[38;2;205;123;57m██████[38;2;156;106;57m██[38;2;49;49;49m██[38;2;82;82;82m██████[38;2;255;255;255m██████[38;2;82;82;82m██[38;2;238;156;57m██[38;2;246;222;74m████[38;2;49;49;49m████[38;2;205;123;57m██[38;2;49;49;49m██[38;2;0;0;0m    
[38;2;49;49;49m██[38;2;205;164;115m██[38;2;205;123;57m██[38;2;49;49;49m████[38;2;0;0;0m  [38;2;49;49;49m██[38;2;205;123;57m██[38;2;156;106;57m██[38;2;246;205;156m██████[38;2;238;156;57m██[38;2;82;82;82m██[38;2;246;222;74m██[38;2;238;156;57m████[38;2;82;82;82m██[38;2;49;49;49m██[38;2;0;0;0m      
[38;2;0;0;0m  [38;2;49;49;49m████[38;2;0;0;0m      [38;2;49;49;49m██[38;2;82;82;82m██[38;2;205;123;57m██[38;2;156;106;57m██[38;2;246;205;156m██[38;2;205;123;57m██[38;2;238;156;57m████[38;2;82;82;82m██[38;2;238;156;57m██████[38;2;49;49;49m██[38;2;0;0;0m      
[38;2;0;0;0m              [38;2;49;49;49m██████[38;2;82;82;82m██[38;2;238;156;57m████[38;2;205;123;57m██[38;2;82;82;82m██[38;2;238;156;57m██[38;2;205;123;57m████[38;2;49;49;49m██[38;2;0;0;0m      
[38;2;0;0;0m                    [38;2;49;49;49m██[38;2;246;205;156m██[38;2;205;164;115m██[38;2;246;205;156m██[38;2;49;49;49m██[38;2;205;123;57m██[38;2;205;164;115m██[38;2;246;205;156m██[38;2;49;49;49m██[38;2;0;0;0m      
[38;2;0;0;0m                      [38;2;49;49;49m██████[38;2;0;0;0m  [38;2;49;49;49m██[38;2;246;205;156m██[38;2;205;164;115m██[38;2;49;49;49m██[38;2;0;0;0m      
[38;2;0;0;0m                                [38;2;49;49;49m████[38;2;0;0;0m        [0m
