
[38;2;0;0;0m                      [38;2;0;4;0m████[38;2;0;0;0m                                                
[38;2;0;0;0m                  [38;2;0;4;0m████[38;2;60;97;124m████[38;2;0;4;0m██[38;2;0;0;0m                                              
[38;2;0;0;0m                [38;2;0;4;0m██[38;2;60;95;124m████[38;2;60;97;124m████[38;2;0;4;0m██[38;2;0;0;0m                                              
[38;2;0;0;0m              [38;2;0;4;0m██[38;2;60;95;124m██[38;2;60;89;124m████[38;2;60;97;124m████[38;2;0;4;0m██[38;2;0;0;0m                                              
[38;2;0;0;0m              [38;2;0;4;0m██[38;2;60;95;124m██[38;2;0;4;0m██[38;2;60;89;124m██[38;2;60;97;124m████[38;2;57;96;125m██[38;2;0;4;0m████[38;2;0;0;0m    [38;2;0;4;0m██████[38;2;0;0;0m                  [38;2;0;4;0m██████[38;2;0;0;0m        
[38;2;0;0;0m                [38;2;0;4;0m██[38;2;0;0;0m  [38;2;0;4;0m██[38;2;60;97;124m████████[38;2;66;86;122m██[38;2;8;8;0m██[38;2;0;4;0m██[38;2;255;231;239m██[38;2;255;225;223m████[38;2;0;4;16m████[38;2;0;4;0m██[38;2;0;0;0m          [38;2;0;4;0m██[38;2;74;115;186m██[38;2;74;115;189m████[38;2;0;4;0m██[38;2;0;0;0m      
[38;2;0;0;0m                    [38;2;0;4;0m██[38;2;60;97;124m████████[38;2;66;86;122m██[38;2;47;60;81m██[38;2;255;231;239m████[38;2;255;225;223m████[38;2;247;222;231m██[38;2;82;77;88m██[38;2;74;115;186m██[38;2;0;4;0m██[38;2;0;0;0m      [38;2;0;4;0m██[38;2;74;115;186m████[38;2;74;115;189m████[38;2;74;115;186m██[38;2;0;4;0m██[38;2;0;0;0m    
[38;2;0;0;0m                      [38;2;0;4;0m████[38;2;82;82;101m████[38;2;255;228;223m██[38;2;255;239;247m████████[38;2;255;228;223m██[38;2;66;77;124m██[38;2;74;115;186m██[38;2;74;115;189m████[38;2;0;4;0m██████[38;2;74;115;186m██[38;2;74;113;191m████[38;2;74;115;186m████████[38;2;0;4;0m██[38;2;0;0;0m  
[38;2;0;0;0m                          [38;2;0;8;32m██[38;2;247;231;239m██[38;2;255;228;223m████[38;2;255;239;247m████[38;2;255;228;223m████[38;2;66;77;124m██[38;2;74;115;186m██[38;2;74;115;189m████[38;2;74;115;186m████████[38;2;74;113;191m██[38;2;57;94;121m██[38;2;74;115;186m██[38;2;0;4;0m████[38;2;74;115;186m████[38;2;0;4;0m██
[38;2;0;0;0m                      [38;2;0;4;0m████[38;2;74;74;66m██[38;2;134;134;129m██[38;2;255;225;223m████[38;2;255;222;223m██████████[38;2;66;74;122m██[38;2;60;97;124m██[38;2;74;115;186m████[38;2;60;97;124m██[38;2;55;89;124m██[38;2;82;127;186m██[38;2;60;97;124m████[38;2;0;4;0m██[38;2;0;0;0m    [38;2;0;4;0m████[38;2;0;0;0m  
[38;2;0;0;0m                    [38;2;0;4;0m██[38;2;198;94;110m████[38;2;134;134;129m██[38;2;255;255;255m██[38;2;255;225;223m████[38;2;255;222;223m██[38;2;140;140;129m████[38;2;255;222;223m████[38;2;66;74;122m██[38;2;60;97;124m████████[38;2;55;89;124m██[38;2;0;12;0m██[38;2;60;97;124m████[38;2;0;4;0m██[38;2;0;0;0m          
[38;2;0;0;0m                  [38;2;0;4;0m██[38;2;198;94;110m██[38;2;192;101;112m██[38;2;66;66;66m██[38;2;255;247;247m██[38;2;0;4;0m██[38;2;255;225;223m████[38;2;173;167;159m██[38;2;255;247;239m██[38;2;255;255;255m██[38;2;148;140;116m██[38;2;255;225;223m████[38;2;66;82;122m████[38;2;60;89;124m████[38;2;0;4;0m██[38;2;0;0;0m  [38;2;0;4;0m████[38;2;0;0;0m            
[38;2;0;0;0m                  [38;2;0;4;0m██[38;2;198;94;110m██[38;2;66;66;66m██[38;2;255;119;135m██[38;2;255;247;247m████[38;2;255;225;223m████[38;2;255;247;239m██[38;2;8;8;0m██[38;2;255;255;255m██[38;2;184;178;162m██[38;2;255;225;223m████[38;2;255;222;223m██[38;2;66;82;122m██[38;2;60;89;124m██[38;2;0;4;0m██[38;2;0;0;0m                    
[38;2;0;0;0m        [38;2;0;4;0m████[38;2;0;0;0m      [38;2;0;4;0m██[38;2;198;94;110m██[38;2;66;66;66m██[38;2;255;119;135m██[38;2;140;140;129m██[38;2;255;222;223m██████[38;2;255;225;223m██[38;2;255;255;255m██[38;2;255;255;239m██[38;2;177;174;165m██[38;2;90;78;90m██[38;2;255;214;215m██[38;2;255;126;143m████[38;2;255;206;207m██[38;2;74;61;66m██[38;2;0;4;0m██████[38;2;0;0;0m              
[38;2;0;0;0m  [38;2;0;4;0m██████[38;2;255;255;255m██[38;2;173;173;173m██[38;2;0;4;0m██[38;2;0;0;0m      [38;2;0;4;0m██[38;2;192;101;112m██[38;2;66;66;66m██[38;2;255;222;223m██[38;2;140;140;129m████[38;2;255;222;223m██[38;2;255;225;223m████[38;2;177;174;165m██[38;2;99;94;91m██[38;2;255;214;215m██[38;2;200;169;173m██[38;2;255;126;143m████[38;2;74;61;66m██[38;2;195;158;160m██[38;2;255;181;199m████[38;2;255;123;143m██[38;2;0;4;0m██[38;2;0;0;0m            
[38;2;0;4;0m██[38;2;239;255;255m██[38;2;231;171;177m██[38;2;66;66;66m██[38;2;255;86;103m██[38;2;255;255;255m██[38;2;0;0;0m██    [38;2;0;4;0m██[38;2;206;181;150m██[38;2;0;4;0m██[38;2;198;94;110m██[38;2;99;66;67m████[38;2;156;66;76m██[38;2;139;140;127m██[38;2;148;140;132m████[38;2;157;82;90m██[38;2;74;74;82m██[38;2;255;206;207m██[38;2;195;158;160m██[38;2;66;70;66m████[38;2;255;140;159m████[38;2;255;176;202m████[38;2;255;178;202m██[38;2;255;123;143m██[38;2;0;4;0m██[38;2;0;0;0m          
[38;2;0;4;0m██[38;2;222;88;100m██[38;2;239;255;255m██[38;2;66;66;66m██[38;2;255;86;103m██[38;2;255;255;255m██[38;2;85;85;85m██[38;2;0;4;0m██[38;2;0;0;0m  [38;2;0;4;0m██[38;2;206;181;150m██[38;2;0;4;0m████[38;2;255;255;255m██[38;2;99;66;67m██[38;2;156;66;76m████[38;2;181;66;85m██[38;2;170;91;101m██[38;2;198;86;94m██[38;2;74;74;82m██[38;2;74;61;66m████[38;2;255;255;255m██[38;2;160;162;160m██[38;2;66;66;66m██[38;2;255;140;159m██[38;2;255;176;202m████[38;2;255;123;143m████[38;2;0;4;0m██[38;2;0;0;0m          
[38;2;0;4;0m██[38;2;178;148;149m██[38;2;255;222;223m██[38;2;96;96;96m██[38;2;222;222;222m██[38;2;255;255;255m██[38;2;85;85;85m████[38;2;0;0;0m██[38;2;206;181;158m██[38;2;0;4;0m██[38;2;0;0;0m  [38;2;0;4;0m██[38;2;255;255;255m████[38;2;66;66;66m████[38;2;198;94;110m████[38;2;82;53;58m██[38;2;255;231;231m██[38;2;160;162;160m██[38;2;66;70;66m██[38;2;255;85;100m██[38;2;255;255;255m██[38;2;66;66;66m██[38;2;255;123;143m██[38;2;255;126;143m████[38;2;255;123;143m████[38;2;0;4;0m██[38;2;0;0;0m          
[38;2;0;0;0m  [38;2;24;0;0m██[38;2;255;222;223m██[38;2;222;222;222m████[38;2;85;85;85m████[38;2;255;255;255m██[38;2;170;170;170m██[38;2;69;63;53m██[38;2;0;4;0m██[38;2;0;0;0m  [38;2;0;4;0m██[38;2;255;255;255m████████[38;2;66;66;66m████[38;2;82;53;58m██[38;2;168;142;144m██[38;2;255;255;255m██[38;2;66;70;66m██[38;2;255;85;100m██[38;2;255;255;255m██[38;2;66;66;66m██[38;2;255;123;143m██[38;2;255;126;143m████[38;2;255;123;143m██[38;2;0;4;0m██[38;2;0;0;0m            
[38;2;0;0;0m    [38;2;0;4;0m██[38;2;222;225;219m████[38;2;66;66;66m██[38;2;222;222;222m██[38;2;255;85;100m██[38;2;255;255;255m██[38;2;0;4;0m██[38;2;0;0;0m      [38;2;16;0;0m██[38;2;255;247;255m██[38;2;160;63;76m████[38;2;255;255;255m████[38;2;82;53;58m██[38;2;168;142;144m██[38;2;255;255;255m██[38;2;90;99;106m██[38;2;203;206;203m██[38;2;255;255;255m██[38;2;74;78;74m████[38;2;66;66;66m████[38;2;0;4;0m██[38;2;0;0;0m              
[38;2;0;0;0m    [38;2;0;4;0m██[38;2;222;225;219m████[38;2;222;222;222m████[38;2;255;85;100m██[38;2;255;255;255m██[38;2;0;4;0m██[38;2;0;0;0m      [38;2;16;0;0m██[38;2;96;82;85m██[38;2;255;123;143m████[38;2;156;66;76m████[38;2;255;231;231m██[38;2;82;53;58m██[38;2;200;203;205m████[38;2;203;206;203m██[38;2;99;107;99m██[38;2;74;78;74m██[38;2;255;255;255m██[38;2;170;176;170m██[38;2;66;66;66m██[38;2;206;181;150m██[38;2;0;4;0m██[38;2;0;0;0m            
[38;2;0;0;0m      [38;2;0;4;0m██[38;2;222;222;222m██████[38;2;0;4;0m████[38;2;0;0;0m          [38;2;0;4;0m██[38;2;255;123;143m████████[38;2;123;57;67m██[38;2;255;247;247m██[38;2;66;66;66m██[38;2;222;222;222m████[38;2;66;66;66m██[38;2;222;222;222m██[38;2;255;86;103m██[38;2;255;255;255m██[38;2;66;66;66m██[38;2;206;181;150m██[38;2;0;4;0m██[38;2;0;0;0m            
[38;2;0;0;0m        [38;2;0;4;0m██████[38;2;0;0;0m          [38;2;0;4;0m████[38;2;206;181;150m██[38;2;160;63;76m██[38;2;255;123;143m████[38;2;197;96;107m██[38;2;167;120;127m██[38;2;123;57;67m██[38;2;66;66;66m██[38;2;222;222;222m████████[38;2;255;86;103m██[38;2;255;255;255m██[38;2;66;66;66m██[38;2;0;4;0m██[38;2;0;0;0m              
[38;2;0;0;0m                      [38;2;0;8;8m██[38;2;74;82;79m██[38;2;206;181;150m████[38;2;214;156;142m██[38;2;143;104;95m██[38;2;0;4;0m██[38;2;198;94;110m██[38;2;74;74;71m██[38;2;222;222;214m██[38;2;154;74;82m██[38;2;66;57;58m██[38;2;222;222;222m████[38;2;66;66;66m████[38;2;0;4;0m████[38;2;0;0;0m                
[38;2;0;0;0m                  [38;2;0;4;0m██[38;2;0;0;0m  [38;2;0;8;8m██[38;2;222;231;222m██[38;2;79;90;103m██[38;2;206;181;150m██[38;2;71;52;47m██[38;2;0;0;0m██  [38;2;0;4;0m██[38;2;0;0;0m████[38;2;154;74;82m██[38;2;198;82;94m██[38;2;66;66;66m██████[38;2;0;4;0m██[38;2;0;0;0m                    
[38;2;0;0;0m                [38;2;0;4;0m██[38;2;82;123;186m██[38;2;0;8;0m██[38;2;0;0;0m  [38;2;0;4;0m██[38;2;239;239;223m██[38;2;80;82;74m██[38;2;0;4;0m██[38;2;0;0;0m          [38;2;0;4;0m████[38;2;170;170;165m██[38;2;85;85;82m██[38;2;170;175;173m██[38;2;255;255;255m██[38;2;0;4;0m██[38;2;0;0;0m                  
[38;2;0;0;0m                [38;2;0;4;0m██[38;2;55;85;124m██[38;2;0;8;0m██[38;2;0;0;0m    [38;2;0;4;0m██[38;2;159;161;149m██[38;2;57;96;125m██[38;2;0;4;0m██[38;2;0;0;0m            ██[38;2;255;255;247m██[38;2;255;255;255m██[38;2;170;175;173m██[38;2;0;4;0m██[38;2;0;0;0m                  
[38;2;0;0;0m                [38;2;0;4;0m██[38;2;52;64;76m██[38;2;74;94;114m██[38;2;0;4;0m████[38;2;60;95;124m████[38;2;57;96;125m██[38;2;0;4;0m██[38;2;0;0;0m            [38;2;0;4;16m██[38;2;94;92;94m████[38;2;0;4;16m██[38;2;0;0;0m                    
[38;2;0;0;0m                  [38;2;8;4;0m██[38;2;52;64;76m██[38;2;60;95;124m██████[38;2;0;4;0m████[38;2;0;0;0m            [38;2;0;4;0m██[38;2;94;92;94m██[38;2;189;181;173m████[38;2;94;92;94m██[38;2;0;4;0m██[38;2;0;0;0m                  
[38;2;0;0;0m                    [38;2;0;4;0m████████[38;2;0;0;0m                [38;2;0;4;0m██[38;2;74;119;186m██[38;2;49;82;124m██[38;2;57;94;121m██[38;2;74;113;191m██[38;2;52;63;84m██[38;2;16;8;0m██[38;2;0;0;0m                
[38;2;0;0;0m                                              [38;2;0;8;0m██[38;2;74;119;186m██[38;2;74;113;191m████[38;2;52;63;84m██[38;2;87;118;167m██[38;2;0;4;0m██[38;2;0;0;0m              
[38;2;0;0;0m                                                [38;2;0;4;0m██[38;2;74;113;191m██[38;2;57;94;121m██[38;2;74;115;186m████[38;2;0;4;0m██[38;2;0;0;0m              
[38;2;0;0;0m                                                [38;2;0;4;0m██[38;2;74;113;191m████[38;2;74;115;186m██[38;2;0;4;0m████[38;2;0;0;0m              
[38;2;0;0;0m                                                  [38;2;0;4;0m████████[38;2;0;0;0m                [0m
