
[38;2;0;0;0m        [38;2;0;4;0m████[38;2;0;0;0m                                                      
[38;2;0;0;0m      [38;2;0;4;0m██[38;2;93;89;136m████[38;2;0;4;0m██[38;2;0;0;0m                                                    
[38;2;0;0;0m    [38;2;0;4;0m██[38;2;93;89;136m██[38;2;93;90;136m████[38;2;0;4;0m██[38;2;0;0;0m            [38;2;0;4;0m██████[38;2;0;0;0m                    [38;2;0;4;0m████[38;2;0;0;0m          
[38;2;0;0;0m    [38;2;0;4;0m██[38;2;93;89;136m██[38;2;93;90;136m████[38;2;0;4;0m██[38;2;0;0;0m        [38;2;0;4;0m████[38;2;115;111;155m██████[38;2;0;4;0m██████[38;2;0;0;0m            [38;2;0;4;0m██[38;2;115;111;155m████[38;2;0;4;0m████[38;2;0;0;0m      
[38;2;0;0;0m  [38;2;0;4;0m██[38;2;93;89;136m████[38;2;66;66;66m██[38;2;94;88;134m██[38;2;0;4;0m██[38;2;0;0;0m      [38;2;0;8;0m██[38;2;123;115;147m██[38;2;119;111;155m████[38;2;118;111;155m████████[38;2;115;111;155m██[38;2;0;4;0m██[38;2;0;0;0m          [38;2;0;4;0m██[38;2;118;111;155m████████[38;2;0;4;0m██[38;2;0;0;0m    
[38;2;0;0;0m  [38;2;0;4;0m██[38;2;93;89;136m██[38;2;0;4;0m██[38;2;66;66;66m██[38;2;94;88;134m██[38;2;90;90;138m██[38;2;0;4;0m██[38;2;0;0;0m  [38;2;0;4;0m██[38;2;61;61;73m████[38;2;66;66;66m████[38;2;118;111;155m████████[38;2;115;111;155m████[38;2;0;4;0m██[38;2;0;0;0m        [38;2;0;4;0m██[38;2;118;111;155m████████[38;2;115;111;155m██[38;2;0;4;0m██[38;2;0;0;0m  
[38;2;0;0;0m    [38;2;0;4;0m██[38;2;0;0;0m  [38;2;0;4;0m██[38;2;93;89;136m██[38;2;94;88;134m██[38;2;66;66;66m██[38;2;0;4;0m██[38;2;115;111;155m██[38;2;118;111;155m████████[38;2;66;66;66m██████[38;2;119;111;155m██████[38;2;115;111;155m██[38;2;0;4;0m██[38;2;0;0;0m    [38;2;0;4;0m██[38;2;115;111;155m██[38;2;119;111;155m████[38;2;118;111;155m████[38;2;115;111;155m██[38;2;0;4;0m██[38;2;0;0;0m  
[38;2;0;0;0m      [38;2;0;4;0m██[38;2;93;89;136m██[38;2;0;4;0m██[38;2;94;88;134m██[38;2;66;66;66m██[38;2;115;111;155m████[38;2;118;111;155m████████[38;2;119;111;155m██████[38;2;66;66;66m████[38;2;119;111;155m██[38;2;115;111;155m██[38;2;0;4;0m██[38;2;0;0;0m    [38;2;0;4;0m██[38;2;115;111;155m██[38;2;119;111;155m██[38;2;66;66;66m██[38;2;118;111;155m████[38;2;115;111;155m████[38;2;0;4;0m██
[38;2;0;0;0m      [38;2;0;4;0m████[38;2;0;0;0m  [38;2;0;4;0m██[38;2;115;111;155m██[38;2;119;111;155m████[38;2;66;66;66m████████[38;2;119;111;155m██████████[38;2;66;66;66m██[38;2;123;115;147m██[38;2;0;8;0m██[38;2;0;0;0m  [38;2;0;4;0m██[38;2;119;111;155m████[38;2;118;111;155m████[38;2;66;65;66m██[38;2;0;4;0m██[38;2;115;111;155m████[38;2;0;4;0m██
[38;2;0;0;0m          [38;2;0;4;0m██[38;2;115;111;155m████[38;2;66;66;66m████[38;2;255;222;215m████████[38;2;66;66;66m██████[38;2;119;111;155m██████[38;2;61;61;73m████[38;2;0;4;0m██[38;2;115;111;155m██[38;2;119;111;155m██[38;2;66;66;66m██[38;2;118;111;155m████[38;2;0;4;0m██[38;2;0;0;0m  [38;2;0;4;0m██[38;2;115;111;155m██[38;2;0;4;0m██
[38;2;0;0;0m          [38;2;0;4;0m██[38;2;119;111;155m██[38;2;66;66;66m██[38;2;225;200;137m██[38;2;214;173;78m██[38;2;134;148;148m██[38;2;255;222;215m██[38;2;239;222;220m██[38;2;206;173;150m██[38;2;255;255;255m████[38;2;134;137;140m██[38;2;74;78;82m██[38;2;66;66;74m██[38;2;129;115;124m██[38;2;118;111;158m████[38;2;121;113;153m████[38;2;0;4;0m████[38;2;115;111;155m████[38;2;0;4;0m██[38;2;0;0;0m    [38;2;0;4;0m██[38;2;0;0;0m  
[38;2;0;0;0m          [38;2;0;4;0m██[38;2;119;111;155m██[38;2;66;66;66m██[38;2;247;255;255m██[38;2;214;173;78m██[38;2;134;148;148m██[38;2;255;222;215m██[38;2;239;222;220m██[38;2;255;247;255m██[38;2;222;181;70m████[38;2;255;255;255m██[38;2;134;137;140m██[38;2;255;214;223m██[38;2;66;66;74m██[38;2;118;111;158m██[38;2;96;91;136m██[38;2;60;60;76m██[38;2;0;8;0m██[38;2;0;0;0m    [38;2;0;4;0m██[38;2;115;111;155m██[38;2;0;4;0m██[38;2;0;0;0m        
[38;2;0;0;0m            [38;2;0;4;0m██[38;2;66;65;66m██[38;2;192;181;173m██[38;2;255;239;231m██[38;2;66;66;66m████[38;2;255;231;231m████[38;2;189;148;69m████[38;2;255;255;255m██[38;2;148;148;132m██[38;2;255;222;215m██[38;2;66;66;66m██[38;2;115;111;155m██[38;2;94;90;134m██[38;2;93;89;136m██[38;2;0;4;0m██[38;2;0;0;0m      [38;2;0;4;0m██[38;2;0;0;0m          
[38;2;0;0;0m              [38;2;0;4;0m██[38;2;255;239;231m██[38;2;66;66;58m██[38;2;119;111;155m████[38;2;66;66;66m██[38;2;255;231;231m██[38;2;255;255;255m██████[38;2;184;184;173m██[38;2;255;222;215m██[38;2;66;66;66m██[38;2;94;90;134m████[38;2;93;89;136m██[38;2;0;4;0m██[38;2;0;0;0m                  
[38;2;0;0;0m                [38;2;0;4;0m██[38;2;115;111;155m██[38;2;119;111;155m██████[38;2;66;66;66m████[38;2;255;239;239m██[38;2;203;184;150m██[38;2;255;222;215m██[38;2;247;214;223m██[38;2;57;57;73m██[38;2;90;90;138m██[38;2;0;4;0m████[38;2;0;0;0m                    
[38;2;0;0;0m                [38;2;0;4;0m██[38;2;115;111;155m██[38;2;66;66;66m████[38;2;119;111;155m████[38;2;66;66;66m██[38;2;255;239;239m██[38;2;255;222;215m████[38;2;57;57;73m██[38;2;120;109;123m██[38;2;0;4;0m██[38;2;0;0;0m                        
[38;2;0;0;0m                  [38;2;0;4;0m██[38;2;57;57;73m██[38;2;247;214;223m██[38;2;66;66;66m████[38;2;255;222;215m████[38;2;66;66;66m████[38;2;101;99;136m██[38;2;8;16;0m██[38;2;0;0;0m                          
[38;2;0;0;0m            [38;2;0;4;0m██████[38;2;90;82;146m██[38;2;120;109;123m██[38;2;57;57;73m██[38;2;66;66;66m████████[38;2;94;88;134m████[38;2;55;57;68m████[38;2;0;4;0m██[38;2;0;0;0m                        
[38;2;0;0;0m        [38;2;0;4;0m████[38;2;57;111;193m████[38;2;66;66;66m██[38;2;90;82;142m██[38;2;66;66;66m██[38;2;119;111;155m██[38;2;118;111;155m████████[38;2;66;66;66m████[38;2;119;111;155m████[38;2;44;60;81m██[38;2;8;8;0m██[38;2;0;4;0m██[38;2;0;0;0m                    
[38;2;0;0;0m      [38;2;0;4;0m██[38;2;115;165;243m████[38;2;0;4;0m████[38;2;66;66;66m████[38;2;119;111;155m████[38;2;118;111;155m████████[38;2;115;107;163m██[38;2;99;93;131m██[38;2;119;111;155m██[38;2;66;66;66m██[38;2;115;165;243m██████[38;2;0;4;0m████[38;2;0;0;0m                
[38;2;0;0;0m    [38;2;0;4;16m██[38;2;159;171;175m██[38;2;57;111;193m██[38;2;0;4;0m██[38;2;0;0;0m    [38;2;0;4;0m██[38;2;115;111;155m██[38;2;119;111;155m████[38;2;66;61;74m██[38;2;129;126;134m██[38;2;118;111;155m████[38;2;119;111;155m██[38;2;66;66;66m██[38;2;94;88;134m████[38;2;66;65;66m██[38;2;0;4;0m██[38;2;77;93;117m██[38;2;154;174;186m██[38;2;159;171;175m██[38;2;0;4;16m██[38;2;0;0;0m              
[38;2;0;0;0m  [38;2;0;4;0m██[38;2;239;255;255m████[38;2;0;4;0m██[38;2;0;0;0m    [38;2;0;4;0m██[38;2;115;111;155m████[38;2;66;66;66m████[38;2;255;255;255m██[38;2;66;61;74m██[38;2;118;111;155m████[38;2;119;111;155m████[38;2;66;66;66m████[38;2;0;4;0m██[38;2;0;0;0m  [38;2;0;12;48m██[38;2;231;255;255m██[38;2;239;255;255m████[38;2;0;4;0m██[38;2;0;0;0m            
[38;2;0;4;0m██[38;2;255;255;255m██████[38;2;222;222;222m██[38;2;0;4;0m██[38;2;0;0;0m  [38;2;0;4;0m██[38;2;255;206;71m██[38;2;90;45;74m██[38;2;255;123;143m████[38;2;66;66;66m████[38;2;115;111;155m████[38;2;66;66;90m██[38;2;124;115;92m██[38;2;93;90;136m████[38;2;93;89;136m██[38;2;0;4;0m██[38;2;255;255;255m██████[38;2;222;226;218m██[38;2;222;222;214m██[38;2;0;0;0m██          
[38;2;0;4;0m██[38;2;255;255;255m████[38;2;135;146;147m██[38;2;222;222;222m██[38;2;0;4;0m██[38;2;0;0;0m  [38;2;0;4;0m██[38;2;255;206;71m██[38;2;172;125;72m██[38;2;255;255;255m██[38;2;255;123;143m██[38;2;255;115;127m██[38;2;192;99;107m██[38;2;66;66;66m██[38;2;99;96;125m██[38;2;239;214;95m██[38;2;66;66;90m██[38;2;93;90;136m████[38;2;93;89;136m██[38;2;0;4;0m██[38;2;195;195;195m██[38;2;74;74;74m██[38;2;222;226;218m████[38;2;222;222;214m██[38;2;74;74;71m██[38;2;0;4;0m██[38;2;0;0;0m        
[38;2;0;4;0m██[38;2;255;255;255m████[38;2;140;148;148m██[38;2;0;4;0m██[38;2;0;0;0m    [38;2;0;4;0m██[38;2;87;105;157m██[38;2;52;55;78m██[38;2;222;86;86m████████[38;2;57;57;65m██[38;2;120;120;128m██[38;2;247;214;71m██[38;2;74;74;90m██[38;2;93;90;136m████[38;2;90;90;138m██[38;2;0;4;0m██[38;2;49;74;81m██[38;2;99;144;163m██[38;2;57;66;73m██[38;2;198;231;238m██[38;2;38;57;67m██[38;2;82;156;202m██[38;2;0;4;0m██[38;2;0;0;0m        
[38;2;0;0;0m  [38;2;0;4;0m██[38;2;255;255;255m██[38;2;217;219;219m██[38;2;0;4;0m██[38;2;0;0;0m      [38;2;16;4;0m██[38;2;123;156;235m██[38;2;66;66;66m████████[38;2;247;247;255m██[38;2;57;57;65m██[38;2;74;74;90m████[38;2;93;90;136m████[38;2;0;4;0m██[38;2;0;0;0m  [38;2;0;4;0m██[38;2;148;214;244m██[38;2;127;148;155m██[38;2;57;66;73m██[38;2;16;8;0m██[38;2;82;156;202m██[38;2;0;4;0m██[38;2;0;0;0m        
[38;2;0;0;0m    [38;2;0;4;0m████[38;2;0;0;0m        [38;2;0;4;8m██[38;2;71;111;170m██[38;2;151;178;196m██[38;2;206;239;254m██[38;2;255;255;255m████[38;2;115;165;246m████[38;2;107;156;251m██[38;2;57;61;65m██[38;2;46;60;81m██[38;2;8;8;0m██[38;2;0;0;0m    [38;2;0;4;0m██[38;2;156;206;228m██[38;2;93;151;173m██[38;2;0;8;16m██[38;2;0;0;0m  [38;2;0;4;0m██[38;2;0;0;0m          
[38;2;0;0;0m          [38;2;0;4;0m██████[38;2;71;111;170m██[38;2;107;165;251m██[38;2;41;57;81m██[38;2;151;178;196m██[38;2;57;115;209m██[38;2;123;162;224m██[38;2;115;165;246m████[38;2;90;124;189m██[38;2;107;156;251m██[38;2;123;165;243m██[38;2;8;8;0m██[38;2;0;0;0m      [38;2;0;4;0m██[38;2;140;222;252m██[38;2;93;151;173m██[38;2;0;4;0m██[38;2;0;0;0m            
[38;2;0;0;0m        [38;2;0;8;8m██[38;2;148;214;252m██[38;2;82;156;205m████[38;2;66;66;66m████[38;2;82;119;194m██[38;2;43;50;65m██[38;2;0;4;0m██████[38;2;57;111;193m██[38;2;107;165;251m████[38;2;98;129;158m██[38;2;57;61;73m██[38;2;0;4;0m██[38;2;0;0;0m    [38;2;0;4;0m██[38;2;93;151;173m████[38;2;0;4;0m██[38;2;0;0;0m            
[38;2;0;0;0m        [38;2;0;8;8m██[38;2;99;145;171m██[38;2;82;156;205m████[38;2;90;82;142m████[38;2;63;85;129m██[38;2;24;16;0m██[38;2;0;0;0m      [38;2;0;4;0m██[38;2;74;82;146m██[38;2;85;110;181m██[38;2;57;61;73m██[38;2;140;198;244m██[38;2;156;206;228m██[38;2;0;4;0m██[38;2;0;0;0m  [38;2;0;4;0m██[38;2;140;222;252m██[38;2;0;8;16m██[38;2;0;0;0m              
[38;2;0;0;0m        [38;2;0;4;0m██[38;2;82;156;202m████████[38;2;0;4;0m████[38;2;0;0;0m          [38;2;8;4;0m██[38;2;69;100;141m██[38;2;156;210;228m██[38;2;255;255;255m██[38;2;156;209;225m████[38;2;0;4;0m██[38;2;0;0;0m  [38;2;0;8;8m██[38;2;148;214;252m██[38;2;0;4;0m██[38;2;0;0;0m            
[38;2;0;0;0m          [38;2;0;4;0m████████[38;2;0;0;0m              [38;2;8;4;0m██[38;2;99;148;211m██[38;2;156;210;228m████[38;2;156;209;225m████[38;2;0;4;0m██[38;2;0;0;0m  [38;2;0;8;8m██[38;2;99;145;171m██[38;2;0;4;0m██[38;2;0;0;0m            
[38;2;0;0;0m                                  [38;2;0;4;0m████[38;2;156;206;228m██████[38;2;0;4;0m██[38;2;0;0;0m  [38;2;0;4;0m██[38;2;82;156;202m██[38;2;0;4;0m██[38;2;0;0;0m            [0m
