
[38;2;0;0;0m              [38;2;49;49;49m████[38;2;0;0;0m                    
[38;2;0;0;0m            [38;2;49;49;49m██[38;2;139;213;255m██[38;2;82;180;230m██[38;2;49;49;49m██[38;2;0;0;0m                  
[38;2;0;0;0m          [38;2;49;49;49m██[38;2;139;213;255m██[38;2;74;131;205m██[38;2;82;180;230m██[38;2;49;49;49m██[38;2;0;0;0m                  
[38;2;0;0;0m          [38;2;49;49;49m██[38;2;139;213;255m██[38;2;74;131;205m██[38;2;82;180;230m██[38;2;49;49;49m██[38;2;0;0;0m                  
[38;2;0;0;0m          [38;2;49;49;49m██[38;2;139;213;255m██[38;2;82;180;230m██[38;2;74;131;205m██[38;2;82;82;82m██[38;2;49;49;49m██[38;2;0;0;0m                
[38;2;0;0;0m        [38;2;49;49;49m██[38;2;74;131;205m████[38;2;82;180;230m██[38;2;74;131;205m██[38;2;82;82;82m██[38;2;82;180;230m██[38;2;49;49;49m██[38;2;0;0;0m        [38;2;49;49;49m████[38;2;0;0;0m  
[38;2;0;0;0m      [38;2;49;49;49m██[38;2;139;213;255m████[38;2;74;131;205m██[38;2;82;180;230m██[38;2;74;131;205m██[38;2;123;197;222m██[38;2;139;213;255m██[38;2;123;197;222m██[38;2;49;49;49m██[38;2;0;0;0m    [38;2;49;49;49m██[38;2;255;255;255m████[38;2;49;49;49m██
[38;2;0;0;0m  [38;2;49;49;49m████[38;2;82;180;230m██[38;2;139;213;255m██████[38;2;82;180;230m██[38;2;139;213;255m████████[38;2;123;197;222m██[38;2;49;49;49m████[38;2;255;255;255m██[38;2;172;222;238m████[38;2;49;49;49m██
[38;2;49;49;49m██[38;2;246;131;49m██[38;2;82;82;82m██[38;2;139;213;255m██[38;2;255;255;255m██[38;2;139;213;255m████████████[38;2;82;180;230m██[38;2;82;82;82m████[38;2;255;255;255m██[38;2;172;222;238m██[38;2;123;164;213m████[38;2;49;49;49m██
[38;2;0;0;0m  [38;2;49;49;49m██[38;2;205;90;24m██[38;2;139;213;255m██[38;2;49;49;49m██[38;2;139;213;255m██████[38;2;255;255;255m██[38;2;139;213;255m██[38;2;82;180;230m██[38;2;246;131;49m██[38;2;205;90;24m██[38;2;82;82;82m██[38;2;172;222;238m██[38;2;123;164;213m██[38;2;172;222;238m████[38;2;49;49;49m██
[38;2;49;49;49m██[38;2;246;131;49m██[38;2;205;90;24m██[38;2;82;180;230m██[38;2;139;213;255m████████[38;2;49;49;49m██[38;2;139;213;255m██[38;2;246;131;49m████████[38;2;82;82;82m██[38;2;172;222;238m██[38;2;123;164;213m████[38;2;49;49;49m██
[38;2;0;0;0m  [38;2;49;49;49m████[38;2;205;90;24m██[38;2;255;255;255m██[38;2;123;197;222m██[38;2;82;180;230m██[38;2;139;213;255m████[38;2;82;180;230m██[38;2;246;131;49m████[38;2;205;90;24m██[38;2;82;82;82m████[38;2;123;164;213m████[38;2;49;49;49m██[38;2;0;0;0m  
[38;2;0;0;0m      [38;2;49;49;49m████[38;2;255;255;255m██████[38;2;172;222;238m██[38;2;74;131;205m██[38;2;82;82;82m██[38;2;205;90;24m██[38;2;246;131;49m██[38;2;82;82;82m██[38;2;82;180;230m██[38;2;49;49;49m████[38;2;0;0;0m    
[38;2;0;0;0m          [38;2;49;49;49m██[38;2;82;82;82m██[38;2;74;131;205m████[38;2;82;180;230m██[38;2;74;131;205m██[38;2;82;82;82m████[38;2;82;180;230m████[38;2;49;49;49m██[38;2;0;0;0m      
[38;2;0;0;0m          [38;2;49;49;49m██[38;2;74;131;205m██[38;2;172;222;238m████[38;2;74;131;205m██[38;2;82;180;230m██[38;2;74;131;205m████[38;2;82;82;82m██[38;2;82;180;230m██[38;2;49;49;49m██[38;2;0;0;0m      
[38;2;0;0;0m          [38;2;49;49;49m██[38;2;123;197;222m██[38;2;82;180;230m██[38;2;49;49;49m██[38;2;82;82;82m██[38;2;82;180;230m████[38;2;82;82;82m██[38;2;49;49;49m████[38;2;0;0;0m        
[38;2;0;0;0m            [38;2;49;49;49m████[38;2;0;0;0m  [38;2;49;49;49m██[38;2;123;197;222m████[38;2;49;49;49m██[38;2;0;0;0m            
[38;2;0;0;0m                    [38;2;49;49;49m████[38;2;0;0;0m              [0m
