
[38;2;0;0;0m          ████              
[38;2;0;0;0m        ██[38;2;66;115;138m████[38;2;0;0;0m████          
[38;2;0;0;0m      [38;2;8;0;0m██[38;2;44;58;68m██[38;2;77;115;130m██[38;2;66;66;66m██[38;2;66;115;138m██[38;2;90;140;162m██[38;2;0;0;0m██        
[38;2;0;0;0m      [38;2;8;0;0m██[38;2;79;115;135m██[38;2;82;140;162m██[38;2;66;66;66m██[38;2;90;140;162m████[38;2;66;115;138m██[38;2;0;0;0m██      
[38;2;0;0;0m    ██[38;2;90;140;162m████[38;2;66;66;66m██[38;2;90;140;162m████████[38;2;0;0;0m██      
[38;2;0;0;0m  ██[38;2;173;198;213m██[38;2;90;140;162m████████████████[38;2;0;0;0m██    
[38;2;0;0;0m██[38;2;66;115;138m██[38;2;90;140;162m██████[38;2;255;255;255m██[38;2;170;173;173m██[38;2;90;140;162m████████[38;2;77;126;151m██[38;2;0;0;0m██  
[38;2;0;0;0m██[38;2;90;140;162m██████[38;2;173;198;213m██[38;2;0;8;8m██[38;2;255;255;255m██[38;2;90;140;162m████████[38;2;77;126;151m██[38;2;0;0;0m██  
[38;2;0;0;0m██[38;2;181;179;125m██[38;2;115;126;107m██[38;2;90;140;162m████[38;2;255;255;255m██[38;2;173;197;210m██[38;2;90;140;162m████[38;2;90;140;154m████[38;2;198;173;110m██[38;2;0;0;8m██[38;2;0;0;0m  
[38;2;0;0;0m██[38;2;49;74;89m██[38;2;247;231;143m██[38;2;198;173;102m██[38;2;90;140;162m██[38;2;90;140;165m████[38;2;90;140;162m████[38;2;195;189;131m██[38;2;247;214;119m██[38;2;66;58;42m██[38;2;0;0;8m██[38;2;0;0;0m  
[38;2;0;0;0m  ██[38;2;198;173;102m██[38;2;247;222;143m████████████[38;2;255;222;135m██[38;2;192;170;112m██[38;2;0;0;0m██    
[38;2;0;0;0m    ██[38;2;66;66;66m██[38;2;187;170;117m██[38;2;247;222;143m██████[38;2;198;174;102m██[38;2;66;66;66m████[38;2;90;140;162m██[38;2;0;0;0m██  
[38;2;0;0;0m    ██[38;2;247;222;151m██[38;2;49;78;97m██[38;2;66;66;66m████████[38;2;90;140;162m████████[38;2;0;0;0m██
[38;2;0;0;0m  ██[38;2;90;140;162m██[38;2;115;126;115m██[38;2;247;222;151m██[38;2;255;222;135m██[38;2;192;170;112m██[38;2;90;140;162m██████[38;2;66;66;66m██[38;2;90;140;162m████[38;2;0;0;0m██
[38;2;0;0;0m  [38;2;0;0;8m██[38;2;82;74;56m██[38;2;57;94;113m██[38;2;118;137;128m██[38;2;90;140;162m████████████[38;2;49;69;79m██[38;2;0;0;0m██  
[38;2;0;0;0m  [38;2;0;0;8m██[38;2;247;222;151m██[38;2;239;222;159m██[38;2;57;94;113m██[38;2;90;140;162m████████████[38;2;99;137;157m██[38;2;0;0;0m██  
[38;2;0;0;0m    ██[38;2;170;161;95m██[38;2;255;239;143m██[38;2;49;69;79m██[38;2;99;137;157m██[38;2;90;140;162m████████[38;2;0;0;0m██    
[38;2;0;0;0m      [38;2;0;4;0m████[38;2;0;0;0m████[38;2;90;140;162m██[38;2;66;66;66m██[38;2;90;140;162m██[38;2;0;0;0m████    
[38;2;0;0;0m              ██████        [0m
