
[38;2;0;0;0m          [38;2;20;20;20m██[38;2;0;0;0m                                    
[38;2;0;0;0m        [38;2;20;20;20m████[38;2;0;0;0m                                    
[38;2;0;0;0m      [38;2;20;20;20m██[38;2;79;81;79m██[38;2;24;20;24m██[38;2;0;0;0m          [38;2;24;20;24m██[38;2;20;20;20m██[38;2;0;0;0m                      
[38;2;0;0;0m      [38;2;20;20;20m██[38;2;79;81;79m██[38;2;24;20;24m██[38;2;0;0;0m        [38;2;24;20;24m██[38;2;156;70;44m██[38;2;24;24;24m██[38;2;0;0;0m                      
[38;2;0;0;0m    [38;2;24;20;24m██[38;2;94;92;94m██[38;2;80;80;80m████[38;2;20;20;20m██[38;2;0;0;0m    [38;2;24;20;24m██[38;2;80;79;80m██[38;2;159;68;47m██[38;2;20;20;20m██[38;2;0;0;0m                      
[38;2;0;0;0m    [38;2;24;20;24m██[38;2;94;92;94m██[38;2;93;93;93m██[38;2;66;66;66m██[38;2;20;20;20m██[38;2;0;0;0m  [38;2;24;20;24m██[38;2;94;92;94m██[38;2;80;79;80m██[38;2;159;68;47m██[38;2;20;20;20m██[38;2;0;0;0m                      
[38;2;0;0;0m    [38;2;16;24;24m██[38;2;77;50;42m██[38;2;66;66;66m██[38;2;198;94;70m██[38;2;198;99;78m██[38;2;16;28;32m██[38;2;82;90;90m██[38;2;96;76;69m██[38;2;156;69;47m████[38;2;20;20;20m██[38;2;0;0;0m                      
[38;2;0;0;0m    [38;2;16;24;24m██[38;2;198;103;78m██[38;2;198;94;70m████[38;2;198;99;78m██[38;2;77;52;47m██[38;2;82;90;90m██[38;2;123;49;27m██[38;2;156;69;47m████[38;2;20;20;20m██[38;2;0;0;0m                      
[38;2;0;0;0m  [38;2;20;20;20m██[38;2;201;97;73m████████████[38;2;66;66;66m██[38;2;198;94;70m██[38;2;115;57;43m██[38;2;24;20;16m██[38;2;0;0;0m        [38;2;24;20;24m████████[38;2;0;0;0m        
[38;2;0;0;0m  [38;2;24;24;24m██[38;2;201;97;73m████████████[38;2;198;94;70m████[38;2;206;94;70m██[38;2;24;20;16m██[38;2;0;0;0m      [38;2;20;20;20m██[38;2;198;94;70m████████[38;2;20;20;20m██[38;2;0;0;0m      
[38;2;0;0;0m  [38;2;20;20;20m██[38;2;198;96;73m██[38;2;198;206;206m██[38;2;198;94;70m██[38;2;93;94;93m██████[38;2;198;94;70m██[38;2;93;94;93m██[38;2;198;94;70m██[38;2;24;20;24m██[38;2;0;0;0m    [38;2;16;28;32m██[38;2;206;99;70m██[38;2;206;94;70m████[38;2;201;97;73m████[38;2;214;94;70m██[38;2;24;20;16m██[38;2;0;0;0m    
[38;2;0;0;0m  [38;2;20;20;20m██[38;2;198;96;73m████[38;2;93;94;93m████████████[38;2;198;94;70m██[38;2;24;20;24m██[38;2;0;0;0m  [38;2;20;20;20m██[38;2;79;52;45m██[38;2;143;75;57m██[38;2;24;20;16m██[38;2;145;69;52m██[38;2;201;97;73m████[38;2;151;69;52m████[38;2;20;20;20m██[38;2;0;0;0m  
[38;2;0;0;0m    [38;2;24;20;16m██[38;2;206;94;70m██[38;2;90;94;90m██[38;2;49;53;49m██[38;2;156;140;60m██[38;2;255;255;255m██[38;2;165;96;77m████[38;2;198;90;70m████[38;2;24;20;24m██[38;2;198;94;70m████[38;2;24;20;24m██[38;2;0;0;0m  [38;2;24;20;24m██[38;2;156;69;47m████████[38;2;20;20;20m██[38;2;0;0;0m  
[38;2;0;0;0m  [38;2;20;20;20m██[38;2;145;69;52m██[38;2;206;94;70m██[38;2;90;94;90m██[38;2;63;67;63m██[38;2;255;255;255m██[38;2;156;140;60m██[38;2;165;96;77m██[38;2;198;206;206m██[38;2;154;80;66m██[38;2;66;61;58m██[38;2;198;94;70m████████[38;2;24;20;24m██[38;2;156;70;44m██[38;2;156;69;47m████████[38;2;20;20;20m██[38;2;0;0;0m  
[38;2;24;20;24m██[38;2;94;92;94m██[38;2;198;94;70m████[38;2;231;198;191m██[38;2;136;107;104m██[38;2;154;79;63m██[38;2;198;86;62m██[38;2;66;66;66m██████[38;2;198;94;70m██[38;2;200;97;72m████[38;2;201;97;73m████[38;2;68;73;68m██[38;2;156;70;44m██[38;2;159;68;47m████[38;2;79;81;79m██[38;2;156;70;44m██[38;2;24;20;24m██[38;2;0;0;0m  
[38;2;0;0;0m  [38;2;24;20;24m██████[38;2;41;16;17m████[38;2;66;66;66m████[38;2;156;68;48m████[38;2;198;94;70m████[38;2;156;70;44m████[38;2;201;97;73m████[38;2;68;73;68m████[38;2;159;68;47m██[38;2;82;82;82m██[38;2;156;70;44m██[38;2;79;81;79m██[38;2;82;80;82m██[38;2;24;20;24m██
[38;2;0;0;0m            [38;2;33;16;9m██[38;2;189;156;157m██[38;2;154;80;66m██[38;2;198;90;70m██[38;2;206;99;70m██[38;2;79;52;45m██[38;2;24;20;24m██[38;2;65;65;65m██[38;2;148;86;76m██[38;2;60;53;52m██[38;2;24;20;24m██[38;2;82;80;82m██[38;2;66;66;66m██[38;2;80;80;80m██[38;2;79;81;79m████[38;2;65;65;65m██[38;2;24;20;24m██
[38;2;0;0;0m            [38;2;33;16;9m██[38;2;111;86;83m██[38;2;66;61;58m██[38;2;198;90;70m██[38;2;143;75;57m██[38;2;16;28;32m██[38;2;0;0;0m  [38;2;24;20;24m██[38;2;104;70;64m██[38;2;16;37;40m██[38;2;0;0;0m  [38;2;24;20;24m██[38;2;80;80;80m████[38;2;24;20;24m██[38;2;79;81;79m██[38;2;24;20;24m██[38;2;0;0;0m  
[38;2;0;0;0m              [38;2;20;20;20m██[38;2;65;69;65m██[38;2;90;94;90m██[38;2;20;20;20m██[38;2;0;0;0m    [38;2;20;20;20m████[38;2;0;0;0m      [38;2;20;20;20m████[38;2;0;0;0m  [38;2;20;20;20m██[38;2;0;0;0m    
[38;2;0;0;0m              [38;2;20;20;20m██[38;2;90;94;90m██[38;2;16;20;16m██[38;2;20;20;20m██[38;2;0;0;0m                          
[38;2;0;0;0m              [38;2;20;20;20m████[38;2;0;0;0m                              [0m
