
[38;2;0;0;0m        ██                          
[38;2;0;0;0m      ██[38;2;128;144;192m██[38;2;0;0;0m██                        
[38;2;0;0;0m    ████[38;2;128;144;192m██[38;2;0;0;0m██            ██████      
[38;2;0;0;0m  ██[38;2;128;144;192m██[38;2;64;64;64m██[38;2;128;144;192m████[38;2;0;0;0m██      ████[38;2;168;192;248m██████[38;2;0;0;0m████  
[38;2;0;0;0m  ██[38;2;128;144;192m████████[38;2;64;64;64m██[38;2;0;0;0m██████[38;2;168;192;248m██████[38;2;128;144;192m████[38;2;168;192;248m████[38;2;0;0;0m██
[38;2;0;0;0m    ██[38;2;128;144;192m██[38;2;64;64;64m████[38;2;128;144;192m████[38;2;64;64;64m██[38;2;168;192;248m████[38;2;64;64;64m████[38;2;128;144;192m████[38;2;0;0;0m████  
[38;2;0;0;0m      ██[38;2;168;192;248m██[38;2;64;64;64m██[38;2;128;144;192m██[38;2;64;64;64m██[38;2;168;192;248m████[38;2;64;64;64m██[38;2;88;104;168m████[38;2;64;64;64m██[38;2;128;144;192m██[38;2;0;0;0m██    
[38;2;0;0;0m      ██[38;2;168;192;248m██[38;2;128;144;192m████[38;2;64;64;64m██[38;2;168;192;248m██[38;2;64;64;64m██[38;2;56;144;104m████[38;2;88;104;168m████[38;2;128;144;192m██[38;2;0;0;0m██    
[38;2;0;0;0m  ████[38;2;128;144;192m████[38;2;168;192;248m████████[38;2;64;64;64m██[38;2;56;144;104m██[38;2;88;104;168m████[38;2;128;144;192m██[38;2;0;0;0m██      
[38;2;0;0;0m██[38;2;128;144;192m██[38;2;64;64;64m██[38;2;168;192;248m████████[38;2;88;104;168m██[38;2;128;144;192m████████[38;2;64;64;64m████[38;2;0;0;0m██      
[38;2;0;0;0m  ██[38;2;168;192;248m████████[38;2;0;0;0m██[38;2;184;184;176m██[38;2;88;104;168m██[38;2;64;64;64m████[38;2;128;144;192m████[38;2;64;64;64m██[38;2;128;144;192m██[38;2;0;0;0m██    
[38;2;0;0;0m  ██[38;2;168;192;248m██████[38;2;0;0;0m██[38;2;240;96;80m██[38;2;248;248;248m██[38;2;128;144;192m██[38;2;168;192;248m████[38;2;64;64;64m██[38;2;128;144;192m████[38;2;0;0;0m██      
[38;2;0;0;0m  ██[38;2;128;144;192m██[38;2;88;104;168m██[38;2;128;144;192m████████[38;2;64;64;64m██████[38;2;128;144;192m██████[38;2;64;64;64m██[38;2;0;0;0m████  
[38;2;0;0;0m  ██[38;2;64;64;64m██[38;2;128;144;192m████████████████████████[38;2;64;64;64m██[38;2;128;144;192m██[38;2;0;0;0m██
[38;2;0;0;0m    ██[38;2;248;248;248m██[38;2;0;0;0m██[38;2;64;64;64m████[38;2;128;144;192m████[38;2;88;104;168m██[38;2;128;144;192m██[38;2;168;192;248m██[38;2;64;64;64m██[38;2;128;144;192m████[38;2;0;0;0m████  
[38;2;0;0;0m      ██  ██[38;2;184;184;176m██[38;2;64;64;64m██[38;2;128;144;192m██[38;2;64;64;64m██[38;2;168;192;248m████[38;2;64;64;64m██[38;2;128;144;192m████[38;2;0;0;0m██    
[38;2;0;0;0m            ██████[38;2;248;248;248m██[38;2;168;192;248m██[38;2;64;64;64m██[38;2;128;144;192m████[38;2;0;0;0m██      
[38;2;0;0;0m                  ████[38;2;248;248;248m██[38;2;88;104;168m██[38;2;248;248;248m██[38;2;0;0;0m██      
[38;2;0;0;0m                      ██████        [0m
