
[38;2;0;0;0m              ██                                                                    
[38;2;0;0;0m            ██[38;2;144;96;144m██[38;2;0;0;0m██                            ██                                    
[38;2;0;0;0m            ██[38;2;144;96;144m████[38;2;0;0;0m██      ██                ██[38;2;208;144;208m██[38;2;0;0;0m██    ██████                        
[38;2;0;0;0m          ██[38;2;144;96;144m██[38;2;56;88;72m██[38;2;144;96;144m████[38;2;0;0;0m██  ██[38;2;208;144;208m██[38;2;0;0;0m██          ████[38;2;208;144;208m████[38;2;0;0;0m██████[38;2;208;144;208m██████[38;2;0;0;0m██                      
[38;2;0;0;0m          ██[38;2;144;96;144m██[38;2;72;120;160m██[38;2;56;88;72m██[38;2;144;96;144m██[38;2;0;0;0m██  ██[38;2;208;144;208m██[38;2;0;0;0m██  ██  ████[38;2;208;144;208m██████████████████[38;2;0;0;0m██                        
[38;2;0;0;0m            ██[38;2;72;120;160m██[38;2;56;88;72m██[38;2;144;96;144m████[38;2;0;0;0m██[38;2;144;96;144m██[38;2;208;144;208m██[38;2;64;64;64m██[38;2;0;0;0m██[38;2;144;96;144m██[38;2;0;0;0m██[38;2;208;144;208m██████████[38;2;56;88;72m██████[38;2;208;144;208m██████[38;2;0;0;0m██                        
[38;2;0;0;0m      ████  ██[38;2;72;120;160m████[38;2;56;88;72m██[38;2;144;96;144m██[38;2;64;64;64m██[38;2;208;144;208m████[38;2;144;96;144m██[38;2;64;64;64m██[38;2;144;96;144m██[38;2;64;64;64m██[38;2;208;144;208m██████[38;2;56;88;72m████[38;2;112;208;208m██████[38;2;56;88;72m██[38;2;208;144;208m██[38;2;0;0;0m██                          
[38;2;0;0;0m    ██[38;2;208;144;208m████[38;2;0;0;0m██[38;2;64;64;64m██[38;2;56;88;72m██[38;2;72;120;160m██[38;2;56;88;72m██[38;2;144;96;144m██[38;2;64;64;64m██[38;2;208;144;208m████[38;2;144;96;144m██████[38;2;64;64;64m██[38;2;208;144;208m████[38;2;56;88;72m██[38;2;72;120;160m████[38;2;56;88;72m██[38;2;112;208;208m██████[38;2;56;88;72m██[38;2;0;0;0m██                          
[38;2;0;0;0m      ██[38;2;208;144;208m██████[38;2;64;64;64m████[38;2;72;120;160m██[38;2;56;88;72m██[38;2;208;144;208m████████[38;2;144;96;144m██[38;2;64;64;64m██[38;2;208;144;208m████[38;2;56;88;72m██[38;2;72;120;160m████████[38;2;56;88;72m██[38;2;112;208;208m████[38;2;56;88;72m██[38;2;208;144;208m██[38;2;0;0;0m██                        
[38;2;0;0;0m        ██[38;2;144;96;144m██[38;2;208;144;208m██████[38;2;64;64;64m████[38;2;208;144;208m██████████[38;2;64;64;64m██[38;2;208;144;208m██[38;2;144;96;144m██[38;2;56;88;72m██[38;2;72;120;160m████████[38;2;56;88;72m██[38;2;112;208;208m████[38;2;56;88;72m██[38;2;0;0;0m██          ████            
[38;2;0;0;0m          ██[38;2;144;96;144m████[38;2;208;144;208m██████████████[38;2;64;64;64m██[38;2;208;144;208m████[38;2;56;88;72m██[38;2;72;120;160m██████████[38;2;56;88;72m██[38;2;112;208;208m██[38;2;56;88;72m██[38;2;0;0;0m██          ██[38;2;208;144;208m████[38;2;0;0;0m████        
[38;2;0;0;0m          ██[38;2;144;96;144m██████[38;2;208;144;208m████████████████[38;2;56;88;72m████[38;2;72;120;160m████████[38;2;56;88;72m██[38;2;112;208;208m██[38;2;64;64;64m██[38;2;0;0;0m██            ██[38;2;208;144;208m██████[38;2;144;96;144m██[38;2;0;0;0m██      
[38;2;0;0;0m            ██[38;2;144;96;144m██████[38;2;208;144;208m████████████████[38;2;56;88;72m████[38;2;72;120;160m████[38;2;56;88;72m██[38;2;64;64;64m████[38;2;144;96;144m██[38;2;0;0;0m██              ██[38;2;208;144;208m██████[38;2;64;64;64m██[38;2;0;0;0m██    
[38;2;0;0;0m            ██[38;2;96;64;112m████[38;2;208;144;208m████████████████████[38;2;64;64;64m████████[38;2;144;96;144m████████[38;2;0;0;0m████            ██[38;2;208;144;208m██[38;2;96;64;112m██[38;2;208;144;208m██[38;2;144;96;144m██[38;2;0;0;0m██  
[38;2;0;0;0m            ██[38;2;208;144;208m██████████[38;2;144;96;144m██[38;2;208;144;208m████[38;2;64;64;64m██[38;2;248;248;248m██[38;2;208;144;208m████████████[38;2;64;64;64m████████[38;2;144;96;144m████[38;2;0;0;0m██          ██[38;2;96;64;112m██[38;2;208;144;208m██████[38;2;0;0;0m██  
[38;2;0;0;0m          ██[38;2;208;144;208m██████████[38;2;144;96;144m██[38;2;208;144;208m████[38;2;0;0;0m██[38;2;248;248;248m████[38;2;208;144;208m██[38;2;144;96;144m████[38;2;208;144;208m██[38;2;64;64;64m██████[38;2;208;144;208m████[38;2;144;96;144m██[38;2;64;64;64m██[38;2;144;96;144m████[38;2;0;0;0m████        ██[38;2;208;144;208m██████[38;2;144;96;144m██[38;2;0;0;0m██
[38;2;0;0;0m          ██[38;2;208;144;208m██████████[38;2;144;96;144m██[38;2;208;144;208m██[38;2;96;64;112m██[38;2;0;0;0m██[38;2;248;248;248m██[38;2;208;144;208m██[38;2;144;96;144m██[38;2;208;144;208m████████[38;2;64;64;64m██[38;2;208;144;208m████████[38;2;144;96;144m██[38;2;64;64;64m██[38;2;144;96;144m████[38;2;208;144;208m██[38;2;0;0;0m████    ██[38;2;96;64;112m██████[38;2;144;96;144m██[38;2;0;0;0m██
[38;2;0;0;0m          ██[38;2;208;144;208m████████████[38;2;96;64;112m████[38;2;208;144;208m██████[38;2;248;248;248m██[38;2;72;88;104m██[38;2;208;144;208m██[38;2;64;64;64m████[38;2;144;96;144m██[38;2;208;144;208m████[38;2;64;64;64m████[38;2;144;96;144m██[38;2;64;64;64m██[38;2;144;96;144m██████[38;2;96;64;112m██[38;2;208;144;208m██[38;2;0;0;0m████[38;2;208;144;208m██████[38;2;144;96;144m██[38;2;96;64;112m██[38;2;0;0;0m██
[38;2;0;0;0m      ████[38;2;144;96;144m██[38;2;64;64;64m██[38;2;208;144;208m████████████████[38;2;144;96;144m██[38;2;72;88;104m██[38;2;248;248;248m██[38;2;72;88;104m██[38;2;144;96;144m████[38;2;176;176;176m██[38;2;64;64;64m██[38;2;208;144;208m██[38;2;64;64;64m██[38;2;208;144;208m████[38;2;64;64;64m██[38;2;144;96;144m██[38;2;64;64;64m██[38;2;144;96;144m██████[38;2;96;64;112m██[38;2;208;144;208m████[38;2;96;64;112m██[38;2;208;144;208m██[38;2;144;96;144m██████[38;2;0;0;0m██
[38;2;0;0;0m  ████[38;2;144;96;144m██████[38;2;64;64;64m██[38;2;208;144;208m██████████████[38;2;72;88;104m██[38;2;248;248;248m██[38;2;144;96;144m████████[38;2;176;176;176m██████[38;2;64;64;64m██[38;2;144;96;144m██[38;2;64;64;64m████[38;2;208;144;208m██[38;2;64;64;64m██[38;2;144;96;144m████████[38;2;96;64;112m██[38;2;144;96;144m██████[38;2;96;64;112m██[38;2;144;96;144m████[38;2;0;0;0m██  
[38;2;0;0;0m██[38;2;96;64;112m██[38;2;248;248;248m██[38;2;96;64;112m██[38;2;144;96;144m██████[38;2;64;64;64m██[38;2;208;144;208m████[38;2;96;64;112m██[38;2;208;144;208m██[38;2;72;88;104m████[38;2;144;96;144m██████[38;2;64;64;64m████[38;2;176;176;176m████[38;2;248;248;248m██████[38;2;64;64;64m██[38;2;208;144;208m████[38;2;144;96;144m██[38;2;248;248;248m██[38;2;64;64;64m██[38;2;144;96;144m██[38;2;64;64;64m██[38;2;144;96;144m██[38;2;96;64;112m██[38;2;144;96;144m██████[38;2;96;64;112m██[38;2;144;96;144m████[38;2;0;0;0m██  
[38;2;0;0;0m██[38;2;144;96;144m██[38;2;96;64;112m██[38;2;144;96;144m██████████[38;2;0;0;0m████[38;2;208;144;208m██[38;2;72;88;104m██[38;2;144;96;144m████[38;2;64;64;64m██████[38;2;136;136;128m██[38;2;176;176;176m██[38;2;248;248;248m██████[38;2;64;64;64m████[38;2;208;144;208m██████[38;2;144;96;144m██[38;2;248;248;248m██[38;2;64;64;64m██[38;2;144;96;144m██[38;2;64;64;64m██[38;2;96;64;112m██[38;2;144;96;144m████████[38;2;96;64;112m██[38;2;144;96;144m██[38;2;0;0;0m██    
[38;2;0;0;0m██[38;2;144;96;144m██[38;2;248;248;248m██[38;2;96;64;112m████[38;2;144;96;144m██[38;2;0;0;0m████    ██[38;2;64;64;64m██████[38;2;176;176;176m██████[38;2;136;136;128m██[38;2;248;248;248m██████[38;2;64;64;64m██[38;2;208;144;208m██████████[38;2;144;96;144m██[38;2;64;64;64m██[38;2;144;96;144m██████[38;2;64;64;64m██[38;2;144;96;144m██████[38;2;96;64;112m██[38;2;0;0;0m████      
[38;2;0;0;0m  ██[38;2;144;96;144m██[38;2;96;64;112m██[38;2;248;248;248m██[38;2;0;0;0m██        ██[38;2;144;96;144m██[38;2;96;64;112m██[38;2;144;96;144m██[38;2;64;64;64m██[38;2;136;136;128m██████████[38;2;64;64;64m██[38;2;144;96;144m██[38;2;248;248;248m██[38;2;144;96;144m████[38;2;208;144;208m██████[38;2;64;64;64m██[38;2;96;64;112m██[38;2;208;144;208m██[38;2;144;96;144m██[38;2;64;64;64m██[38;2;144;96;144m██[38;2;0;0;0m██████          
[38;2;0;0;0m    ██████        ██[38;2;144;96;144m██████[38;2;96;64;112m██[38;2;144;96;144m██[38;2;64;64;64m██[38;2;248;248;248m████████[38;2;64;64;64m██[38;2;208;144;208m██[38;2;144;96;144m████[38;2;248;248;248m██[38;2;144;96;144m██[38;2;208;144;208m██[38;2;64;64;64m██[38;2;208;144;208m████[38;2;96;64;112m██[38;2;208;144;208m██[38;2;0;0;0m████                
[38;2;0;0;0m                  ██[38;2;144;96;144m██████[38;2;96;64;112m██[38;2;144;96;144m████[38;2;64;64;64m██[38;2;248;248;248m████[38;2;136;136;128m██[38;2;64;64;64m██[38;2;208;144;208m████[38;2;144;96;144m████[38;2;208;144;208m██[38;2;64;64;64m██[38;2;208;144;208m██████[38;2;96;64;112m██[38;2;208;144;208m██[38;2;0;0;0m██                  
[38;2;0;0;0m                  ██[38;2;144;96;144m████[38;2;96;64;112m██[38;2;144;96;144m████████[38;2;64;64;64m████[38;2;176;176;176m████[38;2;64;64;64m██[38;2;144;96;144m██[38;2;248;248;248m██[38;2;144;96;144m██[38;2;64;64;64m██[38;2;208;144;208m██████[38;2;96;64;112m██[38;2;208;144;208m██[38;2;144;96;144m████[38;2;0;0;0m██                
[38;2;0;0;0m                    ██[38;2;96;64;112m██[38;2;144;96;144m██████████████[38;2;0;0;0m██████████[38;2;64;64;64m██[38;2;144;96;144m██[38;2;96;64;112m██[38;2;144;96;144m██████████████[38;2;0;0;0m██              
[38;2;0;0;0m                      ██[38;2;64;64;64m████[38;2;144;96;144m████████[38;2;0;0;0m██          ██[38;2;144;96;144m████[38;2;96;64;112m██████[38;2;144;96;144m████████[38;2;0;0;0m██              
[38;2;0;0;0m                    ██[38;2;176;176;176m██████[38;2;64;64;64m██[38;2;0;0;0m██████            ██[38;2;144;96;144m██[38;2;96;64;112m██[38;2;248;248;248m██████[38;2;96;64;112m██[38;2;144;96;144m██[38;2;0;0;0m████                
[38;2;0;0;0m                      ████████                    ██[38;2;248;248;248m██████████[38;2;0;0;0m██                    
[38;2;0;0;0m                                                    ██[38;2;248;248;248m██████[38;2;0;0;0m██                      
[38;2;0;0;0m                                                      ██████                        [0m
