
[38;2;0;0;0m                    [38;2;0;4;0m████[38;2;0;0;0m                                                    
[38;2;0;0;0m                [38;2;0;4;0m████[38;2;255;239;135m████[38;2;0;4;0m██[38;2;0;0;0m                                                  
[38;2;0;0;0m            [38;2;0;4;0m████[38;2;255;239;135m██████[38;2;0;4;0m██[38;2;0;0;0m      [38;2;0;4;0m████[38;2;0;0;0m                                          
[38;2;0;0;0m          [38;2;0;4;0m██[38;2;255;239;132m████[38;2;255;239;135m██[38;2;168;121;92m██[38;2;160;146;96m██[38;2;66;53;66m██[38;2;0;4;0m██████[38;2;255;239;135m██[38;2;0;4;0m██[38;2;0;0;0m                                          
[38;2;0;0;0m        [38;2;0;4;0m██[38;2;255;239;135m██[38;2;255;239;132m████[38;2;168;121;92m██[38;2;255;239;135m██[38;2;255;239;127m████[38;2;255;239;135m██████[38;2;0;4;0m██[38;2;0;0;0m                                            
[38;2;0;0;0m        [38;2;0;4;0m██[38;2;255;239;135m██[38;2;255;239;132m████[38;2;255;239;135m████████[38;2;255;247;143m██[38;2;192;187;117m██[38;2;66;66;66m████[38;2;0;4;0m██████[38;2;0;0;0m            [38;2;0;4;0m██████[38;2;0;0;0m                    
[38;2;0;0;0m    [38;2;0;4;0m████[38;2;255;239;135m████[38;2;255;239;132m████[38;2;66;66;66m██[38;2;255;239;135m████[38;2;206;188;144m██[38;2;66;66;66m████[38;2;206;189;142m████[38;2;255;239;135m██████[38;2;0;4;0m██[38;2;0;0;0m    [38;2;0;4;0m██████[38;2;255;239;135m██████[38;2;0;4;0m████[38;2;0;0;0m                
[38;2;0;0;0m  [38;2;0;4;0m██[38;2;206;189;150m██[38;2;69;66;55m██[38;2;255;239;132m████[38;2;255;247;143m██[38;2;66;66;66m██[38;2;255;239;127m██[38;2;66;53;66m██[38;2;206;189;142m██████████████[38;2;0;4;0m████[38;2;0;0;0m  [38;2;0;4;0m████[38;2;255;255;183m██[38;2;167;123;90m██[38;2;255;250;183m██[38;2;255;239;135m██[38;2;255;239;132m████[38;2;255;239;135m████[38;2;0;4;0m██[38;2;0;0;0m              
[38;2;0;0;0m    [38;2;0;4;8m██[38;2;69;66;55m██[38;2;255;239;132m████[38;2;192;187;117m██[38;2;66;66;66m██[38;2;160;146;96m██[38;2;255;239;127m██[38;2;66;66;66m██[38;2;206;189;142m████████[38;2;66;66;66m██[38;2;0;4;0m██[38;2;0;0;0m    [38;2;0;4;0m██[38;2;255;255;183m████[38;2;167;123;90m██[38;2;255;255;183m██[38;2;255;250;183m████[38;2;255;239;132m████[38;2;66;66;66m████[38;2;66;65;66m██[38;2;0;4;0m██[38;2;0;0;0m            
[38;2;0;0;0m    [38;2;0;4;0m██[38;2;206;189;142m██[38;2;66;66;66m██[38;2;206;189;142m██[38;2;192;187;117m██[38;2;66;66;66m██[38;2;168;121;92m██[38;2;255;239;135m██[38;2;66;66;66m██[38;2;192;187;117m██[38;2;206;189;142m██[38;2;165;123;93m██[38;2;145;127;95m██[38;2;8;4;0m██[38;2;0;0;0m    [38;2;0;4;0m██[38;2;255;239;135m████[38;2;168;121;92m██[38;2;255;239;132m██[38;2;255;247;186m██[38;2;255;247;167m████[38;2;167;123;90m████[38;2;255;239;132m████[38;2;255;239;135m██[38;2;206;188;144m██[38;2;0;4;0m██[38;2;0;0;0m          
[38;2;0;0;0m      [38;2;0;4;0m██[38;2;206;189;142m██[38;2;66;66;66m████[38;2;255;247;143m██[38;2;168;121;92m██[38;2;255;239;135m██[38;2;255;247;143m██[38;2;66;66;66m██[38;2;206;189;142m████[38;2;214;189;142m████[38;2;0;4;0m████[38;2;255;239;135m██████[38;2;168;121;92m██[38;2;255;239;132m████[38;2;255;247;167m██[38;2;167;120;90m██[38;2;255;255;183m████[38;2;255;247;186m██[38;2;255;239;132m██[38;2;255;239;135m████[38;2;206;189;142m██[38;2;0;4;0m██[38;2;0;0;0m        
[38;2;0;0;0m      [38;2;0;4;0m██[38;2;255;252;183m████[38;2;255;239;132m████████[38;2;231;214;143m██[38;2;77;71;53m██[38;2;0;4;0m██[38;2;206;189;142m██████[38;2;214;189;142m██[38;2;145;126;103m██[38;2;66;66;66m██[38;2;255;247;143m██[38;2;168;121;92m██[38;2;255;239;135m██████[38;2;168;123;92m██[38;2;255;247;151m██[38;2;255;250;183m████[38;2;255;252;183m████[38;2;255;239;135m████[38;2;206;189;142m████[38;2;0;4;0m██[38;2;0;0;0m      
[38;2;0;0;0m    [38;2;0;4;0m██[38;2;255;255;183m██[38;2;255;252;183m████[38;2;255;247;186m██[38;2;255;239;132m██████[38;2;231;214;143m██[38;2;0;0;8m██[38;2;0;0;0m  [38;2;0;4;0m██████[38;2;77;63;63m██[38;2;214;189;142m██[38;2;192;187;117m██[38;2;66;66;66m██[38;2;168;121;92m██[38;2;255;239;135m████[38;2;168;121;92m██[38;2;255;247;151m████[38;2;255;239;135m██[38;2;255;250;183m██[38;2;255;252;183m████[38;2;66;66;66m████████[38;2;0;4;0m██[38;2;0;0;0m      
[38;2;0;0;0m    [38;2;0;4;0m██[38;2;255;239;135m██[38;2;255;247;151m████[38;2;217;177;166m██[38;2;140;20;36m██[38;2;132;41;60m██[38;2;206;189;142m██████[38;2;0;4;0m██[38;2;0;0;0m      [38;2;0;4;8m██[38;2;69;66;55m██[38;2;71;66;63m██[38;2;143;127;103m██[38;2;255;239;135m██████[38;2;168;121;92m██[38;2;255;239;132m████[38;2;255;239;135m████[38;2;167;123;92m████[38;2;255;250;183m██[38;2;255;239;135m██████[38;2;222;206;142m██[38;2;0;4;0m██[38;2;0;0;0m    
[38;2;0;0;0m    [38;2;0;4;0m██[38;2;255;239;135m██[38;2;255;247;151m██[38;2;206;192;144m██[38;2;255;255;231m██[38;2;178;98;101m██[38;2;132;41;60m██[38;2;206;189;142m██████[38;2;0;4;0m██[38;2;0;0;0m    [38;2;0;4;0m██[38;2;206;189;150m██[38;2;69;66;55m██[38;2;214;189;142m██[38;2;71;66;63m██[38;2;206;188;144m██[38;2;255;239;135m██[38;2;168;121;92m██[38;2;255;239;135m██[38;2;255;239;132m████[38;2;255;239;135m██[38;2;168;121;92m██[38;2;255;247;159m████[38;2;255;250;183m████[38;2;255;239;135m██[38;2;206;188;144m██[38;2;222;206;142m████[38;2;0;4;0m██[38;2;0;0;0m  
[38;2;0;0;0m  [38;2;0;4;0m██[38;2;255;239;132m████[38;2;255;239;135m██[38;2;206;190;144m██[38;2;132;41;60m████[38;2;206;189;142m████████[38;2;0;4;0m██[38;2;0;0;0m    [38;2;0;4;0m██[38;2;206;189;142m██[38;2;66;66;66m██[38;2;206;189;142m██[38;2;66;66;66m██[38;2;206;189;142m████[38;2;66;66;66m██[38;2;206;189;142m██[38;2;255;239;143m████[38;2;168;121;92m██[38;2;255;239;135m██[38;2;255;239;132m████[38;2;255;250;183m████[38;2;255;255;175m██[38;2;241;233;161m██[38;2;206;188;144m██[38;2;255;239;135m██[38;2;0;4;0m██[38;2;0;0;0m  
[38;2;0;4;0m██[38;2;255;239;135m██[38;2;255;239;132m████[38;2;206;190;144m████[38;2;206;189;142m██████[38;2;66;66;66m██[38;2;206;189;142m██████[38;2;0;4;0m██[38;2;0;0;0m  [38;2;0;4;0m██[38;2;206;189;142m██[38;2;66;66;66m██[38;2;206;189;142m██[38;2;66;66;66m██[38;2;206;189;142m██[38;2;66;66;66m██[38;2;206;189;142m████[38;2;192;181;120m██[38;2;66;66;74m██[38;2;255;239;135m████[38;2;255;239;132m████[38;2;255;239;135m██[38;2;255;250;183m██[38;2;255;255;175m██[38;2;214;189;134m██[38;2;255;239;135m██[38;2;206;188;144m██[38;2;206;189;142m██[38;2;0;4;0m██
[38;2;0;4;0m██[38;2;66;65;66m██[38;2;206;189;142m████████[38;2;0;4;0m██[38;2;66;65;66m██[38;2;66;66;66m██[38;2;206;189;142m██████[38;2;239;222;135m██[38;2;0;4;0m██[38;2;0;0;0m    [38;2;0;4;8m██[38;2;69;66;55m██[38;2;206;189;142m██████[38;2;66;66;66m██[38;2;206;189;142m████[38;2;66;66;66m██[38;2;206;189;142m██[38;2;206;190;144m██[38;2;255;239;135m██████[38;2;255;247;159m████[38;2;206;189;142m██[38;2;66;66;66m██[38;2;206;189;142m██████[38;2;0;4;0m██
[38;2;0;0;0m  [38;2;0;4;0m██████████[38;2;0;0;0m  [38;2;0;4;0m██[38;2;206;189;142m████████[38;2;239;222;135m████[38;2;0;4;0m██[38;2;0;0;0m  [38;2;0;4;8m██[38;2;206;189;150m██[38;2;66;66;66m██[38;2;206;189;142m████[38;2;66;66;66m██[38;2;206;189;142m████[38;2;66;66;66m██[38;2;206;189;142m██[38;2;206;190;144m████[38;2;206;188;144m████[38;2;66;66;66m██████[38;2;206;189;142m████████[38;2;0;4;0m██
[38;2;0;0;0m              [38;2;0;4;0m██[38;2;206;188;144m██████[38;2;255;239;135m██[38;2;255;239;132m████[38;2;255;231;135m██[38;2;0;0;0m██  [38;2;0;4;0m██[38;2;66;66;66m██[38;2;206;189;142m██[38;2;66;66;66m██[38;2;206;189;142m████[38;2;66;66;66m██[38;2;206;189;142m██████████[38;2;66;66;66m██[38;2;206;189;142m████████████[38;2;0;4;0m██[38;2;0;0;0m  
[38;2;0;0;0m              [38;2;0;4;0m██[38;2;255;239;135m████████[38;2;255;239;132m████[38;2;170;154;90m██[38;2;255;231;135m██[38;2;0;4;0m██[38;2;66;65;66m██[38;2;206;189;142m████[38;2;66;66;66m██[38;2;206;189;142m████[38;2;66;66;66m██[38;2;206;189;142m████████[38;2;66;66;66m████████[38;2;206;189;142m████████[38;2;0;4;0m██[38;2;0;0;0m  
[38;2;0;0;0m            [38;2;0;4;0m██[38;2;255;247;159m██[38;2;255;239;132m████[38;2;255;250;183m████[38;2;255;239;132m████[38;2;255;239;135m██[38;2;168;121;92m██[38;2;255;239;132m████[38;2;66;66;66m████[38;2;206;189;142m████[38;2;66;66;66m██[38;2;206;189;142m██████[38;2;66;66;66m████[38;2;206;189;142m████[38;2;195;188;125m████[38;2;66;66;66m████[38;2;206;189;142m██[38;2;0;4;0m██[38;2;0;0;0m    
[38;2;0;0;0m            [38;2;0;4;0m██[38;2;255;247;159m██[38;2;255;247;186m████[38;2;255;250;183m██[38;2;255;239;135m██[38;2;255;239;132m████[38;2;255;239;135m██[38;2;168;121;92m██[38;2;255;239;132m████[38;2;255;239;135m██[38;2;66;66;66m████[38;2;206;189;142m████████[38;2;66;66;66m██[38;2;206;189;142m██[38;2;66;66;66m██████[38;2;74;70;74m██[38;2;255;247;151m██[38;2;255;247;159m████[38;2;0;4;0m██[38;2;0;0;0m      
[38;2;0;0;0m            [38;2;0;4;0m██[38;2;255;239;135m██[38;2;255;247;186m██[38;2;255;239;132m██████[38;2;160;135;96m██[38;2;255;222;127m██[38;2;66;66;66m██[38;2;206;189;142m██[38;2;255;239;143m████[38;2;255;239;132m████[38;2;255;239;135m██[38;2;66;66;66m██[38;2;206;189;142m████[38;2;66;66;66m██████[38;2;206;189;142m██[38;2;195;188;125m████[38;2;192;181;120m██[38;2;66;66;74m██[38;2;255;255;183m████[38;2;255;247;159m██[38;2;0;4;0m██[38;2;0;0;0m    
[38;2;0;0;0m              [38;2;0;4;0m██[38;2;255;239;132m████████[38;2;160;135;96m██[38;2;66;49;66m██[38;2;206;189;142m████[38;2;192;181;120m██[38;2;66;66;74m██[38;2;255;239;132m████[38;2;255;239;135m████[38;2;66;66;66m████[38;2;206;189;142m██[38;2;66;66;66m██[38;2;206;189;142m██[38;2;66;66;66m██[38;2;74;70;74m██[38;2;255;247;151m██[38;2;255;239;143m████[38;2;66;66;66m██[38;2;255;255;183m██[38;2;255;247;159m██[38;2;0;4;0m██[38;2;0;0;0m    
[38;2;0;0;0m              [38;2;0;4;0m██[38;2;255;239;135m████[38;2;160;135;96m██[38;2;255;222;127m██[38;2;66;66;66m██[38;2;206;189;142m██████[38;2;66;66;66m██[38;2;206;189;142m██[38;2;206;190;144m██[38;2;255;239;135m██[38;2;255;247;151m██[38;2;195;188;125m██[38;2;66;66;66m██[38;2;255;255;183m██[38;2;255;247;151m██[38;2;206;192;144m██[38;2;66;66;66m██[38;2;192;192;144m██[38;2;255;247;151m██[38;2;66;66;66m██[38;2;255;247;167m████[38;2;255;255;183m██[38;2;66;66;66m██[38;2;255;239;135m██[38;2;0;4;0m██[38;2;0;0;0m    
[38;2;0;0;0m                [38;2;0;4;0m██[38;2;255;239;135m██[38;2;160;135;96m██[38;2;66;49;66m██[38;2;206;189;142m████[38;2;66;66;66m██[38;2;206;189;142m██[38;2;66;66;66m██[38;2;206;189;142m██[38;2;206;190;144m████[38;2;195;188;125m██[38;2;74;70;74m██[38;2;255;255;183m████[38;2;255;247;151m████[38;2;66;66;66m██[38;2;255;255;183m██[38;2;255;247;151m████[38;2;66;66;66m██[38;2;255;247;167m██[38;2;255;255;183m██[38;2;66;66;66m██[38;2;0;4;0m██[38;2;0;0;0m      
[38;2;0;0;0m                [38;2;0;4;0m██[38;2;206;189;142m██[38;2;66;66;66m██[38;2;206;189;142m██[38;2;206;190;144m████[38;2;69;66;55m██[38;2;206;189;150m██[38;2;206;189;142m████[38;2;231;173;119m██[38;2;74;61;58m██[38;2;66;66;66m██[38;2;255;239;135m██[38;2;255;239;132m██[38;2;255;247;186m██[38;2;255;247;159m██[38;2;66;66;66m██[38;2;255;247;186m████[38;2;255;252;183m████[38;2;66;66;66m██[38;2;255;239;135m████[38;2;0;4;0m██[38;2;0;0;0m        
[38;2;0;0;0m                  [38;2;0;4;0m██[38;2;206;189;142m██[38;2;66;66;66m██[38;2;255;239;135m██[38;2;206;190;144m██[38;2;69;66;55m██[38;2;0;4;8m██[38;2;206;189;142m██[38;2;66;66;66m██[38;2;74;61;58m██[38;2;179;136;99m██[38;2;255;239;135m████[38;2;255;239;132m████[38;2;66;66;66m██[38;2;255;247;159m██[38;2;255;239;132m████[38;2;255;252;183m████[38;2;66;66;66m██[38;2;255;239;135m██[38;2;0;4;0m██[38;2;0;0;0m          
[38;2;0;0;0m                  [38;2;0;4;0m██[38;2;192;187;117m██[38;2;66;66;66m██[38;2;255;239;135m████[38;2;0;4;0m██[38;2;0;0;0m  [38;2;0;4;0m██[38;2;231;181;71m██[38;2;231;176;68m████[38;2;164;139;88m██[38;2;255;222;119m██[38;2;66;66;66m████[38;2;209;107;70m████[38;2;255;239;135m████[38;2;247;239;135m██[38;2;82;80;50m██[38;2;0;4;0m████[38;2;0;0;0m            
[38;2;0;0;0m                [38;2;0;4;0m██[38;2;206;189;142m██[38;2;66;66;66m██[38;2;255;247;143m██[38;2;255;239;135m██[38;2;0;4;0m██[38;2;0;0;0m  [38;2;0;4;0m██[38;2;231;181;71m████[38;2;231;176;68m████[38;2;74;57;58m████[38;2;231;181;71m████████[38;2;211;104;70m██[38;2;255;239;135m██[38;2;0;0;8m████[38;2;0;0;0m                
[38;2;0;0;0m                [38;2;0;4;0m████[38;2;255;222;135m██[38;2;170;148;90m██[38;2;255;239;135m██[38;2;0;4;0m██[38;2;0;0;0m    [38;2;0;4;0m██████[38;2;66;65;66m██[38;2;231;181;71m██████████[38;2;0;4;0m██████[38;2;0;0;0m                    
[38;2;0;0;0m                    ████[38;2;0;4;0m██[38;2;0;0;0m            [38;2;0;4;0m████████████[38;2;0;0;0m                          [0m
