
[38;2;0;0;0m      ██                                      
[38;2;0;0;0m    ██[38;2;231;206;159m██[38;2;0;4;0m██[38;2;0;0;0m                    ████            
[38;2;0;0;0m    ██[38;2;154;139;106m██[38;2;0;4;0m██[38;2;0;0;0m                  ██[38;2;222;214;158m██[38;2;74;71;53m██[38;2;0;0;0m██          
[38;2;0;0;0m    ██[38;2;222;214;150m██[38;2;0;0;0m██                  ██[38;2;222;211;153m██[38;2;173;156;93m██[38;2;0;0;0m██          
[38;2;0;0;0m  ██[38;2;173;156;93m██[38;2;222;214;150m██[38;2;0;0;0m██                ██[38;2;173;156;93m██[38;2;222;211;153m██[38;2;173;156;93m██[38;2;222;214;150m██[38;2;0;0;0m██        
[38;2;0;0;0m  ██[38;2;222;214;150m██[38;2;239;214;151m██[38;2;0;0;0m██              ██[38;2;222;211;153m██[38;2;173;156;93m██[38;2;225;211;156m████[38;2;222;214;150m██[38;2;0;0;0m██        
[38;2;0;0;0m  ██[38;2;222;214;150m██[38;2;159;143;101m██[38;2;0;0;0m██              ██[38;2;222;211;153m████[38;2;225;211;156m████[38;2;222;214;150m██[38;2;0;0;0m██        
[38;2;0;0;0m  ██[38;2;222;214;150m██[38;2;173;156;93m██[38;2;0;0;0m██      ██████[38;2;0;0;8m██[38;2;74;69;58m██[38;2;225;211;156m████████[38;2;222;214;150m██[38;2;0;0;0m██        
[38;2;0;0;0m  ██[38;2;222;214;150m██[38;2;173;156;93m██[38;2;0;0;0m██  ████[38;2;173;132;109m██[38;2;170;132;106m████[38;2;74;69;58m██[38;2;222;206;158m██[38;2;225;211;156m████████[38;2;222;214;150m██[38;2;0;0;0m██        
[38;2;0;0;0m  ██[38;2;222;214;150m██[38;2;176;154;96m██[38;2;66;66;66m██[38;2;0;0;8m██[38;2;165;132;109m██[38;2;170;132;106m████████[38;2;66;66;66m██[38;2;222;214;150m██[38;2;225;211;156m████████[38;2;0;0;0m██          
[38;2;0;0;0m██[38;2;222;214;150m████[38;2;176;154;96m████[38;2;82;66;58m██[38;2;165;132;109m██[38;2;170;132;106m████████[38;2;66;66;66m██[38;2;222;214;150m██[38;2;225;211;156m████████[38;2;0;0;0m██          
[38;2;0;0;0m██[38;2;225;211;156m████[38;2;170;159;117m██[38;2;66;66;66m██[38;2;222;214;150m██[38;2;66;66;66m██[38;2;170;132;106m████████[38;2;66;66;66m██[38;2;222;214;150m██[38;2;225;211;156m████████[38;2;66;66;66m██[38;2;0;0;0m██        
[38;2;0;0;0m██[38;2;225;211;156m████[38;2;222;206;142m██[38;2;66;66;66m██[38;2;222;214;150m██[38;2;66;66;66m██[38;2;170;132;106m████[38;2;66;66;66m████[38;2;222;214;150m████[38;2;225;211;156m████████[38;2;66;66;66m██[38;2;0;0;0m██        
[38;2;0;0;0m  ██[38;2;222;214;158m██[38;2;225;211;156m████[38;2;222;211;153m██[38;2;173;156;93m██[38;2;66;66;66m████[38;2;225;211;156m████[38;2;222;214;150m████████[38;2;66;66;66m████[38;2;170;132;106m████[38;2;0;0;0m██      
[38;2;0;0;0m  ██[38;2;74;71;53m██[38;2;225;211;156m████[38;2;222;211;153m████[38;2;222;214;150m████[38;2;225;211;156m████[38;2;222;214;150m██[38;2;66;66;66m██████[38;2;170;132;106m████████[38;2;0;0;0m██      
[38;2;0;0;0m  ██[38;2;173;181;189m██[38;2;66;45;58m██[38;2;222;198;150m██[38;2;225;211;156m████[38;2;222;214;150m████[38;2;66;66;66m████████[38;2;173;148;109m██[38;2;115;82;67m██[38;2;170;132;106m████[38;2;170;131;106m████[38;2;0;0;0m██      
[38;2;0;0;0m  ██[38;2;173;181;189m██[38;2;118;96;89m████[38;2;225;211;156m████[38;2;66;66;66m████[38;2;255;255;255m██[38;2;66;66;66m██[38;2;176;181;192m██[38;2;66;66;66m██[38;2;231;214;151m██[38;2;115;82;67m██[38;2;170;132;106m████[38;2;170;131;106m██[38;2;140;94;92m██[38;2;0;0;0m██      
[38;2;0;0;0m  ██[38;2;86;86;114m██[38;2;187;176;165m██[38;2;66;66;66m██████[38;2;57;53;73m██[38;2;173;173;197m██[38;2;173;49;61m██[38;2;200;118;126m██[38;2;255;255;255m██[38;2;85;85;112m██[38;2;222;214;150m██[38;2;107;82;67m██[38;2;170;131;106m████[38;2;137;93;89m██[38;2;0;0;0m██        
[38;2;0;0;0m    ██[38;2;66;66;66m██[38;2;247;231;215m██[38;2;66;66;66m██[38;2;222;214;150m██[38;2;96;93;114m████[38;2;255;255;255m████[38;2;85;85;112m████[38;2;222;214;150m██[38;2;107;82;67m██[38;2;140;94;92m████[38;2;137;93;89m██[38;2;0;0;0m██        
[38;2;0;0;0m    ██[38;2;255;239;223m████[38;2;255;222;199m██[38;2;74;78;82m██[38;2;222;206;158m██[38;2;107;104;101m██[38;2;85;87;114m████[38;2;96;85;93m██[38;2;222;214;150m██[38;2;110;81;70m████[38;2;137;93;89m████[38;2;0;0;0m██          
[38;2;0;0;0m      ██[38;2;255;239;223m██[38;2;195;174;160m██[38;2;74;78;82m██[38;2;49;53;73m██[38;2;222;206;158m██[38;2;222;214;150m██████[38;2;96;85;93m██[38;2;110;81;70m██[38;2;137;96;89m██[38;2;137;93;89m██[38;2;0;0;0m██            
[38;2;0;0;0m        ██[38;2;104;102;99m██[38;2;198;173;166m██[38;2;69;64;63m██[38;2;104;79;78m██[38;2;110;81;70m████[38;2;140;97;92m████[38;2;143;96;89m██[38;2;66;66;66m████[38;2;110;81;70m██[38;2;0;0;0m██          
[38;2;0;0;0m      ██[38;2;111;82;71m██[38;2;57;66;65m████[38;2;140;94;92m████[38;2;137;96;89m████[38;2;140;97;92m████[38;2;66;66;66m██[38;2;104;81;78m██[38;2;110;81;70m████[38;2;66;66;66m██[38;2;0;0;0m██        
[38;2;0;0;0m      [38;2;0;4;8m██[38;2;107;82;75m██[38;2;80;69;64m██[38;2;173;132;109m████[38;2;129;100;86m██[38;2;140;94;92m████[38;2;137;108;89m██[38;2;173;132;101m██[38;2;66;66;66m██[38;2;110;81;70m████[38;2;66;66;66m██[38;2;110;82;70m████[38;2;0;0;0m██      
[38;2;0;0;0m    ██[38;2;107;82;75m██[38;2;71;56;53m██[38;2;80;69;64m████[38;2;85;69;64m██[38;2;173;132;109m██[38;2;170;131;106m████[38;2;173;132;101m██[38;2;66;61;66m██[38;2;110;81;70m████[38;2;66;66;66m██[38;2;110;81;70m██[38;2;110;82;70m████[38;2;0;0;0m██      
[38;2;0;0;0m    ██[38;2;110;81;70m██[38;2;66;66;66m██[38;2;112;85;72m██[38;2;82;61;58m██[38;2;110;79;70m██[38;2;170;130;106m██[38;2;82;69;62m████[38;2;80;71;66m██[38;2;66;66;66m██[38;2;110;82;70m████[38;2;66;66;66m██[38;2;110;81;70m██[38;2;110;82;70m████[38;2;111;82;71m██[38;2;0;0;0m██    
[38;2;0;0;0m    ██[38;2;110;81;70m██[38;2;66;66;66m██[38;2;173;132;101m██[38;2;112;85;72m██[38;2;170;130;106m████[38;2;107;82;67m██[38;2;82;69;62m██[38;2;107;82;67m██[38;2;66;66;66m██[38;2;110;82;70m████[38;2;66;66;66m██[38;2;110;81;70m██[38;2;110;82;70m████[38;2;111;82;71m██[38;2;0;0;0m██    
[38;2;0;0;0m      ██[38;2;111;82;71m██[38;2;66;66;66m██[38;2;173;132;101m██[38;2;170;133;106m████[38;2;173;132;109m██[38;2;115;78;75m██[38;2;170;131;106m██[38;2;140;94;92m██[38;2;66;66;66m██[38;2;110;81;70m████[38;2;66;66;66m██[38;2;110;82;70m████[38;2;107;86;75m██[38;2;0;0;0m██    
[38;2;0;0;0m        ██[38;2;102;88;78m██[38;2;66;66;66m██[38;2;82;70;66m████[38;2;134;96;86m████[38;2;140;94;92m████[38;2;66;66;66m██[38;2;110;81;70m████[38;2;66;66;66m██[38;2;110;82;70m████[38;2;71;57;50m██[38;2;0;0;0m██    
[38;2;0;0;0m          ████[38;2;71;61;58m██[38;2;107;90;83m██[38;2;140;96;92m████[38;2;82;69;62m████[38;2;74;66;66m████[38;2;110;81;70m████[38;2;66;66;66m████[38;2;107;90;83m██[38;2;0;4;8m██[38;2;0;0;0m    
[38;2;0;0;0m              [38;2;0;4;8m██[38;2;71;61;58m██[38;2;66;66;66m██[38;2;140;96;92m██[38;2;107;82;67m██[38;2;82;69;62m██[38;2;107;81;78m██[38;2;140;96;89m██[38;2;66;66;66m████[38;2;110;81;70m████[38;2;71;61;58m████[38;2;0;0;0m██  
[38;2;0;0;0m                ██[38;2;176;154;96m██[38;2;66;66;66m████████████[38;2;82;70;62m██[38;2;66;66;66m████[38;2;82;70;63m████[38;2;82;70;62m██[38;2;0;0;0m██
[38;2;0;0;0m            ████[38;2;66;66;66m██[38;2;176;154;96m████[38;2;66;66;66m██[38;2;176;154;96m██████[38;2;66;66;66m██[38;2;82;70;62m████[38;2;66;66;66m██[38;2;82;70;63m████[38;2;0;0;0m██  
[38;2;0;0;0m          ██[38;2;165;137;106m██[38;2;69;66;55m██[38;2;137;119;103m██[38;2;170;143;101m██[38;2;66;66;66m██[38;2;231;214;151m████[38;2;222;214;150m████[38;2;231;214;151m██[38;2;74;66;66m██[38;2;82;70;62m████[38;2;0;0;0m████    
[38;2;0;0;0m          ████[38;2;206;173;150m██[38;2;137;119;103m██[38;2;66;66;66m██[38;2;170;143;101m██[38;2;152;140;108m██[38;2;74;66;66m██[38;2;222;214;150m██[38;2;66;66;66m██[38;2;152;140;108m████[38;2;0;0;0m████        
[38;2;0;0;0m              ████[38;2;82;74;69m██[38;2;247;222;207m██[38;2;0;0;0m██[38;2;66;66;66m██[38;2;165;143;127m██[38;2;82;71;64m██[38;2;0;0;0m██[38;2;255;222;207m██[38;2;0;0;0m██          
[38;2;0;0;0m                  ████  ██[38;2;247;214;191m██[38;2;0;0;0m██  ████          
[38;2;0;0;0m                          ██                  [0m
