
[38;2;0;0;0m        [38;2;49;49;49m████████[38;2;0;0;0m                
[38;2;0;0;0m    [38;2;49;49;49m████[38;2;189;205;222m██[38;2;255;255;255m████[38;2;189;205;222m██[38;2;49;49;49m████[38;2;0;0;0m            
[38;2;0;0;0m  [38;2;49;49;49m██[38;2;82;139;255m██[38;2;255;255;255m████████████[38;2;115;115;115m██[38;2;49;49;49m██[38;2;0;0;0m          
[38;2;0;0;0m  [38;2;49;49;49m██[38;2;255;255;255m████████████[38;2;74;106;156m██[38;2;82;139;255m██[38;2;49;49;49m██[38;2;0;0;0m          
[38;2;49;49;49m██[38;2;189;205;222m██[38;2;255;255;255m████████████[38;2;74;106;156m██[38;2;82;139;255m██[38;2;255;255;255m██[38;2;49;49;49m██[38;2;0;0;0m        
[38;2;49;49;49m██[38;2;255;255;255m████████████████[38;2;74;106;156m██[38;2;189;205;222m██[38;2;49;49;49m██[38;2;0;0;0m        
[38;2;49;49;49m██[38;2;255;255;255m██[38;2;148;82;32m████[38;2;255;255;255m████[38;2;49;49;49m██[38;2;255;255;255m████[38;2;189;205;222m████[38;2;49;49;49m██[38;2;0;0;0m        
[38;2;0;0;0m  [38;2;49;49;49m██[38;2;205;115;41m████[38;2;148;82;32m██[38;2;255;255;255m██[38;2;49;49;49m██[38;2;255;255;255m██[38;2;189;205;222m████[38;2;49;49;49m██[38;2;0;0;0m          
[38;2;0;0;0m  [38;2;49;49;49m██[38;2;205;115;41m████[38;2;148;82;32m██[38;2;189;205;222m████[38;2;148;164;164m██[38;2;189;205;222m██[38;2;115;115;115m██[38;2;49;49;49m██[38;2;0;0;0m          
[38;2;49;49;49m██[38;2;255;255;255m██[38;2;82;82;82m████[38;2;189;205;222m████[38;2;82;82;82m██████[38;2;49;49;49m██[38;2;0;0;0m            
[38;2;0;0;0m  [38;2;49;49;49m██[38;2;82;82;82m██[38;2;82;205;197m██[38;2;82;82;82m████[38;2;82;205;197m████[38;2;82;82;82m██[38;2;82;148;148m██[38;2;49;49;49m██[38;2;0;0;0m  [38;2;49;49;49m██████[38;2;0;0;0m  
[38;2;0;0;0m    [38;2;49;49;49m██[38;2;82;82;82m██[38;2;82;148;148m██[38;2;82;205;197m██[38;2;82;148;148m████[38;2;255;255;255m████[38;2;82;82;82m██[38;2;49;49;49m██[38;2;74;106;156m██████[38;2;49;49;49m██
[38;2;0;0;0m    [38;2;49;49;49m██[38;2;82;205;197m██[38;2;255;255;106m██[38;2;189;164;65m██[38;2;255;255;106m██[38;2;82;205;197m██[38;2;82;82;82m██[38;2;255;255;255m████[38;2;82;82;82m██[38;2;74;106;156m██████[38;2;49;49;49m██
[38;2;0;0;0m    [38;2;49;49;49m██[38;2;82;148;148m██[38;2;255;255;106m██[38;2;189;164;65m██[38;2;255;255;106m██[38;2;82;205;197m████[38;2;82;82;82m██[38;2;74;106;156m██████[38;2;49;49;49m████[38;2;0;0;0m  
[38;2;0;0;0m  [38;2;49;49;49m██[38;2;82;139;255m██[38;2;49;49;49m██[38;2;82;148;148m██[38;2;255;255;106m██[38;2;82;148;148m████[38;2;82;82;82m██[38;2;49;49;49m████████[38;2;0;0;0m      
[38;2;0;0;0m    [38;2;49;49;49m████████[38;2;82;82;82m████[38;2;49;49;49m██[38;2;0;0;0m              
[38;2;0;0;0m          [38;2;49;49;49m██[38;2;82;139;255m██[38;2;74;106;156m██[38;2;82;139;255m██[38;2;49;49;49m██[38;2;0;0;0m            
[38;2;0;0;0m            [38;2;49;49;49m██████[38;2;0;0;0m              [0m
