
[38;2;0;0;0m          ██████                    
[38;2;0;0;0m        ██[38;2;165;222;245m████[38;2;107;198;251m██[38;2;0;0;0m████                
[38;2;0;0;0m    ████[38;2;107;198;251m██[38;2;165;222;245m████[38;2;107;198;251m████[38;2;99;99;99m██[38;2;0;0;0m██              
[38;2;0;0;0m  [38;2;16;0;0m██[38;2;115;198;243m██[38;2;74;61;58m██[38;2;115;198;243m██[38;2;107;200;251m████[38;2;107;198;251m████[38;2;99;99;99m██[38;2;0;0;0m██              
[38;2;0;0;0m██[38;2;115;198;243m██[38;2;65;99;121m██[38;2;74;61;58m██[38;2;88;107;120m██[38;2;107;200;251m████[38;2;107;198;251m██[38;2;99;99;99m████[38;2;66;66;66m██[38;2;0;0;0m██            
[38;2;0;0;0m██[38;2;107;198;251m██[38;2;99;99;99m██[38;2;57;57;57m██[38;2;120;120;120m██[38;2;99;102;99m████████[38;2;74;86;114m██[38;2;74;70;66m██[38;2;90;127;194m██[38;2;24;12;0m██[38;2;0;0;0m██        
[38;2;0;0;0m██[38;2;99;99;99m████[38;2;247;247;247m██[38;2;57;57;57m██[38;2;99;102;99m████████[38;2;74;70;66m██[38;2;74;119;210m██[38;2;46;50;65m██[38;2;68;89;129m██[38;2;99;99;99m██[38;2;0;0;0m██      
[38;2;0;0;0m  [38;2;8;4;0m██[38;2;57;76;121m██[38;2;255;255;247m██[38;2;16;8;0m██[38;2;66;66;66m████[38;2;82;82;82m████[38;2;255;255;255m██[38;2;66;66;66m██[38;2;99;99;99m████[38;2;115;200;232m██[38;2;49;156;193m██[38;2;0;0;0m██    
[38;2;0;0;0m  [38;2;8;4;0m██[38;2;107;148;243m██[38;2;96;90;82m██[38;2;175;173;165m██[38;2;239;198;135m████[38;2;247;247;247m██[38;2;0;0;0m██[38;2;255;255;255m██[38;2;66;66;66m██[38;2;99;99;99m██[38;2;107;198;251m██[38;2;148;222;252m██[38;2;115;200;232m██[38;2;0;0;0m██    
[38;2;0;0;0m  [38;2;16;4;0m██[38;2;132;181;244m██[38;2;98;93;88m██[38;2;173;150;111m██[38;2;247;206;143m████[38;2;162;148;119m██[38;2;255;255;223m██[38;2;82;140;250m██[38;2;66;66;66m██[38;2;99;99;99m██[38;2;107;198;251m██████[38;2;0;0;0m██    
[38;2;0;0;0m██[38;2;132;181;244m██[38;2;74;92;122m██[38;2;247;206;135m████[38;2;181;131;93m████[38;2;208;201;171m██[38;2;115;94;67m██[38;2;82;140;250m██[38;2;66;66;66m██[38;2;99;99;99m████[38;2;107;198;251m██[38;2;57;156;185m██[38;2;0;0;0m████  
[38;2;0;0;0m██[38;2;123;206;251m██[38;2;63;74;84m██[38;2;247;206;143m██████████[38;2;99;99;99m██[38;2;82;140;250m████[38;2;74;70;66m██[38;2;74;86;114m██[38;2;120;120;120m██[38;2;57;57;57m██[38;2;255;255;255m████[38;2;0;0;0m██
[38;2;0;0;0m  [38;2;33;8;1m██[38;2;63;74;84m██[38;2;247;206;143m██████████[38;2;99;99;99m██[38;2;82;140;250m██[38;2;65;115;209m██[38;2;74;119;210m██[38;2;74;70;66m██[38;2;57;57;57m██[38;2;247;247;247m██[38;2;255;255;255m██[38;2;189;189;181m██[38;2;0;0;0m██
[38;2;0;0;0m    ██[38;2;148;137;135m██[38;2;222;206;190m██[38;2;247;206;143m████[38;2;140;107;60m██[38;2;110;106;104m██[38;2;66;115;210m████[38;2;115;200;232m██[38;2;148;222;252m██[38;2;63;63;60m██[38;2;189;189;181m██[38;2;0;0;0m████  
[38;2;0;0;0m  ██[38;2;82;140;250m██[38;2;148;137;135m██[38;2;0;0;24m██[38;2;181;131;93m████[38;2;110;106;104m██[38;2;49;103;193m██[38;2;66;115;210m██[38;2;66;66;66m██[38;2;49;156;193m██[38;2;115;200;232m██[38;2;0;0;0m████      
[38;2;0;0;0m    ████  ██████[38;2;66;66;66m██████[38;2;0;0;0m████          
[38;2;0;0;0m                ██[38;2;82;140;250m████[38;2;0;0;0m██            
[38;2;0;0;0m                  ████              [0m
