
[38;2;0;0;0m                                                        ██████            
[38;2;0;0;0m                                                    ████[38;2;255;239;183m██[38;2;255;239;180m████[38;2;0;0;0m████        
[38;2;0;0;0m                                                  ██[38;2;255;239;183m██████[38;2;255;239;180m████[38;2;255;239;183m████[38;2;0;0;0m██      
[38;2;0;0;0m                                                  ██[38;2;255;239;183m██████[38;2;178;154;96m████[38;2;255;239;183m██████[38;2;0;0;0m██    
[38;2;0;0;0m                                                ██[38;2;255;239;183m██████[38;2;178;154;96m██[38;2;255;239;183m████[38;2;178;154;96m██[38;2;255;239;183m████[38;2;0;0;0m██    
[38;2;0;0;0m                                                ██[38;2;255;239;183m████[38;2;255;239;180m████████[38;2;170;159;111m██[38;2;255;239;167m██[38;2;192;181;141m████[38;2;0;0;0m██  
[38;2;0;0;0m                                                ██[38;2;123;132;136m██[38;2;255;239;183m██[38;2;255;239;180m████████[38;2;0;0;0m██[38;2;85;80;56m██[38;2;192;181;141m████[38;2;0;0;0m██  
[38;2;0;0;0m                                                  ██[38;2;123;132;139m██[38;2;255;239;183m██████[38;2;0;0;0m██  ██[38;2;189;181;141m██████[38;2;0;0;0m██
[38;2;0;0;0m            ████                                    ████████      ██[38;2;189;181;141m████[38;2;0;0;0m██
[38;2;0;0;0m          ██[38;2;103;86;51m██[38;2;66;63;55m██[38;2;0;4;8m██[38;2;0;0;0m                  ████                          ██[38;2;189;181;141m████[38;2;0;0;0m██
[38;2;0;0;0m          ██[38;2;103;86;51m██[38;2;66;63;55m██[38;2;198;181;150m██[38;2;0;0;0m██            ████[38;2;103;86;51m████[38;2;0;0;0m██                        ██[38;2;189;181;141m████[38;2;0;0;0m██
[38;2;0;0;0m          ██[38;2;103;86;51m██[38;2;102;86;51m██[38;2;66;66;66m██[38;2;189;181;141m██[38;2;0;0;0m████      ██[38;2;103;86;51m██[38;2;102;86;51m████████[38;2;0;0;0m██                    ██[38;2;255;239;183m██[38;2;192;178;144m██[38;2;0;0;0m██  
[38;2;0;0;0m            ██[38;2;102;86;51m██[38;2;66;66;66m██[38;2;189;181;141m██████[38;2;0;0;0m██████[38;2;103;86;51m████[38;2;66;66;66m████[38;2;102;86;51m████[38;2;0;0;0m██                    ██[38;2;255;239;183m████[38;2;0;0;0m██  
[38;2;0;0;0m            ██[38;2;74;74;58m████[38;2;66;66;66m██[38;2;192;181;144m██[38;2;255;239;180m████[38;2;255;239;183m██[38;2;74;74;58m██[38;2;102;93;67m██[38;2;66;66;58m██[38;2;176;153;93m████[38;2;176;155;96m██[38;2;99;86;51m██[38;2;0;0;0m██                    ██[38;2;255;239;183m████[38;2;0;0;0m██  
[38;2;0;0;0m            ██[38;2;255;239;183m██[38;2;74;74;58m██[38;2;66;66;66m██[38;2;255;239;183m██[38;2;255;239;180m████[38;2;74;74;58m████[38;2;66;66;58m██[38;2;173;148;85m██[38;2;176;153;93m████[38;2;176;155;96m██[38;2;99;86;51m██[38;2;0;0;0m██                  ██[38;2;255;239;183m████[38;2;0;0;0m██    
[38;2;0;0;0m          ██[38;2;255;239;183m██[38;2;255;255;255m██[38;2;255;103;71m██[38;2;214;181;145m██[38;2;247;239;183m██[38;2;255;239;183m██[38;2;66;66;66m██[38;2;74;74;58m████[38;2;66;66;66m██████[38;2;176;154;96m██[38;2;103;86;51m██[38;2;0;0;0m██                  ██[38;2;255;239;183m██████[38;2;0;0;0m██    
[38;2;0;0;0m  ████    ██[38;2;255;239;183m██[38;2;255;103;71m████[38;2;148;66;68m██[38;2;247;239;183m██[38;2;255;239;183m██[38;2;66;66;66m██[38;2;74;74;58m██[38;2;255;239;183m██████[38;2;66;66;66m████[38;2;0;0;0m██              ██████[38;2;173;156;93m██[38;2;178;154;96m██[38;2;255;239;183m██[38;2;0;0;0m██      
[38;2;0;0;0m██[38;2;189;181;141m████[38;2;0;0;0m████[38;2;255;239;183m████[38;2;214;181;145m██[38;2;148;66;68m██[38;2;192;178;144m██[38;2;255;239;183m██[38;2;255;239;180m████[38;2;255;239;183m██████████[38;2;66;66;66m██[38;2;0;0;0m██            ██[38;2;255;239;180m████████[38;2;170;159;111m██[38;2;0;0;0m██        
[38;2;0;0;0m  ████[38;2;189;181;141m████[38;2;66;66;66m██[38;2;255;239;183m██[38;2;247;239;183m████[38;2;255;239;183m████[38;2;255;239;180m████[38;2;255;239;183m██[38;2;66;66;66m██████[38;2;192;181;144m████[38;2;0;0;0m██    ████████[38;2;255;239;183m██[38;2;255;239;180m████████[38;2;255;239;167m██[38;2;0;0;0m██        
[38;2;0;0;0m      [38;2;0;4;8m██[38;2;66;63;55m██[38;2;255;255;247m██[38;2;123;53;43m██[38;2;255;239;180m████████[38;2;255;247;215m██[38;2;66;66;66m██[38;2;123;53;43m██[38;2;255;255;247m██[38;2;255;255;255m██[38;2;156;148;103m██[38;2;192;181;144m████[38;2;85;80;61m██[38;2;0;0;0m████[38;2;255;239;183m██[38;2;255;239;180m████████████████████[38;2;0;0;0m██      
[38;2;0;0;0m  ████[38;2;66;63;55m██[38;2;198;181;150m██[38;2;255;255;247m██[38;2;167;120;111m██[38;2;255;239;180m████████[38;2;66;66;66m██[38;2;255;247;215m██[38;2;167;120;111m██[38;2;255;255;247m██[38;2;255;255;255m██[38;2;156;148;103m██[38;2;66;66;66m████[38;2;255;239;183m██████[38;2;85;80;61m██[38;2;255;239;180m████████████████████[38;2;0;0;0m██      
[38;2;0;0;0m██[38;2;189;181;141m████[38;2;192;181;144m██[38;2;66;66;66m██[38;2;255;247;215m██[38;2;107;66;67m██[38;2;255;239;180m████[38;2;255;239;183m██[38;2;66;66;66m██[38;2;156;148;103m██[38;2;255;255;255m██[38;2;156;66;68m██[38;2;255;255;255m████[38;2;156;148;100m██[38;2;192;181;144m████[38;2;66;66;66m██████[38;2;255;239;183m██[38;2;255;239;180m████████████████████[38;2;255;239;183m██[38;2;0;0;0m██    
[38;2;0;0;0m  [38;2;0;4;8m██[38;2;63;63;52m██[38;2;66;66;66m██[38;2;192;181;144m██[38;2;107;66;67m██[38;2;255;247;215m██[38;2;255;239;180m████[38;2;255;239;183m████[38;2;156;148;103m██[38;2;255;255;255m██[38;2;156;66;68m██[38;2;255;255;255m██[38;2;156;148;100m██[38;2;189;184;152m██[38;2;66;66;66m████[38;2;192;181;144m████[38;2;255;239;183m████[38;2;255;239;180m████████████████████[38;2;255;239;183m██[38;2;0;0;0m██    
[38;2;0;0;0m██[38;2;189;181;141m██████[38;2;0;0;0m████[38;2;189;181;141m██[38;2;99;86;75m████[38;2;255;239;167m██[38;2;197;187;147m██[38;2;189;181;133m██[38;2;153;149;124m██[38;2;154;148;100m████[38;2;192;181;144m████████[38;2;66;66;66m██████[38;2;255;239;183m██[38;2;255;239;180m████[38;2;255;239;183m████████[38;2;255;239;180m████████[38;2;255;239;183m██[38;2;0;0;0m██    
[38;2;0;0;0m  ██████    ██[38;2;192;177;142m██[38;2;99;86;75m██[38;2;82;82;106m██[38;2;197;187;147m██[38;2;189;181;133m██[38;2;82;86;106m██[38;2;192;177;142m████[38;2;66;66;66m██[38;2;192;181;144m██[38;2;66;66;66m████[38;2;255;239;183m██████[38;2;66;66;66m██[38;2;255;239;180m████[38;2;255;239;183m██[38;2;192;178;144m████[38;2;255;239;183m██[38;2;255;239;180m████████[38;2;0;0;0m██      
[38;2;0;0;0m              ████[38;2;189;181;157m██[38;2;94;90;82m████[38;2;189;181;157m██[38;2;66;66;66m████[38;2;192;181;144m██[38;2;66;66;66m██[38;2;192;181;144m██[38;2;255;239;183m██[38;2;66;66;66m██████[38;2;255;239;183m██████[38;2;189;181;141m████[38;2;198;181;134m██[38;2;99;90;67m██[38;2;255;239;180m████████[38;2;0;0;0m██      
[38;2;0;0;0m                  [38;2;0;0;8m████████[38;2;66;66;66m██[38;2;192;181;144m██████[38;2;66;66;66m████[38;2;255;239;183m████[38;2;66;66;66m██[38;2;255;239;183m████[38;2;192;178;144m██[38;2;0;0;0m████████[38;2;255;239;180m████████[38;2;255;239;183m██[38;2;0;0;0m██    
[38;2;0;0;0m                            ██[38;2;189;181;141m████[38;2;192;181;141m████[38;2;66;66;66m████[38;2;255;239;180m████[38;2;255;247;191m██[38;2;0;4;0m██[38;2;0;0;0m        ██[38;2;189;181;141m██[38;2;255;239;183m████[38;2;192;181;141m████[38;2;0;0;0m██  
[38;2;0;0;0m                              ██[38;2;189;181;141m██[38;2;192;181;141m████[38;2;192;181;144m██[38;2;255;239;183m██[38;2;255;239;180m████[38;2;170;166;127m██[38;2;0;4;0m██[38;2;0;0;0m          ██[38;2;192;178;144m████[38;2;192;181;141m████[38;2;0;0;0m██  
[38;2;0;0;0m                                ██[38;2;192;181;141m████[38;2;66;66;66m██[38;2;255;239;183m██[38;2;255;239;180m████[38;2;0;0;0m██            ██[38;2;192;181;141m████[38;2;189;181;141m██[38;2;0;0;0m██    
[38;2;0;0;0m                                ██[38;2;192;181;141m████[38;2;192;181;144m██[38;2;66;66;66m██[38;2;255;239;180m████[38;2;0;0;0m██        ████[38;2;189;181;141m██[38;2;192;181;141m████[38;2;189;181;141m██[38;2;0;0;0m██    
[38;2;0;0;0m                                ██[38;2;192;181;144m██████[38;2;66;66;66m██[38;2;255;239;180m████[38;2;255;239;183m██[38;2;0;0;0m██    ██[38;2;189;181;141m██[38;2;66;66;66m██[38;2;192;181;144m██[38;2;66;66;66m██[38;2;192;181;144m██[38;2;189;181;141m██[38;2;0;0;0m██    
[38;2;0;0;0m                              ██[38;2;189;181;141m██[38;2;192;181;144m██[38;2;66;66;66m████[38;2;255;239;183m██[38;2;255;239;180m████[38;2;255;239;183m██[38;2;0;0;0m██    ██[38;2;189;181;141m██[38;2;66;66;66m██[38;2;192;181;144m██[38;2;66;66;66m██[38;2;192;181;144m██[38;2;0;0;0m██      
[38;2;0;0;0m                            ██[38;2;192;181;144m████[38;2;66;66;66m████[38;2;255;239;183m████████[38;2;0;0;0m██        ██████████        
[38;2;0;0;0m                            ██[38;2;66;66;66m██[38;2;192;181;144m██[38;2;66;66;66m██[38;2;255;239;183m██[38;2;66;66;66m██[38;2;255;239;183m██[38;2;66;66;66m██[38;2;255;239;183m██[38;2;0;0;0m██                          
[38;2;0;0;0m                              ██████[38;2;255;239;183m██[38;2;82;80;61m██[38;2;247;239;183m██[38;2;66;66;66m██[38;2;0;0;0m██                            
[38;2;0;0;0m                                    ████████                              [0m
