
[38;2;0;0;0m    [38;2;49;49;49m██[38;2;0;0;0m      [38;2;49;49;49m██[38;2;0;0;0m          
[38;2;0;0;0m  [38;2;49;49;49m██[38;2;106;197;98m██[38;2;49;49;49m██[38;2;0;0;0m  [38;2;49;49;49m██[38;2;106;197;98m██[38;2;49;49;49m██[38;2;0;0;0m  [38;2;49;49;49m████[38;2;0;0;0m  
[38;2;0;0;0m  [38;2;49;49;49m██[38;2;106;197;98m██[38;2;90;156;90m██[38;2;49;49;49m██[38;2;90;156;90m██[38;2;106;197;98m██[38;2;82;82;82m██[38;2;49;49;49m██[38;2;106;197;98m██[38;2;49;49;49m██[38;2;0;0;0m  
[38;2;0;0;0m  [38;2;49;49;49m██[38;2;90;156;90m██[38;2;106;197;98m██[38;2;82;82;82m██[38;2;106;197;98m████[38;2;82;82;82m██[38;2;106;197;98m██[38;2;90;156;90m██[38;2;49;49;49m██[38;2;0;0;0m  
[38;2;0;0;0m    [38;2;49;49;49m██[38;2;90;156;90m██[38;2;82;82;82m██[38;2;106;197;98m██[38;2;90;156;90m██[38;2;82;82;82m██[38;2;90;156;90m██[38;2;49;49;49m██[38;2;0;0;0m    
[38;2;0;0;0m      [38;2;49;49;49m██[38;2;82;82;82m██[38;2;90;156;90m██[38;2;82;82;82m██[38;2;148;189;74m██[38;2;49;49;49m██[38;2;0;0;0m      
[38;2;0;0;0m    [38;2;49;49;49m██[38;2;180;213;57m██[38;2;148;189;74m████[38;2;205;246;156m████[38;2;148;189;74m██[38;2;49;49;49m██[38;2;0;0;0m    
[38;2;0;0;0m  [38;2;49;49;49m██[38;2;180;213;57m██[38;2;148;189;74m██[38;2;205;246;156m██[38;2;148;189;74m██[38;2;180;213;57m██[38;2;205;246;156m████[38;2;148;189;74m██[38;2;49;49;49m██[38;2;0;0;0m  
[38;2;49;49;49m██[38;2;180;213;57m██[38;2;148;189;74m██[38;2;205;246;156m██████[38;2;148;189;74m██[38;2;205;246;156m██████[38;2;49;49;49m██[38;2;0;0;0m  
[38;2;49;49;49m██[38;2;180;213;57m██[38;2;148;189;74m██[38;2;205;246;156m██████[38;2;148;189;74m██[38;2;205;246;156m████████[38;2;49;49;49m██
[38;2;49;49;49m██[38;2;180;213;57m██[38;2;255;255;255m██[38;2;205;246;156m████[38;2;148;189;74m██[38;2;180;213;57m██[38;2;205;246;156m████████[38;2;49;49;49m██
[38;2;49;49;49m██[38;2;148;189;74m██[38;2;148;74;24m██[38;2;180;213;57m████[38;2;255;255;255m██[38;2;205;213;222m██[38;2;148;189;74m██[38;2;205;246;156m████[38;2;148;189;74m██[38;2;49;49;49m██
[38;2;0;0;0m  [38;2;49;49;49m██[38;2;205;213;222m██[38;2;255;255;255m████[38;2;148;74;24m██[38;2;205;213;222m██[38;2;148;189;74m██[38;2;180;213;57m████[38;2;49;49;49m██[38;2;0;0;0m  
[38;2;0;0;0m    [38;2;49;49;49m██[38;2;205;213;222m██████[38;2;148;189;74m██[38;2;180;213;57m██[38;2;148;189;74m██[38;2;49;49;49m██[38;2;0;0;0m    
[38;2;0;0;0m  [38;2;49;49;49m██[38;2;180;213;57m██[38;2;90;156;90m██[38;2;106;197;98m██[38;2;90;156;90m██[38;2;106;197;98m████[38;2;90;156;90m██[38;2;49;49;49m████[38;2;0;0;0m  
[38;2;0;0;0m  [38;2;49;49;49m██[38;2;180;213;57m████[38;2;90;156;90m██[38;2;180;213;57m██[38;2;90;156;90m████[38;2;180;213;57m████[38;2;49;49;49m██[38;2;0;0;0m  
[38;2;0;0;0m    [38;2;49;49;49m████[38;2;180;213;57m████[38;2;49;49;49m██[38;2;180;213;57m████[38;2;49;49;49m██[38;2;0;0;0m    
[38;2;0;0;0m        [38;2;49;49;49m████[38;2;0;0;0m  [38;2;49;49;49m████[38;2;0;0;0m      [0m
