
[38;2;0;0;0m                              ████                                    
[38;2;0;0;0m                            ██[38;2;208;104;88m██[38;2;0;0;0m██  ██████  ██                        
[38;2;0;0;0m                        ████[38;2;208;104;88m██[38;2;192;168;88m██[38;2;64;64;64m██[38;2;0;0;0m██[38;2;248;240;120m████[38;2;192;168;88m██[38;2;0;0;0m██[38;2;248;96;64m██[38;2;0;0;0m██                      
[38;2;0;0;0m                    ████[38;2;192;168;88m██████[38;2;248;240;120m████████[38;2;192;168;88m██[38;2;248;240;120m██[38;2;152;64;64m██[38;2;248;96;64m██[38;2;0;0;0m██                      
[38;2;0;0;0m            ████████[38;2;192;168;88m████[38;2;248;240;120m██████████[38;2;192;168;88m████[38;2;248;240;120m██[38;2;152;64;64m██[38;2;248;96;64m██[38;2;0;0;0m██                        
[38;2;0;0;0m        ████[38;2;192;168;88m██[38;2;248;240;120m██[38;2;192;168;88m████[38;2;248;240;120m██████[38;2;192;168;88m████████[38;2;248;240;120m██████[38;2;152;64;64m██[38;2;248;96;64m██[38;2;0;0;0m██        ██████          
[38;2;0;0;0m      ██[38;2;208;104;88m██[38;2;192;168;88m██[38;2;248;240;120m██[38;2;192;168;88m██[38;2;248;240;120m██████[38;2;192;168;88m██████[38;2;248;240;120m██████████[38;2;152;64;64m██[38;2;248;96;64m██[38;2;0;0;0m██      ████[38;2;248;96;64m██[38;2;152;64;64m██[38;2;248;96;64m██[38;2;0;0;0m██        
[38;2;0;0;0m    ██[38;2;208;104;88m██[38;2;192;168;88m██[38;2;248;240;120m██[38;2;192;168;88m██[38;2;248;240;120m████[38;2;192;168;88m████[38;2;248;240;120m████████████[38;2;152;64;64m████[38;2;248;96;64m████[38;2;0;0;0m██    ██[38;2;248;96;64m████[38;2;152;64;64m██[38;2;248;96;64m██████[38;2;0;0;0m████    
[38;2;0;0;0m    ██[38;2;152;64;64m██[38;2;248;240;120m██[38;2;192;168;88m██[38;2;248;240;120m████[38;2;192;168;88m██[38;2;248;240;120m████████[38;2;152;64;64m████████[38;2;248;96;64m██████[38;2;0;0;0m██      ██[38;2;248;96;64m████[38;2;152;64;64m██[38;2;248;96;64m██████[38;2;152;64;64m██[38;2;248;96;64m██[38;2;0;0;0m██  
[38;2;0;0;0m  ██[38;2;208;104;88m██[38;2;152;64;64m██[38;2;248;240;120m██████[38;2;192;168;88m██[38;2;248;240;120m██████[38;2;152;64;64m████[38;2;248;96;64m████████████[38;2;0;0;0m██        ██[38;2;248;96;64m████[38;2;152;64;64m██[38;2;248;96;64m████[38;2;152;64;64m██[38;2;248;96;64m██████[38;2;0;0;0m██
[38;2;0;0;0m  ██[38;2;152;64;64m██[38;2;248;240;120m██████[38;2;192;168;88m██[38;2;248;240;120m██████[38;2;152;64;64m██[38;2;248;96;64m████████████[38;2;0;0;0m████        ██[38;2;248;96;64m████[38;2;152;64;64m██[38;2;248;96;64m██████[38;2;152;64;64m██[38;2;248;96;64m██████[38;2;0;0;0m██
[38;2;0;0;0m  ██[38;2;152;64;64m██[38;2;248;240;120m████[38;2;192;168;88m██[38;2;248;240;120m██████[38;2;152;64;64m██[38;2;248;96;64m██████████[38;2;0;0;0m████            ██[38;2;248;96;64m████[38;2;152;64;64m██[38;2;248;96;64m████[38;2;152;64;64m██[38;2;248;96;64m██████[38;2;0;0;0m██  
[38;2;0;0;0m  ██[38;2;152;64;64m██[38;2;248;240;120m████████[38;2;152;64;64m████[38;2;248;96;64m██████[38;2;64;64;64m████[38;2;0;0;0m██                ██[38;2;248;96;64m██[38;2;152;64;64m██[38;2;248;96;64m████[38;2;152;64;64m██[38;2;248;96;64m██████[38;2;0;0;0m██    
[38;2;0;0;0m    ██[38;2;248;240;120m██████[38;2;152;64;64m██[38;2;248;96;64m████████[38;2;64;64;64m████[38;2;144;88;48m████[38;2;0;0;0m████            ██[38;2;152;64;64m████[38;2;248;96;64m██[38;2;152;64;64m██[38;2;248;96;64m████[38;2;152;64;64m██[38;2;0;0;0m██      
[38;2;0;0;0m    ██[38;2;64;64;64m██[38;2;248;240;120m██[38;2;152;64;64m██[38;2;248;96;64m██████[38;2;64;64;64m████[38;2;248;248;248m██[38;2;64;64;64m████[38;2;144;88;48m████[38;2;192;144;80m██[38;2;0;0;0m████    ████[38;2;144;88;48m██████[38;2;152;64;64m██[38;2;64;64;64m██████[38;2;0;0;0m██        
[38;2;0;0;0m      ██[38;2;64;64;64m██[38;2;248;96;64m████[38;2;64;64;64m████[38;2;0;0;0m██[38;2;248;248;248m████[38;2;64;64;64m██████[38;2;192;144;80m████████[38;2;0;0;0m████[38;2;144;88;48m██████[38;2;64;64;64m██████[38;2;248;240;176m██████[38;2;200;192;120m██[38;2;0;0;0m██      
[38;2;0;0;0m    ██[38;2;248;176;192m████[38;2;64;64;64m████[38;2;248;248;248m██[38;2;0;0;0m████[38;2;248;248;248m██[38;2;80;88;104m██[38;2;64;64;64m████████[38;2;192;144;80m██████████[38;2;64;64;64m██████[38;2;248;240;176m████████[38;2;200;192;120m██[38;2;64;64;64m████[38;2;0;0;0m██      
[38;2;0;0;0m  ██[38;2;248;176;192m████████[38;2;64;64;64m██[38;2;192;168;88m████████[38;2;248;240;176m██████[38;2;64;64;64m████[38;2;192;144;80m██████[38;2;144;88;48m████[38;2;192;144;80m████[38;2;248;240;176m████████[38;2;64;64;64m████[38;2;200;192;120m██[38;2;0;0;0m██        
[38;2;0;0;0m██[38;2;248;176;192m████████████[38;2;64;64;64m██[38;2;248;240;176m██████████[38;2;80;88;104m██[38;2;64;64;64m██[38;2;192;144;80m████[38;2;144;88;48m██[38;2;192;144;80m████████████[38;2;248;240;176m████████[38;2;200;192;120m████[38;2;0;0;0m██        
[38;2;0;0;0m██[38;2;248;176;192m██████[38;2;136;88;88m██████[38;2;64;64;64m██[38;2;248;240;176m██████████[38;2;64;64;64m██[38;2;192;144;80m████[38;2;144;88;48m██[38;2;192;144;80m██████████████[38;2;248;240;176m██████[38;2;200;192;120m████[38;2;0;0;0m██          
[38;2;0;0;0m  ████[38;2;136;88;88m██[38;2;192;136;128m██████[38;2;64;64;64m██[38;2;248;240;176m██████████[38;2;144;88;48m████[38;2;192;144;80m██[38;2;144;88;48m██[38;2;192;144;80m████████████[38;2;248;240;176m████[38;2;200;192;120m████[38;2;64;64;64m██[38;2;0;0;0m██            
[38;2;0;0;0m      ████[38;2;192;136;128m██[38;2;64;64;64m██[38;2;248;240;176m██████████████[38;2;144;88;48m████[38;2;64;64;64m██[38;2;144;88;48m██[38;2;192;144;80m██████[38;2;144;88;48m████[38;2;200;192;120m████████████[38;2;0;0;0m██          
[38;2;0;0;0m          ████[38;2;248;240;176m████████████[38;2;200;192;120m██████[38;2;64;64;64m██[38;2;144;88;48m██████████[38;2;200;192;120m████████████[38;2;0;0;0m██            
[38;2;0;0;0m              ████[38;2;248;240;176m████[38;2;200;192;120m████████████[38;2;64;64;64m██[38;2;144;88;48m██████████[38;2;200;192;120m██████[38;2;0;0;0m████              
[38;2;0;0;0m                  ██[38;2;64;64;64m██[38;2;200;192;120m██████████████[38;2;64;64;64m████[38;2;144;88;48m████[38;2;200;192;120m████[38;2;0;0;0m████                  
[38;2;0;0;0m                  ██[38;2;192;168;88m██[38;2;64;64;64m██████[38;2;0;0;0m██[38;2;200;192;120m████████████[38;2;0;0;0m██████                      
[38;2;0;0;0m              ████[38;2;192;136;128m██[38;2;144;88;48m██[38;2;192;168;88m████[38;2;0;0;0m██  ██[38;2;200;192;120m████████[38;2;0;0;0m██                            
[38;2;0;0;0m            ██[38;2;208;208;208m██[38;2;144;88;48m████[38;2;192;136;128m████████[38;2;0;0;0m██[38;2;64;64;64m████[38;2;200;192;120m████[38;2;0;0;0m██                              
[38;2;0;0;0m            ██[38;2;64;64;64m██[38;2;208;208;208m██[38;2;192;136;128m████[38;2;0;0;0m████[38;2;64;64;64m██[38;2;192;136;128m██[38;2;144;88;48m██[38;2;192;136;128m████████[38;2;0;0;0m██                            
[38;2;0;0;0m              ████████  ██[38;2;248;176;192m██[38;2;144;88;48m██[38;2;248;176;192m████[38;2;144;88;48m██[38;2;248;176;192m██[38;2;192;136;128m████[38;2;0;0;0m██                          
[38;2;0;0;0m                        ██[38;2;64;64;64m██[38;2;248;176;192m████[38;2;144;88;48m██[38;2;248;176;192m████[38;2;64;64;64m██[38;2;0;0;0m██                            
[38;2;0;0;0m                          ██[38;2;248;248;248m██[38;2;64;64;64m██[38;2;144;88;48m██[38;2;248;176;192m██[38;2;64;64;64m██[38;2;0;0;0m██                              
[38;2;0;0;0m                            ██████[38;2;248;248;248m██[38;2;0;0;0m██                                
[38;2;0;0;0m                                  ██                                  [0m
