
[38;2;0;0;0m          [38;2;49;49;49m████[38;2;0;0;0m                  
[38;2;0;0;0m        [38;2;49;49;49m██[38;2;255;115;90m████[38;2;49;49;49m██[38;2;0;0;0m                
[38;2;0;0;0m      [38;2;49;49;49m██[38;2;255;115;90m██████[38;2;49;49;49m██[38;2;0;0;0m                
[38;2;0;0;0m    [38;2;49;49;49m██[38;2;189;74;74m██[38;2;255;115;90m████[38;2;189;74;74m██[38;2;49;49;49m██[38;2;0;0;0m                
[38;2;0;0;0m    [38;2;49;49;49m██[38;2;255;115;90m████[38;2;189;74;74m██[38;2;49;49;49m██[38;2;0;0;0m        [38;2;49;49;49m████████[38;2;0;0;0m  
[38;2;0;0;0m    [38;2;49;49;49m██[38;2;255;255;123m██[38;2;189;74;74m██[38;2;49;49;49m██[38;2;0;0;0m      [38;2;49;49;49m████[38;2;255;115;90m████████[38;2;49;49;49m██
[38;2;0;0;0m  [38;2;49;49;49m██[38;2;189;164;65m████[38;2;255;255;123m████[38;2;49;49;49m██████[38;2;255;115;90m██████████[38;2;189;74;74m██[38;2;49;49;49m██
[38;2;0;0;0m  [38;2;49;49;49m██[38;2;255;255;123m██████████[38;2;82;82;82m██[38;2;255;255;123m████[38;2;255;115;90m██████[38;2;189;74;74m██[38;2;49;49;49m██[38;2;0;0;0m  
[38;2;49;49;49m██[38;2;255;255;123m████████████[38;2;189;164;65m██[38;2;255;255;123m██[38;2;222;213;90m██[38;2;189;74;74m████[38;2;49;49;49m████[38;2;0;0;0m    
[38;2;49;49;49m████[38;2;255;255;123m████████████[38;2;189;164;65m██[38;2;82;82;82m████[38;2;49;49;49m██[38;2;0;0;0m        
[38;2;49;49;49m████[38;2;255;255;123m██████[38;2;49;49;49m██[38;2;255;255;123m██[38;2;222;213;90m████[38;2;189;164;65m██[38;2;49;49;49m██[38;2;0;0;0m          
[38;2;49;49;49m██[38;2;255;255;123m██[38;2;189;164;65m██[38;2;255;255;123m████[38;2;49;49;49m██[38;2;255;115;90m██[38;2;255;172;139m██[38;2;222;213;90m██[38;2;189;164;65m██[38;2;49;49;49m██[38;2;0;0;0m          
[38;2;0;0;0m  [38;2;49;49;49m██[38;2;255;255;123m██████[38;2;255;115;90m██[38;2;255;255;123m██[38;2;255;172;139m██[38;2;255;115;90m██[38;2;49;49;49m██[38;2;0;0;0m            
[38;2;49;49;49m██[38;2;189;74;74m██[38;2;82;82;82m██[38;2;189;164;65m██[38;2;222;213;90m████[38;2;189;74;74m██[38;2;49;49;49m████[38;2;0;0;0m  [38;2;49;49;49m████[38;2;0;0;0m        
[38;2;0;0;0m  [38;2;49;49;49m██[38;2;189;164;65m██[38;2;255;255;123m████[38;2;222;213;90m██[38;2;189;164;65m██[38;2;255;255;123m██[38;2;255;115;90m██[38;2;49;49;49m██[38;2;255;115;90m██[38;2;49;49;49m██[38;2;0;0;0m        
[38;2;0;0;0m    [38;2;49;49;49m██[38;2;189;164;65m██[38;2;255;255;123m████[38;2;222;213;90m██[38;2;82;82;82m████[38;2;189;164;65m██[38;2;189;74;74m██[38;2;255;115;90m██[38;2;49;49;49m██[38;2;0;0;0m      
[38;2;0;0;0m    [38;2;49;49;49m██[38;2;222;213;90m██[38;2;189;164;65m██[38;2;222;213;90m██[38;2;189;164;65m██████[38;2;82;82;82m██[38;2;189;74;74m██[38;2;49;49;49m████[38;2;0;0;0m      
[38;2;0;0;0m      [38;2;49;49;49m██████[38;2;255;255;123m████[38;2;49;49;49m██████[38;2;0;0;0m          
[38;2;0;0;0m            [38;2;49;49;49m████[38;2;0;0;0m                [0m
