
[38;2;0;0;0m                                      ████                                    
[38;2;0;0;0m                                    ██[38;2;181;206;253m████[38;2;0;0;0m████                                
[38;2;0;0;0m                                    ██[38;2;181;206;253m████████[38;2;0;0;0m██                              
[38;2;0;0;0m                                  ██[38;2;181;206;253m████████████[38;2;0;0;0m██                    ██      
[38;2;0;0;0m                                ██[38;2;181;206;253m██████████[38;2;120;153;187m██[38;2;112;160;176m██[38;2;57;53;73m██[38;2;0;0;0m██                ██[38;2;148;222;220m██[38;2;0;0;0m██    
[38;2;0;0;0m                              ██[38;2;181;206;253m██████████[38;2;120;153;187m██[38;2;181;206;253m██[38;2;85;107;125m██[38;2;140;214;228m██[38;2;148;222;220m██[38;2;0;0;0m████              ██[38;2;148;222;220m██[38;2;0;0;0m██  
[38;2;0;0;0m                              [38;2;8;8;0m██[38;2;181;214;253m██[38;2;181;206;253m████████████[38;2;96;113;128m██[38;2;156;206;236m██[38;2;145;222;223m████[38;2;148;222;220m██[38;2;0;0;0m██            ██[38;2;148;222;220m██[38;2;0;0;0m██  
[38;2;0;0;0m                            ██[38;2;94;111;126m████[38;2;181;206;253m████████████[38;2;156;206;236m██[38;2;66;66;74m██[38;2;145;222;223m████[38;2;148;222;220m████[38;2;0;0;0m██      ████[38;2;148;222;220m████[38;2;0;0;0m██  
[38;2;0;0;0m                        ████[38;2;119;123;127m██[38;2;255;255;255m████[38;2;101;115;128m████[38;2;98;117;126m██[38;2;181;206;253m██████[38;2;165;214;237m██[38;2;82;82;66m██[38;2;145;222;223m████████[38;2;0;0;0m██    ██[38;2;99;156;163m██[38;2;143;222;223m██[38;2;148;222;220m██[38;2;0;0;0m██    
[38;2;0;0;0m                      ██[38;2;198;198;190m██[38;2;119;123;127m██[38;2;239;247;255m██[38;2;255;255;255m██[38;2;101;115;128m████[38;2;255;255;255m██[38;2;98;117;126m████[38;2;181;206;253m██[38;2;206;138;146m██[38;2;82;82;66m██[38;2;165;214;237m██[38;2;145;222;223m████████[38;2;0;0;0m██    ██[38;2;143;222;223m████[38;2;0;0;0m██      
[38;2;0;0;0m                      ██[38;2;198;198;190m██[38;2;99;115;123m██[38;2;255;255;247m██[38;2;255;255;255m██[38;2;101;115;128m██[38;2;255;255;255m██████[38;2;123;107;115m██[38;2;205;137;145m██[38;2;255;181;199m██[38;2;222;140;150m██[38;2;165;222;229m██[38;2;148;222;220m████[38;2;145;222;223m████[38;2;140;231;228m██[38;2;0;0;0m██  ██[38;2;145;222;223m████[38;2;0;0;0m██      
[38;2;0;0;0m                        ██[38;2;203;208;206m██[38;2;99;115;123m██[38;2;255;255;255m██[38;2;101;115;128m██[38;2;255;255;255m██████[38;2;167;156;162m██[38;2;205;137;145m██[38;2;255;181;199m██[38;2;203;167;176m██[38;2;222;140;150m██[38;2;209;137;147m████[38;2;145;222;223m████[38;2;93;154;152m██[38;2;0;0;0m██  ██[38;2;145;222;223m████[38;2;148;222;220m██[38;2;0;0;0m██    
[38;2;0;0;0m                          ██[38;2;255;255;255m██████[38;2;217;184;185m██[38;2;255;255;255m██[38;2;205;137;145m████[38;2;255;176;202m████[38;2;255;181;199m████[38;2;255;156;175m██[38;2;203;153;168m██[38;2;96;158;165m████[38;2;93;159;163m██[38;2;0;0;0m██    ██[38;2;140;231;228m██[38;2;99;156;163m██[38;2;143;222;223m██[38;2;0;0;0m██  
[38;2;0;0;0m                          ██[38;2;255;255;255m████████[38;2;198;148;150m██[38;2;255;181;199m████[38;2;255;176;202m████[38;2;205;137;145m██[38;2;255;181;199m██[38;2;203;153;168m██[38;2;99;148;155m██[38;2;96;158;165m████[38;2;93;159;163m██[38;2;0;0;0m██    ██[38;2;93;154;152m██[38;2;143;222;223m██[38;2;99;156;163m████[38;2;0;0;0m██
[38;2;0;0;0m                        ██[38;2;255;255;255m██████[38;2;200;195;190m██[38;2;165;198;213m██[38;2;82;104;130m██[38;2;205;135;145m████[38;2;255;181;199m████████[38;2;206;140;150m██[38;2;96;157;168m██[38;2;96;159;165m████[38;2;0;0;0m██    ██[38;2;96;159;165m████[38;2;96;158;165m████[38;2;93;159;163m██[38;2;0;0;0m██
[38;2;0;0;0m                ████  ██[38;2;66;66;66m██[38;2;255;255;255m████[38;2;200;195;190m██[38;2;255;255;255m██[38;2;41;57;89m██[38;2;124;151;172m██[38;2;255;255;255m██[38;2;205;135;145m██[38;2;255;181;199m██[38;2;205;137;145m████[38;2;255;181;199m██[38;2;206;140;150m██[38;2;96;157;168m██[38;2;96;159;165m██[38;2;76;88;143m██[38;2;255;255;255m██[38;2;0;0;0m██  ██[38;2;76;88;143m██[38;2;96;159;165m██[38;2;96;158;165m████[38;2;93;159;163m██[38;2;0;0;0m██
[38;2;0;0;0m              ██[38;2;255;189;207m██[38;2;255;181;207m██[38;2;8;4;0m██[38;2;255;255;255m██████[38;2;200;195;190m██[38;2;82;57;58m██[38;2;168;156;156m██[38;2;156;210;228m██[38;2;255;255;255m████[38;2;200;195;190m██[38;2;206;165;166m██[38;2;69;58;61m██[38;2;148;148;156m████[38;2;77;88;143m████[38;2;74;86;146m██[38;2;255;255;255m██[38;2;173;198;197m██[38;2;49;57;81m██[38;2;0;4;24m██[38;2;255;255;255m██[38;2;195;199;205m██[38;2;74;86;138m██[38;2;99;156;171m████[38;2;0;0;0m██  
[38;2;0;0;0m              ██[38;2;170;126;138m██[38;2;255;181;207m██[38;2;173;122;138m██[38;2;255;255;255m████████████████[38;2;200;195;190m████[38;2;206;165;166m██[38;2;0;4;8m██[38;2;0;0;0m████[38;2;198;198;190m████[38;2;74;86;146m████[38;2;90;104;120m██[38;2;132;151;158m██[38;2;85;88;101m██[38;2;170;171;178m██[38;2;255;255;239m██[38;2;74;86;138m██[38;2;66;104;117m██[38;2;0;0;8m██[38;2;0;0;0m    
[38;2;0;0;0m                ████████[38;2;198;198;190m██[38;2;255;255;255m██████████[38;2;200;195;190m██[38;2;198;198;190m████[38;2;0;0;0m██      ████[38;2;66;104;117m██[38;2;99;156;171m██[38;2;96;158;165m████[38;2;96;159;165m██[38;2;76;88;143m██[38;2;74;86;138m██[38;2;255;255;239m██[38;2;170;171;170m██[38;2;0;4;0m██[38;2;0;0;0m    
[38;2;0;0;0m                        ██████[38;2;82;82;66m████[38;2;200;195;190m████[38;2;198;198;190m██[38;2;0;0;0m██            [38;2;0;0;8m██[38;2;99;156;171m██[38;2;96;158;165m████[38;2;96;159;165m████[38;2;74;86;138m██[38;2;195;199;205m██[38;2;255;255;255m██[38;2;0;4;0m██[38;2;0;0;0m    
[38;2;0;0;0m      ████████  ████          ██[38;2;123;148;187m██[38;2;82;79;69m██[38;2;198;198;190m████[38;2;77;88;143m██[38;2;0;0;0m██████      ██[38;2;99;156;163m██[38;2;96;158;165m████[38;2;96;159;165m████[38;2;94;94;118m████[38;2;0;0;0m██      
[38;2;0;0;0m  ████[38;2;82;85;82m██[38;2;247;255;247m██[38;2;255;255;247m██[38;2;127;127;123m██[38;2;0;0;0m██[38;2;181;206;253m████[38;2;0;0;0m██      ██[38;2;123;148;187m████[38;2;82;79;69m██[38;2;198;198;190m██[38;2;77;88;143m████[38;2;181;206;253m██████[38;2;0;0;0m██      ██[38;2;96;158;165m████[38;2;96;159;165m██[38;2;76;88;143m██[38;2;189;189;213m██[38;2;0;0;24m██[38;2;0;0;0m        
[38;2;0;0;0m██[38;2;255;255;255m██████[38;2;66;66;66m██[38;2;49;61;65m██[38;2;255;255;255m██[38;2;96;113;128m████[38;2;181;206;253m██[38;2;0;0;0m██    ██[38;2;123;148;187m██[38;2;121;151;188m████[38;2;74;86;138m██[38;2;195;199;205m██[38;2;76;87;143m██[38;2;181;206;253m██████[38;2;78;88;142m██[38;2;66;66;66m██[38;2;0;0;0m████    ██████████          
[38;2;0;0;0m██[38;2;255;255;255m██████████[38;2;118;126;128m██[38;2;134;155;190m██[38;2;173;198;253m██[38;2;181;206;253m████[38;2;0;0;0m██  ██[38;2;123;148;187m██[38;2;121;151;188m████[38;2;74;86;138m██[38;2;255;255;239m██[38;2;76;87;143m██[38;2;181;206;253m████[38;2;76;87;143m██[38;2;78;88;142m████[38;2;181;206;253m████[38;2;0;0;0m██                      
[38;2;0;0;0m  ████[38;2;247;255;255m██████[38;2;90;115;130m██[38;2;121;151;188m████[38;2;132;155;190m██[38;2;173;198;253m██[38;2;0;0;0m██    ██[38;2;121;151;190m██[38;2;77;87;144m██[38;2;255;255;255m██[38;2;74;86;146m██[38;2;181;206;253m████[38;2;189;200;219m██[38;2;74;90;146m██[38;2;93;104;133m██[38;2;165;198;253m██[38;2;181;206;253m████[38;2;86;99;130m██[38;2;0;0;8m██[38;2;0;0;0m██  ████            
[38;2;0;0;0m      ██[38;2;123;127;127m██[38;2;90;115;130m██[38;2;142;162;172m██[38;2;121;151;188m████[38;2;132;155;190m██[38;2;90;113;128m██[38;2;0;0;0m██    ██[38;2;121;151;190m██[38;2;77;87;144m██[38;2;255;255;255m██[38;2;74;86;146m██[38;2;181;206;253m████[38;2;74;90;146m██[38;2;247;255;255m██[38;2;57;57;73m██[38;2;93;104;133m██[38;2;181;206;253m████[38;2;173;198;253m██[38;2;86;99;130m██[38;2;66;148;242m██[38;2;0;0;0m██[38;2;206;140;150m██[38;2;0;0;0m██            
[38;2;0;0;0m        ██[38;2;121;151;188m████████[38;2;98;115;128m██[38;2;74;124;164m██[38;2;74;123;162m██[38;2;0;0;0m██[38;2;16;4;0m██[38;2;55;66;79m██[38;2;90;101;133m██[38;2;189;198;221m██[38;2;74;90;138m██[38;2;127;148;195m██[38;2;173;198;253m██[38;2;107;113;134m██[38;2;255;255;255m████[38;2;66;66;82m██[38;2;110;107;118m██[38;2;181;206;253m████████[38;2;78;88;142m██[38;2;66;148;242m██[38;2;0;0;0m██              
[38;2;0;0;0m        ██[38;2;121;151;188m████████[38;2;98;115;128m██[38;2;74;124;164m██[38;2;74;123;162m████[38;2;93;127;157m██[38;2;55;66;79m██[38;2;189;198;221m██[38;2;90;101;133m██[38;2;181;206;253m████[38;2;74;70;74m████[38;2;255;255;255m██[38;2;82;82;66m██[38;2;198;189;190m████[38;2;76;87;143m██[38;2;181;206;253m████[38;2;120;153;187m██[38;2;78;88;142m██[38;2;66;148;242m████[38;2;0;0;0m████          
[38;2;0;0;0m          ██████[38;2;123;148;187m████[38;2;0;0;0m██████[38;2;115;126;139m██[38;2;58;63;74m██[38;2;198;198;190m██[38;2;66;66;66m██[38;2;181;206;253m████[38;2;74;74;66m██[38;2;255;255;255m████[38;2;82;82;66m██[38;2;201;198;190m████[38;2;198;198;190m██[38;2;77;88;143m██[38;2;121;151;190m████[38;2;77;87;141m██[38;2;66;148;242m██[38;2;74;107;170m██[38;2;255;181;199m████[38;2;0;0;0m██        
[38;2;0;0;0m                ████      [38;2;0;0;8m██[38;2;173;189;205m██[38;2;198;198;190m██[38;2;66;66;66m████[38;2;181;206;253m██[38;2;74;74;66m██[38;2;255;255;255m████[38;2;82;82;66m██[38;2;201;198;190m████[38;2;198;198;190m██[38;2;77;88;143m██[38;2;121;151;190m██[38;2;77;87;144m██[38;2;71;118;191m████[38;2;74;107;170m████[38;2;0;0;0m██          
[38;2;0;0;0m                      ████[38;2;132;134;108m██[38;2;198;198;190m██[38;2;45;59;89m██[38;2;82;119;178m██[38;2;71;115;189m██[38;2;66;66;66m██[38;2;255;255;255m██████[38;2;82;82;66m██[38;2;198;198;190m████[38;2;77;87;144m██[38;2;121;151;190m██[38;2;78;88;142m██[38;2;74;115;186m██[38;2;79;87;146m████[38;2;82;119;194m████[38;2;0;0;0m██          
[38;2;0;0;0m                ██████[38;2;132;132;105m████[38;2;198;198;190m████[38;2;8;0;0m████[38;2;71;115;189m██[38;2;66;66;66m██[38;2;255;255;255m██████[38;2;82;82;66m██[38;2;77;88;143m████[38;2;121;151;190m████[38;2;78;88;142m██[38;2;74;115;186m██[38;2;206;140;150m████[38;2;57;81;129m██[38;2;8;4;0m██[38;2;0;0;0m            
[38;2;0;0;0m              ██[38;2;198;198;190m██[38;2;198;198;182m██[38;2;132;132;121m██[38;2;198;198;190m████[38;2;0;0;0m████    [38;2;8;8;8m██[38;2;173;173;173m██[38;2;255;255;255m██[38;2;200;195;190m██[38;2;255;255;255m████[38;2;66;66;66m██[38;2;0;0;0m████[38;2;123;148;187m██[38;2;165;143;165m██[38;2;0;0;0m████[38;2;255;189;207m██[38;2;255;181;199m██[38;2;0;0;0m██            
[38;2;0;0;0m                ██████████      ██[38;2;255;255;255m██[38;2;173;173;173m██[38;2;255;255;255m██[38;2;200;195;190m██[38;2;255;255;255m████[38;2;0;0;0m██    ████[38;2;165;143;165m██[38;2;170;126;138m██[38;2;0;0;0m████              
[38;2;0;0;0m                                ██[38;2;127;127;123m██[38;2;255;255;247m██[38;2;170;171;170m██[38;2;255;255;255m████[38;2;0;0;0m██          ████                  
[38;2;0;0;0m                                  ████[38;2;0;4;0m████[38;2;0;0;0m██                                  [0m
