
[38;2;0;0;0m              ██    ██              
[38;2;0;0;0m              ██  ████  ████        
[38;2;0;0;0m      ██████    ████  ████          
[38;2;0;0;0m    ██[38;2;240;208;72m██████[38;2;0;0;0m██████████              
[38;2;0;0;0m  ██[38;2;240;208;72m████[38;2;64;64;64m████[38;2;240;208;72m████████[38;2;0;0;0m████            
[38;2;0;0;0m██[38;2;184;160;88m████[38;2;64;64;64m██[38;2;240;208;72m████████████████[38;2;0;0;0m██          
[38;2;0;0;0m██[38;2;184;160;88m██[38;2;152;128;64m██[38;2;248;248;248m██[38;2;240;208;72m████████[38;2;184;160;88m████[38;2;240;208;72m██████[38;2;0;0;0m██        
[38;2;0;0;0m██[38;2;184;160;88m██[38;2;248;248;248m██[38;2;0;0;0m██[38;2;240;208;72m██████[38;2;184;160;88m██[38;2;248;248;248m████[38;2;184;160;88m██[38;2;240;208;72m██[38;2;64;64;64m██[38;2;240;208;72m██[38;2;64;64;64m██[38;2;0;0;0m      
[38;2;0;0;0m  ██[38;2;152;128;64m██[38;2;248;248;248m██[38;2;64;64;64m████[38;2;240;208;72m██[38;2;248;248;248m██[38;2;0;0;0m██[38;2;248;248;248m████[38;2;64;64;64m██[38;2;240;208;72m██[38;2;184;160;88m██[38;2;240;208;72m██[38;2;0;0;0m██    
[38;2;0;0;0m  ██[38;2;184;160;88m██[38;2;64;64;64m██[38;2;240;224;168m████[38;2;64;64;64m████[38;2;248;248;248m████[38;2;152;128;64m██[38;2;64;64;64m██[38;2;240;208;72m██████[38;2;0;0;0m██    
[38;2;0;0;0m  ██[38;2;64;64;64m██[38;2;240;224;168m████[38;2;184;160;88m██[38;2;240;224;168m████[38;2;64;64;64m██[38;2;152;128;64m██[38;2;184;160;88m████[38;2;240;208;72m████████[38;2;0;0;0m██  
[38;2;0;0;0m██[38;2;208;192;104m██[38;2;240;224;168m██████████[38;2;208;192;104m████[38;2;64;64;64m██[38;2;184;160;88m██[38;2;64;64;64m██[38;2;240;208;72m████████[38;2;0;0;0m██  
[38;2;0;0;0m██[38;2;240;224;168m████████[38;2;208;192;104m████[38;2;64;64;64m████████[38;2;184;160;88m████[38;2;240;208;72m████[38;2;0;0;0m██    
[38;2;0;0;0m  ██[38;2;208;192;104m████████[38;2;64;64;64m██[38;2;184;160;88m██████████████[38;2;0;0;0m██      
[38;2;0;0;0m    ██[38;2;64;64;64m██████[38;2;240;208;72m██████[38;2;184;160;88m██████████[38;2;64;64;64m██[38;2;0;0;0m██████
[38;2;0;0;0m  ████[38;2;184;160;88m██[38;2;240;208;72m████████████[38;2;184;160;88m████████[38;2;64;64;64m██[38;2;184;160;88m████[38;2;0;0;0m██
[38;2;0;0;0m██[38;2;208;192;104m████[38;2;64;64;64m██[38;2;184;160;88m██[38;2;240;208;72m████████[38;2;184;160;88m████████[38;2;64;64;64m██[38;2;184;160;88m████[38;2;0;0;0m██  
[38;2;0;0;0m  ██[38;2;208;192;104m████[38;2;64;64;64m████[38;2;184;160;88m██████████[38;2;64;64;64m██████[38;2;0;0;0m████    
[38;2;0;0;0m    ████[38;2;168;152;88m████[38;2;0;0;0m██[38;2;64;64;64m████████[38;2;168;152;88m██[38;2;208;192;104m██[38;2;0;0;0m██        
[38;2;0;0;0m        ████  ██[38;2;168;152;88m██[38;2;208;192;104m██[38;2;168;152;88m██[38;2;208;192;104m██[38;2;0;0;0m██          
[38;2;0;0;0m                ████████            [0m
