
[38;2;0;0;0m                    ██                                    
[38;2;0;0;0m    ████          [38;2;16;0;0m██[38;2;82;140;138m██[38;2;0;0;0m██                        ██████    
[38;2;0;0;0m    ██[38;2;37;123;117m██[38;2;0;0;0m████    ██[38;2;49;70;69m████[38;2;66;66;66m██[38;2;0;0;0m██          ████    ████[38;2;66;148;146m██████[38;2;0;0;0m██  
[38;2;0;0;0m    ██[38;2;37;123;117m████[38;2;57;122;116m██[38;2;8;4;8m██[38;2;0;0;0m██[38;2;90;173;162m██[38;2;90;173;165m████████[38;2;0;0;0m████    [38;2;0;8;8m██[38;2;66;156;146m██[38;2;0;0;0m██    ██[38;2;66;148;146m████[38;2;189;206;101m████[38;2;110;143;97m██[38;2;0;0;8m██
[38;2;0;0;0m      ██[38;2;37;123;117m██[38;2;33;63;62m██[38;2;82;181;170m██[38;2;90;173;162m████[38;2;90;173;165m████████[38;2;90;173;162m████[38;2;0;0;0m████[38;2;66;156;146m██[38;2;44;107;100m██[38;2;0;0;0m██  ██[38;2;66;148;146m████[38;2;192;209;112m██[38;2;115;160;99m██[38;2;41;115;97m██[38;2;165;214;141m██[38;2;0;0;8m██
[38;2;0;0;0m  ████[38;2;24;4;8m██[38;2;49;63;62m██[38;2;90;173;165m████████████████████[38;2;82;181;170m██[38;2;77;143;135m██[38;2;66;156;154m██[38;2;0;4;0m██[38;2;0;0;0m    ██[38;2;66;148;146m██[38;2;192;206;112m████[38;2;33;127;113m██[38;2;189;206;109m████[38;2;0;0;0m██
[38;2;0;0;0m  ██[38;2;90;173;162m██[38;2;49;63;62m██[38;2;99;181;171m██[38;2;90;173;165m████████████████████[38;2;66;66;66m████[38;2;44;105;103m██[38;2;0;4;0m██[38;2;0;0;0m  ██[38;2;66;148;146m████[38;2;192;206;112m████[38;2;189;206;109m██[38;2;33;127;113m██[38;2;189;206;109m██[38;2;0;0;0m██
[38;2;0;0;0m  ██[38;2;90;173;162m████[38;2;66;66;66m██[38;2;90;173;165m████[38;2;66;66;66m████[38;2;90;173;162m████[38;2;90;173;165m████[38;2;90;173;162m██[38;2;66;66;66m██[38;2;90;173;162m██[38;2;66;66;66m██[38;2;66;156;146m██[38;2;0;8;8m██[38;2;0;0;0m  ██[38;2;66;148;146m██[38;2;192;209;112m██[38;2;192;206;112m████[38;2;126;137;73m████[38;2;0;0;0m██  
[38;2;0;0;0m    ██[38;2;90;173;162m████[38;2;90;173;165m████[38;2;66;66;66m██[38;2;90;173;162m██[38;2;66;66;66m██[38;2;90;173;162m██[38;2;90;173;165m████[38;2;66;66;66m██[38;2;90;173;162m████[38;2;66;66;66m██[38;2;66;156;146m██[38;2;44;107;100m██[38;2;0;0;0m██[38;2;66;148;146m██[38;2;192;209;112m████[38;2;192;206;112m████[38;2;189;206;109m██[38;2;0;0;0m██    
[38;2;0;0;0m  [38;2;0;8;8m██[38;2;82;90;90m██[38;2;90;173;162m████[38;2;90;173;165m████[38;2;35;124;113m██[38;2;90;173;162m██████[38;2;90;173;165m████████[38;2;37;125;117m██[38;2;66;148;146m██[38;2;66;145;143m████[38;2;66;66;58m██[38;2;189;206;101m██[38;2;189;206;109m████[38;2;0;0;0m██████      
[38;2;0;0;0m  [38;2;0;8;8m██[38;2;247;255;255m██[38;2;35;124;113m██[38;2;90;173;162m██[38;2;90;173;165m████[38;2;90;173;162m██████[38;2;35;124;113m██[38;2;90;173;165m████████[38;2;37;125;117m██[38;2;66;148;146m██[38;2;66;145;143m████[38;2;66;66;58m██[38;2;127;136;79m██[38;2;0;0;0m████            
[38;2;0;0;0m  ██[38;2;247;255;247m██[38;2;0;0;0m██[38;2;148;170;169m██[38;2;90;173;162m████████[38;2;82;96;96m██[38;2;247;255;255m██[38;2;66;119;114m██[38;2;82;173;162m██[38;2;90;173;165m████[38;2;90;177;165m██[38;2;66;148;143m██[38;2;66;148;146m████[38;2;63;69;50m██[38;2;0;0;16m██[38;2;0;0;0m                
[38;2;0;0;0m  ██[38;2;82;85;82m██[38;2;222;255;254m██[38;2;74;85;85m██[38;2;66;66;66m██[38;2;90;173;162m████[38;2;35;124;113m██[38;2;0;16;16m██[38;2;247;255;255m██[38;2;49;66;65m██[38;2;82;173;162m██[38;2;90;173;165m████[38;2;66;148;143m████[38;2;66;148;146m██[38;2;126;137;67m██[38;2;126;137;83m██[38;2;63;69;50m██[38;2;0;0;0m██              
[38;2;0;0;0m██[38;2;66;127;98m████[38;2;74;57;66m██[38;2;255;94;151m██[38;2;247;107;159m██[38;2;74;57;66m██[38;2;49;107;97m██[38;2;255;255;255m██████[38;2;57;70;73m██[38;2;82;181;170m██[38;2;90;177;165m██[38;2;66;148;143m██[38;2;66;148;146m████[38;2;189;209;112m████[38;2;63;69;42m██[38;2;126;137;75m██[38;2;0;0;0m██              
[38;2;0;0;0m  ██[38;2;66;127;98m██[38;2;195;82;123m████[38;2;189;90;128m██[38;2;247;107;159m██[38;2;49;107;97m████[38;2;66;66;66m████[38;2;74;144;138m████[38;2;66;148;143m████[38;2;192;209;112m████[38;2;189;209;112m██[38;2;123;132;67m██[38;2;0;0;8m████[38;2;0;0;0m██              
[38;2;0;0;0m    ██[38;2;66;78;58m██[38;2;239;132;151m██[38;2;247;103;151m██[38;2;187;89;123m██[38;2;41;74;89m██[38;2;110;134;112m██[38;2;66;148;146m██████[38;2;247;255;151m██████[38;2;192;196;112m██[38;2;255;255;159m████[38;2;8;8;0m██[38;2;0;0;0m                    
[38;2;0;0;0m    ██[38;2;124;96;89m██[38;2;66;78;58m██[38;2;66;61;66m████[38;2;247;255;159m████[38;2;247;255;151m██████████[38;2;192;206;112m██[38;2;129;137;65m████[38;2;255;255;159m██[38;2;173;173;106m██[38;2;0;0;0m██                  
[38;2;0;0;0m  ██[38;2;126;137;62m██[38;2;0;0;0m████[38;2;189;206;109m████[38;2;192;206;112m████[38;2;247;255;151m████[38;2;192;199;112m████[38;2;126;137;73m██[38;2;189;206;109m████[38;2;0;0;0m████[38;2;247;255;151m██[38;2;0;0;0m██                  
[38;2;0;0;0m  ████    ████[38;2;192;206;112m████[38;2;126;137;62m██[38;2;247;255;151m██[38;2;255;255;159m██[38;2;129;142;65m██[38;2;189;206;109m██[38;2;0;0;0m████    ████                  
[38;2;0;0;0m              ██████[38;2;189;206;109m██[38;2;255;255;159m██[38;2;85;85;58m██[38;2;0;0;0m██                              
[38;2;0;0;0m                    ██[38;2;170;170;109m██[38;2;0;0;8m██[38;2;0;0;0m                                
[38;2;0;0;0m                      ██                                  [0m
