
[38;2;0;0;0m                  [38;2;0;4;0m████[38;2;0;0;0m                                                        
[38;2;0;0;0m              [38;2;0;4;0m████[38;2;94;72;74m██[38;2;0;4;0m██[38;2;0;0;0m                                                        
[38;2;0;0;0m            [38;2;0;4;0m██[38;2;94;72;74m████[38;2;0;4;0m██[38;2;0;0;0m                                                          
[38;2;0;0;0m          [38;2;0;4;0m██[38;2;94;72;74m████[38;2;0;4;0m██[38;2;0;0;0m                        [38;2;0;4;0m████████[38;2;0;0;0m                            
[38;2;0;0;0m        [38;2;0;4;0m██[38;2;94;72;74m██████[38;2;0;4;0m██[38;2;0;0;0m                    [38;2;0;4;0m████[38;2;132;100;95m████████[38;2;0;4;0m██[38;2;0;0;0m                          
[38;2;0;0;0m        [38;2;0;4;0m██[38;2;96;75;74m████[38;2;0;4;0m██[38;2;0;0;0m                  [38;2;0;4;0m████[38;2;132;103;92m████[38;2;247;222;111m██[38;2;0;4;0m██████[38;2;0;0;0m                            
[38;2;0;0;0m      [38;2;0;4;0m██[38;2;94;72;74m██[38;2;96;75;74m████[38;2;0;4;0m██[38;2;0;0;0m                [38;2;0;4;0m██[38;2;132;100;95m████[38;2;189;162;97m██[38;2;247;222;103m██[38;2;0;4;0m██[38;2;0;0;0m                                  
[38;2;0;0;0m      [38;2;0;4;0m██[38;2;94;72;74m██[38;2;94;76;74m████[38;2;66;66;66m██[38;2;0;4;0m██[38;2;0;0;0m            [38;2;0;4;0m██[38;2;132;100;95m██[38;2;132;103;92m██[38;2;247;222;111m████[38;2;0;4;0m██[38;2;0;0;0m                                    
[38;2;0;0;0m      [38;2;0;4;0m██[38;2;94;72;74m██[38;2;94;76;74m██[38;2;66;66;66m██████[38;2;0;4;0m██████[38;2;0;0;0m    [38;2;0;4;0m██[38;2;132;100;95m████[38;2;189;162;101m██[38;2;247;222;111m██[38;2;0;4;0m██[38;2;0;0;0m                                  [38;2;0;4;0m████
[38;2;0;0;0m        [38;2;0;4;0m██[38;2;66;66;66m██[38;2;255;206;71m██[38;2;255;206;68m████[38;2;230;177;70m████[38;2;231;181;71m██[38;2;0;4;0m██[38;2;0;8;8m██[38;2;132;103;100m██[38;2;131;101;95m████[38;2;247;222;111m████[38;2;0;4;0m██[38;2;0;0;0m                  [38;2;0;4;0m██[38;2;0;0;0m          [38;2;0;8;0m████[38;2;255;231;119m██[38;2;0;8;0m██
[38;2;0;0;0m      [38;2;0;4;0m██[38;2;255;206;71m██████[38;2;255;206;68m████[38;2;255;206;71m██[38;2;230;177;70m██[38;2;231;181;71m████[38;2;66;55;54m██[38;2;132;103;100m██[38;2;131;101;95m██[38;2;189;165;85m██[38;2;247;222;111m██████[38;2;0;4;0m████████[38;2;0;0;0m        [38;2;0;4;0m██[38;2;247;222;111m██[38;2;0;4;0m██[38;2;0;0;0m      [38;2;0;4;0m██[38;2;170;157;79m██[38;2;255;231;119m██[38;2;170;157;79m██[38;2;0;8;0m██
[38;2;0;0;0m    [38;2;0;4;0m██[38;2;230;177;70m██[38;2;255;206;71m██[38;2;255;206;68m████[38;2;255;206;71m████[38;2;231;176;68m████[38;2;231;181;71m██[38;2;66;66;66m██[38;2;132;101;97m████[38;2;132;103;92m██[38;2;247;222;103m██[38;2;247;222;111m████████████[38;2;159;144;69m██[38;2;0;4;0m██[38;2;0;0;0m    [38;2;0;4;0m██[38;2;247;222;111m████[38;2;0;4;0m██[38;2;0;0;0m    [38;2;0;4;0m██[38;2;247;222;111m██████[38;2;0;4;0m██[38;2;0;0;0m  
[38;2;0;0;0m  [38;2;0;4;0m██[38;2;255;255;255m██[38;2;230;177;70m████[38;2;255;206;68m████[38;2;230;177;70m████[38;2;231;176;68m████[38;2;231;181;71m██[38;2;66;66;66m██[38;2;132;101;97m████[38;2;132;103;92m██[38;2;189;162;97m██[38;2;247;222;111m██████[38;2;0;4;0m██████[38;2;239;214;103m██[38;2;0;4;0m██[38;2;0;0;0m  [38;2;0;4;0m██[38;2;247;222;111m████████[38;2;0;4;0m████[38;2;247;222;111m██████[38;2;0;4;0m██[38;2;0;0;0m    
[38;2;0;0;0m  [38;2;0;8;24m██[38;2;77;66;42m██[38;2;231;176;68m████████████[38;2;231;181;71m████[38;2;231;176;68m████[38;2;66;66;74m██[38;2;121;104;76m██[38;2;132;99;96m████[38;2;127;101;95m██[38;2;0;4;0m████[38;2;0;0;0m      [38;2;0;4;0m████[38;2;0;0;0m  [38;2;0;4;0m██[38;2;189;164;83m██[38;2;247;222;111m██████[38;2;66;66;66m██[38;2;247;222;111m██████[38;2;189;165;85m██[38;2;0;4;0m██[38;2;0;0;0m    
[38;2;0;4;0m██[38;2;77;66;42m██[38;2;231;181;79m██[38;2;231;176;68m████████████[38;2;66;66;66m████[38;2;231;176;68m████[38;2;231;181;79m██[38;2;66;66;74m██[38;2;66;66;66m████[38;2;0;4;0m██[38;2;0;0;0m        [38;2;0;4;0m████[38;2;0;0;0m  [38;2;0;4;0m██[38;2;189;165;85m██[38;2;247;222;111m██[38;2;189;164;83m██[38;2;247;222;111m████████████[38;2;0;4;0m██[38;2;0;0;0m      
[38;2;0;4;0m██[38;2;206;167;99m██[38;2;255;255;239m██[38;2;231;181;71m████[38;2;231;176;68m████[38;2;231;181;71m██[38;2;66;66;66m██[38;2;255;247;247m██[38;2;66;57;58m██[38;2;66;66;66m██[38;2;231;181;71m██[38;2;231;176;68m████████[38;2;0;4;0m██[38;2;0;0;0m              [38;2;8;8;0m██[38;2;255;231;119m██[38;2;189;164;83m██[38;2;247;222;111m████████████[38;2;0;4;0m██[38;2;0;0;0m        
[38;2;0;4;0m██[38;2;206;167;99m██[38;2;181;123;29m██[38;2;66;66;66m██[38;2;231;181;71m██[38;2;231;176;68m████[38;2;231;181;71m██[38;2;66;66;66m██[38;2;66;57;58m██[38;2;129;120;121m██[38;2;66;66;66m██[38;2;231;181;71m██[38;2;231;176;68m████████[38;2;0;4;0m██[38;2;0;0;0m            [38;2;0;4;0m██[38;2;173;157;79m████[38;2;247;222;111m██[38;2;189;164;83m██[38;2;0;4;0m██[38;2;247;222;111m██████[38;2;0;4;0m██[38;2;0;0;0m          
[38;2;0;4;0m██[38;2;231;181;71m████[38;2;231;176;68m████████████[38;2;66;66;66m████[38;2;230;177;70m██[38;2;255;239;135m████[38;2;230;177;70m██[38;2;231;176;68m████[38;2;189;148;69m██[38;2;0;4;0m██[38;2;0;0;0m          [38;2;0;4;0m██[38;2;189;165;85m████[38;2;0;4;0m████[38;2;0;0;0m  [38;2;0;4;0m██[38;2;255;222;111m██[38;2;173;151;74m██[38;2;0;4;0m██[38;2;0;0;0m          
[38;2;0;0;0m  [38;2;0;4;0m██[38;2;231;181;71m██[38;2;231;176;68m████████████[38;2;231;181;71m████[38;2;255;239;135m████████[38;2;231;176;68m████[38;2;189;148;69m██[38;2;0;4;0m██[38;2;0;0;0m        [38;2;0;4;0m██[38;2;189;165;85m████[38;2;0;4;0m██[38;2;0;0;0m      [38;2;0;4;0m██[38;2;255;222;111m██[38;2;8;8;0m██[38;2;0;0;0m            
[38;2;0;0;0m    [38;2;0;4;0m██[38;2;66;66;66m██[38;2;239;181;71m██[38;2;231;181;71m██[38;2;66;66;66m██[38;2;93;76;77m██[38;2;231;181;71m██[38;2;231;176;68m████[38;2;255;239;135m████████[38;2;231;181;71m██[38;2;193;148;69m██[38;2;206;156;70m██[38;2;0;4;0m██[38;2;0;0;0m        [38;2;0;4;0m██[38;2;189;165;85m████[38;2;0;4;0m██[38;2;0;0;0m        [38;2;0;4;0m██[38;2;0;0;0m              
[38;2;0;0;0m  [38;2;0;4;0m██[38;2;94;72;74m██[38;2;181;143;69m██[38;2;66;66;66m████[38;2;231;181;71m██████[38;2;231;176;68m████[38;2;230;177;70m██[38;2;255;239;135m████[38;2;230;177;70m██[38;2;193;148;69m████[38;2;206;156;70m████[38;2;0;4;0m██[38;2;0;0;0m      [38;2;0;4;0m██[38;2;189;165;85m██[38;2;0;4;0m██[38;2;0;0;0m                          
[38;2;0;0;0m  [38;2;0;4;0m██[38;2;94;72;74m██[38;2;99;78;83m██[38;2;66;55;58m██[38;2;247;247;223m████[38;2;239;198;71m████[38;2;231;181;71m████████[38;2;74;66;66m██[38;2;184;143;69m██[38;2;193;148;69m████[38;2;231;181;71m██[38;2;93;76;77m██[38;2;132;103;100m██[38;2;0;4;0m██[38;2;0;0;0m    [38;2;0;4;0m██[38;2;189;165;85m██[38;2;0;4;0m██[38;2;0;0;0m                          
[38;2;0;0;0m  [38;2;0;4;0m██[38;2;94;72;74m██[38;2;99;78;83m██[38;2;0;8;8m██[38;2;66;66;66m██[38;2;247;247;223m██████[38;2;243;214;71m██[38;2;231;181;71m██[38;2;66;66;66m████[38;2;239;181;71m████[38;2;231;181;71m████████[38;2;88;70;67m██[38;2;0;4;0m██[38;2;0;0;0m      [38;2;0;4;0m██[38;2;189;165;85m██[38;2;0;4;0m██[38;2;0;0;0m                        
[38;2;0;0;0m    [38;2;0;4;0m████[38;2;0;0;0m  ██[38;2;247;247;215m██[38;2;247;247;220m████[38;2;247;247;223m██[38;2;66;66;66m██[38;2;132;101;97m████[38;2;165;120;77m██[38;2;231;173;63m██[38;2;231;181;71m████[38;2;231;176;68m████[38;2;231;181;71m██[38;2;193;148;69m██[38;2;0;4;0m██[38;2;0;0;0m    [38;2;0;4;0m██[38;2;55;64;71m██[38;2;82;94;106m██[38;2;0;4;0m██████[38;2;0;0;0m                  
[38;2;0;0;0m        [38;2;0;4;0m██[38;2;82;82;72m██[38;2;247;247;215m██[38;2;247;247;220m████[38;2;247;247;223m██[38;2;66;66;66m██[38;2;132;101;97m████[38;2;132;94;84m██[38;2;231;173;63m██[38;2;66;66;66m██[38;2;231;181;71m██[38;2;231;176;68m████[38;2;231;181;71m████[38;2;0;4;0m██[38;2;0;0;0m      [38;2;0;4;0m████[38;2;78;88;106m██████[38;2;0;4;0m████[38;2;0;0;0m              
[38;2;0;0;0m        [38;2;0;4;0m██[38;2;192;148;69m██[38;2;66;66;66m██[38;2;247;247;220m████[38;2;247;247;223m████[38;2;66;66;66m████████[38;2;231;176;68m████████[38;2;231;181;71m██[38;2;99;74;75m██[38;2;123;103;99m██[38;2;0;4;0m██[38;2;0;0;0m        [38;2;0;4;0m██████[38;2;78;88;106m██[38;2;55;64;71m██[38;2;0;4;0m██[38;2;0;0;0m            
[38;2;0;0;0m      [38;2;0;4;0m██[38;2;189;148;69m██[38;2;192;148;69m██[38;2;66;66;66m██[38;2;247;247;220m████[38;2;247;247;223m██[38;2;206;189;142m████████[38;2;66;66;66m██[38;2;231;176;68m████████[38;2;231;181;71m██[38;2;187;145;72m██[38;2;82;70;66m████[38;2;0;4;0m██[38;2;0;0;0m            [38;2;0;4;0m██[38;2;82;94;106m██[38;2;0;4;0m██[38;2;0;0;0m            
[38;2;0;0;0m      [38;2;0;4;0m██[38;2;189;148;69m██[38;2;192;148;67m████[38;2;66;66;58m██[38;2;222;189;118m██[38;2;206;189;142m████████[38;2;66;66;66m██[38;2;192;148;69m██[38;2;231;181;71m████[38;2;231;176;68m████[38;2;231;181;71m██[38;2;193;148;69m██[38;2;198;148;78m██[38;2;66;57;42m██[38;2;66;66;66m██[38;2;0;4;0m████[38;2;0;0;0m      [38;2;8;4;0m██[38;2;63;64;65m██[38;2;78;88;106m██[38;2;0;4;0m██[38;2;0;0;0m            
[38;2;0;0;0m        [38;2;0;4;0m██[38;2;192;148;67m████[38;2;170;148;98m██[38;2;66;66;58m██[38;2;66;66;66m██[38;2;206;189;142m██████[38;2;66;66;66m██[38;2;192;148;69m██[38;2;193;148;69m██[38;2;231;181;71m██[38;2;231;176;68m████[38;2;193;148;69m████[38;2;66;57;42m██[38;2;0;12;24m██[38;2;66;66;66m████[38;2;66;65;66m██[38;2;0;4;0m██████[38;2;63;64;65m██[38;2;90;94;98m██[38;2;0;4;0m██[38;2;0;0;0m              
[38;2;0;0;0m          [38;2;0;8;16m██[38;2;154;113;85m██[38;2;159;112;68m████[38;2;189;148;69m██[38;2;0;4;0m████████[38;2;189;148;69m██[38;2;192;148;67m████████[38;2;189;148;69m████[38;2;0;4;0m██[38;2;0;0;0m  [38;2;0;4;0m████[38;2;78;88;106m██████████[38;2;0;4;0m██[38;2;0;0;0m                
[38;2;0;0;0m      [38;2;0;4;0m████[38;2;77;60;50m████[38;2;195;147;70m████[38;2;189;148;69m██[38;2;0;4;0m██[38;2;0;0;0m      [38;2;0;4;0m██[38;2;192;148;67m████████[38;2;189;148;69m██[38;2;0;4;0m██[38;2;0;0;0m        [38;2;0;4;0m██████████[38;2;0;0;0m                  
[38;2;0;0;0m    [38;2;0;4;0m██[38;2;99;82;83m██[38;2;66;57;55m██[38;2;94;72;74m████[38;2;66;65;66m██[38;2;0;4;0m████[38;2;0;0;0m          [38;2;0;8;8m██[38;2;66;57;58m██[38;2;66;66;66m██[38;2;156;111;68m██[38;2;159;113;66m████[38;2;0;4;0m██[38;2;0;0;0m                                  
[38;2;0;0;0m      [38;2;0;8;0m████[38;2;0;4;0m██████[38;2;0;0;0m            [38;2;0;4;0m██[38;2;99;82;83m██[38;2;66;57;58m██[38;2;96;81;67m██[38;2;66;66;66m██[38;2;99;74;75m██[38;2;159;113;66m██[38;2;0;4;0m██[38;2;0;0;0m                                  
[38;2;0;0;0m                            [38;2;0;4;0m██[38;2;99;82;83m██[38;2;66;57;55m██[38;2;99;82;83m██[38;2;66;57;55m██[38;2;0;4;0m████[38;2;0;0;0m                                    
[38;2;0;0;0m                              [38;2;0;8;0m████████[38;2;0;0;0m                                        [0m
