
[38;2;0;0;0m                        ██[38;2;181;181;229m██[38;2;0;0;0m██    ██[38;2;255;255;255m██[38;2;0;0;0m██                                                            
[38;2;0;0;0m                        ██[38;2;181;181;229m██[38;2;0;0;0m██  ██[38;2;101;115;128m██[38;2;255;255;255m██[38;2;0;0;0m██                                                            
[38;2;0;0;0m                        ██[38;2;181;181;229m██[38;2;0;0;0m██  ██[38;2;255;255;255m████[38;2;0;0;0m██                ████        ████                            
[38;2;0;0;0m                      [38;2;0;0;8m██[38;2;170;170;173m██[38;2;178;181;226m████[38;2;0;0;0m██[38;2;247;255;255m██[38;2;255;255;255m██[38;2;101;115;128m██[38;2;123;127;127m██[38;2;0;0;0m████          ██[38;2;255;255;255m████[38;2;0;4;16m██[38;2;0;0;0m██  [38;2;0;4;0m██[38;2;181;181;229m████[38;2;0;0;0m██                          
[38;2;0;0;0m                      [38;2;0;0;8m██[38;2;255;255;255m██[38;2;178;181;226m████[38;2;123;127;127m██[38;2;247;255;255m██[38;2;255;255;255m████[38;2;247;255;255m████[38;2;255;255;255m██[38;2;0;0;0m██      ██[38;2;255;255;255m████[38;2;170;171;175m████[38;2;181;181;229m██[38;2;0;0;0m██[38;2;181;181;229m██[38;2;60;63;76m██[38;2;0;0;0m██                            
[38;2;0;0;0m                    ██[38;2;255;255;255m████[38;2;181;181;229m██[38;2;98;115;125m██[38;2;255;255;255m████████████████[38;2;0;0;0m██    ██[38;2;255;255;255m██[38;2;177;181;229m██[38;2;181;181;229m██[38;2;0;0;0m████[38;2;181;181;229m██[38;2;66;66;66m██[38;2;0;0;0m██                              
[38;2;0;0;0m                    ██[38;2;255;255;255m████[38;2;98;115;125m████[38;2;255;255;255m████████████[38;2;177;181;229m████[38;2;181;181;229m██[38;2;0;0;0m████[38;2;255;255;255m████[38;2;177;181;229m██[38;2;0;0;0m██    ████                                
[38;2;0;0;0m        ████████    ██[38;2;255;255;255m██████████[38;2;99;115;139m██[38;2;90;107;130m██[38;2;239;239;255m██[38;2;181;181;229m████████[38;2;178;181;226m████[38;2;255;255;255m████[38;2;181;181;229m████[38;2;0;0;0m██                                        
[38;2;0;0;0m  ██████[38;2;255;255;255m████████[38;2;0;0;0m████[38;2;66;66;66m██[38;2;177;181;229m██[38;2;255;255;255m██████[38;2;177;185;197m██[38;2;255;255;255m██[38;2;189;195;213m████[38;2;66;66;66m████[38;2;60;63;76m██[38;2;0;4;0m██[38;2;178;181;226m████[38;2;177;181;229m████[38;2;181;181;229m██[38;2;0;0;0m██    ████                                  
[38;2;0;0;0m██[38;2;123;156;187m████[38;2;94;96;94m████[38;2;189;195;205m██[38;2;239;247;255m██[38;2;255;255;255m██████[38;2;66;66;66m██[38;2;66;66;74m██[38;2;187;192;195m██[38;2;255;255;255m██[38;2;177;181;229m██[38;2;214;247;254m██[38;2;71;82;85m██[38;2;74;74;66m████[38;2;181;189;237m████[38;2;0;0;0m██  ██[38;2;181;181;229m██████[38;2;0;0;0m██    ██[38;2;173;189;221m████[38;2;0;0;0m██████████                        
[38;2;0;0;0m  [38;2;8;8;0m██[38;2;46;57;62m██[38;2;123;148;187m████[38;2;90;90;106m██[38;2;189;195;205m██[38;2;177;181;229m██[38;2;255;255;255m██████[38;2;66;66;74m██[38;2;247;255;255m██[38;2;255;255;255m████[38;2;0;0;0m██[38;2;143;165;169m██[38;2;123;165;235m████[38;2;121;129;161m██[38;2;0;8;8m██[38;2;0;0;0m      ██████      ██[38;2;66;66;66m████[38;2;173;189;221m████[38;2;82;85;82m██[38;2;247;255;247m██[38;2;255;255;255m██[38;2;0;0;0m████████                
[38;2;0;0;0m██[38;2;123;148;179m████[38;2;98;98;93m████[38;2;178;181;226m████████[38;2;255;255;255m██[38;2;74;74;66m██[38;2;255;255;255m████[38;2;74;115;154m██[38;2;119;148;195m██[38;2;71;137;204m████[38;2;178;181;226m████[38;2;255;255;255m████[38;2;0;0;0m██              ██[38;2;170;170;170m██[38;2;173;189;221m██[38;2;66;66;66m██████[38;2;181;181;229m████[38;2;255;255;255m██████[38;2;177;181;229m██[38;2;181;181;229m██[38;2;0;0;0m██████████████  
[38;2;0;0;0m  ██[38;2;82;99;119m██[38;2;181;181;229m████[38;2;178;181;226m████████[38;2;74;74;66m██[38;2;255;255;255m████[38;2;101;115;128m██[38;2;165;181;237m████[38;2;181;181;229m████[38;2;178;181;226m████[38;2;0;0;0m████              ██[38;2;255;255;255m██[38;2;85;85;85m██[38;2;66;66;66m██[38;2;173;189;221m██[38;2;181;181;229m████[38;2;98;115;125m████[38;2;177;181;229m████████[38;2;181;181;229m████████████████[38;2;0;0;0m██
[38;2;0;0;0m    ████[38;2;181;181;229m████[38;2;98;115;125m████[38;2;181;181;229m████[38;2;66;66;66m██[38;2;102;107;120m██[38;2;173;181;229m██[38;2;181;181;229m████[38;2;112;115;126m██[38;2;82;82;74m██[38;2;181;181;229m██[38;2;8;8;0m██[38;2;0;0;0m                ██[38;2;255;255;255m████[38;2;177;181;229m██[38;2;178;181;226m████████████████████[38;2;98;115;125m██████[38;2;181;181;229m██████[38;2;173;181;229m████[38;2;181;181;229m██
[38;2;0;0;0m        ██[38;2;181;181;229m██████[38;2;98;115;125m██[38;2;181;181;229m████[38;2;66;70;66m████[38;2;0;4;0m██[38;2;60;63;76m██[38;2;82;82;74m██[38;2;173;181;229m██[38;2;181;181;229m██[38;2;66;66;76m██[38;2;0;0;0m██            ██[38;2;255;255;255m████[38;2;177;181;229m████[38;2;178;181;226m████████████████████[38;2;181;181;229m██████[38;2;98;115;125m██████[38;2;102;107;120m██[38;2;66;70;66m██[38;2;0;0;0m██
[38;2;0;0;0m          ████[38;2;181;181;229m████[38;2;94;98;118m██[38;2;181;189;229m██[38;2;181;181;229m██[38;2;0;0;0m██  ██[38;2;181;181;229m████[38;2;98;115;125m██[38;2;181;181;229m██[38;2;0;0;0m██          ██[38;2;255;255;255m████[38;2;177;181;229m██[38;2;181;181;229m████[38;2;0;0;0m████[38;2;181;189;229m██[38;2;94;98;118m██[38;2;181;181;229m████[38;2;178;181;226m████[38;2;181;181;229m██[38;2;98;115;125m██[38;2;181;181;229m████████[38;2;178;181;226m████[38;2;60;63;76m██[38;2;0;4;0m██[38;2;0;0;0m  
[38;2;0;0;0m              ████[38;2;8;8;8m██[38;2;181;189;229m██[38;2;181;181;229m██[38;2;0;0;0m██    ██[38;2;181;181;229m██[38;2;98;115;125m██[38;2;181;181;229m██[38;2;0;0;0m██          ██[38;2;255;255;255m██[38;2;177;181;229m████[38;2;0;0;0m████    [38;2;8;8;8m██[38;2;181;189;229m██[38;2;0;0;0m██[38;2;181;181;229m██[38;2;178;181;226m████[38;2;181;181;229m████[38;2;98;115;125m██████[38;2;181;181;229m██[38;2;178;181;226m████[38;2;181;181;229m████[38;2;0;0;0m██
[38;2;0;0;0m                    ██[38;2;178;181;226m████[38;2;0;0;0m██  ██[38;2;66;66;66m██████[38;2;132;156;188m██[38;2;16;8;0m██[38;2;0;0;0m      ██[38;2;255;255;255m██[38;2;177;181;229m██[38;2;181;181;229m██[38;2;0;0;0m██          ██  ████[38;2;181;181;229m████████████[38;2;98;115;125m██[38;2;94;105;122m████[38;2;0;0;0m████  
[38;2;0;0;0m                    ██[38;2;178;181;226m████[38;2;0;0;0m██    ██[38;2;181;206;229m██[38;2;143;159;175m██[38;2;55;57;63m████[38;2;0;0;0m██    ██[38;2;255;255;255m██[38;2;177;181;229m██[38;2;0;0;0m██                    ████████[38;2;181;181;229m██████[38;2;181;198;237m██[38;2;8;12;8m██[38;2;0;0;0m      
[38;2;0;0;0m                      ██[38;2;181;181;229m████[38;2;0;0;0m██  ██[38;2;66;66;66m██████[38;2;121;154;190m██[38;2;0;0;0m██  [38;2;0;4;16m██[38;2;255;255;255m██[38;2;181;181;229m████[38;2;0;0;0m██                            ████████        
[38;2;0;0;0m                        ██[38;2;181;181;229m████[38;2;0;0;0m██[38;2;66;66;66m██[38;2;143;159;175m██[38;2;181;206;229m██[38;2;121;154;190m██[38;2;66;66;66m██[38;2;255;255;255m██[38;2;0;0;0m██[38;2;255;255;255m██[38;2;170;171;175m██[38;2;181;181;229m██[38;2;0;0;0m██                                              
[38;2;0;0;0m                          ██[38;2;82;85;82m██[38;2;101;115;128m██[38;2;255;255;255m██[38;2;57;61;65m████[38;2;66;66;66m██[38;2;255;255;255m██████[38;2;181;181;229m████[38;2;0;0;0m██                                                
[38;2;0;0;0m                          ██[38;2;247;255;247m██[38;2;101;115;128m██[38;2;255;255;255m██[38;2;247;255;255m██[38;2;120;126;128m██[38;2;255;255;255m██[38;2;66;66;66m██[38;2;255;255;255m████[38;2;181;181;229m██[38;2;0;0;0m██      [38;2;82;80;70m██[38;2;0;0;0m                ██████                    
[38;2;0;0;0m                            ██[38;2;255;255;255m████[38;2;177;181;229m██[38;2;255;255;255m████[38;2;66;66;66m██[38;2;255;255;255m██████[38;2;0;4;16m██[38;2;0;0;0m    ██[38;2;255;255;255m██[38;2;8;4;0m████[38;2;0;0;0m  ████  ████[38;2;255;255;255m████[38;2;0;0;0m██                    
[38;2;0;0;0m                            ██[38;2;255;255;255m████████[38;2;66;66;66m██[38;2;255;255;255m████████[38;2;170;171;175m██[38;2;0;0;0m██  ██[38;2;255;255;255m██[38;2;66;66;76m██[38;2;181;189;229m██[38;2;0;0;0m██[38;2;189;214;221m████[38;2;0;0;0m██[38;2;255;255;255m██████[38;2;101;115;128m██[38;2;99;115;127m██[38;2;0;0;0m██        ████      
[38;2;0;0;0m                              ██[38;2;255;255;255m██████[38;2;177;181;229m██[38;2;255;255;255m██████[38;2;178;181;226m████[38;2;170;170;170m██[38;2;0;0;0m██[38;2;247;255;255m██[38;2;189;196;195m██[38;2;82;82;66m██[38;2;181;181;229m██[38;2;74;70;66m████[38;2;189;211;224m████[38;2;66;66;66m██[38;2;255;255;255m██████████[38;2;0;0;0m████████[38;2;255;255;255m████[38;2;0;0;0m████  
[38;2;0;0;0m                              ██[38;2;255;255;255m██████████████[38;2;178;181;226m████[38;2;85;85;85m██[38;2;255;255;255m██[38;2;247;255;255m██[38;2;74;78;74m██[38;2;181;181;229m██[38;2;82;82;66m██[38;2;255;255;255m██[38;2;74;70;66m██[38;2;255;255;255m████[38;2;66;66;66m██[38;2;255;255;255m████[38;2;66;66;66m██████[38;2;181;181;229m████[38;2;255;255;255m████████████[38;2;0;0;0m██
[38;2;0;0;0m                              [38;2;0;4;0m██[38;2;181;181;229m██[38;2;255;255;255m██████████[38;2;177;181;229m██[38;2;181;181;229m██[38;2;82;82;66m██[38;2;255;255;255m██████[38;2;82;82;66m██[38;2;181;181;229m██[38;2;82;82;66m██[38;2;98;115;125m████[38;2;66;66;66m██[38;2;255;255;255m████[38;2;66;66;66m████[38;2;181;181;229m██████[38;2;178;181;226m████[38;2;170;170;173m██[38;2;255;255;255m██[38;2;0;0;0m██████[38;2;255;255;255m████
[38;2;0;0;0m                            ██[38;2;181;181;229m██[38;2;60;63;76m██[38;2;177;181;229m██[38;2;255;255;255m██████[38;2;177;181;229m████[38;2;181;181;229m██[38;2;82;82;66m██[38;2;255;255;255m████████[38;2;181;181;229m██[38;2;82;82;66m██[38;2;181;181;229m████[38;2;66;66;66m██[38;2;255;255;255m████[38;2;66;66;66m██[38;2;181;181;229m██[38;2;66;66;66m██[38;2;0;4;0m██[38;2;60;63;76m██[38;2;178;181;226m████[38;2;0;0;8m████[38;2;0;0;0m      ████
[38;2;0;0;0m                            ██[38;2;181;181;229m████[38;2;74;74;66m██[38;2;181;181;229m██[38;2;178;181;226m████[38;2;181;181;229m██[38;2;98;115;125m██[38;2;189;196;195m██[38;2;247;255;255m██[38;2;255;255;255m████████[38;2;178;181;226m████[38;2;74;70;66m██[38;2;181;181;229m██[38;2;66;66;66m██[38;2;189;214;221m████[38;2;66;66;66m██[38;2;181;181;229m██[38;2;0;0;0m██  ██████              
[38;2;0;0;0m                              ██[38;2;181;181;229m████[38;2;74;74;66m██[38;2;178;181;226m████[38;2;181;181;229m██[38;2;98;115;125m██[38;2;74;78;74m██[38;2;247;255;255m██[38;2;255;255;255m██████[38;2;177;181;229m██[38;2;178;181;226m████[38;2;74;70;66m████[38;2;189;214;221m████[38;2;66;66;66m████[38;2;181;181;229m██[38;2;0;0;0m██                      
[38;2;0;0;0m                                ██[38;2;181;181;229m████[38;2;82;82;66m██[38;2;255;255;255m██[38;2;177;181;229m████[38;2;74;70;66m██[38;2;181;181;229m██[38;2;255;255;255m██████[38;2;177;181;229m██[38;2;181;181;229m████[38;2;55;57;63m████[38;2;121;154;190m████[38;2;66;63;74m██[38;2;181;181;221m██[38;2;0;0;0m██                        
[38;2;0;0;0m                                  ██[38;2;181;181;229m██[38;2;82;82;66m██[38;2;255;255;255m████[38;2;177;181;229m██[38;2;74;70;66m████[38;2;177;181;229m██[38;2;255;255;255m██[38;2;177;181;229m████[38;2;181;181;229m██[38;2;66;66;66m██[38;2;16;8;0m██[38;2;132;156;188m██[38;2;121;154;190m██[38;2;66;66;66m██[38;2;66;63;74m██[38;2;8;4;0m██[38;2;0;0;0m                          
[38;2;0;0;0m                                  [38;2;16;8;0m██[38;2;55;57;63m██[38;2;255;255;255m████[38;2;181;181;229m██████[38;2;0;0;0m████[38;2;123;148;187m██[38;2;178;181;226m████[38;2;60;60;76m██[38;2;0;0;0m██  ████[38;2;181;181;229m██████[38;2;0;0;0m██                        
[38;2;0;0;0m                              ████[38;2;132;156;188m██[38;2;55;57;63m██[38;2;66;61;74m██[38;2;192;190;195m██[38;2;181;181;229m██[38;2;0;0;0m████    ██[38;2;178;181;226m██[38;2;123;148;187m██[38;2;181;181;229m██[38;2;0;0;0m██      ██████                          
[38;2;0;0;0m                            ██[38;2;123;148;187m████[38;2;90;90;110m██[38;2;181;181;221m██[38;2;181;181;229m██[38;2;0;0;0m████        ██[38;2;98;117;126m████[38;2;181;181;229m████[38;2;0;0;0m██                                    
[38;2;0;0;0m                              ██████████          ██[38;2;189;214;221m██[38;2;98;117;126m██[38;2;189;214;221m██[38;2;98;115;125m██[38;2;181;181;229m██[38;2;0;0;0m██                                    
[38;2;0;0;0m                                                ██[38;2;181;198;213m██[38;2;121;132;142m██[38;2;189;214;229m██[38;2;94;109;118m██[38;2;189;214;221m██[38;2;0;0;0m██                                      
[38;2;0;0;0m                                                  ██[38;2;60;66;71m██[38;2;189;214;229m██[38;2;0;4;8m██[38;2;0;0;0m██                                        
[38;2;0;0;0m                                                    ████                                            [0m
