
[38;2;0;0;0m          ██████[38;2;8;4;0m████[38;2;0;0;0m              
[38;2;0;0;0m      ████[38;2;173;156;133m██[38;2;255;255;207m████[38;2;173;171;149m██[38;2;255;255;223m██[38;2;0;0;0m████          
[38;2;0;0;0m    ██[38;2;255;255;207m██████[38;2;66;66;66m████[38;2;255;255;207m████[38;2;214;198;166m██[38;2;255;255;207m██[38;2;0;0;0m██        
[38;2;0;0;0m  ██[38;2;255;255;207m██[38;2;170;170;138m██[38;2;255;255;207m██[38;2;66;66;66m██[38;2;255;255;255m████[38;2;66;66;66m██[38;2;255;255;207m████████[38;2;0;0;0m██      
[38;2;0;0;0m  ██[38;2;255;255;207m████[38;2;66;66;66m██[38;2;255;255;255m████[38;2;66;66;66m██[38;2;255;255;207m████████[38;2;172;156;132m██[38;2;255;255;207m██[38;2;0;0;0m██    
[38;2;0;0;0m██[38;2;255;255;207m██████[38;2;66;66;66m██[38;2;255;255;255m████[38;2;66;66;66m██[38;2;255;255;207m████████████[38;2;0;0;0m██    
[38;2;0;0;0m██[38;2;170;165;138m██[38;2;255;255;223m██[38;2;66;66;82m██[38;2;255;255;255m██[38;2;231;82;87m██[38;2;255;255;231m██[38;2;66;66;66m██[38;2;255;255;207m██████████[38;2;173;156;133m██[38;2;170;165;138m██[38;2;0;0;0m██  
[38;2;0;0;0m██[38;2;255;247;207m██[38;2;129;129;129m██[38;2;66;66;82m██[38;2;231;82;87m████[38;2;66;66;66m██[38;2;255;255;231m██[38;2;115;123;163m████[38;2;255;255;207m████[38;2;214;205;170m██[38;2;255;255;207m██[38;2;255;247;207m██[38;2;0;0;0m██  
[38;2;0;0;0m██[38;2;90;90;146m██[38;2;247;247;247m██[38;2;82;82;82m██[38;2;231;82;87m████[38;2;57;61;81m██[38;2;123;126;139m██[38;2;137;142;166m██[38;2;82;86;146m██[38;2;255;255;207m████████[38;2;173;156;133m██[38;2;0;0;0m██  
[38;2;0;0;0m  ████[38;2;82;82;82m██[38;2;231;82;87m██[38;2;66;66;66m██[38;2;255;255;255m████[38;2;82;86;146m██[38;2;247;255;207m██[38;2;255;255;207m████[38;2;214;205;170m██[38;2;173;156;133m████[38;2;0;0;0m██  
[38;2;0;0;0m  ██[38;2;222;198;150m██[38;2;112;104;109m██[38;2;74;78;122m██[38;2;132;121;118m██[38;2;0;0;0m████[38;2;255;255;255m██[38;2;115;123;163m████[38;2;255;255;207m██████[38;2;0;0;0m██    
[38;2;0;0;0m██[38;2;214;198;166m██[38;2;57;57;89m██[38;2;222;198;150m██[38;2;247;206;111m██[38;2;74;78;122m██[38;2;189;189;189m██[38;2;0;0;0m██[38;2;255;255;255m██[38;2;115;123;163m██[38;2;255;255;207m██████[38;2;66;66;66m██[38;2;0;0;0m██    
[38;2;0;0;0m  ██[38;2;255;206;95m████[38;2;255;206;79m██[38;2;192;159;72m██[38;2;82;78;66m██[38;2;255;255;247m██[38;2;90;90;138m██[38;2;255;255;191m██[38;2;214;200;166m████[38;2;66;66;66m██[38;2;160;160;136m██[38;2;214;198;166m██[38;2;0;0;0m██  
[38;2;0;0;0m  ██[38;2;66;66;66m██[38;2;255;206;95m██[38;2;66;66;58m████[38;2;140;137;126m██[38;2;197;196;187m██[38;2;200;200;173m████[38;2;214;200;166m████[38;2;255;255;207m██[38;2;66;66;66m██[38;2;214;198;166m████[38;2;0;0;0m██
[38;2;0;0;0m  ██[38;2;107;111;152m██[38;2;57;58;76m██[38;2;66;70;90m██[38;2;214;198;174m██[38;2;167;164;151m██[38;2;255;255;191m██[38;2;172;156;132m██[38;2;255;255;207m██[38;2;162;167;170m██[38;2;255;255;199m██[38;2;66;66;66m██[38;2;115;126;163m██[38;2;0;0;0m████  
[38;2;0;0;0m    [38;2;8;4;0m██[38;2;107;111;152m██[38;2;115;113;118m██[38;2;165;155;146m██[38;2;123;119;131m██[38;2;167;164;151m██[38;2;172;156;132m████[38;2;115;123;155m████[38;2;115;126;163m████[38;2;0;0;0m██    
[38;2;0;0;0m      ██[38;2;90;94;122m████[38;2;115;127;171m████[38;2;90;90;146m██[38;2;66;66;66m██[38;2;115;126;163m████[38;2;90;90;146m██[38;2;0;0;0m██      
[38;2;0;0;0m      ██[38;2;90;94;122m██[38;2;214;156;46m██[38;2;0;0;8m██[38;2;77;85;117m██[38;2;90;90;146m████[38;2;66;66;66m████[38;2;0;0;0m██        
[38;2;0;0;0m        ████  ██[38;2;214;156;46m██████[38;2;0;0;0m██          
[38;2;0;0;0m              ██[38;2;66;66;66m██[38;2;214;156;46m██[38;2;0;0;0m████          
[38;2;0;0;0m                ████              [0m
