
[38;2;0;0;0m                [38;2;49;49;49m████████[38;2;0;0;0m                                        
[38;2;0;0;0m    [38;2;49;49;49m████[38;2;0;0;0m      [38;2;49;49;49m██[38;2;148;57;65m████████[38;2;49;49;49m████████[38;2;0;0;0m  [38;2;49;49;49m████████[38;2;0;0;0m                      
[38;2;0;0;0m    [38;2;49;49;49m██[38;2;82;148;205m██[38;2;49;49;49m██[38;2;0;0;0m      [38;2;49;49;49m████[38;2;148;57;65m██████[38;2;82;82;82m██[38;2;123;189;255m██[38;2;82;82;82m██[38;2;49;49;49m██[38;2;246;106;106m████████[38;2;49;49;49m████[38;2;0;0;0m                  
[38;2;0;0;0m    [38;2;49;49;49m██[38;2;82;148;205m████[38;2;49;49;49m██[38;2;0;0;0m        [38;2;49;49;49m██[38;2;148;57;65m██[38;2;82;82;82m██[38;2;123;189;255m████[38;2;82;82;82m██[38;2;148;57;65m██[38;2;82;82;82m██[38;2;189;74;82m██████[38;2;246;106;106m████[38;2;49;49;49m████[38;2;0;0;0m              
[38;2;0;0;0m      [38;2;49;49;49m██[38;2;82;148;205m████[38;2;49;49;49m████[38;2;0;0;0m  [38;2;49;49;49m████[38;2;82;82;82m██[38;2;82;148;205m██[38;2;123;189;255m██[38;2;82;82;82m██[38;2;148;57;65m██████[38;2;82;82;82m██[38;2;189;74;82m████████[38;2;246;106;106m████[38;2;49;49;49m██[38;2;0;0;0m            
[38;2;0;0;0m      [38;2;49;49;49m██[38;2;189;74;82m████[38;2;123;189;255m██[38;2;82;82;82m██[38;2;49;49;49m██[38;2;246;106;106m████[38;2;82;82;82m██[38;2;123;189;255m████[38;2;82;82;82m██[38;2;148;57;65m██████[38;2;82;82;82m██[38;2;189;74;82m████████████[38;2;246;106;106m██[38;2;49;49;49m██[38;2;0;0;0m          
[38;2;0;0;0m    [38;2;49;49;49m██[38;2;148;57;65m██[38;2;123;189;255m████[38;2;82;82;82m██[38;2;246;106;106m██████[38;2;82;82;82m██[38;2;123;189;255m████[38;2;82;82;82m██[38;2;148;57;65m██████████[38;2;82;82;82m██[38;2;189;74;82m██████████████[38;2;49;49;49m██[38;2;0;0;0m        
[38;2;0;0;0m    [38;2;49;49;49m██[38;2;123;189;255m████[38;2;82;82;82m██[38;2;189;74;82m████[38;2;189;189;189m██[38;2;189;74;82m██[38;2;123;189;255m██████[38;2;82;82;82m██[38;2;148;57;65m████[38;2;49;49;49m██████[38;2;82;82;82m██[38;2;189;74;82m████████████████[38;2;49;49;49m██[38;2;0;0;0m      
[38;2;0;0;0m  [38;2;49;49;49m██[38;2;123;189;255m██████[38;2;189;189;189m██[38;2;49;49;49m██[38;2;255;255;255m████[38;2;123;189;255m████[38;2;57;115;156m██████[38;2;82;82;82m██[38;2;49;49;49m██[38;2;0;0;0m      [38;2;49;49;49m██[38;2;189;74;82m████████████████[38;2;49;49;49m██[38;2;0;0;0m      
[38;2;49;49;49m██[38;2;123;189;255m████[38;2;57;115;156m██[38;2;123;189;255m████████████████████████[38;2;49;49;49m██[38;2;0;0;0m  [38;2;49;49;49m██[38;2;246;106;106m██[38;2;189;74;82m██████[38;2;49;49;49m██████[38;2;189;74;82m██████[38;2;49;49;49m██[38;2;0;0;0m    
[38;2;0;0;0m  [38;2;49;49;49m██[38;2;57;115;156m██[38;2;82;148;205m████[38;2;57;115;156m██[38;2;82;82;82m████[38;2;123;189;255m██████[38;2;82;82;82m████████[38;2;49;49;49m██[38;2;0;0;0m  [38;2;49;49;49m████[38;2;189;74;82m██████[38;2;49;49;49m██[38;2;0;0;0m      [38;2;49;49;49m████[38;2;189;74;82m██[38;2;49;49;49m██[38;2;0;0;0m    
[38;2;0;0;0m    [38;2;49;49;49m████[38;2;189;189;189m████████[38;2;82;82;82m██[38;2;123;189;255m████[38;2;82;82;82m██[38;2;82;148;205m████[38;2;82;82;82m██[38;2;148;57;65m██[38;2;49;49;49m██[38;2;82;82;82m██[38;2;189;74;82m██████[38;2;82;82;82m██[38;2;49;49;49m████[38;2;0;0;0m        [38;2;49;49;49m████[38;2;0;0;0m    
[38;2;0;0;0m        [38;2;49;49;49m████████[38;2;82;82;82m████[38;2;123;189;255m██[38;2;82;148;205m██[38;2;82;82;82m██[38;2;123;189;255m████[38;2;82;82;82m████[38;2;123;189;255m██[38;2;189;74;82m████[38;2;82;82;82m██[38;2;123;189;255m██████[38;2;49;49;49m████████[38;2;0;0;0m        
[38;2;0;0;0m                [38;2;49;49;49m██[38;2;82;148;205m██[38;2;82;82;82m██[38;2;123;189;255m██[38;2;82;82;82m██[38;2;148;57;65m██[38;2;123;189;255m████████[38;2;82;82;82m████[38;2;123;189;255m████████████[38;2;82;82;82m██[38;2;57;115;156m██[38;2;49;49;49m██████[38;2;0;0;0m  
[38;2;0;0;0m              [38;2;49;49;49m██[38;2;82;148;205m██████[38;2;82;82;82m████[38;2;189;74;82m██[38;2;148;57;65m██[38;2;123;189;255m████████████████████████[38;2;82;82;82m██[38;2;57;115;156m██████[38;2;49;49;49m██
[38;2;0;0;0m            [38;2;49;49;49m██[38;2;82;148;205m████[38;2;57;115;156m████[38;2;131;131;131m██[38;2;57;115;156m████[38;2;123;189;255m████████████[38;2;57;115;156m██[38;2;123;189;255m████[38;2;189;74;82m██[38;2;123;189;255m██████[38;2;82;82;82m██[38;2;57;115;156m████[38;2;148;57;65m██[38;2;49;49;49m██
[38;2;0;0;0m          [38;2;49;49;49m██[38;2;82;148;205m██████[38;2;82;82;82m██[38;2;189;189;189m██[38;2;131;131;131m██[38;2;255;255;255m██[38;2;131;131;131m██[38;2;57;115;156m████[38;2;123;189;255m██████████[38;2;82;82;82m██[38;2;82;148;205m██[38;2;148;57;65m██[38;2;189;74;82m██[38;2;123;189;255m██[38;2;82;148;205m████[38;2;82;82;82m██[38;2;49;49;49m████[38;2;0;0;0m  
[38;2;0;0;0m          [38;2;49;49;49m██[38;2;82;148;205m██████[38;2;148;57;65m██[38;2;49;49;49m██[38;2;131;131;131m██[38;2;255;255;255m██[38;2;131;131;131m██[38;2;255;255;255m████[38;2;82;82;82m██[38;2;123;189;255m████████[38;2;82;82;82m██[38;2;49;49;49m████[38;2;189;74;82m██[38;2;82;148;205m██████[38;2;49;49;49m██[38;2;0;0;0m      
[38;2;0;0;0m        [38;2;49;49;49m██[38;2;189;189;189m████[38;2;82;148;205m██[38;2;49;49;49m████[38;2;0;0;0m  [38;2;49;49;49m████[38;2;255;255;255m██[38;2;131;131;131m██[38;2;255;255;255m██[38;2;82;82;82m██[38;2;123;189;255m████████[38;2;49;49;49m██[38;2;0;0;0m    [38;2;49;49;49m██[38;2;189;189;189m██[38;2;57;115;156m██[38;2;189;189;189m██[38;2;49;49;49m██[38;2;0;0;0m      
[38;2;0;0;0m          [38;2;49;49;49m██████[38;2;0;0;0m          [38;2;49;49;49m████████[38;2;82;82;82m██[38;2;123;189;255m████████[38;2;49;49;49m██[38;2;0;0;0m    [38;2;49;49;49m██████[38;2;0;0;0m        
[38;2;0;0;0m                                  [38;2;49;49;49m██[38;2;123;189;255m████████[38;2;49;49;49m██[38;2;0;0;0m                  
[38;2;0;0;0m                                    [38;2;49;49;49m██[38;2;255;255;255m██[38;2;57;115;156m██[38;2;255;255;255m██[38;2;49;49;49m██[38;2;0;0;0m                  
[38;2;0;0;0m                                      [38;2;49;49;49m██████[38;2;0;0;0m                    [0m
