
[38;2;0;0;0m      ██                                
[38;2;0;0;0m    ██[38;2;224;208;80m██[38;2;0;0;0m██    ██████                    
[38;2;0;0;0m    ██[38;2;176;152;48m████[38;2;0;0;0m████[38;2;224;208;80m██████[38;2;0;0;0m████                
[38;2;0;0;0m  ██[38;2;176;152;48m██[38;2;224;208;80m██████[38;2;176;152;48m██[38;2;0;0;0m██████[38;2;224;208;80m██[38;2;176;152;48m██[38;2;0;0;0m██              
[38;2;0;0;0m  ██[38;2;224;208;80m██[38;2;176;152;48m████[38;2;224;208;80m██[38;2;64;64;64m████[38;2;224;208;80m██[38;2;0;0;0m██[38;2;224;208;80m████[38;2;176;152;48m██[38;2;0;0;0m██        ██  
[38;2;0;0;0m██[38;2;176;152;48m████[38;2;224;208;80m████[38;2;176;152;48m██[38;2;224;208;80m████[38;2;176;152;48m██[38;2;64;64;64m██[38;2;224;208;80m████[38;2;128;112;48m██[38;2;176;152;48m██[38;2;0;0;0m██    ██[38;2;224;208;80m██[38;2;0;0;0m██
[38;2;0;0;0m██[38;2;224;208;80m████[38;2;176;152;48m██[38;2;224;208;80m████[38;2;0;0;0m████[38;2;176;152;48m████[38;2;224;208;80m██[38;2;176;152;48m██████[38;2;64;64;64m██[38;2;0;0;0m████[38;2;176;152;48m██[38;2;224;208;80m██[38;2;0;0;0m██
[38;2;0;0;0m██[38;2;176;152;48m██[38;2;224;208;80m████[38;2;176;152;48m██[38;2;0;0;0m██[38;2;248;232;176m██[38;2;48;64;128m██[38;2;176;152;48m██████[38;2;128;112;48m██[38;2;224;208;80m██[38;2;128;112;48m██[38;2;176;152;48m██[38;2;64;64;64m██[38;2;224;208;80m████[38;2;176;152;48m██[38;2;0;0;0m██
[38;2;0;0;0m██[38;2;248;232;176m██[38;2;176;152;48m████[38;2;248;232;176m██[38;2;0;0;0m██[38;2;48;64;128m██[38;2;176;152;48m████[38;2;64;64;64m██[38;2;128;112;48m██[38;2;176;152;48m██[38;2;224;208;80m████[38;2;176;152;48m██[38;2;64;64;64m██[38;2;176;152;48m██[38;2;224;208;80m██[38;2;0;0;0m██  
[38;2;0;0;0m  ██[38;2;248;232;176m████[38;2;200;192;152m██████[38;2;64;64;64m████[38;2;200;192;152m██[38;2;128;112;48m██[38;2;224;208;80m██[38;2;176;152;48m██[38;2;224;208;80m██[38;2;176;152;48m██[38;2;128;112;48m██[38;2;64;64;64m██[38;2;176;152;48m██[38;2;0;0;0m██  
[38;2;0;0;0m  ██[38;2;120;120;120m██[38;2;200;192;152m██[38;2;64;64;64m██████[38;2;248;232;176m████[38;2;64;64;64m██[38;2;248;248;248m██[38;2;224;208;80m████[38;2;64;64;64m██[38;2;128;112;48m██[38;2;176;152;48m██[38;2;64;64;64m██[38;2;0;0;0m██    
[38;2;0;0;0m    ██[38;2;64;64;64m██[38;2;128;112;48m██[38;2;64;64;64m██[38;2;248;232;176m██████[38;2;64;64;64m██[38;2;176;152;48m██[38;2;248;248;248m██[38;2;64;64;64m██[38;2;176;152;48m██████[38;2;0;0;0m██      
[38;2;0;0;0m      ██[38;2;128;112;48m████[38;2;64;64;64m██[38;2;200;192;152m██████[38;2;64;64;64m████[38;2;224;208;80m██[38;2;176;152;48m██[38;2;128;112;48m██[38;2;176;152;48m██[38;2;0;0;0m██      
[38;2;0;0;0m        ████[38;2;128;112;48m██[38;2;64;64;64m██[38;2;200;192;152m██[38;2;128;112;48m██[38;2;224;208;80m██[38;2;176;152;48m████[38;2;128;112;48m██[38;2;176;152;48m██[38;2;0;0;0m██        
[38;2;0;0;0m            ████████[38;2;176;152;48m██[38;2;224;208;80m████[38;2;176;152;48m██[38;2;128;112;48m██[38;2;0;0;0m██        
[38;2;0;0;0m                    ██[38;2;128;112;48m██[38;2;176;152;48m██[38;2;128;112;48m██[38;2;0;0;0m██          
[38;2;0;0;0m                    ██[38;2;248;248;248m██[38;2;176;152;48m██[38;2;184;184;176m██[38;2;0;0;0m██          
[38;2;0;0;0m                      ██████            [0m
