
[38;2;0;0;0m            [38;2;49;49;49m████[38;2;0;0;0m                                        
[38;2;0;0;0m          [38;2;49;49;49m██[38;2;156;230;148m██[38;2;115;197;115m██[38;2;49;49;49m██[38;2;0;0;0m      [38;2;49;49;49m██████[38;2;0;0;0m                          
[38;2;0;0;0m          [38;2;49;49;49m██[38;2;156;230;148m██[38;2;115;197;115m██[38;2;74;156;82m██[38;2;49;49;49m██████[38;2;156;230;148m██████[38;2;49;49;49m██[38;2;0;0;0m                        
[38;2;0;0;0m        [38;2;49;49;49m██[38;2;156;230;148m██[38;2;115;197;115m██████[38;2;74;156;82m██[38;2;156;230;148m████████[38;2;115;197;115m██[38;2;49;49;49m██[38;2;0;0;0m                        
[38;2;0;0;0m        [38;2;49;49;49m██[38;2;156;230;148m██[38;2;115;197;115m████[38;2;74;156;82m██[38;2;156;230;148m██████[38;2;115;197;115m████[38;2;74;156;82m██[38;2;49;49;49m██[38;2;0;0;0m                        
[38;2;0;0;0m      [38;2;49;49;49m██[38;2;156;230;148m██[38;2;115;197;115m████[38;2;74;156;82m██[38;2;156;230;148m████[38;2;115;197;115m██[38;2;172;74;82m██[38;2;115;197;115m████[38;2;49;49;49m██[38;2;0;0;0m                          
[38;2;0;0;0m      [38;2;49;49;49m██[38;2;156;230;148m██[38;2;115;197;115m██[38;2;156;230;148m████[38;2;115;197;115m██[38;2;82;82;82m██[38;2;246;230;41m██[38;2;230;82;90m██[38;2;115;197;115m██[38;2;74;156;82m██[38;2;49;49;49m██[38;2;0;0;0m                          
[38;2;0;0;0m      [38;2;49;49;49m██[38;2;156;230;148m████████[38;2;246;230;41m██[38;2;49;49;49m██[38;2;246;230;41m██[38;2;230;82;90m██[38;2;115;197;115m██[38;2;49;49;49m██[38;2;0;0;0m                            
[38;2;0;0;0m      [38;2;49;49;49m██[38;2;115;197;115m██[38;2;74;156;82m██[38;2;156;230;148m██[38;2;115;197;115m████[38;2;255;172;82m██[38;2;230;82;90m██[38;2;74;156;82m████[38;2;49;49;49m██[38;2;0;0;0m                            
[38;2;0;0;0m        [38;2;49;49;49m████[38;2;230;82;90m████████[38;2;172;74;82m██[38;2;74;156;82m██[38;2;82;82;82m██[38;2;246;230;41m██[38;2;49;49;49m██[38;2;0;0;0m                          
[38;2;0;0;0m    [38;2;49;49;49m████[38;2;0;0;0m    [38;2;49;49;49m████[38;2;230;82;90m██[38;2;172;74;82m██[38;2;74;156;82m████[38;2;82;82;82m██[38;2;255;172;82m██[38;2;49;49;49m██[38;2;0;0;0m                          
[38;2;0;0;0m    [38;2;49;49;49m██[38;2;115;197;115m██[38;2;49;49;49m██[38;2;0;0;0m      [38;2;49;49;49m██[38;2;82;82;82m██[38;2;74;156;82m██[38;2;115;197;115m██[38;2;74;156;82m██[38;2;82;82;82m██[38;2;49;49;49m████[38;2;0;0;0m                        
[38;2;49;49;49m██████[38;2;115;197;115m██[38;2;49;49;49m██[38;2;0;0;0m  [38;2;49;49;49m████[38;2;74;156;82m██[38;2;65;106;65m██[38;2;74;156;82m██[38;2;115;197;115m██████[38;2;82;82;82m██[38;2;246;230;41m██[38;2;49;49;49m██[38;2;0;0;0m  [38;2;49;49;49m████[38;2;0;0;0m    [38;2;49;49;49m████████[38;2;0;0;0m    
[38;2;49;49;49m██[38;2;74;156;82m██[38;2;65;106;65m██[38;2;82;82;82m██[38;2;74;156;82m██[38;2;49;49;49m██[38;2;74;156;82m████[38;2;49;49;49m████[38;2;115;197;115m████[38;2;65;106;65m██[38;2;82;82;82m██[38;2;115;197;115m██[38;2;82;82;82m██[38;2;49;49;49m████[38;2;156;230;148m██[38;2;49;49;49m██████[38;2;115;197;115m██[38;2;82;82;82m██[38;2;115;197;115m██[38;2;49;49;49m██[38;2;0;0;0m    
[38;2;0;0;0m  [38;2;49;49;49m████[38;2;156;230;148m██[38;2;115;197;115m██[38;2;74;156;82m██[38;2;49;49;49m████[38;2;0;0;0m  [38;2;49;49;49m██[38;2;115;197;115m██[38;2;74;156;82m████[38;2;65;106;65m██[38;2;82;82;82m██[38;2;115;197;115m██[38;2;82;82;82m██[38;2;74;156;82m██[38;2;156;230;148m██[38;2;82;82;82m██[38;2;115;197;115m██[38;2;82;82;82m██[38;2;115;197;115m██[38;2;82;82;82m██[38;2;74;156;82m██[38;2;49;49;49m██████
[38;2;0;0;0m    [38;2;49;49;49m██[38;2;156;230;148m██[38;2;49;49;49m██[38;2;115;197;115m██[38;2;49;49;49m██[38;2;0;0;0m    [38;2;49;49;49m██[38;2;74;156;82m████[38;2;115;197;115m██[38;2;74;156;82m██[38;2;65;106;65m██[38;2;115;197;115m██[38;2;74;156;82m██[38;2;156;230;148m██[38;2;82;82;82m████████[38;2;74;156;82m██[38;2;82;82;82m████[38;2;115;197;115m████[38;2;49;49;49m██
[38;2;0;0;0m      [38;2;49;49;49m██[38;2;0;0;0m  [38;2;49;49;49m██[38;2;0;0;0m    [38;2;49;49;49m██[38;2;74;156;82m██[38;2;115;197;115m████████[38;2;74;156;82m██[38;2;82;82;82m██[38;2;115;197;115m██[38;2;82;82;82m██[38;2;115;197;115m██[38;2;156;230;148m████[38;2;82;82;82m████[38;2;115;197;115m████[38;2;82;82;82m██[38;2;49;49;49m██[38;2;0;0;0m  
[38;2;0;0;0m              [38;2;49;49;49m██[38;2;82;82;82m██[38;2;115;197;115m██████████[38;2;82;82;82m██[38;2;156;230;148m██[38;2;115;197;115m██[38;2;156;230;148m██[38;2;82;82;82m██████[38;2;115;197;115m████[38;2;82;82;82m████[38;2;74;156;82m██[38;2;49;49;49m██[38;2;0;0;0m  
[38;2;0;0;0m            [38;2;49;49;49m██[38;2;115;197;115m██[38;2;65;106;65m██[38;2;230;82;90m██[38;2;115;197;115m██████[38;2;230;82;90m██[38;2;82;82;82m██[38;2;156;230;148m██[38;2;82;82;82m██[38;2;156;230;148m██[38;2;82;82;82m██[38;2;115;197;115m████[38;2;82;82;82m████[38;2;74;156;82m██[38;2;82;82;82m██[38;2;49;49;49m██[38;2;0;0;0m    
[38;2;0;0;0m            [38;2;49;49;49m██[38;2;115;197;115m██[38;2;65;106;65m██[38;2;74;156;82m██[38;2;230;82;90m██████[38;2;172;74;82m██[38;2;65;106;65m██[38;2;82;82;82m██[38;2;74;156;82m██[38;2;82;82;82m██[38;2;115;197;115m██[38;2;82;82;82m████[38;2;74;156;82m██[38;2;82;82;82m██[38;2;74;156;82m██[38;2;49;49;49m██[38;2;0;0;0m      
[38;2;0;0;0m              [38;2;49;49;49m██[38;2;74;156;82m██[38;2;65;106;65m██[38;2;74;156;82m████████[38;2;65;106;65m██[38;2;74;156;82m██[38;2;115;197;115m██████[38;2;65;106;65m██[38;2;74;156;82m████[38;2;49;49;49m████[38;2;0;0;0m        
[38;2;0;0;0m            [38;2;49;49;49m██[38;2;82;82;82m██[38;2;65;106;65m██[38;2;74;156;82m██[38;2;65;106;65m██[38;2;49;49;49m████████[38;2;74;156;82m██[38;2;115;197;115m████[38;2;74;156;82m██[38;2;49;49;49m██████[38;2;0;0;0m            
[38;2;0;0;0m          [38;2;49;49;49m██[38;2;115;197;115m██[38;2;74;156;82m██[38;2;115;197;115m██[38;2;74;156;82m██[38;2;49;49;49m██[38;2;0;0;0m        [38;2;49;49;49m██[38;2;74;156;82m████[38;2;49;49;49m██[38;2;0;0;0m                  
[38;2;0;0;0m            [38;2;49;49;49m████████[38;2;0;0;0m            [38;2;49;49;49m██[38;2;74;156;82m██[38;2;65;106;65m██[38;2;49;49;49m██[38;2;0;0;0m                
[38;2;0;0;0m                              [38;2;49;49;49m██[38;2;74;156;82m██[38;2;156;230;148m██[38;2;74;156;82m██[38;2;156;230;148m██[38;2;49;49;49m██[38;2;0;0;0m              
[38;2;0;0;0m                                [38;2;49;49;49m████████[38;2;0;0;0m                [0m
