
[38;2;0;0;0m            ██████            
[38;2;0;0;0m      ██████[38;2;222;94;38m██[38;2;231;74;47m██[38;2;0;0;0m██            
[38;2;0;0;0m    ██[38;2;170;126;31m██[38;2;255;189;47m██[38;2;222;94;38m████[38;2;0;0;0m██              
[38;2;0;0;0m  ██[38;2;255;181;47m██████[38;2;197;133;29m████[38;2;255;181;47m██[38;2;8;4;0m██[38;2;0;0;0m            
[38;2;0;0;0m██[38;2;255;181;47m██████████████[38;2;173;122;31m██[38;2;0;0;0m██          
[38;2;0;0;0m██[38;2;247;255;255m██[38;2;206;189;126m██[38;2;255;181;47m████[38;2;255;255;255m████[38;2;255;181;47m████[38;2;0;0;0m██          
[38;2;0;0;0m██[38;2;247;255;255m██[38;2;220;211;169m██[38;2;255;181;47m██[38;2;255;255;255m██[38;2;0;0;0m██[38;2;255;255;255m██[38;2;255;181;47m████[38;2;0;0;0m██          
[38;2;0;0;0m  ██[38;2;189;189;189m██[38;2;247;255;255m██[38;2;231;181;47m██[38;2;255;255;255m████[38;2;231;198;87m████[38;2;0;0;0m██          
[38;2;0;0;0m    ██[38;2;236;206;116m████[38;2;222;206;110m████[38;2;231;198;87m██[38;2;0;0;0m██            
[38;2;0;0;0m  ██[38;2;247;247;175m██[38;2;148;140;100m████[38;2;203;193;118m██[38;2;151;132;76m██[38;2;175;137;53m██[38;2;16;0;0m██[38;2;0;0;0m  ████      
[38;2;0;0;0m    ██[38;2;203;109;54m██[38;2;231;94;31m██[38;2;99;70;35m██[38;2;255;255;159m██[38;2;255;206;79m██[38;2;175;137;53m██[38;2;0;0;0m██[38;2;255;181;47m██[38;2;198;132;30m██[38;2;0;0;0m████  
[38;2;0;0;0m      [38;2;8;4;0m██[38;2;255;181;47m██[38;2;200;154;61m██[38;2;145;126;84m██[38;2;148;132;100m██[38;2;255;181;47m██[38;2;57;70;81m██[38;2;255;181;55m██[38;2;255;181;39m██[38;2;200;154;61m██[38;2;255;181;47m██[38;2;0;0;0m██
[38;2;0;0;0m    ██[38;2;255;181;47m██[38;2;173;122;31m██[38;2;255;181;39m████[38;2;255;181;47m████[38;2;156;125;68m██[38;2;255;181;55m██[38;2;145;126;84m██[38;2;255;181;39m██[38;2;0;0;0m████
[38;2;0;0;0m      ████[38;2;170;126;31m██[38;2;255;189;47m██[38;2;192;141;45m██[38;2;66;61;58m██[38;2;255;189;47m██[38;2;170;126;31m██[38;2;0;0;0m████    
[38;2;0;0;0m          ████[38;2;255;181;39m████[38;2;0;0;0m████        
[38;2;0;0;0m              ████            [0m
