
[38;2;0;0;0m                [38;2;49;49;49m████████[38;2;0;0;0m                            
[38;2;0;0;0m            [38;2;49;49;49m████[38;2;106;197;246m████████[38;2;49;49;49m████[38;2;0;0;0m                        
[38;2;0;0;0m          [38;2;49;49;49m██[38;2;255;255;255m██[38;2;106;197;246m██████████████[38;2;49;49;49m██[38;2;0;0;0m                      
[38;2;49;49;49m██████[38;2;0;0;0m  [38;2;49;49;49m██[38;2;82;82;82m██[38;2;49;49;49m██[38;2;106;197;246m██████[38;2;65;156;205m██[38;2;106;197;246m██████[38;2;49;49;49m██[38;2;0;0;0m                      
[38;2;49;49;49m██[38;2;205;205;205m████[38;2;49;49;49m██[38;2;82;82;82m██[38;2;123;123;123m██[38;2;106;197;246m████[38;2;123;123;123m██[38;2;106;197;246m██[38;2;255;255;255m██[38;2;82;82;82m██[38;2;106;197;246m████[38;2;65;156;205m██[38;2;49;49;49m██[38;2;0;0;0m          [38;2;49;49;49m████[38;2;0;0;0m      
[38;2;0;0;0m  [38;2;49;49;49m██[38;2;123;123;123m██[38;2;205;205;205m██████[38;2;123;123;123m██[38;2;106;197;246m██████[38;2;49;49;49m████[38;2;106;197;246m██[38;2;65;156;205m████[38;2;49;49;49m██[38;2;0;0;0m        [38;2;49;49;49m██[38;2;65;156;205m██[38;2;82;82;82m██[38;2;49;49;49m██[38;2;0;0;0m    
[38;2;49;49;49m██[38;2;205;205;205m████[38;2;123;123;123m████[38;2;82;82;82m██[38;2;246;222;164m██[38;2;123;123;123m████[38;2;82;82;82m██████[38;2;65;156;205m████████[38;2;49;49;49m████[38;2;0;0;0m  [38;2;49;49;49m██[38;2;65;156;205m██[38;2;82;82;82m██[38;2;65;156;205m██[38;2;49;49;49m██[38;2;0;0;0m    
[38;2;0;0;0m  [38;2;49;49;49m██[38;2;123;123;123m██[38;2;205;205;205m████[38;2;82;82;82m██[38;2;246;222;164m████[38;2;82;82;82m██[38;2;255;255;255m██████[38;2;82;82;82m██████[38;2;65;156;205m██[38;2;106;197;246m██[38;2;82;82;82m██[38;2;49;49;49m██[38;2;65;156;205m██████[38;2;82;82;82m████[38;2;49;49;49m██[38;2;0;0;0m  
[38;2;0;0;0m  [38;2;49;49;49m██[38;2;205;205;205m████[38;2;82;82;82m██[38;2;246;222;164m██████[38;2;82;82;82m██[38;2;255;255;255m████[38;2;123;123;123m██[38;2;255;255;255m██████[38;2;82;82;82m██[38;2;106;197;246m████[38;2;65;156;205m██[38;2;82;82;82m██[38;2;65;156;205m██████████[38;2;49;49;49m██
[38;2;0;0;0m    [38;2;49;49;49m████[38;2;82;82;82m██[38;2;246;222;164m████████[38;2;82;82;82m██[38;2;255;255;255m████[38;2;123;123;123m████[38;2;82;82;82m████[38;2;65;156;205m██[38;2;106;197;246m████[38;2;65;156;205m██[38;2;82;82;82m██[38;2;65;156;205m████[38;2;49;49;49m██████
[38;2;0;0;0m        [38;2;49;49;49m██[38;2;246;222;164m████████[38;2;82;82;82m██[38;2;255;255;255m██[38;2;123;123;123m██[38;2;255;255;255m████[38;2;82;82;82m██[38;2;65;156;205m██████████[38;2;82;82;82m██[38;2;49;49;49m████[38;2;0;0;0m      
[38;2;0;0;0m          [38;2;49;49;49m██[38;2;246;222;164m████████[38;2;82;82;82m██[38;2;255;255;255m██[38;2;82;82;82m████[38;2;213;180;131m████[38;2;65;156;205m██[38;2;213;180;131m██[38;2;65;156;205m████[38;2;49;49;49m██[38;2;0;0;0m          
[38;2;0;0;0m        [38;2;49;49;49m██[38;2;82;82;82m██[38;2;65;156;205m██[38;2;246;222;164m████[38;2;213;180;131m██[38;2;82;82;82m████[38;2;213;180;131m██[38;2;65;156;205m██[38;2;213;180;131m████[38;2;65;156;205m██████[38;2;49;49;49m██[38;2;0;0;0m            
[38;2;0;0;0m      [38;2;49;49;49m██[38;2;65;156;205m████[38;2;82;82;82m██[38;2;65;156;205m████[38;2;213;180;131m██████[38;2;65;156;205m██████████████[38;2;49;49;49m██[38;2;0;0;0m            
[38;2;0;0;0m        [38;2;49;49;49m████████[38;2;65;156;205m██████████████[38;2;82;82;82m██[38;2;65;156;205m████[38;2;49;49;49m██[38;2;0;0;0m              
[38;2;0;0;0m                [38;2;49;49;49m████[38;2;65;156;205m██[38;2;82;82;82m██[38;2;65;156;205m██[38;2;106;197;246m██████[38;2;82;82;82m██[38;2;49;49;49m██[38;2;0;0;0m                
[38;2;0;0;0m                    [38;2;49;49;49m██████[38;2;65;156;205m██[38;2;106;197;246m██[38;2;65;156;205m██[38;2;106;197;246m██[38;2;49;49;49m██[38;2;0;0;0m                
[38;2;0;0;0m                          [38;2;49;49;49m████████[38;2;0;0;0m                  [0m
