
[38;2;0;0;0m        [38;2;49;49;49m████[38;2;0;0;0m                  
[38;2;0;0;0m      [38;2;49;49;49m██[38;2;123;90;74m██[38;2;49;49;49m████[38;2;0;0;0m      [38;2;49;49;49m████[38;2;0;0;0m      
[38;2;0;0;0m      [38;2;49;49;49m██[38;2;246;115;123m██[38;2;123;90;74m██[38;2;49;49;49m██[38;2;0;0;0m    [38;2;49;49;49m██[38;2;123;90;74m██[38;2;49;49;49m████[38;2;0;0;0m    
[38;2;0;0;0m        [38;2;49;49;49m██[38;2;246;115;123m██[38;2;123;90;74m██[38;2;49;49;49m██[38;2;0;0;0m  [38;2;49;49;49m██[38;2;246;115;123m██[38;2;123;90;74m██[38;2;49;49;49m██[38;2;0;0;0m    
[38;2;0;0;0m        [38;2;49;49;49m██[38;2;246;115;123m██[38;2;123;90;74m██[38;2;49;49;49m██[38;2;0;0;0m  [38;2;49;49;49m██[38;2;246;115;123m██[38;2;123;90;74m██[38;2;49;49;49m██[38;2;0;0;0m    
[38;2;0;0;0m          [38;2;49;49;49m██[38;2;82;82;82m██[38;2;49;49;49m████[38;2;246;115;123m██[38;2;123;90;74m██[38;2;49;49;49m██[38;2;0;0;0m      
[38;2;0;0;0m  [38;2;49;49;49m████[38;2;0;0;0m  [38;2;49;49;49m██[38;2;213;156;139m████[38;2;197;139;123m██[38;2;82;82;82m██[38;2;197;115;123m██[38;2;49;49;49m██[38;2;0;0;0m        
[38;2;49;49;49m██[38;2;123;90;74m██[38;2;172;115;90m██[38;2;49;49;49m██[38;2;82;82;82m██[38;2;213;156;139m██████[38;2;197;139;123m██[38;2;82;82;82m██[38;2;49;49;49m██[38;2;0;0;0m        
[38;2;49;49;49m██[38;2;172;115;90m██[38;2;123;90;74m██[38;2;213;156;139m██[38;2;82;82;82m██[38;2;213;156;139m████[38;2;49;49;49m██[38;2;197;139;123m██████[38;2;49;49;49m██[38;2;0;0;0m      
[38;2;49;49;49m██[38;2;123;90;74m██[38;2;197;139;123m██████[38;2;123;90;74m██[38;2;197;139;123m██[38;2;49;49;49m██[38;2;197;139;123m████[38;2;123;90;74m████[38;2;49;49;49m████[38;2;0;0;0m  
[38;2;0;0;0m  [38;2;49;49;49m██[38;2;197;139;123m████[38;2;255;246;230m████[38;2;197;139;123m████████████[38;2;123;90;74m██[38;2;197;139;123m██[38;2;49;49;49m██
[38;2;0;0;0m  [38;2;49;49;49m██[38;2;172;115;90m██[38;2;255;246;230m████████[38;2;197;139;123m██████████[38;2;123;90;74m██[38;2;197;139;123m██[38;2;49;49;49m██
[38;2;0;0;0m    [38;2;49;49;49m██[38;2;213;197;172m██[38;2;197;139;123m████[38;2;255;246;230m████[38;2;197;139;123m██████████[38;2;49;49;49m██[38;2;0;0;0m  
[38;2;0;0;0m    [38;2;49;49;49m██[38;2;172;115;90m████[38;2;197;139;123m████[38;2;255;246;230m██[38;2;197;139;123m██████[38;2;172;115;90m██[38;2;49;49;49m██[38;2;0;0;0m    
[38;2;0;0;0m      [38;2;49;49;49m██[38;2;172;115;90m██████[38;2;213;197;172m████[38;2;172;115;90m██[38;2;82;82;82m██[38;2;49;49;49m██[38;2;0;0;0m      
[38;2;0;0;0m        [38;2;49;49;49m████[38;2;213;197;172m████[38;2;82;82;82m████[38;2;49;49;49m██[38;2;0;0;0m        
[38;2;0;0;0m          [38;2;49;49;49m██[38;2;82;82;82m████[38;2;197;139;123m████[38;2;49;49;49m██[38;2;0;0;0m        
[38;2;0;0;0m          [38;2;49;49;49m██[38;2;172;115;90m████[38;2;49;49;49m████[38;2;0;0;0m          
[38;2;0;0;0m          [38;2;49;49;49m██[38;2;123;90;74m████[38;2;49;49;49m██[38;2;0;0;0m            
[38;2;0;0;0m        [38;2;49;49;49m██[38;2;197;139;123m████[38;2;172;115;90m██[38;2;49;49;49m██[38;2;0;0;0m            
[38;2;0;0;0m    [38;2;49;49;49m████[38;2;123;90;74m██████[38;2;197;139;123m██[38;2;172;115;90m██[38;2;49;49;49m██[38;2;0;0;0m          
[38;2;0;0;0m  [38;2;49;49;49m██[38;2;123;90;74m██[38;2;213;156;139m████[38;2;197;139;123m██[38;2;123;90;74m████[38;2;172;115;90m██[38;2;49;49;49m██[38;2;0;0;0m          
[38;2;0;0;0m  [38;2;49;49;49m██[38;2;197;139;123m██[38;2;213;156;139m████[38;2;197;139;123m████[38;2;123;90;74m██[38;2;172;115;90m██[38;2;49;49;49m██[38;2;0;0;0m          
[38;2;0;0;0m  [38;2;49;49;49m██[38;2;172;115;90m██[38;2;197;139;123m██████[38;2;172;115;90m██[38;2;123;90;74m██[38;2;49;49;49m██[38;2;0;0;0m            
[38;2;0;0;0m    [38;2;49;49;49m██[38;2;172;115;90m██████[38;2;49;49;49m████[38;2;0;0;0m              [0m
