
[38;2;0;0;0m              [38;2;49;49;49m████████[38;2;0;0;0m              
[38;2;0;0;0m            [38;2;49;49;49m██[38;2;255;238;172m██[38;2;189;156;106m████[38;2;230;205;123m██[38;2;49;49;49m██[38;2;0;0;0m            
[38;2;0;0;0m          [38;2;49;49;49m████[38;2;189;156;106m██[38;2;255;238;172m██[38;2;230;205;123m██[38;2;189;156;106m██[38;2;49;49;49m████[38;2;0;0;0m          
[38;2;0;0;0m        [38;2;49;49;49m██[38;2;90;205;131m██[38;2;255;238;172m██[38;2;189;156;106m████████[38;2;230;205;123m██[38;2;189;156;106m██[38;2;49;49;49m██[38;2;0;0;0m        
[38;2;0;0;0m      [38;2;49;49;49m██[38;2;230;205;123m██[38;2;255;238;172m██████[38;2;230;205;123m██████[38;2;82;180;115m████[38;2;189;156;106m██[38;2;49;49;49m██[38;2;0;0;0m      
[38;2;0;0;0m      [38;2;49;49;49m██[38;2;131;131;123m██[38;2;189;156;106m██[38;2;255;238;172m████[38;2;230;205;123m██████[38;2;82;180;115m████[38;2;230;205;123m██[38;2;49;49;49m██[38;2;0;0;0m      
[38;2;0;0;0m    [38;2;49;49;49m██[38;2;90;205;131m██[38;2;49;49;49m██[38;2;230;205;123m██[38;2;189;156;106m██[38;2;131;131;123m██████[38;2;230;205;123m████████[38;2;189;156;106m██[38;2;49;49;49m██[38;2;0;0;0m    
[38;2;0;0;0m  [38;2;49;49;49m████[38;2;82;180;115m██[38;2;230;205;123m████████[38;2;49;49;49m██[38;2;230;205;123m████████████[38;2;49;49;49m████[38;2;0;0;0m  
[38;2;49;49;49m██[38;2;230;205;123m██[38;2;189;156;106m██[38;2;230;205;123m██[38;2;131;131;123m████[38;2;230;205;123m████████[38;2;82;180;115m████[38;2;230;205;123m██████[38;2;189;156;106m██[38;2;230;205;123m██[38;2;49;49;49m██
[38;2;49;49;49m██[38;2;230;205;123m██[38;2;189;156;106m████[38;2;230;205;123m████[38;2;131;131;123m██[38;2;230;205;123m████[38;2;82;180;115m████████[38;2;230;205;123m██[38;2;189;156;106m████[38;2;230;205;123m██[38;2;49;49;49m██
[38;2;0;0;0m  [38;2;49;49;49m████[38;2;189;156;106m████[38;2;230;205;123m████████[38;2;189;156;106m██[38;2;82;180;115m████[38;2;189;156;106m██████[38;2;49;49;49m████[38;2;0;0;0m  
[38;2;0;0;0m    [38;2;49;49;49m██[38;2;230;205;123m████[38;2;82;82;82m████[38;2;189;156;106m██████[38;2;82;82;82m████[38;2;189;156;106m██[38;2;230;205;123m████[38;2;49;49;49m██[38;2;0;0;0m    
[38;2;0;0;0m      [38;2;49;49;49m████[38;2;57;139;82m██[38;2;82;180;115m██[38;2;49;49;49m██[38;2;230;205;123m████[38;2;82;82;82m██[38;2;57;139;82m██[38;2;82;82;82m██[38;2;49;49;49m████[38;2;0;0;0m      
[38;2;0;0;0m          [38;2;49;49;49m████[38;2;0;0;0m  [38;2;49;49;49m████[38;2;82;180;115m████[38;2;49;49;49m██[38;2;0;0;0m          
[38;2;0;0;0m                    [38;2;49;49;49m████[38;2;0;0;0m            [0m
