
[38;2;0;0;0m  [38;2;0;4;0m████████[38;2;0;0;0m                                                        
[38;2;0;4;0m██[38;2;115;206;251m██████[38;2;222;86;86m██[38;2;0;4;0m████[38;2;0;0;0m                                        [38;2;0;4;0m██[38;2;16;0;0m████[38;2;0;4;0m██[38;2;0;0;0m    
[38;2;0;0;0m  [38;2;0;4;0m████[38;2;115;206;251m██[38;2;222;86;86m████[38;2;115;206;251m██[38;2;0;4;0m████[38;2;0;0;0m            [38;2;0;4;0m████[38;2;0;0;0m                [38;2;0;4;0m████[38;2;222;86;86m██[38;2;126;121;142m██[38;2;181;181;213m██[38;2;115;206;251m██[38;2;0;4;0m██[38;2;0;0;0m  
[38;2;0;0;0m      [38;2;0;4;0m██[38;2;99;57;59m████[38;2;189;231;197m██[38;2;156;180;148m██[38;2;255;206;71m██[38;2;0;4;0m██[38;2;0;0;0m        [38;2;0;4;0m██[38;2;132;127;108m██[38;2;82;80;69m██[38;2;0;4;0m██[38;2;0;0;0m            [38;2;0;4;0m██[38;2;206;206;134m██[38;2;115;206;251m██[38;2;140;78;76m██[38;2;222;99;102m██[38;2;74;49;50m██[38;2;0;4;0m██[38;2;0;0;0m    
[38;2;0;0;0m    [38;2;0;4;0m██[38;2;115;206;251m██[38;2;156;206;244m██[38;2;118;107;121m██[38;2;90;78;50m████[38;2;255;206;71m██[38;2;0;4;0m██[38;2;0;0;0m        [38;2;0;4;0m██[38;2;88;86;72m██[38;2;82;80;69m██[38;2;0;4;0m██[38;2;0;0;0m          [38;2;0;4;0m██[38;2;206;206;134m████[38;2;115;206;251m██[38;2;140;78;76m██[38;2;74;49;50m██[38;2;0;24;24m██[38;2;0;0;0m      
[38;2;0;0;0m      [38;2;0;4;0m████[38;2;66;65;66m██[38;2;189;231;197m██[38;2;156;180;148m██[38;2;255;206;71m██[38;2;0;4;0m██[38;2;0;0;0m      [38;2;0;4;0m██[38;2;66;66;66m████[38;2;77;74;69m██[38;2;0;4;0m██[38;2;0;0;0m          [38;2;0;4;0m██[38;2;255;206;71m██[38;2;66;66;66m██[38;2;99;57;59m██[38;2;118;107;121m██[38;2;115;206;251m████[38;2;0;4;0m██[38;2;0;0;0m    
[38;2;0;0;0m          [38;2;0;4;0m██[38;2;90;78;50m████[38;2;255;206;71m██[38;2;0;4;0m██[38;2;0;0;0m      [38;2;0;4;0m██[38;2;255;255;255m████[38;2;77;74;69m████[38;2;0;4;0m██[38;2;0;0;0m        [38;2;0;4;0m██[38;2;255;206;71m████[38;2;156;206;244m██[38;2;99;57;59m██[38;2;0;4;0m████[38;2;0;0;0m      
[38;2;0;0;0m        [38;2;0;4;0m██[38;2;115;206;251m██[38;2;126;121;142m██[38;2;181;181;213m██[38;2;255;206;71m████[38;2;0;4;0m██[38;2;0;0;0m  [38;2;0;4;0m██[38;2;255;255;255m██[38;2;118;209;251m████[38;2;255;255;255m██[38;2;66;66;66m██[38;2;82;80;69m██[38;2;0;4;0m██[38;2;0;0;0m      [38;2;0;4;0m██[38;2;255;206;71m██[38;2;90;137;157m██[38;2;76;63;74m██[38;2;24;0;0m██[38;2;0;0;0m          
[38;2;0;0;0m          [38;2;0;4;0m██[38;2;16;0;0m████[38;2;82;82;66m██[38;2;255;206;71m██[38;2;0;4;0m██[38;2;0;0;0m  [38;2;0;4;0m██[38;2;255;255;255m██[38;2;118;209;251m████[38;2;255;255;255m██[38;2;66;66;66m██[38;2;82;80;69m██[38;2;0;4;0m██[38;2;0;0;0m    [38;2;0;4;0m██[38;2;255;206;71m████[38;2;90;137;157m██[38;2;129;126;147m██[38;2;181;189;221m██[38;2;0;4;0m██[38;2;0;0;0m        
[38;2;0;0;0m                [38;2;0;4;0m██[38;2;189;148;69m████[38;2;0;12;16m██[38;2;0;0;0m  [38;2;0;4;0m██[38;2;255;255;255m████[38;2;66;66;66m██[38;2;82;80;69m██[38;2;85;69;34m██[38;2;0;0;16m██[38;2;0;0;0m    [38;2;0;4;0m██[38;2;255;206;71m██[38;2;66;65;66m██[38;2;0;4;0m██████[38;2;0;0;0m          
[38;2;0;0;0m                  [38;2;0;4;0m██[38;2;189;148;69m██[38;2;63;57;34m██[38;2;0;4;0m██[38;2;255;206;71m██[38;2;66;66;66m████[38;2;82;80;69m██[38;2;66;66;66m██[38;2;255;206;71m████[38;2;0;4;0m████[38;2;255;206;71m████[38;2;0;4;0m██[38;2;0;0;0m                
[38;2;0;0;0m                    [38;2;24;12;0m██[38;2;178;174;154m██[38;2;255;206;71m██[38;2;66;66;66m██[38;2;82;80;69m████████[38;2;66;66;66m██[38;2;255;206;71m████[38;2;66;66;66m██[38;2;255;206;71m██[38;2;0;4;0m██[38;2;0;0;0m                  
[38;2;0;0;0m  [38;2;0;4;0m██████████[38;2;0;0;0m      [38;2;0;4;0m██[38;2;255;255;231m████[38;2;255;206;71m████[38;2;66;66;66m████████[38;2;255;206;71m████[38;2;66;66;66m██[38;2;255;206;71m██[38;2;0;4;0m██[38;2;0;0;0m                    
[38;2;0;4;0m██[38;2;82;80;70m██[38;2;82;80;69m████[38;2;82;81;69m████[38;2;0;4;0m██[38;2;0;0;0m    [38;2;0;4;0m██[38;2;82;99;74m██[38;2;255;255;255m██████[38;2;255;206;71m████████[38;2;255;255;255m██████[38;2;74;74;66m██[38;2;65;92;53m██[38;2;8;4;8m██[38;2;0;0;0m      [38;2;0;4;0m██████[38;2;0;0;0m      
[38;2;0;0;0m  [38;2;0;4;0m██████[38;2;82;81;69m████[38;2;0;4;0m██[38;2;0;0;0m  [38;2;0;4;0m██[38;2;115;189;91m██[38;2;82;99;74m████[38;2;82;82;66m██[38;2;255;255;255m████████████[38;2;82;82;66m██[38;2;74;74;66m████[38;2;123;181;99m██[38;2;8;4;8m██[38;2;0;0;0m    [38;2;0;4;0m██[38;2;66;65;66m██[38;2;82;80;69m████[38;2;0;4;0m████[38;2;0;0;0m  
[38;2;0;0;0m        [38;2;0;4;0m██[38;2;82;80;69m████[38;2;0;4;0m██[38;2;0;0;0m██[38;2;154;170;149m██[38;2;74;140;74m██[38;2;113;189;91m██[38;2;115;189;91m██[38;2;82;79;69m██[38;2;80;82;69m████[38;2;82;79;69m██████[38;2;115;189;91m██[38;2;74;140;74m██[38;2;113;189;91m██[38;2;123;145;115m██[38;2;255;255;247m██[38;2;0;4;0m██[38;2;0;0;0m  [38;2;0;4;0m██[38;2;82;80;69m██[38;2;82;80;70m██[38;2;0;4;0m██[38;2;88;86;72m██[38;2;132;127;108m██[38;2;0;4;0m██
[38;2;0;0;0m  [38;2;0;4;0m██████[38;2;82;80;69m████████[38;2;77;85;74m██[38;2;231;255;223m██[38;2;74;140;74m██[38;2;113;189;91m██[38;2;115;189;91m████[38;2;93;135;80m██[38;2;107;189;91m██[38;2;115;189;91m████████[38;2;74;140;74m██[38;2;113;189;91m██[38;2;255;255;247m██[38;2;57;90;49m██[38;2;0;4;0m██[38;2;0;0;0m  [38;2;0;4;0m██[38;2;82;80;69m██[38;2;0;4;0m██[38;2;0;0;0m  [38;2;0;4;0m████[38;2;0;0;0m  
[38;2;0;4;0m██[38;2;82;80;70m██[38;2;82;80;69m████[38;2;0;4;0m██[38;2;82;80;70m██[38;2;82;80;69m████[38;2;66;66;66m████[38;2;255;255;255m████[38;2;112;184;91m████[38;2;66;140;58m██[38;2;129;178;121m██[38;2;112;184;91m██████[38;2;255;255;255m██████[38;2;66;66;66m██[38;2;82;80;69m██[38;2;71;70;66m██[38;2;0;4;0m██[38;2;82;81;69m████[38;2;82;80;69m██[38;2;0;4;0m██[38;2;0;0;0m      
[38;2;0;0;0m  [38;2;0;4;0m██████[38;2;0;0;0m  [38;2;0;4;0m██[38;2;82;80;69m██[38;2;0;4;0m████[38;2;66;66;66m██[38;2;255;255;255m██[38;2;112;178;224m██[38;2;255;255;255m████[38;2;255;255;247m████[38;2;255;255;255m████████[38;2;74;74;66m████[38;2;82;80;69m██[38;2;66;66;66m██[38;2;71;70;66m████[38;2;82;81;69m████[38;2;82;80;69m████[38;2;0;4;0m████[38;2;0;0;0m  
[38;2;0;0;0m        [38;2;0;4;0m██[38;2;82;80;69m██[38;2;74;71;69m██[38;2;0;4;0m██[38;2;0;0;0m  [38;2;0;4;0m██[38;2;255;255;255m██[38;2;140;178;198m██[38;2;255;255;255m██[38;2;74;74;66m██[38;2;66;66;66m████[38;2;74;74;66m██[38;2;255;255;255m██[38;2;118;209;251m████[38;2;255;255;255m██[38;2;74;74;66m██[38;2;49;78;49m██[38;2;198;198;182m██[38;2;0;4;0m████[38;2;82;80;69m████[38;2;82;80;70m██[38;2;0;4;0m██[38;2;88;86;72m██[38;2;132;127;108m██[38;2;0;4;0m██
[38;2;0;0;0m    [38;2;0;4;0m████[38;2;82;80;69m████[38;2;74;71;69m██[38;2;0;4;0m██[38;2;0;0;0m  [38;2;0;4;0m██[38;2;140;178;198m██[38;2;255;255;255m██[38;2;74;74;66m████[38;2;82;80;69m████[38;2;74;74;66m██[38;2;255;255;255m██[38;2;118;209;251m████[38;2;255;255;255m██[38;2;74;74;66m██[38;2;198;198;182m██[38;2;99;118;93m██[38;2;0;4;0m██[38;2;0;0;0m  [38;2;0;4;0m██[38;2;82;80;69m██[38;2;0;4;0m██[38;2;0;0;0m  [38;2;0;4;0m████[38;2;0;0;0m  
[38;2;0;0;0m  [38;2;0;4;0m██[38;2;82;80;69m████[38;2;0;4;0m██████[38;2;0;0;0m      [38;2;0;4;0m██[38;2;173;173;173m██[38;2;198;198;190m██[38;2;66;79;69m██[38;2;66;66;66m████████[38;2;255;255;255m████[38;2;198;198;190m████[38;2;74;140;74m██[38;2;0;4;0m██[38;2;0;0;0m    [38;2;0;4;0m██[38;2;82;80;69m██[38;2;0;4;0m██[38;2;0;0;0m        
[38;2;0;0;0m    [38;2;0;4;0m████[38;2;0;0;0m              [38;2;0;4;0m██[38;2;66;79;69m██[38;2;198;198;190m██████████[38;2;200;195;190m████[38;2;74;140;74m██████[38;2;0;4;0m██[38;2;0;0;0m    [38;2;0;4;0m██[38;2;82;80;69m██[38;2;82;80;70m██[38;2;0;4;0m████[38;2;0;0;0m    
[38;2;0;0;0m                      [38;2;0;4;0m██[38;2;173;173;173m██[38;2;0;4;0m████[38;2;74;140;74m██[38;2;69;91;69m██[38;2;74;140;74m████[38;2;0;4;0m██[38;2;63;63;63m████[38;2;0;4;0m██[38;2;0;0;0m        [38;2;0;4;0m██[38;2;82;80;69m████[38;2;132;132;108m██[38;2;0;4;0m██[38;2;0;0;0m  
[38;2;0;0;0m                      [38;2;0;4;0m████[38;2;0;0;0m    [38;2;0;4;0m██[38;2;66;66;66m████[38;2;0;4;0m██[38;2;0;0;0m  [38;2;8;8;8m██[38;2;173;173;173m██[38;2;0;4;0m██[38;2;0;0;0m          [38;2;0;4;0m██████[38;2;0;0;0m    
[38;2;0;0;0m                              [38;2;0;4;0m██[38;2;170;177;173m████[38;2;0;4;0m██[38;2;0;0;0m    [38;2;0;4;0m████[38;2;0;0;0m                    
[38;2;0;0;0m                            [38;2;0;4;0m██[38;2;66;65;66m██[38;2;168;124;93m████[38;2;0;4;0m██[38;2;0;0;0m                            
[38;2;0;0;0m                        [38;2;0;8;8m████[38;2;193;146;69m████[38;2;189;148;69m████[38;2;173;145;55m██[38;2;8;8;8m██[38;2;0;4;0m██[38;2;0;0;0m                        
[38;2;0;0;0m                      [38;2;0;4;0m██[38;2;85;74;32m██[38;2;255;206;79m██[38;2;255;206;71m██[38;2;193;146;69m██[38;2;0;4;0m██[38;2;189;148;69m██[38;2;173;145;55m██[38;2;255;214;79m██[38;2;82;80;70m██[38;2;0;4;0m██[38;2;0;0;0m                      
[38;2;0;0;0m                      [38;2;0;4;0m██[38;2;189;206;157m██[38;2;66;66;66m██[38;2;255;206;71m██[38;2;0;4;0m██[38;2;0;0;0m  [38;2;0;4;0m██[38;2;255;206;71m██████[38;2;0;4;0m██[38;2;0;0;0m                      
[38;2;0;0;0m                    [38;2;0;4;0m██[38;2;115;206;251m██[38;2;189;206;157m██[38;2;66;66;66m██[38;2;255;206;71m██[38;2;0;4;0m██[38;2;0;0;0m  [38;2;0;4;0m██[38;2;255;206;71m██[38;2;66;66;66m██[38;2;255;206;71m██[38;2;0;4;0m██[38;2;0;0;0m                      
[38;2;0;0;0m                    [38;2;16;0;0m██[38;2;126;121;142m██[38;2;99;57;59m██[38;2;156;206;244m██[38;2;181;189;221m██[38;2;76;63;74m██[38;2;8;0;0m██[38;2;123;206;251m██[38;2;189;206;157m██[38;2;66;66;66m██[38;2;255;206;71m████[38;2;0;4;0m██[38;2;0;0;0m                    
[38;2;0;0;0m                    [38;2;16;0;0m██[38;2;181;181;213m██[38;2;99;57;59m██[38;2;118;107;121m██[38;2;129;126;147m██[38;2;24;0;0m██[38;2;46;69;84m██[38;2;123;206;251m██[38;2;189;206;157m██[38;2;66;66;66m██[38;2;115;206;251m████[38;2;0;4;0m██[38;2;0;0;0m                    
[38;2;0;0;0m                    [38;2;0;4;0m██[38;2;115;206;251m██[38;2;46;69;84m██[38;2;123;206;251m██[38;2;0;4;0m██[38;2;0;0;0m  [38;2;16;0;0m██[38;2;126;121;142m██[38;2;222;99;102m██[38;2;74;49;50m██[38;2;222;86;86m████[38;2;0;4;0m██[38;2;0;0;0m                    
[38;2;0;0;0m                      [38;2;0;4;0m██[38;2;8;0;0m██[38;2;123;206;251m██[38;2;0;4;0m██[38;2;0;0;0m  [38;2;16;0;0m██[38;2;181;181;213m██[38;2;74;49;50m██[38;2;0;24;24m██[38;2;115;206;251m████[38;2;0;4;0m██[38;2;0;0;0m                    
[38;2;0;0;0m                          [38;2;0;4;0m██[38;2;0;0;0m    [38;2;0;4;0m██[38;2;115;206;251m██[38;2;0;4;0m██[38;2;0;0;0m  [38;2;0;4;0m██[38;2;115;206;251m██[38;2;0;4;0m██[38;2;0;0;0m                    
[38;2;0;0;0m                                  [38;2;0;4;0m██[38;2;0;0;0m      [38;2;0;4;0m██[38;2;0;0;0m                      [0m
