
[38;2;0;0;0m            [38;2;49;49;49m██[38;2;0;0;0m                    
[38;2;0;0;0m        [38;2;49;49;49m████[38;2;255;180;148m██[38;2;49;49;49m██[38;2;0;0;0m                  
[38;2;0;0;0m      [38;2;49;49;49m██[38;2;255;139;82m██[38;2;255;180;148m██[38;2;255;139;82m██[38;2;49;49;49m██[38;2;0;0;0m        [38;2;49;49;49m██████[38;2;0;0;0m    
[38;2;0;0;0m    [38;2;49;49;49m██[38;2;255;139;82m██████[38;2;213;90;57m██[38;2;49;49;49m██[38;2;0;0;0m    [38;2;49;49;49m████[38;2;255;180;148m████[38;2;255;139;82m██[38;2;49;49;49m██[38;2;0;0;0m  
[38;2;0;0;0m    [38;2;49;49;49m██[38;2;213;90;57m██[38;2;255;139;82m████[38;2;49;49;49m██[38;2;0;0;0m    [38;2;49;49;49m██[38;2;255;139;82m██[38;2;255;180;148m██[38;2;255;139;82m████[38;2;49;49;49m██[38;2;0;0;0m    
[38;2;0;0;0m      [38;2;49;49;49m██[38;2;213;90;57m██[38;2;172;74;57m████[38;2;49;49;49m████[38;2;82;82;82m██[38;2;255;139;82m██████[38;2;213;90;57m██[38;2;49;49;49m██[38;2;0;0;0m    
[38;2;0;0;0m    [38;2;49;49;49m██[38;2;255;255;65m██[38;2;255;139;82m████[38;2;82;82;82m██[38;2;213;90;57m██[38;2;255;139;82m██████[38;2;213;90;57m██████[38;2;49;49;49m██[38;2;0;0;0m    
[38;2;0;0;0m  [38;2;49;49;49m██[38;2;255;255;65m██[38;2;82;82;82m██[38;2;255;139;82m██[38;2;213;90;57m██[38;2;255;139;82m████████[38;2;213;90;57m██████[38;2;49;49;49m██[38;2;0;0;0m      
[38;2;0;0;0m  [38;2;49;49;49m██[38;2;255;255;65m██[38;2;255;139;82m██████[38;2;255;255;65m██[38;2;255;255;172m██[38;2;255;255;65m██[38;2;255;139;82m██[38;2;213;90;57m██[38;2;82;82;82m██[38;2;49;49;49m██[38;2;0;0;0m        
[38;2;49;49;49m██[38;2;213;90;57m██[38;2;255;139;82m██████[38;2;255;255;65m██[38;2;82;82;82m██[38;2;255;255;172m██[38;2;255;255;65m██[38;2;213;90;57m██████[38;2;49;49;49m██[38;2;0;0;0m        
[38;2;49;49;49m██[38;2;255;139;82m██[38;2;255;180;148m██[38;2;255;139;82m████[38;2;255;255;65m██████[38;2;255;139;82m██[38;2;213;90;57m██████[38;2;49;49;49m██[38;2;0;0;0m        
[38;2;49;49;49m██[38;2;213;90;57m██[38;2;255;139;82m████████[38;2;213;90;57m████████[38;2;82;82;82m██[38;2;49;49;49m██[38;2;0;0;0m          
[38;2;0;0;0m  [38;2;49;49;49m██[38;2;82;82;82m██[38;2;213;90;57m████████[38;2;172;74;57m██[38;2;82;82;82m██[38;2;213;90;57m██[38;2;49;49;49m██[38;2;0;0;0m            
[38;2;0;0;0m  [38;2;49;49;49m██[38;2;255;139;82m██[38;2;82;82;82m████[38;2;213;90;57m██[38;2;82;82;82m████[38;2;213;90;57m████[38;2;255;139;82m██[38;2;49;49;49m████[38;2;0;0;0m        
[38;2;0;0;0m    [38;2;49;49;49m████[38;2;82;82;82m██[38;2;255;180;148m██[38;2;255;139;82m██[38;2;82;82;82m██[38;2;213;90;57m██████[38;2;255;139;82m██[38;2;213;90;57m██[38;2;49;49;49m████[38;2;0;0;0m    
[38;2;0;0;0m        [38;2;49;49;49m██[38;2;255;139;82m████[38;2;82;82;82m██[38;2;213;90;57m██[38;2;172;74;57m████[38;2;213;90;57m████████[38;2;49;49;49m██[38;2;0;0;0m  
[38;2;0;0;0m      [38;2;49;49;49m██[38;2;213;90;57m██[38;2;82;82;82m████[38;2;213;90;57m██[38;2;172;74;57m██[38;2;255;139;82m████[38;2;172;74;57m██[38;2;213;90;57m██████[38;2;255;139;82m██[38;2;49;49;49m██
[38;2;0;0;0m    [38;2;49;49;49m██[38;2;172;74;57m██[38;2;213;90;57m████[38;2;172;74;57m████[38;2;213;90;57m██[38;2;172;74;57m████[38;2;213;90;57m████[38;2;255;139;82m████[38;2;172;74;57m██[38;2;49;49;49m██
[38;2;0;0;0m    [38;2;49;49;49m██[38;2;255;139;82m██[38;2;172;74;57m████[38;2;255;139;82m████[38;2;213;90;57m████████[38;2;255;139;82m██[38;2;49;49;49m██████[38;2;0;0;0m  
[38;2;0;0;0m      [38;2;49;49;49m██████████[38;2;255;139;82m████████[38;2;49;49;49m██[38;2;0;0;0m        
[38;2;0;0;0m                [38;2;49;49;49m████████[38;2;0;0;0m          [0m
