
[38;2;0;0;0m                        ████████                          
[38;2;0;0;0m                      ██[38;2;255;126;143m████[38;2;193;61;93m████[38;2;0;0;0m██                        
[38;2;0;0;0m                    ██[38;2;255;123;143m██[38;2;255;126;143m████[38;2;255;123;143m██[38;2;193;61;93m██[38;2;189;61;93m██[38;2;0;0;0m██                      
[38;2;0;0;0m                  ██[38;2;192;63;93m████[38;2;255;123;143m████[38;2;192;63;93m████████[38;2;0;0;0m██                    
[38;2;0;0;0m                  ██[38;2;192;63;93m████[38;2;193;61;93m████[38;2;192;63;93m████████[38;2;0;0;0m██                    
[38;2;0;0;0m                ██[38;2;85;69;74m██[38;2;193;61;93m████[38;2;192;63;93m████████[38;2;193;61;93m████[38;2;85;69;74m██[38;2;0;0;0m████                
[38;2;0;0;0m            ████[38;2;255;206;223m████[38;2;132;41;60m██[38;2;193;61;93m██[38;2;192;63;93m████████[38;2;193;61;93m██[38;2;132;41;60m██[38;2;255;206;223m██████[38;2;0;0;0m██              
[38;2;0;0;0m          ██[38;2;255;206;223m██████[38;2;132;41;60m██[38;2;192;63;93m████[38;2;129;41;54m██[38;2;192;61;91m██[38;2;193;61;93m████[38;2;132;41;60m██[38;2;255;206;223m██████████[38;2;0;0;0m██            
[38;2;0;0;0m        ██[38;2;255;206;223m████████[38;2;132;41;60m██[38;2;192;63;93m████[38;2;129;41;54m████[38;2;132;41;60m████[38;2;255;206;223m██████████████[38;2;0;0;0m██          
[38;2;0;0;0m        ██[38;2;255;206;223m██████████[38;2;132;41;60m████[38;2;255;206;223m██████████████████████[38;2;0;0;0m██          
[38;2;0;0;0m    ████[38;2;255;206;223m████████████████████████████████████████[38;2;0;0;0m██        
[38;2;0;0;0m  ██[38;2;206;140;150m██[38;2;66;66;66m██[38;2;255;206;223m████████████[38;2;66;66;66m██[38;2;239;198;215m██[38;2;255;206;223m██████████████████████[38;2;205;136;145m██[38;2;85;69;74m██[38;2;0;0;0m██      
[38;2;0;0;0m██[38;2;206;140;150m██████[38;2;255;206;223m██████████[38;2;66;66;66m██[38;2;239;198;215m██[38;2;66;66;66m██[38;2;255;206;223m████████████████████████████[38;2;0;0;0m██    
[38;2;0;0;0m██[38;2;206;140;150m██[38;2;206;137;147m████[38;2;195;145;157m██[38;2;255;189;207m██[38;2;239;198;215m██[38;2;66;66;66m██[38;2;99;53;59m██[38;2;255;255;255m██[38;2;230;188;201m████[38;2;74;61;66m██[38;2;164;154;156m██[38;2;255;206;223m██████████████████████████[38;2;0;0;0m██  
[38;2;0;0;0m██[38;2;206;140;150m██[38;2;206;137;147m████[38;2;74;57;58m██[38;2;195;145;157m██[38;2;66;66;66m██[38;2;239;198;215m██[38;2;99;53;59m██[38;2;255;255;255m██████[38;2;255;247;247m██[38;2;74;61;66m██[38;2;66;66;66m████[38;2;205;136;145m██[38;2;255;206;223m██████[38;2;205;136;145m██[38;2;255;206;223m██████████████[38;2;0;0;0m██
[38;2;0;0;0m██[38;2;206;140;150m██[38;2;206;137;147m████[38;2;164;154;156m██[38;2;74;61;66m██[38;2;205;135;145m██[38;2;255;255;255m██[38;2;189;61;93m██[38;2;255;255;255m██[38;2;205;135;145m██[38;2;255;255;255m██████[38;2;140;16;44m██[38;2;255;255;255m██[38;2;90;57;66m████[38;2;66;66;66m████[38;2;255;206;223m██████████████[38;2;205;136;145m██[38;2;0;0;0m██
[38;2;0;0;0m  ██[38;2;206;137;147m████[38;2;74;61;66m██[38;2;255;247;247m██[38;2;255;255;255m██[38;2;205;135;145m██[38;2;255;255;255m████████████[38;2;178;96;114m██[38;2;255;255;255m██[38;2;90;57;66m██[38;2;255;255;255m████[38;2;66;66;66m██[38;2;205;136;145m██[38;2;255;206;223m████████[38;2;205;136;145m██████[38;2;0;0;0m██
[38;2;0;0;0m    ██[38;2;206;140;150m██[38;2;107;37;51m██[38;2;255;239;247m██[38;2;66;66;66m██[38;2;255;255;255m████████████████[38;2;132;41;60m██[38;2;255;255;255m██████[38;2;66;66;66m██[38;2;206;140;150m████[38;2;206;137;147m████████[38;2;206;140;150m████[38;2;0;0;0m██
[38;2;0;0;0m      ██[38;2;107;37;51m██[38;2;156;104;116m██[38;2;255;255;255m██[38;2;66;66;66m██████[38;2;255;255;255m████[38;2;66;66;66m████[38;2;255;255;255m██████[38;2;66;66;66m██[38;2;255;255;255m████[38;2;66;66;66m██[38;2;206;140;150m██[38;2;206;137;147m████████[38;2;206;140;150m██[38;2;0;0;0m██  
[38;2;0;0;0m    ██[38;2;231;189;199m██[38;2;129;57;73m██[38;2;192;57;88m██[38;2;189;61;93m██[38;2;255;255;255m██████[38;2;66;66;66m████[38;2;255;255;255m██[38;2;132;41;60m██[38;2;66;66;66m████[38;2;66;37;42m██[38;2;129;62;73m██[38;2;255;255;255m██[38;2;189;61;93m██[38;2;192;57;88m██[38;2;66;57;58m██[38;2;206;140;150m████████[38;2;0;0;0m██    
[38;2;0;0;0m  ██[38;2;231;189;199m████[38;2;66;57;58m██[38;2;192;57;88m██[38;2;189;61;93m████████[38;2;255;255;255m██████[38;2;132;41;60m██[38;2;255;119;135m██[38;2;192;101;112m██[38;2;255;111;135m██[38;2;129;62;73m██[38;2;189;61;93m████[38;2;192;57;88m██[38;2;129;57;73m██[38;2;66;66;66m████[38;2;69;52;55m██[38;2;0;8;8m██[38;2;0;0;0m      
[38;2;0;0;0m    ████[38;2;255;255;255m██[38;2;132;41;60m██[38;2;140;28;52m██[38;2;178;101;117m██[38;2;192;63;93m████████████[38;2;129;40;54m██[38;2;255;119;143m██[38;2;132;41;60m██[38;2;193;61;93m██[38;2;178;101;117m██[38;2;140;28;52m██[38;2;99;53;59m██[38;2;255;255;255m██████[38;2;0;0;0m██        
[38;2;0;0;0m      ██[38;2;255;255;255m████[38;2;255;247;247m██[38;2;140;28;52m██[38;2;192;63;93m████████████[38;2;192;79;99m██[38;2;129;40;54m██[38;2;193;61;93m████[38;2;140;28;52m██[38;2;255;247;247m██[38;2;255;255;255m██[38;2;99;53;59m██[38;2;255;255;255m██████[38;2;0;0;0m██      
[38;2;0;0;0m      ██[38;2;239;214;223m████[38;2;255;255;255m████[38;2;140;28;52m██[38;2;178;101;117m██[38;2;193;61;93m████[38;2;178;101;117m██[38;2;140;28;52m██[38;2;132;41;60m██[38;2;255;255;255m██[38;2;132;41;60m████[38;2;255;255;255m██████[38;2;230;188;201m██[38;2;77;63;66m████[38;2;0;0;0m██        
[38;2;0;0;0m        ██[38;2;239;214;223m██[38;2;230;188;201m██[38;2;255;255;255m██[38;2;255;247;247m██[38;2;140;28;52m██[38;2;132;41;60m████[38;2;140;28;52m██[38;2;255;247;247m██[38;2;255;255;255m██████████[38;2;230;188;201m██████[38;2;231;189;199m██[38;2;0;0;0m██          
[38;2;0;0;0m          ██[38;2;66;66;66m██[38;2;247;181;199m██[38;2;231;189;199m████████████████[38;2;132;41;60m████[38;2;231;189;201m████[38;2;231;189;199m████[38;2;0;0;0m██            
[38;2;0;0;0m          ██[38;2;187;143;155m██[38;2;66;66;66m████████████████[38;2;231;189;199m██████[38;2;231;189;201m████[38;2;77;63;66m██[38;2;0;0;0m██              
[38;2;0;0;0m            ██[38;2;206;140;150m██[38;2;214;127;142m██[38;2;111;63;71m██[38;2;206;140;150m████[38;2;0;0;0m████[38;2;206;132;142m██[38;2;103;66;71m██[38;2;66;66;66m████[38;2;74;53;58m████[38;2;206;140;150m██[38;2;0;0;0m██              
[38;2;0;0;0m              ██[38;2;8;0;0m████[38;2;0;0;0m████    ██[38;2;103;66;71m██[38;2;206;140;150m████[38;2;121;78;83m██[38;2;214;127;134m██[38;2;0;0;0m██                
[38;2;0;0;0m                              ██████████                  [0m
