
[38;2;0;0;0m            ████    ████          
[38;2;0;0;0m          [38;2;8;4;16m██[38;2;255;255;255m██[38;2;214;214;238m██[38;2;0;0;0m████[38;2;214;214;238m██[38;2;189;189;229m██[38;2;0;0;0m██        
[38;2;0;0;0m      ████[38;2;173;171;175m██[38;2;255;255;255m██[38;2;214;214;238m████████[38;2;189;189;229m████[38;2;0;0;0m██      
[38;2;0;0;0m    ██[38;2;255;255;255m██[38;2;189;189;229m████████[38;2;255;255;255m██[38;2;90;98;202m████[38;2;189;189;229m████[38;2;173;171;175m██[38;2;8;4;16m██[38;2;0;0;0m    
[38;2;0;0;0m    ██[38;2;189;189;229m████[38;2;255;255;255m██████[38;2;189;189;229m██[38;2;255;255;255m████[38;2;90;99;202m██[38;2;189;189;229m██[38;2;255;255;255m████[38;2;0;0;0m██  
[38;2;0;0;0m      ██[38;2;85;85;85m██[38;2;66;66;66m██████[38;2;255;255;255m██████[38;2;90;99;202m██[38;2;255;255;255m██[38;2;195;196;232m████[38;2;0;0;0m██  
[38;2;0;0;0m    ██[38;2;255;255;255m██████████[38;2;66;66;66m██[38;2;255;255;255m████[38;2;200;203;237m██[38;2;255;255;255m██[38;2;247;247;247m██[38;2;90;94;202m██[38;2;189;189;229m██[38;2;0;0;0m██
[38;2;0;0;0m  ██[38;2;255;255;255m████████████[38;2;66;66;66m██[38;2;255;255;255m██[38;2;192;192;195m██[38;2;255;255;255m████[38;2;195;196;232m████[38;2;189;189;229m██[38;2;0;0;0m██
[38;2;0;0;0m  ██[38;2;255;255;255m██████████████[38;2;66;66;74m██[38;2;255;255;255m██████[38;2;247;247;247m██[38;2;90;94;202m██[38;2;0;0;0m██  
[38;2;0;0;0m██[38;2;255;255;255m████████████[38;2;74;74;79m██[38;2;222;222;238m██[38;2;66;66;66m██[38;2;255;255;255m██[38;2;189;189;229m██[38;2;255;255;255m██[38;2;189;189;229m████[38;2;0;0;0m██  
[38;2;0;0;0m██[38;2;255;255;255m██[38;2;189;189;229m████[38;2;255;255;255m██████[38;2;0;0;0m██[38;2;222;222;238m██[38;2;66;66;66m██[38;2;255;255;255m████[38;2;189;189;229m██[38;2;0;0;0m████    
[38;2;0;0;0m  ██[38;2;189;189;229m██[38;2;85;85;85m██[38;2;255;255;255m██████[38;2;189;189;229m██[38;2;63;63;76m██[38;2;115;121;171m██[38;2;173;181;253m██[38;2;255;255;255m██[38;2;0;0;0m██        
[38;2;0;0;0m    ████[38;2;255;255;255m████[38;2;0;0;0m██████[38;2;0;0;8m████[38;2;0;0;0m██          
[38;2;0;0;0m        ████                      [0m
