
[38;2;0;0;0m                                      ████                                  
[38;2;0;0;0m                                    ██[38;2;57;86;109m████[38;2;0;0;0m██            ████                
[38;2;0;0;0m                                  ██[38;2;57;86;109m██[38;2;57;86;113m████[38;2;44;79;97m██[38;2;0;0;0m████████  ██[38;2;44;79;97m██[38;2;66;115;141m██[38;2;0;0;0m██              
[38;2;0;0;0m                                  ██[38;2;57;86;109m██[38;2;57;86;113m██[38;2;63;118;143m██[38;2;66;119;146m████[38;2;66;115;141m████[38;2;66;115;146m██[38;2;0;0;0m██[38;2;66;119;146m████[38;2;66;115;141m██[38;2;0;0;0m██              
[38;2;0;0;0m                                ██[38;2;57;86;113m██[38;2;63;118;143m██████████████[38;2;57;86;113m████[38;2;63;118;143m████████[38;2;0;0;0m██            
[38;2;0;0;0m                                ██[38;2;57;86;113m██[38;2;63;118;143m██████████████████████████[38;2;0;0;0m██            
[38;2;0;0;0m                              [38;2;0;0;8m██[38;2;82;80;77m██[38;2;255;239;199m██[38;2;57;86;113m██[38;2;63;118;143m████████[38;2;57;86;113m████[38;2;57;94;121m████[38;2;63;118;143m████████[38;2;66;115;141m██[38;2;0;0;0m██          
[38;2;0;0;0m                              [38;2;0;0;8m██[38;2;247;239;215m██[38;2;255;239;199m██[38;2;57;86;113m██[38;2;63;118;143m████[38;2;57;86;113m████[38;2;255;239;199m██████[38;2;57;94;121m██[38;2;57;86;113m██[38;2;63;118;143m██████[38;2;66;115;141m██[38;2;0;0;0m██          
[38;2;0;0;0m                            ██[38;2;255;239;199m████[38;2;252;239;202m████[38;2;57;86;113m████[38;2;252;239;202m████████████[38;2;255;239;199m██[38;2;57;86;113m██[38;2;63;118;143m████████[38;2;0;0;0m██        
[38;2;0;0;0m                            ██[38;2;66;66;66m██[38;2;255;239;199m██[38;2;252;239;202m████[38;2;255;239;199m████[38;2;252;239;202m████████████[38;2;255;239;199m████[38;2;57;86;113m██[38;2;63;118;143m██████[38;2;0;0;0m██        
[38;2;0;0;0m                            ██[38;2;255;239;199m██[38;2;0;0;0m██[38;2;252;239;202m████████[38;2;255;231;199m████[38;2;0;0;0m████[38;2;66;66;66m██[38;2;255;239;199m██[38;2;252;239;202m████[38;2;255;239;199m██[38;2;57;86;113m██[38;2;63;118;143m██[38;2;57;86;113m██[38;2;0;0;0m██        
[38;2;0;0;0m                            ██[38;2;255;239;199m████[38;2;252;239;202m████████[38;2;85;77;66m██[38;2;0;0;0m██[38;2;255;239;199m████████[38;2;252;239;202m████[38;2;255;239;199m██[38;2;57;86;113m██████[38;2;0;0;0m██        
[38;2;0;0;0m                              ██[38;2;247;231;199m██[38;2;252;239;202m████████[38;2;236;228;207m██[38;2;217;200;158m██[38;2;255;239;199m████[38;2;252;239;202m████[38;2;255;239;199m████[38;2;214;198;158m██[38;2;57;86;113m██[38;2;57;86;109m████[38;2;0;0;0m██        
[38;2;0;0;0m                              ██[38;2;82;77;66m██[38;2;252;239;202m████████[38;2;217;200;158m██[38;2;255;255;255m██[38;2;66;66;66m██[38;2;255;239;199m██[38;2;252;239;202m████[38;2;255;239;199m██[38;2;217;200;156m██[38;2;214;198;158m██[38;2;57;86;113m██[38;2;57;86;109m██[38;2;0;0;0m██          
[38;2;0;0;0m                          ████[38;2;57;86;113m██[38;2;255;239;199m████[38;2;192;163;133m██[38;2;66;66;66m████████[38;2;255;239;199m██████[38;2;217;200;156m██[38;2;214;198;158m████[38;2;57;86;113m████[38;2;57;86;109m██[38;2;0;0;0m██          
[38;2;0;0;0m                      ████[38;2;44;60;71m██[38;2;66;90;106m██[38;2;255;239;199m██████████████████[38;2;217;200;156m██████[38;2;214;198;158m██[38;2;57;86;113m████[38;2;63;118;143m██[38;2;0;0;0m██            
[38;2;0;0;0m                    ██[38;2;63;118;143m████[38;2;66;115;142m██[38;2;66;66;66m██[38;2;255;247;223m██████[38;2;252;236;202m██[38;2;252;239;202m████████████████[38;2;255;239;199m██[38;2;66;90;106m██[38;2;63;118;143m████[38;2;66;115;141m██[38;2;0;0;0m██          
[38;2;0;0;0m                  ██[38;2;66;115;146m██[38;2;63;118;143m████[38;2;66;115;142m████[38;2;66;66;66m██[38;2;255;247;223m██████[38;2;252;239;202m████████████████[38;2;66;90;106m████[38;2;63;118;143m████[38;2;66;115;141m████[38;2;0;0;0m██        
[38;2;0;0;0m                  ██[38;2;74;119;154m██[38;2;63;118;143m████[38;2;57;94;121m████[38;2;66;66;66m██[38;2;255;247;223m██████████[38;2;252;236;202m████[38;2;255;239;199m████[38;2;66;66;66m████[38;2;63;118;143m████████████[38;2;66;115;141m██[38;2;0;0;0m██      
[38;2;0;0;0m                  ██[38;2;49;79;103m██[38;2;57;86;113m██[38;2;63;118;143m██[38;2;57;94;121m██[38;2;255;255;255m██[38;2;66;66;66m██[38;2;255;247;223m████████████[38;2;252;236;202m██[38;2;66;66;66m████[38;2;66;115;142m████[38;2;63;118;143m████████████[38;2;66;115;141m██[38;2;0;0;0m██      
[38;2;0;0;0m                    ██[38;2;255;255;255m██[38;2;66;74;82m██[38;2;255;255;239m██[38;2;66;66;66m██[38;2;255;247;223m████████████[38;2;255;255;239m██[38;2;66;66;66m██[38;2;63;118;143m████████████████████████[38;2;0;0;0m██    
[38;2;0;0;0m                  ██[38;2;255;239;199m██[38;2;66;74;82m████[38;2;66;66;66m██[38;2;255;255;239m██[38;2;255;247;223m████████████[38;2;66;66;66m██[38;2;255;255;239m██[38;2;57;86;113m██[38;2;63;118;143m██████████████████████[38;2;0;0;0m██    
[38;2;0;0;0m                  ██[38;2;255;239;199m██[38;2;252;239;202m████[38;2;255;247;223m████████████████[38;2;255;239;199m██[38;2;66;66;66m██[38;2;57;94;121m████[38;2;63;118;143m████████[38;2;66;115;142m████[38;2;63;118;143m████████[38;2;66;115;141m██[38;2;0;0;0m██  
[38;2;0;0;0m                ██[38;2;255;239;199m████[38;2;252;239;202m████[38;2;252;236;202m████[38;2;255;247;223m██████████[38;2;252;236;202m██[38;2;255;239;199m██[38;2;66;66;66m██[38;2;255;255;255m██[38;2;57;94;121m██[38;2;63;118;143m████████[38;2;66;115;142m██[38;2;66;66;66m██[38;2;63;118;143m████████[38;2;66;115;141m██[38;2;0;0;0m██  
[38;2;0;0;0m                ██[38;2;252;239;202m████████████████████████████[38;2;66;66;66m██[38;2;255;247;231m██[38;2;63;91;106m██[38;2;60;115;145m██[38;2;112;121;118m██[38;2;49;66;73m██[38;2;24;61;88m██[38;2;93;118;130m██[38;2;63;118;143m████████[38;2;66;119;146m██[38;2;0;0;0m██  
[38;2;0;0;0m      ████    ██[38;2;66;115;146m██[38;2;252;239;202m████████████████████████████[38;2;255;247;231m██[38;2;66;66;66m██████[38;2;49;66;73m██[38;2;239;231;207m██[38;2;231;231;215m██[38;2;93;118;130m██[38;2;63;118;143m████████[38;2;66;119;146m██[38;2;44;79;97m██[38;2;0;0;0m██
[38;2;0;0;0m  ████[38;2;255;255;255m██[38;2;186;192;197m██[38;2;0;0;0m████[38;2;66;115;142m████[38;2;255;239;199m████[38;2;252;239;202m████████████████████████[38;2;255;239;199m████[38;2;252;239;202m████████[38;2;255;239;199m██[38;2;66;115;146m██[38;2;63;118;143m██████████[38;2;57;86;113m██[38;2;0;0;0m██
[38;2;0;0;0m██[38;2;255;255;239m██[38;2;170;170;159m██[38;2;255;255;255m████[38;2;170;159;133m██[38;2;255;239;199m██[38;2;66;66;66m██[38;2;66;115;142m██[38;2;66;115;146m██[38;2;255;239;199m██[38;2;252;239;202m████████████████████████[38;2;66;66;66m████[38;2;252;239;202m████████[38;2;66;115;146m████[38;2;63;118;143m████████[38;2;57;86;113m██[38;2;63;118;143m██[38;2;0;0;0m██
[38;2;0;0;0m  ██[38;2;255;239;199m████[38;2;192;163;133m████[38;2;255;239;199m████[38;2;66;66;66m██[38;2;66;115;142m████[38;2;255;239;199m████[38;2;252;239;202m████████████████[38;2;255;239;199m██[38;2;66;66;66m██[38;2;186;192;197m██[38;2;255;255;255m██[38;2;66;66;66m████[38;2;49;61;73m██[38;2;112;126;134m██[38;2;63;118;143m██████████[38;2;57;86;113m██[38;2;63;118;143m██[38;2;57;86;113m██[38;2;0;0;0m██
[38;2;0;0;0m  ██[38;2;255;239;199m██████████████[38;2;66;66;66m██[38;2;66;115;142m██[38;2;66;115;146m██[38;2;255;239;199m██[38;2;252;239;202m████████████████[38;2;66;66;66m████[38;2;255;255;255m████[38;2;66;66;66m██[38;2;189;189;197m██[38;2;239;255;255m██[38;2;49;61;73m██[38;2;63;118;143m██████[38;2;57;86;113m████[38;2;63;118;143m██[38;2;57;86;113m██[38;2;63;118;143m██[38;2;0;0;0m██
[38;2;0;0;0m    ██[38;2;255;239;199m████████[38;2;252;239;202m████[38;2;66;74;82m████[38;2;57;86;110m████████[38;2;57;86;113m██[38;2;255;239;199m████████[38;2;66;66;66m██[38;2;252;239;202m████[38;2;192;163;133m████[38;2;189;165;133m██[38;2;255;255;247m██[38;2;192;185;179m██[38;2;66;61;58m██[38;2;66;66;66m████[38;2;57;86;110m████████[38;2;57;86;109m████[38;2;0;0;0m██
[38;2;0;0;0m    ██[38;2;255;239;199m██[38;2;148;107;52m████[38;2;255;239;199m██[38;2;252;239;202m████[38;2;214;198;158m██[38;2;66;74;82m██[38;2;57;86;110m████████[38;2;57;86;113m██████[38;2;255;239;199m██[38;2;66;66;66m██[38;2;255;239;199m██[38;2;252;239;202m████[38;2;255;239;199m████[38;2;233;225;209m██[38;2;189;165;133m██[38;2;192;185;179m██[38;2;255;247;239m██[38;2;255;255;255m██[38;2;66;66;66m██[38;2;57;86;110m████████[38;2;57;86;109m██[38;2;0;0;0m██  
[38;2;0;0;0m      ██[38;2;148;107;52m██[38;2;178;144;66m██[38;2;151;107;55m██[38;2;247;239;207m██[38;2;214;195;158m██[38;2;214;198;158m██[38;2;66;66;66m██[38;2;57;86;110m████████████[38;2;58;85;111m████[38;2;66;66;66m██[38;2;255;239;199m████████████[38;2;217;200;156m██[38;2;189;165;125m██[38;2;255;255;247m██[38;2;189;189;197m██[38;2;63;71;82m██[38;2;57;86;110m████████[38;2;57;86;109m██[38;2;0;0;0m██  
[38;2;0;0;0m        ██[38;2;151;107;55m██[38;2;178;144;66m██[38;2;148;107;60m██[38;2;214;195;158m██[38;2;214;198;158m██[38;2;66;66;66m██[38;2;57;86;110m████████████[38;2;58;85;111m██[38;2;66;66;66m██[38;2;255;239;199m██████[38;2;148;107;52m██████[38;2;217;200;156m████[38;2;211;195;166m██[38;2;189;165;125m██[38;2;63;71;82m████[38;2;57;86;110m████████[38;2;0;0;0m██    
[38;2;0;0;0m          ████[38;2;119;103;75m██[38;2;231;206;151m██[38;2;66;66;66m██[38;2;0;0;0m████████[38;2;57;86;109m██████[38;2;74;90;106m██[38;2;52;61;71m██[38;2;255;239;199m████[38;2;151;107;55m████[38;2;178;141;66m████[38;2;148;104;55m██[38;2;214;198;158m██████[38;2;66;66;66m██[38;2;58;85;111m██[38;2;57;86;109m████[38;2;0;0;0m████      
[38;2;0;0;0m              [38;2;8;0;0m████[38;2;0;0;0m██        ██████[38;2;8;4;0m██[38;2;52;61;71m██[38;2;255;239;199m██[38;2;217;200;156m██[38;2;151;107;55m██[38;2;178;144;66m██[38;2;178;141;66m████[38;2;148;104;55m██[38;2;214;198;158m████[38;2;66;66;66m██[38;2;58;85;111m████[38;2;0;0;0m████          
[38;2;0;0;0m                                    ██[38;2;71;66;58m██[38;2;214;198;158m██[38;2;148;107;52m██[38;2;170;140;85m██[38;2;178;144;66m██[38;2;151;107;55m██[38;2;148;107;52m██[38;2;214;200;155m██[38;2;214;198;158m██[38;2;0;0;0m██████              
[38;2;0;0;0m                                      [38;2;0;0;8m██[38;2;214;198;158m██[38;2;214;206;150m██[38;2;148;107;52m██[38;2;151;107;55m████[38;2;214;200;155m████[38;2;0;0;0m██                    
[38;2;0;0;0m                                        ██[38;2;214;198;158m████████[38;2;0;0;0m████                      [0m
