
[38;2;0;0;0m                                            [38;2;0;4;0m██████████[38;2;0;0;0m                        [38;2;0;4;0m██[38;2;0;0;0m                
[38;2;0;0;0m                                      [38;2;0;4;0m██████[38;2;250;176;74m██[38;2;247;206;71m██[38;2;255;239;71m██████[38;2;0;4;0m██[38;2;0;0;0m                    [38;2;0;8;8m██[38;2;247;214;79m██[38;2;0;4;0m████[38;2;0;0;0m            
[38;2;0;0;0m                                  [38;2;0;4;0m████[38;2;255;255;255m██[38;2;239;99;87m████[38;2;255;115;79m████[38;2;255;206;71m██[38;2;255;239;71m██[38;2;0;4;0m██[38;2;0;0;0m                      [38;2;0;8;8m██[38;2;82;77;32m██[38;2;189;156;69m████[38;2;0;4;0m██[38;2;0;0;0m          
[38;2;0;0;0m                              [38;2;0;4;0m██[38;2;57;0;1m██[38;2;255;239;231m██[38;2;255;255;255m██[38;2;222;85;89m██████████[38;2;239;99;87m██[38;2;0;4;0m██[38;2;0;0;0m                        [38;2;0;4;0m██[38;2;82;80;69m██[38;2;82;81;69m████[38;2;156;143;116m██[38;2;24;16;0m██[38;2;0;0;0m        
[38;2;0;0;0m                  [38;2;0;4;0m██[38;2;0;0;0m    [38;2;0;4;0m██████[38;2;222;86;86m██[38;2;156;119;116m████[38;2;255;255;255m████████████[38;2;239;99;87m██[38;2;0;4;0m██[38;2;0;0;0m                        [38;2;0;4;0m██[38;2;82;80;69m██[38;2;82;81;69m████[38;2;156;143;116m██[38;2;222;206;174m██[38;2;0;4;0m██[38;2;0;0;0m      
[38;2;0;0;0m                [38;2;0;0;16m██[38;2;239;214;79m██[38;2;8;8;0m████[38;2;206;173;222m██[38;2;107;74;59m██[38;2;255;115;79m████[38;2;162;123;116m██[38;2;255;255;247m██[38;2;90;82;58m██[38;2;255;255;199m██[38;2;255;255;255m████████[38;2;0;4;0m██[38;2;0;0;0m    [38;2;0;4;0m████████████[38;2;0;0;0m            [38;2;0;4;0m██[38;2;90;78;50m██[38;2;181;156;85m██[38;2;82;78;74m██[38;2;173;181;229m██[38;2;0;4;0m██[38;2;0;0;0m      
[38;2;0;0;0m              [38;2;0;4;0m██[38;2;80;71;37m██[38;2;239;214;79m██[38;2;66;66;76m██[38;2;181;181;229m██[38;2;107;74;59m██[38;2;140;107;113m██[38;2;255;115;79m██[38;2;222;86;89m██[38;2;255;255;247m██[38;2;115;57;51m██[38;2;200;197;152m██[38;2;90;82;58m██[38;2;255;255;255m██████[38;2;66;66;66m██[38;2;66;65;66m██[38;2;0;4;0m████[38;2;255;255;255m██[38;2;222;132;78m████[38;2;255;222;71m████[38;2;255;239;71m██[38;2;0;4;0m██[38;2;0;0;0m            [38;2;0;0;16m██[38;2;90;78;50m██[38;2;173;181;229m██[38;2;143;147;177m██[38;2;0;4;0m██[38;2;0;0;0m      
[38;2;0;0;0m            [38;2;0;4;0m██[38;2;222;86;86m██[38;2;66;66;66m██[38;2;247;214;71m██[38;2;82;82;66m██[38;2;181;181;229m██[38;2;132;45;44m██[38;2;173;110;109m██[38;2;162;123;116m██[38;2;255;255;247m██[38;2;82;79;72m██[38;2;247;214;71m██[38;2;145;137;113m██[38;2;90;78;50m██[38;2;255;247;247m██[38;2;90;53;58m██[38;2;123;37;43m██[38;2;255;247;239m██[38;2;255;255;255m██████[38;2;222;85;89m██████[38;2;178;174;127m████[38;2;0;4;0m██[38;2;0;0;0m                [38;2;0;4;0m██[38;2;181;181;229m██[38;2;0;4;0m██[38;2;0;0;0m        
[38;2;0;0;0m            [38;2;0;4;0m██[38;2;222;86;86m██[38;2;66;66;66m██[38;2;247;214;71m██[38;2;82;82;66m██[38;2;181;181;229m██[38;2;255;239;239m██[38;2;173;110;109m██[38;2;255;255;247m██[38;2;115;57;51m██[38;2;82;79;72m██[38;2;247;214;71m██[38;2;90;78;50m██[38;2;255;255;239m██[38;2;90;53;58m██[38;2;145;118;121m██[38;2;167;107;108m████[38;2;222;85;89m██[38;2;255;255;255m██[38;2;222;85;89m████[38;2;255;255;255m████[38;2;255;255;191m██[38;2;24;12;0m██[38;2;0;0;0m                [38;2;0;4;0m██[38;2;255;255;255m██[38;2;0;4;0m██[38;2;0;0;0m          
[38;2;0;0;0m          [38;2;0;4;0m██[38;2;222;86;86m██[38;2;181;181;229m██[38;2;66;66;66m██[38;2;247;214;71m██[38;2;192;163;69m██[38;2;82;78;66m██[38;2;255;255;255m████[38;2;255;255;199m██[38;2;90;82;58m██[38;2;247;206;71m██[38;2;192;163;69m██[38;2;74;69;66m████[38;2;222;86;89m██[38;2;255;115;79m██[38;2;231;94;87m████[38;2;255;255;255m████████████[38;2;0;4;0m██[38;2;0;0;0m                  [38;2;0;4;0m██[38;2;255;255;255m██[38;2;0;4;0m██[38;2;0;0;0m          
[38;2;0;0;0m          [38;2;0;4;0m██[38;2;181;181;229m████[38;2;66;66;66m██[38;2;247;214;71m██[38;2;247;206;71m██[38;2;82;78;66m██[38;2;255;255;255m████[38;2;90;82;58m██[38;2;200;197;152m██[38;2;192;163;69m██[38;2;82;78;66m██[38;2;74;69;66m██[38;2;222;86;86m██[38;2;255;115;79m██[38;2;222;86;89m██[38;2;231;94;87m██[38;2;255;255;255m██████████[38;2;0;4;0m████[38;2;0;0;0m                    [38;2;0;4;0m██[38;2;255;255;255m██[38;2;0;4;0m██[38;2;0;0;0m          
[38;2;0;0;0m  [38;2;0;4;0m████[38;2;0;0;0m    [38;2;0;4;0m██[38;2;181;181;229m████[38;2;66;66;66m██[38;2;247;214;71m████[38;2;187;165;69m██[38;2;82;78;66m████[38;2;247;214;71m████[38;2;151;142;114m██[38;2;99;86;51m██[38;2;255;255;255m██[38;2;222;85;89m████[38;2;255;255;255m██████████[38;2;0;4;0m████[38;2;0;0;0m                        [38;2;0;4;0m██[38;2;255;255;255m████[38;2;0;4;0m████[38;2;0;0;0m      
[38;2;0;0;0m  [38;2;0;4;0m██[38;2;189;156;69m██[38;2;0;4;0m████[38;2;66;65;66m██[38;2;181;181;229m██[38;2;82;82;66m██[38;2;247;214;71m██[38;2;66;66;66m██████[38;2;192;163;69m██[38;2;247;206;71m██[38;2;247;214;71m██[38;2;195;159;67m██[38;2;99;86;51m██[38;2;255;255;239m██[38;2;255;255;255m██████████[38;2;82;82;66m██[38;2;85;85;85m██[38;2;0;0;0m██                              [38;2;0;4;0m██[38;2;255;255;255m████[38;2;140;140;180m██[38;2;0;4;0m██[38;2;0;0;0m    
[38;2;0;0;0m    [38;2;0;12;24m██[38;2;198;165;78m██[38;2;192;159;69m██[38;2;66;66;66m██[38;2;74;70;66m████[38;2;49;55;78m██[38;2;99;140;235m██[38;2;60;89;167m████[38;2;66;74;98m██[38;2;247;214;71m██[38;2;187;159;69m████[38;2;90;82;58m██[38;2;255;255;199m██[38;2;255;255;255m████[38;2;82;79;72m██████[38;2;247;214;71m██████[38;2;0;4;0m██[38;2;0;0;0m                              [38;2;0;4;0m████[38;2;255;255;255m██[38;2;170;173;175m██[38;2;0;4;0m██[38;2;0;0;0m  
[38;2;0;0;0m  [38;2;0;4;0m██[38;2;66;63;42m████[38;2;192;159;69m████[38;2;195;161;69m██[38;2;74;70;66m██[38;2;74;97;157m████[38;2;60;89;167m██[38;2;74;115;186m██[38;2;66;74;98m████[38;2;66;66;66m██[38;2;247;206;71m██[38;2;200;197;152m██[38;2;90;82;58m██[38;2;82;82;66m████[38;2;247;214;71m████████[38;2;82;79;72m████[38;2;82;80;70m██[38;2;0;4;0m██████[38;2;0;0;0m                            [38;2;0;8;16m██[38;2;255;255;255m██[38;2;140;140;180m██[38;2;0;4;0m██
[38;2;0;4;0m██[38;2;181;181;229m██[38;2;178;181;226m████[38;2;66;66;66m██[38;2;192;159;69m██[38;2;66;82;138m████[38;2;112;145;203m██[38;2;49;90;177m██[38;2;61;88;169m██[38;2;66;74;122m██[38;2;33;103;177m██[38;2;102;154;203m██[38;2;74;115;158m██[38;2;74;66;66m██[38;2;247;214;71m████[38;2;244;214;71m████[38;2;247;214;71m████[38;2;82;82;66m██████[38;2;255;255;255m██████████[38;2;0;4;0m████████[38;2;0;0;0m                      [38;2;0;4;0m██[38;2;255;255;255m██[38;2;0;4;0m██
[38;2;0;0;0m  [38;2;0;4;0m██[38;2;178;181;226m████[38;2;66;66;66m████[38;2;255;255;255m██[38;2;66;82;138m██[38;2;49;90;177m██[38;2;239;255;255m██[38;2;66;74;122m████[38;2;239;255;255m██[38;2;102;154;203m██[38;2;74;165;250m██[38;2;74;66;66m██[38;2;195;159;67m██[38;2;247;214;71m██[38;2;244;214;71m████[38;2;82;79;72m████[38;2;255;255;255m██████████[38;2;82;82;66m██[38;2;85;85;85m██[38;2;0;0;0m██[38;2;181;181;229m████████[38;2;0;4;0m██████[38;2;0;0;0m                [38;2;0;4;0m██[38;2;255;255;255m██[38;2;0;4;0m██
[38;2;0;0;0m    [38;2;8;8;8m██[38;2;123;129;161m██[38;2;187;192;195m██[38;2;66;66;74m██[38;2;255;255;255m██[38;2;57;86;169m██[38;2;255;255;255m██[38;2;189;197;226m██[38;2;65;90;137m██[38;2;82;173;250m██[38;2;82;181;250m████[38;2;90;82;58m██[38;2;200;197;152m██[38;2;247;214;71m████[38;2;189;156;69m████[38;2;255;255;255m████████████████████[38;2;66;66;66m████[38;2;152;152;164m████[38;2;255;255;255m████[38;2;82;82;82m██[38;2;0;0;0m██[38;2;0;4;0m██[38;2;0;0;0m          [38;2;0;8;16m██[38;2;170;173;175m██[38;2;255;255;255m██[38;2;0;4;0m██
[38;2;0;0;0m  [38;2;0;4;0m██[38;2;181;189;237m████[38;2;66;66;74m██[38;2;247;255;255m██[38;2;255;255;255m██████[38;2;57;82;169m██[38;2;65;90;137m██[38;2;57;49;81m██[38;2;66;66;66m████[38;2;255;255;199m██[38;2;90;82;58m██[38;2;82;79;72m████[38;2;255;255;255m██████[38;2;140;140;180m████████[38;2;255;255;255m██████████████[38;2;57;57;73m██[38;2;247;247;255m██[38;2;255;255;255m████[38;2;247;247;247m██[38;2;82;82;82m██[38;2;181;181;229m██[38;2;0;4;0m██[38;2;0;0;0m      [38;2;0;4;0m██[38;2;170;173;175m██[38;2;255;255;255m██[38;2;0;4;0m██[38;2;0;0;0m  
[38;2;0;0;0m    [38;2;0;4;0m██[38;2;181;181;229m██[38;2;66;66;66m██[38;2;132;181;236m██[38;2;247;255;255m██[38;2;115;151;208m██[38;2;82;181;250m██[38;2;255;255;255m██[38;2;57;86;169m████[38;2;255;255;255m██████████████████████████[38;2;140;140;180m██[38;2;255;255;255m██[38;2;82;82;66m██████[38;2;66;66;66m████[38;2;255;255;255m██████████[38;2;57;57;73m██[38;2;66;63;74m██[38;2;181;181;221m██[38;2;0;4;0m████[38;2;0;0;8m██[38;2;247;247;255m██[38;2;255;255;255m██[38;2;0;4;0m██[38;2;0;0;0m    
[38;2;0;0;0m      [38;2;0;4;0m██[38;2;66;66;66m██[38;2;132;181;236m██[38;2;49;99;185m████[38;2;255;255;255m██████████[38;2;177;181;229m██[38;2;189;156;69m████[38;2;66;66;66m██████[38;2;255;255;255m████████[38;2;140;140;180m████[38;2;255;255;255m██████████[38;2;66;66;66m██[38;2;82;80;69m██[38;2;66;66;66m██[38;2;255;255;255m██████[38;2;156;156;164m██[38;2;255;255;255m██[38;2;66;63;74m██[38;2;8;4;0m██[38;2;181;181;229m████[38;2;165;165;173m████[38;2;0;4;0m██[38;2;0;0;0m      
[38;2;0;0;0m    [38;2;0;4;0m██[38;2;189;156;69m██[38;2;192;159;69m██[38;2;66;66;66m██[38;2;181;181;229m████[38;2;178;181;226m████[38;2;206;198;198m██[38;2;82;74;50m██[38;2;82;80;69m████[38;2;66;66;66m██[38;2;192;159;69m██[38;2;187;159;69m████[38;2;187;165;69m██[38;2;66;66;66m██████[38;2;255;255;255m████████████[38;2;66;66;66m██████[38;2;82;80;69m██[38;2;66;66;66m██[38;2;255;255;255m████[38;2;140;140;180m██[38;2;255;255;255m████[38;2;0;4;0m██[38;2;0;0;0m  [38;2;0;4;0m████████[38;2;0;0;0m        
[38;2;0;0;0m      [38;2;0;4;0m██[38;2;66;66;66m██[38;2;192;159;69m██[38;2;66;66;66m██[38;2;181;181;229m██[38;2;178;181;226m████[38;2;82;74;50m██[38;2;144;136;124m██[38;2;82;80;69m██[38;2;66;66;66m██[38;2;192;159;69m██[38;2;66;66;66m████[38;2;247;206;71m██[38;2;247;214;71m████████[38;2;66;66;66m████████████[38;2;140;140;180m██[38;2;66;66;66m████[38;2;82;80;69m██[38;2;66;66;66m██[38;2;255;255;255m████[38;2;140;140;180m████[38;2;255;255;255m██[38;2;0;4;0m██[38;2;0;0;0m                  
[38;2;0;0;0m        [38;2;0;4;0m██[38;2;189;156;69m██[38;2;206;123;78m██[38;2;66;66;66m████[38;2;181;181;229m████[38;2;66;66;66m██[38;2;192;159;69m██████[38;2;66;66;66m██[38;2;214;165;206m██[38;2;82;57;58m██████[38;2;66;66;66m██[38;2;214;198;150m██[38;2;247;214;71m████[38;2;74;70;74m██[38;2;189;188;195m██[38;2;179;179;229m██[38;2;140;140;180m██[38;2;179;179;229m████[38;2;66;66;66m████[38;2;255;255;255m██████[38;2;140;140;180m██[38;2;255;255;255m████[38;2;181;181;229m██[38;2;0;4;0m██[38;2;0;0;0m                
[38;2;0;0;0m      [38;2;0;4;0m██[38;2;189;156;69m██[38;2;0;4;0m██[38;2;66;66;66m██[38;2;206;123;78m██[38;2;181;181;229m██[38;2;66;66;66m██[38;2;181;181;229m████[38;2;66;66;66m██[38;2;192;159;69m██████[38;2;82;57;58m██[38;2;148;111;132m████[38;2;214;165;206m██[38;2;214;198;150m██[38;2;66;66;66m██████[38;2;247;247;255m██[38;2;74;70;74m██[38;2;179;179;229m██[38;2;140;140;180m████[38;2;179;179;229m██[38;2;66;66;66m██[38;2;0;4;0m██[38;2;66;66;66m██[38;2;255;255;255m████[38;2;140;140;180m██[38;2;178;178;210m██[38;2;140;140;188m██[38;2;181;181;229m██[38;2;0;4;0m██[38;2;0;0;0m                
[38;2;0;0;0m      [38;2;0;4;0m████[38;2;0;0;0m  [38;2;0;4;0m██[38;2;222;86;86m██[38;2;178;181;226m████[38;2;66;66;66m██[38;2;181;181;229m████[38;2;66;66;66m██[38;2;82;74;50m██[38;2;144;136;124m██[38;2;192;159;69m██[38;2;66;66;66m██[38;2;255;111;79m██[38;2;195;94;75m██[38;2;231;94;87m██[38;2;255;255;255m██████████[38;2;66;61;66m██[38;2;156;154;160m██[38;2;178;181;226m████[38;2;0;4;0m██[38;2;0;0;0m  [38;2;0;4;0m██[38;2;181;181;229m██[38;2;255;255;255m██[38;2;177;181;229m██[38;2;143;143;175m██[38;2;181;181;229m██[38;2;140;140;180m██[38;2;179;179;229m██[38;2;0;4;0m██[38;2;0;0;0m              
[38;2;0;0;0m              [38;2;0;4;0m██[38;2;178;181;226m████[38;2;66;66;66m██[38;2;181;181;229m██████[38;2;206;198;198m██[38;2;82;74;50m██[38;2;66;66;66m██[38;2;192;159;69m██[38;2;74;61;66m██[38;2;255;111;79m██[38;2;231;94;87m████[38;2;255;255;255m████████[38;2;247;247;255m██[38;2;66;61;66m██[38;2;178;181;226m████[38;2;0;4;0m██[38;2;0;0;0m  [38;2;0;4;0m██[38;2;60;63;76m██[38;2;177;181;229m████[38;2;181;181;229m██[38;2;66;66;66m██[38;2;179;179;229m████[38;2;0;4;0m██[38;2;0;0;0m              
[38;2;0;0;0m                [38;2;0;4;0m████[38;2;181;181;221m██[38;2;66;63;74m██[38;2;177;181;229m████[38;2;66;66;66m██[38;2;181;181;229m████[38;2;66;66;66m████████[38;2;181;181;229m██[38;2;222;165;198m██[38;2;151;110;132m██[38;2;222;86;89m████[38;2;214;82;86m██[38;2;236;181;71m██[38;2;82;80;42m██[38;2;0;0;24m██[38;2;0;0;0m      [38;2;0;4;0m██[38;2;66;63;74m████[38;2;66;66;66m██[38;2;143;143;175m██[38;2;181;181;229m████[38;2;0;4;0m██[38;2;0;0;0m              
[38;2;0;0;0m                    [38;2;8;4;0m██[38;2;66;63;74m██[38;2;255;255;255m██[38;2;177;181;229m██[38;2;66;66;66m████[38;2;181;181;229m██████████[38;2;66;66;66m██[38;2;8;0;0m████[38;2;255;115;79m████[38;2;236;181;71m██[38;2;247;231;63m██[38;2;247;239;79m██[38;2;82;80;42m██[38;2;0;4;0m██[38;2;0;0;0m      [38;2;8;4;0m██[38;2;181;181;221m██[38;2;181;181;229m██[38;2;143;143;175m██[38;2;181;181;229m██[38;2;0;4;0m██[38;2;0;0;0m                
[38;2;0;0;0m                      [38;2;0;4;0m██[38;2;255;255;255m██[38;2;0;4;0m██[38;2;181;181;229m████[38;2;66;66;66m██[38;2;181;181;229m██[38;2;179;179;229m██[38;2;140;140;180m██[38;2;181;181;229m██[38;2;0;4;0m██[38;2;0;0;0m    [38;2;0;4;0m██[38;2;66;65;66m██[38;2;66;66;66m████[38;2;57;57;73m██[38;2;152;152;164m██[38;2;255;255;255m██[38;2;0;4;0m██[38;2;0;0;0m      [38;2;0;4;0m██[38;2;222;85;89m████[38;2;135;119;119m██[38;2;16;0;0m██[38;2;0;0;0m                
[38;2;0;0;0m                        [38;2;0;4;0m██[38;2;0;0;0m  [38;2;0;4;0m██[38;2;181;181;229m██[38;2;143;143;175m██[38;2;66;66;66m██[38;2;179;179;229m████[38;2;0;4;0m██[38;2;0;0;0m        [38;2;0;4;0m██[38;2;255;255;255m████[38;2;152;152;164m██[38;2;247;247;255m██[38;2;255;255;255m██[38;2;0;4;0m██[38;2;0;0;0m      [38;2;0;4;0m██[38;2;255;255;255m████[38;2;255;239;239m██[38;2;16;0;0m██[38;2;0;0;0m                
[38;2;0;0;0m                            [38;2;8;0;0m██[38;2;222;165;198m██[38;2;175;149;181m██[38;2;156;181;228m██[38;2;66;63;74m██[38;2;181;181;221m██[38;2;0;4;0m██[38;2;0;0;0m          [38;2;0;4;0m██[38;2;255;255;255m██[38;2;140;140;180m██[38;2;255;255;255m████[38;2;0;4;0m██[38;2;0;0;0m    [38;2;0;4;0m██[38;2;77;74;69m██[38;2;66;66;66m████[38;2;247;255;247m██[38;2;0;0;0m██                
[38;2;0;0;0m                            [38;2;8;0;0m██[38;2;151;110;132m██[38;2;214;86;86m████[38;2;66;63;74m██[38;2;8;4;0m██[38;2;0;0;0m            [38;2;0;4;0m██[38;2;255;255;255m██████[38;2;0;4;0m██[38;2;0;0;0m    [38;2;0;4;0m██[38;2;77;74;69m████[38;2;82;80;69m████[38;2;82;85;82m██[38;2;0;0;0m██                
[38;2;0;0;0m                      [38;2;0;4;0m██[38;2;0;8;8m████[38;2;181;181;229m████[38;2;181;181;221m██[38;2;66;63;74m██[38;2;0;4;0m██[38;2;0;0;0m              [38;2;49;0;1m██[38;2;152;127;124m██[38;2;255;115;79m████[38;2;0;4;0m██[38;2;0;0;0m    [38;2;0;4;0m██[38;2;239;214;79m██[38;2;80;74;32m██[38;2;239;214;79m██[38;2;80;74;32m██[38;2;247;214;71m██[38;2;0;4;0m██[38;2;0;0;0m                
[38;2;0;0;0m                    [38;2;0;4;0m██[38;2;189;156;69m██[38;2;66;57;31m██[38;2;198;156;78m██[38;2;66;66;66m██[38;2;181;181;229m██[38;2;66;63;74m██[38;2;8;4;0m██[38;2;0;0;0m              [38;2;0;4;0m██[38;2;255;255;247m████[38;2;255;255;255m████[38;2;0;4;0m██[38;2;0;0;0m      [38;2;0;4;8m████████[38;2;0;4;0m██[38;2;0;0;0m                  
[38;2;0;0;0m                    [38;2;0;4;0m██[38;2;189;156;69m██[38;2;66;57;31m██[38;2;198;156;78m██[38;2;74;71;69m████[38;2;82;80;70m██[38;2;0;4;0m██[38;2;0;0;0m            [38;2;0;4;24m██[38;2;80;74;45m██[38;2;74;70;66m████[38;2;74;70;50m██[38;2;255;255;199m██[38;2;66;65;66m██[38;2;0;0;0m                                  
[38;2;0;0;0m                      [38;2;0;4;0m██[38;2;0;8;8m████[38;2;0;4;0m██████[38;2;0;0;0m            [38;2;0;4;0m██[38;2;239;214;87m██[38;2;80;74;45m██[38;2;247;214;71m██[38;2;74;70;66m██[38;2;195;193;149m██[38;2;74;70;50m██[38;2;0;4;0m██[38;2;0;0;0m                                  
[38;2;0;0;0m                                              [38;2;0;4;0m██[38;2;247;214;79m██[38;2;82;77;32m██[38;2;247;214;79m██[38;2;82;77;32m██[38;2;247;214;79m██[38;2;82;77;32m██[38;2;0;4;0m██[38;2;0;0;0m                                  
[38;2;0;0;0m                                                [38;2;0;8;8m████████████[38;2;0;0;0m                                    [0m
