
[38;2;0;0;0m    ████                                                            
[38;2;0;0;0m  [38;2;8;12;8m██[38;2;247;247;247m██[38;2;222;222;222m██[38;2;0;0;0m████                                                        
[38;2;0;0;0m██[38;2;167;169;167m████[38;2;222;222;222m██████[38;2;0;0;0m██                                                      
[38;2;0;0;0m██[38;2;181;181;181m████████[38;2;115;107;107m██[38;2;0;0;0m██                                                      
[38;2;0;0;0m██[38;2;181;181;181m██[38;2;115;107;107m██[38;2;181;181;181m████[38;2;115;107;107m██[38;2;0;0;0m██              ████████                                
[38;2;0;0;0m  ██[38;2;181;181;181m██[38;2;181;181;173m██[38;2;121;121;115m██[38;2;0;0;0m██              ██[38;2;222;222;222m██████[38;2;181;181;181m██[38;2;0;0;0m██                  ████████    
[38;2;0;0;0m    ██[38;2;60;60;58m██[38;2;0;0;0m██              ██[38;2;74;74;74m████[38;2;181;181;181m██████[38;2;0;0;0m██                ██[38;2;115;107;107m██[38;2;115;115;115m██[38;2;77;77;77m██[38;2;82;82;82m██[38;2;0;0;0m██  
[38;2;0;0;0m  ██[38;2;115;107;107m████[38;2;66;66;66m██[38;2;0;0;0m██          ██[38;2;115;107;107m██[38;2;140;140;140m████[38;2;66;66;66m████████[38;2;0;0;0m██              [38;2;0;4;0m██[38;2;115;111;107m██[38;2;115;110;107m████[38;2;82;82;82m████[38;2;0;0;0m██
[38;2;0;0;0m  ██[38;2;115;107;107m██████[38;2;66;66;66m██[38;2;0;0;0m██  ██████[38;2;77;71;71m██[38;2;115;107;107m██████[38;2;140;140;140m██████[38;2;91;91;91m██[38;2;82;82;82m██[38;2;0;0;0m██          ██[38;2;115;111;107m██[38;2;77;75;71m██[38;2;115;110;107m████[38;2;115;107;107m██[38;2;82;82;82m██[38;2;0;0;0m██
[38;2;0;0;0m    ██[38;2;121;121;115m██[38;2;60;60;58m██[38;2;181;181;181m██[38;2;140;140;140m██[38;2;0;4;0m██[38;2;181;181;181m██[38;2;222;222;222m████[38;2;222;231;222m██[38;2;66;70;66m██[38;2;66;66;66m████[38;2;115;107;107m████[38;2;115;111;107m██[38;2;82;81;80m██[38;2;74;74;74m████[38;2;0;0;0m██        ██[38;2;115;107;107m████████[38;2;82;82;82m████[38;2;0;0;0m██
[38;2;0;0;0m      ██[38;2;181;181;173m██[38;2;181;181;181m████[38;2;60;63;60m██[38;2;181;181;181m██████[38;2;170;177;170m██[38;2;222;231;222m██[38;2;222;222;222m████[38;2;66;65;66m████[38;2;66;66;66m████[38;2;74;74;74m██[38;2;222;222;222m████[38;2;0;0;0m████    ██[38;2;66;66;66m██[38;2;115;107;107m██[38;2;82;82;82m██[38;2;115;107;107m██[38;2;82;82;82m██[38;2;0;0;0m██  
[38;2;0;0;0m        ██[38;2;181;181;181m██[38;2;60;63;60m██[38;2;140;140;140m██[38;2;115;107;107m██[38;2;181;181;181m██[38;2;255;255;255m██[38;2;181;181;181m██████████[38;2;222;222;222m████████[38;2;151;145;145m██[38;2;140;140;140m████[38;2;181;181;181m██[38;2;0;4;0m██[38;2;0;0;0m██[38;2;181;181;181m████[38;2;66;66;66m██[38;2;74;74;74m████[38;2;0;0;0m██    
[38;2;0;0;0m          [38;2;0;4;0m██[38;2;60;63;60m██[38;2;115;107;107m██[38;2;140;140;140m██[38;2;181;181;181m██[38;2;255;255;255m██[38;2;181;181;181m████████████████[38;2;115;107;107m████[38;2;112;111;110m██[38;2;85;82;79m██[38;2;60;63;60m████[38;2;181;181;181m██████[38;2;143;143;143m██[38;2;0;0;0m██        
[38;2;0;0;0m            ██[38;2;181;181;181m██████████[38;2;255;255;255m████[38;2;181;181;181m██[38;2;255;255;255m████[38;2;181;181;181m██████[38;2;115;112;115m██[38;2;82;81;80m██[38;2;66;66;66m██[38;2;115;107;107m██[38;2;66;66;66m██[38;2;181;181;181m████[38;2;140;140;140m████[38;2;0;0;0m██        
[38;2;0;0;0m            ██[38;2;66;66;66m██[38;2;181;181;181m██████████████[38;2;255;255;255m██[38;2;181;181;181m████████[38;2;82;78;82m██[38;2;66;66;66m██[38;2;115;111;107m██[38;2;115;107;107m████[38;2;66;66;66m██[38;2;143;143;143m██[38;2;140;140;140m██[38;2;0;0;0m██          
[38;2;0;0;0m          ██[38;2;121;115;115m██[38;2;140;140;140m██[38;2;66;66;66m██████[38;2;115;107;107m████[38;2;126;127;126m██[38;2;189;189;189m██[38;2;181;181;181m████████[38;2;140;140;140m████[38;2;66;66;66m██[38;2;91;91;91m██[38;2;115;111;107m██[38;2;82;84;80m██[38;2;82;82;82m██[38;2;0;0;0m████            
[38;2;0;0;0m        ██[38;2;121;115;115m██[38;2;181;173;173m██[38;2;115;115;115m██[38;2;140;140;140m██████[38;2;77;71;71m██[38;2;0;0;0m██[38;2;0;4;0m████[38;2;181;181;181m████████[38;2;140;140;140m██████[38;2;66;66;66m██[38;2;82;84;80m██[38;2;66;70;66m██[38;2;0;0;0m██                
[38;2;0;0;0m        ██[38;2;140;140;140m██[38;2;181;181;181m██[38;2;148;145;143m██[38;2;115;107;107m██[38;2;181;181;181m██[38;2;140;140;140m██[38;2;0;0;0m██      ████[38;2;69;69;69m████[38;2;140;140;140m██████[38;2;66;66;66m██[38;2;69;69;69m██[38;2;0;0;0m██                  
[38;2;0;0;0m        ██[38;2;181;181;181m████[38;2;181;184;178m████[38;2;181;181;181m██[38;2;140;140;140m██[38;2;0;0;0m██          ██[38;2;137;137;137m██[38;2;66;66;66m██████[38;2;140;140;140m██[38;2;137;137;137m██[38;2;0;0;0m██                  
[38;2;0;0;0m        ██[38;2;140;140;140m██[38;2;115;107;107m██[38;2;181;181;181m██████[38;2;145;144;143m██[38;2;0;0;0m██          ██[38;2;181;181;181m████████[38;2;140;140;140m██████[38;2;0;0;0m██                
[38;2;0;0;0m      ██[38;2;181;181;181m██[38;2;115;107;107m██[38;2;140;140;140m██[38;2;181;181;181m████[38;2;110;107;104m██[38;2;145;144;143m██[38;2;0;0;0m██          ██[38;2;181;181;181m████[38;2;115;107;107m██[38;2;140;140;140m██[38;2;181;181;181m██[38;2;140;140;140m████[38;2;0;0;0m██                
[38;2;0;0;0m      [38;2;0;0;8m██[38;2;154;126;93m██[38;2;66;66;66m██[38;2;181;181;181m████[38;2;66;66;66m██[38;2;115;107;107m████[38;2;140;140;140m██[38;2;0;0;0m██      ██[38;2;115;107;107m██[38;2;181;181;181m████[38;2;140;140;140m██[38;2;115;107;107m██[38;2;181;181;181m██[38;2;140;140;140m████[38;2;0;0;0m██                
[38;2;0;0;0m      [38;2;0;0;8m██[38;2;77;63;50m██[38;2;181;181;181m██[38;2;66;66;66m████[38;2;181;181;181m██[38;2;66;66;66m██[38;2;115;107;107m██[38;2;140;140;140m██[38;2;0;0;0m██      ██[38;2;181;181;181m██████████████[38;2;140;140;140m██[38;2;0;0;0m██                
[38;2;0;0;0m      [38;2;0;0;8m██[38;2;154;126;87m██[38;2;74;70;66m██[38;2;181;181;181m████[38;2;66;66;66m██[38;2;175;182;181m██[38;2;162;151;132m██[38;2;148;140;124m██[38;2;0;0;0m██      ██[38;2;181;184;178m██[38;2;115;107;107m██[38;2;143;143;143m██[38;2;181;181;181m██[38;2;197;181;160m██[38;2;140;124;105m██[38;2;156;123;84m██[38;2;140;140;140m████[38;2;0;0;0m██              
[38;2;0;0;0m    ██[38;2;154;126;87m██[38;2;77;63;48m██[38;2;181;181;181m██[38;2;110;107;104m██[38;2;66;66;66m██[38;2;181;181;181m██[38;2;148;119;84m██[38;2;175;182;181m██[38;2;99;93;83m██[38;2;0;0;0m██      ██[38;2;181;184;178m██[38;2;148;145;143m██[38;2;66;66;66m██[38;2;181;181;181m██[38;2;82;66;50m██[38;2;140;124;105m██[38;2;156;123;84m██[38;2;140;140;140m████[38;2;0;0;0m██              
[38;2;0;0;0m    ██[38;2;156;123;84m████[38;2;66;66;66m██[38;2;181;181;181m██[38;2;195;181;168m██[38;2;74;66;58m██[38;2;181;181;181m██[38;2;156;123;84m██[38;2;115;90;59m██[38;2;0;0;0m██      ██[38;2;121;108;91m██[38;2;66;70;74m██[38;2;181;181;181m██[38;2;66;66;66m██[38;2;181;181;181m██[38;2;66;66;66m██[38;2;173;181;181m██[38;2;156;151;138m██[38;2;115;90;59m██[38;2;0;0;0m██              
[38;2;0;0;0m    ██[38;2;156;123;84m██[38;2;66;66;66m██[38;2;181;181;181m████[38;2;74;66;58m██[38;2;134;124;113m██[38;2;156;123;84m████[38;2;115;90;59m██[38;2;0;0;0m██      ██[38;2;121;108;91m██[38;2;148;127;100m██[38;2;66;66;66m██[38;2;181;181;181m██[38;2;66;66;66m██[38;2;181;181;181m██[38;2;140;120;94m██[38;2;123;90;51m██[38;2;115;90;59m██[38;2;0;0;0m██              
[38;2;0;0;0m    ██[38;2;154;126;87m██[38;2;77;63;48m██[38;2;66;66;66m████[38;2;195;181;168m██[38;2;74;66;58m██[38;2;156;123;84m████[38;2;115;90;59m██[38;2;0;0;0m██      ██[38;2;156;123;84m██[38;2;66;66;66m██[38;2;181;181;181m██[38;2;110;107;104m██[38;2;181;181;181m██[38;2;66;66;66m██[38;2;156;123;84m██[38;2;115;90;59m██[38;2;115;91;59m████[38;2;0;0;0m██            
[38;2;0;0;0m      [38;2;0;0;8m██[38;2;154;126;87m██[38;2;156;123;84m████[38;2;74;66;58m██[38;2;134;124;113m██[38;2;156;123;84m██[38;2;115;90;59m████[38;2;0;0;0m██      ██[38;2;156;123;84m██[38;2;66;66;66m██[38;2;181;181;181m██[38;2;74;70;66m██[38;2;181;181;181m██[38;2;66;66;66m██[38;2;156;123;84m████[38;2;115;91;59m████[38;2;0;0;0m██            
[38;2;0;0;0m        ████[38;2;156;123;84m██████[38;2;165;127;85m██[38;2;110;85;57m██[38;2;0;0;0m██        ██[38;2;156;123;84m████[38;2;66;66;66m██[38;2;181;181;181m██[38;2;74;66;58m██[38;2;134;124;113m██[38;2;156;126;84m████[38;2;115;91;59m████[38;2;0;0;0m██            
[38;2;0;0;0m            ██████████          ██[38;2;156;123;84m██[38;2;66;66;66m██[38;2;181;181;181m██[38;2;66;66;66m██[38;2;195;181;168m██[38;2;74;66;58m██[38;2;156;126;84m████[38;2;115;91;59m████[38;2;0;0;0m██            
[38;2;0;0;0m                                  ██[38;2;156;123;84m██[38;2;68;66;60m██[38;2;156;123;84m██[38;2;66;66;66m████[38;2;156;123;84m████[38;2;115;90;59m██[38;2;0;0;0m██              
[38;2;0;0;0m                                    ██[38;2;156;123;84m██[38;2;112;94;72m██[38;2;156;123;84m██████[38;2;115;90;59m██[38;2;0;0;0m██                
[38;2;0;0;0m                                      ████████████                  [0m
