
[38;2;0;0;0m                                  ██████████                
[38;2;0;0;0m                              ████[38;2;247;214;111m██████[38;2;123;107;55m██[38;2;247;214;111m██[38;2;0;0;0m████            
[38;2;0;0;0m                            ██[38;2;247;214;111m██[38;2;123;107;59m██[38;2;247;217;111m████[38;2;247;214;111m██[38;2;123;107;59m██[38;2;247;217;111m████[38;2;247;214;111m██[38;2;0;0;16m██[38;2;0;0;0m          
[38;2;0;0;0m                          ██[38;2;247;214;111m████[38;2;123;107;59m██[38;2;247;217;111m████[38;2;123;107;59m██[38;2;247;214;111m██[38;2;247;217;111m████[38;2;82;71;48m██[38;2;247;214;111m██[38;2;0;0;0m██        
[38;2;0;0;0m                          ██[38;2;247;214;111m████[38;2;123;107;59m██[38;2;247;214;111m████[38;2;126;112;76m██[38;2;247;214;111m██████[38;2;66;66;66m██[38;2;247;214;111m██[38;2;0;0;0m██        
[38;2;0;0;0m                          ██[38;2;247;214;111m██████[38;2;66;66;66m████[38;2;66;61;58m██[38;2;247;214;111m████[38;2;66;66;66m██[38;2;247;214;111m████[38;2;198;173;86m██[38;2;0;0;0m██      
[38;2;0;0;0m                            ██[38;2;66;66;66m████[38;2;131;107;83m████[38;2;132;107;84m██[38;2;66;66;66m████[38;2;247;214;111m██[38;2;198;176;86m████[38;2;198;173;86m██[38;2;0;0;0m██      
[38;2;0;0;0m                          ██[38;2;132;107;84m██[38;2;140;111;88m██[38;2;214;156;110m██[38;2;247;214;111m████[38;2;132;107;84m████[38;2;126;115;81m██[38;2;66;66;66m██[38;2;198;176;86m████[38;2;0;0;0m██        
[38;2;0;0;0m  ████                ████[38;2;131;106;83m██[38;2;222;156;110m████[38;2;247;214;111m████[38;2;222;156;110m██████[38;2;135;111;87m██[38;2;57;66;65m██[38;2;198;173;86m██[38;2;0;0;0m██          
[38;2;0;0;0m██[38;2;99;66;51m████[38;2;0;0;0m██      ████████[38;2;222;156;110m████████████████████[38;2;214;156;110m██[38;2;135;111;87m██[38;2;0;0;0m██            
[38;2;0;0;0m██[38;2;181;123;85m██[38;2;104;79;67m██[38;2;90;65;50m██[38;2;0;4;8m██[38;2;0;0;0m████[38;2;222;156;110m████████████[38;2;247;217;111m████[38;2;247;214;111m██[38;2;222;156;110m████████████[38;2;131;106;83m██[38;2;0;0;0m██            
[38;2;0;0;0m██[38;2;181;123;85m██[38;2;66;57;58m██[38;2;90;65;50m██[38;2;181;127;93m██[38;2;222;156;110m████████████[38;2;247;214;111m████[38;2;247;217;111m████[38;2;222;156;110m██████████████[38;2;131;106;83m██[38;2;0;0;0m██            
[38;2;0;0;0m  [38;2;8;0;0m██[38;2;173;159;138m██[38;2;255;255;255m████[38;2;195;164;128m██[38;2;140;115;84m██[38;2;131;115;83m████[38;2;222;156;110m████████████████████████[38;2;214;156;118m██[38;2;143;104;79m██[38;2;0;0;0m██            
[38;2;0;0;0m██[38;2;173;159;138m██[38;2;255;239;207m██[38;2;255;255;255m██[38;2;66;66;66m██[38;2;140;115;84m██[38;2;222;189;150m██[38;2;206;189;158m████[38;2;131;115;83m██[38;2;222;156;110m██████████████████████[38;2;143;104;79m██[38;2;0;0;0m██              
[38;2;0;0;0m██[38;2;222;156;110m██[38;2;181;123;85m██[38;2;255;255;255m████[38;2;131;115;83m██████[38;2;206;189;158m██[38;2;66;66;66m██[38;2;222;156;110m██[38;2;211;164;131m██[38;2;255;255;255m██████[38;2;189;123;77m██[38;2;211;167;134m██[38;2;222;156;110m████████[38;2;88;66;56m██[38;2;0;0;0m██              
[38;2;0;0;0m██[38;2;181;123;85m██[38;2;222;156;110m██[38;2;181;123;85m████[38;2;131;115;83m██[38;2;206;189;158m████[38;2;131;115;83m██[38;2;66;66;66m██[38;2;222;156;110m██[38;2;189;119;69m██[38;2;255;255;255m██[38;2;66;66;66m██[38;2;255;255;255m██[38;2;255;255;247m██[38;2;189;123;77m██[38;2;222;156;110m██████[38;2;131;106;83m██[38;2;88;66;56m████[38;2;0;0;0m████████████  
[38;2;0;0;0m██[38;2;107;74;55m██[38;2;214;148;110m██[38;2;222;156;110m██████[38;2;66;66;66m██████[38;2;222;156;110m██████[38;2;181;123;85m██[38;2;255;255;255m████[38;2;255;255;247m██[38;2;189;123;77m██[38;2;222;148;102m██[38;2;178;125;90m██[38;2;132;107;84m████[38;2;99;66;51m██[38;2;132;107;84m██[38;2;131;106;83m████████[38;2;132;110;84m████[38;2;0;0;0m██
[38;2;0;0;0m  ██[38;2;107;74;55m██[38;2;222;156;110m████████████████████[38;2;211;164;131m██[38;2;189;119;69m██[38;2;189;123;77m██[38;2;211;167;134m██[38;2;178;125;90m██[38;2;134;101;78m██[38;2;99;66;51m██[38;2;132;107;84m██████[38;2;222;156;110m████████[38;2;0;0;0m████  
[38;2;0;0;0m    ██[38;2;90;63;42m██[38;2;181;127;85m██[38;2;181;126;90m██[38;2;222;156;110m██████████████████[38;2;222;156;118m██[38;2;134;101;78m██[38;2;132;107;84m██[38;2;99;65;51m██[38;2;74;55;45m██[38;2;222;156;118m██[38;2;222;156;110m████[38;2;74;60;50m████[38;2;0;0;0m████      
[38;2;0;0;0m      ████[38;2;99;66;51m████[38;2;181;123;85m████████████[38;2;131;106;83m████[38;2;134;101;78m██[38;2;90;74;58m██[38;2;99;65;51m████[38;2;0;4;8m████[38;2;0;0;0m██[38;2;222;156;110m██[38;2;222;165;118m██[38;2;0;8;16m██[38;2;0;0;0m          
[38;2;0;0;0m          ██████[38;2;99;66;51m██████████████[38;2;0;0;0m████████      ████            
[38;2;0;0;0m                ██████████████                              [0m
