
[38;2;0;0;0m          ██      ██                          
[38;2;0;0;0m        ██[38;2;99;99;99m██[38;2;0;0;0m██  ██[38;2;231;115;71m██[38;2;0;0;0m██                        
[38;2;0;0;0m        ██[38;2;99;99;99m██[38;2;0;0;0m██  ██[38;2;231;115;71m██[38;2;0;0;0m██  ██                    
[38;2;0;0;0m        ██[38;2;198;198;198m██[38;2;99;99;99m██[38;2;0;0;0m██[38;2;66;61;66m██[38;2;231;111;71m██[38;2;0;0;0m████[38;2;99;99;99m██[38;2;0;0;0m██          ██  ██  
[38;2;0;0;0m        ██[38;2;198;198;198m██[38;2;99;99;99m██[38;2;66;66;66m██[38;2;176;94;69m██[38;2;231;111;71m██[38;2;66;66;66m██[38;2;99;99;99m████[38;2;0;0;0m██        ██[38;2;99;99;99m██[38;2;0;0;0m██[38;2;99;99;99m██[38;2;0;0;0m██
[38;2;0;0;0m        ██[38;2;99;99;99m██[38;2;115;82;78m██[38;2;57;70;81m██[38;2;231;111;71m██[38;2;176;94;69m██[38;2;66;66;66m██[38;2;198;198;198m██[38;2;99;99;99m██[38;2;0;0;0m██        ██[38;2;99;99;99m██[38;2;99;102;99m████[38;2;0;0;0m██
[38;2;0;0;0m        ██[38;2;66;66;66m██[38;2;231;107;71m██[38;2;173;95;74m██[38;2;231;111;71m██[38;2;66;61;66m██[38;2;66;66;66m██[38;2;198;198;198m██[38;2;99;99;99m██[38;2;0;0;0m██          ██[38;2;99;102;99m████[38;2;0;0;0m██
[38;2;0;0;0m        [38;2;0;16;24m██[38;2;115;69;51m██[38;2;66;66;66m██[38;2;231;115;71m████████[38;2;66;66;66m██[38;2;99;99;99m████[38;2;0;0;0m██        ██[38;2;231;123;79m████[38;2;0;0;0m██
[38;2;0;0;0m      ██[38;2;231;123;79m████[38;2;66;66;66m██[38;2;231;115;71m██[38;2;66;66;66m██████████[38;2;99;99;99m██[38;2;0;0;0m██        ██[38;2;115;69;51m██[38;2;0;16;24m██[38;2;0;0;0m  
[38;2;0;0;0m  ██[38;2;0;4;8m████[38;2;66;66;66m██[38;2;222;156;62m██[38;2;231;118;71m████[38;2;231;115;71m████████[38;2;222;119;78m██[38;2;57;70;73m██[38;2;0;0;0m██      [38;2;0;4;8m██[38;2;170;86;71m██[38;2;181;74;61m██[38;2;0;0;0m██  
[38;2;0;0;0m██[38;2;181;74;61m██[38;2;170;86;71m██[38;2;85;45;40m██[38;2;222;156;62m██[38;2;66;66;66m██[38;2;231;118;71m████[38;2;231;115;71m██[38;2;66;66;66m██████[38;2;57;70;73m██[38;2;112;86;75m██[38;2;0;0;0m██      [38;2;0;4;8m██[38;2;85;45;40m██[38;2;0;0;0m██    
[38;2;0;0;0m  ██[38;2;181;74;61m██[38;2;66;66;66m██[38;2;206;189;62m██[38;2;66;66;74m██[38;2;231;123;79m██[38;2;49;61;65m██[38;2;74;45;58m████[38;2;255;239;55m████[38;2;49;49;49m██[38;2;98;98;98m██[38;2;66;66;66m██[38;2;0;0;0m██████[38;2;66;66;66m████[38;2;0;0;0m██    
[38;2;0;0;0m██[38;2;181;74;61m██████[38;2;66;66;74m██[38;2;113;107;70m██[38;2;110;82;70m██[38;2;49;61;65m██[38;2;255;231;55m██[38;2;134;107;57m██[38;2;255;239;55m████[38;2;49;49;49m██[38;2;98;98;98m██[38;2;66;66;66m██[38;2;99;99;99m██████[38;2;66;66;66m██[38;2;0;0;0m██      
[38;2;0;0;0m  ████████[38;2;198;198;198m████[38;2;214;103;70m██[38;2;57;37;49m██[38;2;255;214;55m████[38;2;57;37;49m██[38;2;181;74;61m██[38;2;231;115;71m████[38;2;66;66;66m██[38;2;57;70;73m██[38;2;112;86;75m██[38;2;137;86;65m██[38;2;0;4;8m██[38;2;0;0;0m      
[38;2;0;0;0m          ██[38;2;214;103;70m████[38;2;156;125;52m██[38;2;57;37;49m████[38;2;156;125;52m██[38;2;231;115;71m████████[38;2;222;119;78m██[38;2;57;70;73m██[38;2;206;127;94m██[38;2;0;4;8m██[38;2;0;0;0m      
[38;2;0;0;0m            ████[38;2;231;119;79m████[38;2;231;115;71m████████[38;2;66;66;66m████[38;2;66;61;66m██[38;2;231;111;71m██[38;2;239;115;71m██[38;2;8;0;0m██[38;2;0;0;0m      
[38;2;0;0;0m                [38;2;0;12;16m██[38;2;77;48;37m██[38;2;66;66;66m██████[38;2;231;115;71m████[38;2;66;66;66m██[38;2;176;94;69m██[38;2;231;111;71m██[38;2;239;115;71m██[38;2;162;77;47m██[38;2;0;0;0m██    
[38;2;0;0;0m              ██[38;2;247;247;55m██[38;2;233;184;63m██[38;2;66;66;66m██[38;2;231;115;71m████[38;2;66;66;66m██[38;2;86;47;42m██[38;2;173;82;69m██[38;2;0;0;0m████[38;2;170;89;79m██[38;2;85;50;48m██[38;2;0;0;0m██    
[38;2;0;0;0m              ██[38;2;220;120;70m██[38;2;247;247;55m██[38;2;66;66;66m██[38;2;231;115;71m██████[38;2;173;82;69m██[38;2;0;12;16m██[38;2;0;0;0m    [38;2;0;12;16m██[38;2;85;50;48m██[38;2;0;0;0m██    
[38;2;0;0;0m                ██[38;2;66;66;66m██[38;2;181;74;61m██[38;2;66;66;66m██[38;2;231;115;71m████[38;2;0;0;0m██    ██[38;2;181;74;61m████[38;2;0;0;0m██    
[38;2;0;0;0m                ██[38;2;66;66;66m██████[38;2;99;98;99m████[38;2;0;0;0m██      ████      
[38;2;0;0;0m              ██[38;2;181;74;61m████[38;2;77;52;45m████[38;2;111;80;67m████[38;2;0;0;0m██                
[38;2;0;0;0m                ████[38;2;0;16;24m██[38;2;231;123;87m██[38;2;222;140;102m██[38;2;0;20;32m██[38;2;0;0;0m                  
[38;2;0;0;0m                    ██████                    [0m
