
[38;2;0;0;0m            ██[38;2;255;214;71m██[38;2;0;0;0m██                                
[38;2;0;0;0m            ██[38;2;255;214;71m██[38;2;0;0;0m██                                
[38;2;0;0;0m            ██[38;2;255;214;71m████[38;2;0;0;0m██          ██                  
[38;2;0;0;0m            ██[38;2;255;214;71m████[38;2;82;71;45m██[38;2;0;0;24m██[38;2;0;0;0m      ██[38;2;255;214;71m██[38;2;0;0;0m██                
[38;2;0;0;0m            ██[38;2;255;214;71m██[38;2;255;247;215m██[38;2;82;71;45m██[38;2;247;214;87m██[38;2;0;0;0m██  ██[38;2;255;214;71m████[38;2;0;0;0m██                
[38;2;0;0;0m          ██[38;2;255;214;71m████[38;2;255;247;215m██[38;2;255;214;71m██[38;2;255;247;215m██[38;2;255;231;119m██[38;2;0;0;0m██[38;2;255;214;71m██[38;2;255;247;215m██[38;2;255;214;71m██[38;2;0;0;0m██      ████      
[38;2;0;0;0m  ████    ██[38;2;255;214;71m████[38;2;255;247;215m██[38;2;255;214;71m██[38;2;255;247;215m██[38;2;255;231;119m████[38;2;255;247;215m████[38;2;255;214;71m██[38;2;0;0;0m██  ████[38;2;255;214;71m██[38;2;0;0;0m██      
[38;2;0;0;0m  ██[38;2;255;214;71m██[38;2;0;0;0m██  [38;2;0;0;16m██[38;2;255;214;79m██[38;2;255;214;71m██[38;2;255;247;215m██████████████[38;2;255;231;119m██[38;2;66;66;66m██[38;2;0;0;0m██[38;2;255;214;71m██████[38;2;0;0;0m██      
[38;2;0;0;0m  ██[38;2;255;214;71m████[38;2;0;0;0m██[38;2;85;71;37m██[38;2;255;214;79m██[38;2;255;214;71m██[38;2;255;247;215m████████[38;2;66;66;66m████[38;2;255;247;215m██[38;2;255;231;119m████[38;2;255;214;71m██████[38;2;0;0;0m██        
[38;2;0;0;0m    ██[38;2;255;214;71m████[38;2;255;217;71m████[38;2;255;247;215m████████[38;2;66;66;66m██[38;2;140;107;212m██[38;2;66;66;82m██[38;2;255;247;215m████[38;2;255;214;71m██[38;2;255;247;215m██[38;2;255;214;71m██[38;2;0;0;0m██          
[38;2;0;0;0m    ██[38;2;255;214;71m██[38;2;255;247;215m██[38;2;255;217;71m████[38;2;255;247;215m██████[38;2;66;66;66m██[38;2;140;107;212m████[38;2;66;66;82m████[38;2;255;247;215m██████[38;2;255;214;71m██[38;2;0;0;0m██          
[38;2;0;0;0m      ██[38;2;255;214;71m██[38;2;255;247;215m██[38;2;255;214;71m██[38;2;255;247;215m████[38;2;247;231;239m██[38;2;66;57;82m██[38;2;140;107;212m██[38;2;107;74;179m██[38;2;74;65;114m██[38;2;107;74;179m██[38;2;57;53;81m██[38;2;247;239;231m██[38;2;247;214;87m██[38;2;0;0;24m██[38;2;0;0;0m            
[38;2;0;0;0m████  ██[38;2;255;214;71m██[38;2;255;247;215m████████[38;2;66;57;82m██[38;2;156;144;160m██[38;2;107;74;179m████████[38;2;120;115;131m██[38;2;57;53;81m██[38;2;82;71;45m████[38;2;66;66;66m██[38;2;0;0;0m████      
[38;2;0;0;0m██[38;2;255;214;71m██[38;2;0;0;0m██[38;2;66;66;66m██[38;2;255;214;71m██[38;2;255;247;215m██████[38;2;107;74;179m██████[38;2;107;82;171m██[38;2;74;62;122m██[38;2;68;59;119m██[38;2;107;78;179m██[38;2;74;62;122m██[38;2;107;82;171m██[38;2;140;110;212m████[38;2;140;111;220m████[38;2;107;74;179m██[38;2;0;0;0m██    
[38;2;0;0;0m  ██[38;2;255;214;71m████████[38;2;255;247;215m████[38;2;107;74;179m████[38;2;140;107;212m██[38;2;140;103;220m██[38;2;107;82;171m██[38;2;107;78;179m██[38;2;49;49;89m██[38;2;107;82;171m██[38;2;140;103;220m██[38;2;140;110;212m████[38;2;93;74;149m██[38;2;0;0;8m██[38;2;0;0;0m██      
[38;2;0;0;0m    ██[38;2;255;231;119m████[38;2;255;214;71m██[38;2;255;247;215m████[38;2;107;74;179m██[38;2;57;41;105m██[38;2;120;110;155m██[38;2;0;0;0m██[38;2;255;255;255m██[38;2;247;247;255m██[38;2;66;53;122m██[38;2;107;74;179m████[38;2;120;115;131m██[38;2;57;53;81m██[38;2;0;0;0m██          
[38;2;0;0;0m      ██[38;2;255;231;119m██[38;2;255;247;215m████[38;2;107;74;179m████[38;2;57;41;105m██[38;2;247;247;255m██[38;2;255;255;255m████[38;2;66;53;122m██[38;2;126;118;166m██[38;2;66;66;66m██[38;2;107;74;179m██[38;2;57;53;81m██[38;2;247;239;231m██[38;2;255;214;71m██[38;2;0;0;0m██        
[38;2;0;0;0m        ██[38;2;255;222;159m████[38;2;107;75;179m████[38;2;107;74;179m██[38;2;80;69;104m██[38;2;80;69;109m████[38;2;66;66;66m████[38;2;107;74;179m██[38;2;66;66;66m██[38;2;255;231;119m████[38;2;0;0;0m██          
[38;2;0;0;0m          [38;2;0;0;40m██[38;2;127;111;99m██[38;2;107;75;179m████[38;2;66;66;66m████[38;2;107;74;179m██[38;2;66;66;74m██[38;2;255;214;71m████[38;2;107;74;179m██[38;2;66;66;66m██[38;2;255;231;119m██[38;2;0;0;0m██            
[38;2;0;0;0m            ██████[38;2;173;140;45m████[38;2;66;66;66m██[38;2;173;140;45m██[38;2;198;161;91m██[38;2;247;206;55m██[38;2;107;74;179m████[38;2;66;57;78m██[38;2;0;12;0m██[38;2;0;0;0m            
[38;2;0;0;0m                  ██[38;2;173;140;45m██████[38;2;247;206;55m██[38;2;99;70;163m██[38;2;255;214;71m██[38;2;107;74;179m██[38;2;66;57;78m██[38;2;132;103;156m██[38;2;0;0;0m██          
[38;2;0;0;0m                  [38;2;0;4;8m██[38;2;214;173;142m██[38;2;255;217;71m████[38;2;247;198;135m██[38;2;66;61;82m██[38;2;255;214;71m████[38;2;107;74;179m██[38;2;0;0;0m████          
[38;2;0;0;0m                ██[38;2;214;173;142m██[38;2;71;60;53m██[38;2;255;217;71m████[38;2;66;61;82m██[38;2;187;152;117m██[38;2;66;66;66m██[38;2;255;214;71m██[38;2;107;74;179m██████[38;2;0;0;0m██        
[38;2;0;0;0m              [38;2;0;0;32m██[38;2;82;70;54m██[38;2;137;104;159m██[38;2;66;66;66m██[38;2;247;198;135m██[38;2;66;61;82m██[38;2;137;100;159m██[38;2;173;119;205m██[38;2;66;66;66m██[38;2;0;0;0m██[38;2;239;189;175m██[38;2;159;126;135m██[38;2;93;74;149m██[38;2;0;0;8m██[38;2;0;0;0m        
[38;2;0;0;0m          ████[38;2;82;70;54m██[38;2;165;140;77m██[38;2;66;66;66m██[38;2;173;123;205m██[38;2;66;61;82m██[38;2;187;152;117m██[38;2;137;100;159m██[38;2;66;61;66m██[38;2;0;0;0m██  [38;2;0;0;56m██[38;2;159;126;135m██[38;2;140;111;220m████[38;2;0;0;0m██      
[38;2;0;0;0m        ██[38;2;132;90;164m██[38;2;66;66;66m██[38;2;74;66;114m████[38;2;66;61;90m██[38;2;129;109;92m██[38;2;66;61;90m██[38;2;129;109;92m██[38;2;85;71;125m██[38;2;255;214;71m██[38;2;66;57;78m██[38;2;0;12;0m██[38;2;132;90;164m██[38;2;66;65;66m██[38;2;140;110;212m████[38;2;0;0;0m██      
[38;2;0;0;0m        ██[38;2;66;66;66m██[38;2;132;90;164m██[38;2;65;66;65m████[38;2;255;206;95m██[38;2;66;61;90m██[38;2;255;206;95m██[38;2;66;61;90m██[38;2;255;214;71m██[38;2;85;71;125m██[38;2;66;57;78m██[38;2;132;103;156m██[38;2;66;65;66m████[38;2;140;110;212m████[38;2;66;66;66m██[38;2;0;0;0m██    
[38;2;0;0;0m      ██[38;2;74;66;114m██[38;2;55;51;76m████[38;2;66;66;66m██[38;2;173;132;205m██[38;2;82;70;106m██[38;2;255;214;71m██[38;2;255;217;71m████[38;2;255;214;71m██[38;2;96;71;141m██[38;2;66;61;66m██[38;2;137;100;159m██[38;2;137;104;159m██[38;2;66;66;66m██[38;2;156;123;212m██[38;2;66;66;66m██[38;2;58;49;68m██[38;2;173;132;205m██[38;2;0;0;0m██  
[38;2;0;0;0m      ██[38;2;74;66;114m██[38;2;0;4;0m██[38;2;82;74;114m██[38;2;66;66;66m██[38;2;173;132;205m██[38;2;82;70;106m████[38;2;255;217;71m████[38;2;96;71;141m████[38;2;173;119;205m██[38;2;137;100;159m██[38;2;66;66;66m██[38;2;173;123;205m██[38;2;66;66;66m██[38;2;156;123;212m██[38;2;173;132;205m██[38;2;0;8;0m██[38;2;0;0;0m    
[38;2;0;0;0m        ██  ██[38;2;181;132;213m██[38;2;123;91;142m██[38;2;173;132;205m██[38;2;66;66;66m██[38;2;255;214;71m██[38;2;96;71;141m██[38;2;66;61;66m██[38;2;173;127;205m██[38;2;137;100;159m████[38;2;121;93;163m██[38;2;66;66;66m██[38;2;140;107;212m██[38;2;57;54;76m████[38;2;140;107;212m██[38;2;0;0;0m██  
[38;2;0;0;0m              [38;2;8;8;0m██[38;2;66;49;71m██[38;2;173;132;205m██[38;2;66;66;66m██[38;2;96;71;141m████[38;2;173;127;205m██[38;2;137;105;159m██[38;2;173;119;205m██[38;2;66;61;66m██[38;2;66;66;66m██[38;2;148;107;212m██[38;2;57;54;76m██[38;2;140;107;212m████[38;2;57;54;76m██[38;2;107;74;179m██[38;2;0;0;0m██
[38;2;0;0;0m              [38;2;0;0;16m██[38;2;170;137;79m██[38;2;74;66;114m████[38;2;53;39;89m██[38;2;107;78;179m██[38;2;60;53;84m████[38;2;121;97;99m██[38;2;148;127;28m██[38;2;66;66;66m██[38;2;107;74;179m██[38;2;49;41;89m██[38;2;0;0;0m██[38;2;107;74;179m████[38;2;49;41;89m██[38;2;0;0;0m██
[38;2;0;0;0m              [38;2;0;0;16m██[38;2;85;69;48m██[38;2;74;66;114m██[38;2;173;140;45m██[38;2;0;0;0m████[38;2;8;16;0m██[38;2;113;90;169m██[38;2;93;67;171m████[38;2;66;66;66m██[38;2;107;74;179m██[38;2;0;0;0m██  ██[38;2;107;74;179m██[38;2;0;0;0m██  
[38;2;0;0;0m            ██[38;2;74;67;114m████[38;2;74;66;114m██[38;2;0;0;0m██      ██[38;2;173;132;85m██[38;2;115;88;70m██[38;2;107;74;179m██[38;2;66;66;66m██[38;2;143;110;111m██[38;2;0;0;0m██  ██    
[38;2;0;0;0m          ██[38;2;74;66;114m██[38;2;49;41;89m██[38;2;74;67;114m██[38;2;74;66;114m██[38;2;0;0;0m██        [38;2;0;0;40m██[38;2;173;132;85m██[38;2;107;74;179m████[38;2;143;110;111m██[38;2;0;0;0m██        
[38;2;0;0;0m            ████████          [38;2;0;0;8m██[38;2;99;74;155m██[38;2;140;107;212m██████[38;2;110;84;171m██[38;2;0;0;0m██      
[38;2;0;0;0m                              [38;2;0;0;8m██[38;2;148;111;228m██[38;2;49;41;89m██[38;2;140;107;212m██[38;2;49;37;89m██[38;2;140;107;212m██[38;2;0;0;0m██      
[38;2;0;0;0m                                ██████████        [0m
