
[38;2;0;0;0m          ████            
[38;2;0;0;0m      ████[38;2;222;189;214m████[38;2;0;0;0m████        
[38;2;0;0;0m    [38;2;0;4;0m██[38;2;69;60;69m██[38;2;148;126;159m██[38;2;189;156;205m████[38;2;66;66;66m██[38;2;189;156;205m██[38;2;0;0;0m██      
[38;2;0;0;0m  ██[38;2;206;173;206m████[38;2;66;66;66m██[38;2;189;156;205m████[38;2;148;126;159m██[38;2;189;156;205m██[38;2;0;0;0m██      
[38;2;0;0;0m  ██[38;2;222;189;214m████[38;2;151;123;175m██[38;2;186;156;194m██[38;2;222;192;214m████[38;2;222;189;214m██[38;2;189;156;205m██[38;2;0;0;0m██    
[38;2;0;0;0m  ██[38;2;66;66;66m██[38;2;222;189;214m██████[38;2;222;192;214m████[38;2;222;189;214m████[38;2;0;0;0m██    
[38;2;0;0;8m██[38;2;132;126;145m██[38;2;222;189;214m██[38;2;186;156;194m██[38;2;222;189;214m████████[38;2;222;189;222m██[38;2;148;123;172m██[38;2;103;90;99m██[38;2;0;0;0m    
[38;2;0;0;8m██[38;2;198;189;214m██[38;2;151;123;175m██[38;2;222;189;214m████[38;2;148;123;172m████[38;2;222;189;214m██[38;2;148;123;172m██[38;2;185;156;197m██[38;2;206;181;198m██[38;2;0;0;0m██  
[38;2;0;0;0m██[38;2;255;255;255m██[38;2;0;0;0m██[38;2;222;189;214m██[38;2;162;140;127m████[38;2;255;255;255m██[38;2;189;156;205m██[38;2;66;66;66m██[38;2;206;173;214m██[38;2;198;165;222m██[38;2;0;4;0m██[38;2;0;0;0m  
[38;2;0;0;0m  ██[38;2;222;189;214m████[38;2;239;206;191m██[38;2;8;8;0m██[38;2;255;255;255m██[38;2;189;156;205m██[38;2;66;66;66m██[38;2;206;173;214m██[38;2;132;111;148m██[38;2;0;4;0m██[38;2;0;0;0m  
[38;2;0;0;0m  ██[38;2;206;173;206m████[38;2;214;189;230m██[38;2;209;159;187m██[38;2;189;156;205m██████[38;2;0;0;0m████    
[38;2;0;0;0m    [38;2;0;4;0m██[38;2;69;60;69m██[38;2;198;99;102m████[38;2;189;156;205m██[38;2;66;66;66m██[38;2;0;0;0m██        
[38;2;0;0;0m      ██[38;2;66;66;66m██████[38;2;198;165;206m██[38;2;0;0;0m████      
[38;2;0;0;0m  ████[38;2;66;66;66m██[38;2;148;123;172m██[38;2;66;66;66m██[38;2;198;165;206m████[38;2;222;189;214m████[38;2;0;0;0m██    
[38;2;0;0;0m██[38;2;148;123;172m██████[38;2;90;61;18m██[38;2;255;255;231m██[38;2;222;189;214m████[38;2;66;66;66m██[38;2;222;189;214m██[38;2;239;222;239m██[38;2;0;0;0m██  
[38;2;0;0;0m████[38;2;148;123;172m██[38;2;66;66;66m██[38;2;145;126;89m████[38;2;255;255;255m████[38;2;66;66;66m████[38;2;239;222;239m██[38;2;0;0;0m██  
[38;2;0;0;0m    [38;2;0;0;16m██[38;2;77;63;29m██[38;2;115;85;35m██[38;2;173;127;53m██[38;2;115;85;35m██[38;2;173;127;53m██[38;2;176;121;45m██[38;2;66;66;58m██[38;2;222;189;214m████[38;2;0;0;0m██
[38;2;0;0;0m  ██[38;2;115;94;35m████[38;2;0;0;0m██████[38;2;173;127;53m██[38;2;121;93;52m██[38;2;66;66;58m██[38;2;222;189;214m██[38;2;189;156;205m██[38;2;0;0;0m██
[38;2;0;0;0m    ██████    ██[38;2;222;189;214m████[38;2;0;0;0m████  
[38;2;0;0;0m            ██[38;2;173;123;61m██[38;2;162;123;79m██[38;2;132;90;12m██[38;2;0;0;0m██    
[38;2;0;0;0m              ██████      [0m
