
[38;2;0;4;0m████[38;2;0;0;0m                                                
[38;2;0;4;0m██[38;2;78;88;106m██[38;2;0;4;0m████[38;2;0;0;0m                                            
[38;2;0;4;0m██[38;2;78;88;106m██████[38;2;0;4;0m██[38;2;0;0;0m                      [38;2;0;4;0m██████[38;2;0;0;0m              
[38;2;0;4;0m██[38;2;78;88;106m██[38;2;82;90;104m██[38;2;247;214;71m██[38;2;0;4;0m██[38;2;0;0;0m                  [38;2;0;4;16m████[38;2;99;117;127m████[38;2;0;4;0m██[38;2;0;0;0m              
[38;2;0;0;0m  [38;2;0;4;0m██[38;2;247;214;71m██████[38;2;0;4;0m██[38;2;0;0;0m              [38;2;0;4;0m██[38;2;247;239;103m██[38;2;123;121;59m██[38;2;99;117;127m██[38;2;0;4;0m██[38;2;0;0;0m                
[38;2;0;0;0m  [38;2;0;4;0m██[38;2;247;214;95m██[38;2;82;82;64m██[38;2;78;88;106m██[38;2;0;4;0m██[38;2;0;0;0m            [38;2;0;4;0m██[38;2;247;231;71m██[38;2;244;212;71m██[38;2;255;239;71m██[38;2;99;117;127m██[38;2;0;4;0m██[38;2;0;0;0m            [38;2;0;4;0m██[38;2;0;0;0m  
[38;2;0;0;0m    [38;2;0;16;48m██[38;2;82;82;64m██[38;2;78;88;106m██[38;2;0;4;0m██[38;2;0;0;0m            [38;2;0;4;0m██[38;2;247;231;71m██[38;2;244;212;71m████[38;2;0;4;0m██[38;2;0;0;0m            [38;2;0;4;0m██[38;2;99;117;127m██[38;2;0;4;0m██
[38;2;0;0;0m      [38;2;0;4;0m██[38;2;82;93;104m████[38;2;0;4;0m██████[38;2;0;0;0m    [38;2;0;4;0m██[38;2;99;118;128m████[38;2;255;247;95m██[38;2;85;88;64m██[38;2;0;4;0m██[38;2;0;0;0m        [38;2;0;4;0m██[38;2;0;0;48m██[38;2;119;119;83m██[38;2;99;117;127m██[38;2;0;4;0m██
[38;2;0;0;0m      [38;2;0;4;0m██[38;2;247;231;71m████[38;2;99;117;127m██████[38;2;0;4;0m████[38;2;66;65;66m██[38;2;99;118;128m████[38;2;85;88;64m██[38;2;0;8;48m██[38;2;0;0;0m        [38;2;0;4;0m██[38;2;255;239;71m██[38;2;239;239;119m██[38;2;119;119;83m██[38;2;99;117;127m██[38;2;0;4;0m██
[38;2;0;0;0m    [38;2;0;4;32m██[38;2;247;231;87m██[38;2;255;239;71m██[38;2;101;115;125m██[38;2;255;239;71m██[38;2;101;115;125m██[38;2;99;118;128m████[38;2;66;66;66m██[38;2;99;115;127m██[38;2;99;117;127m██[38;2;0;4;0m████[38;2;0;0;0m        [38;2;0;4;0m██[38;2;244;212;71m██████[38;2;255;239;71m██[38;2;99;117;127m██[38;2;0;4;0m██
[38;2;0;0;0m  [38;2;0;4;0m██[38;2;123;117;59m██[38;2;247;231;87m██[38;2;101;115;125m████[38;2;255;239;71m██[38;2;101;115;125m██[38;2;99;118;128m████[38;2;99;115;127m████[38;2;0;4;0m██[38;2;0;0;0m            [38;2;0;4;0m██[38;2;255;239;71m████[38;2;244;212;71m████[38;2;0;4;0m██[38;2;0;0;0m  
[38;2;0;0;0m  [38;2;0;4;0m██[38;2;98;118;125m██[38;2;247;214;71m██[38;2;98;118;125m██[38;2;247;214;71m████[38;2;98;118;125m██[38;2;99;115;127m████[38;2;99;117;127m██[38;2;0;4;0m██[38;2;0;0;0m            [38;2;0;4;0m██[38;2;99;117;127m██[38;2;99;118;128m████[38;2;247;231;87m████[38;2;0;4;0m██[38;2;0;0;0m  
[38;2;0;4;0m██[38;2;255;255;255m██[38;2;98;118;125m████[38;2;247;214;71m████[38;2;98;118;125m████[38;2;66;66;66m████[38;2;99;117;127m████[38;2;0;4;0m██[38;2;0;0;0m          [38;2;0;4;0m██[38;2;99;117;127m██[38;2;99;118;128m████[38;2;123;117;59m██[38;2;0;4;32m██[38;2;0;0;0m    
[38;2;0;4;0m██[38;2;156;66;76m██[38;2;99;118;128m████[38;2;99;115;127m████[38;2;77;50;53m████[38;2;255;255;255m██[38;2;255;86;87m██[38;2;101;115;125m████[38;2;0;4;0m██[38;2;0;0;0m          [38;2;0;4;0m██[38;2;78;88;106m██[38;2;79;91;103m██[38;2;101;115;125m██[38;2;99;117;127m██[38;2;0;4;0m██[38;2;0;0;0m    
[38;2;0;0;0m  [38;2;0;4;0m██[38;2;99;118;128m████[38;2;99;115;127m██[38;2;66;66;66m██[38;2;154;81;90m██[38;2;0;20;16m██[38;2;255;86;87m████[38;2;101;115;125m██[38;2;79;91;103m██[38;2;0;4;0m██[38;2;0;0;0m          [38;2;0;4;0m██[38;2;78;88;106m██[38;2;79;91;103m████[38;2;0;4;0m██[38;2;0;0;0m      
[38;2;0;0;0m  [38;2;0;4;0m██[38;2;107;115;123m████[38;2;99;118;128m████[38;2;85;97;104m██[38;2;255;86;87m████[38;2;82;90;106m████[38;2;0;4;0m██[38;2;0;0;0m      [38;2;0;4;0m██████[38;2;66;66;66m██[38;2;82;91;98m██[38;2;78;88;106m██[38;2;0;4;0m██[38;2;0;0;0m        
[38;2;0;0;0m    [38;2;0;4;0m██[38;2;71;78;82m██[38;2;99;118;128m████[38;2;85;97;104m████[38;2;82;90;106m████[38;2;55;61;71m██[38;2;82;90;106m██[38;2;0;4;0m██████[38;2;99;117;127m██████[38;2;99;115;131m██[38;2;66;66;66m██[38;2;0;4;0m██[38;2;0;0;0m          
[38;2;0;0;0m      [38;2;0;4;0m████[38;2;78;88;106m██[38;2;79;91;103m████[38;2;66;66;66m████[38;2;79;91;103m████[38;2;99;118;128m████████████████[38;2;0;4;0m██[38;2;0;0;0m          
[38;2;0;0;0m          [38;2;0;4;0m██[38;2;79;91;103m████[38;2;80;91;104m████[38;2;79;91;103m██[38;2;101;115;125m██[38;2;99;118;128m████████████████[38;2;255;239;71m██[38;2;0;4;0m██[38;2;0;0;0m        
[38;2;0;0;0m          [38;2;0;4;0m██[38;2;78;88;106m████[38;2;82;90;101m████[38;2;101;115;125m████[38;2;247;231;71m██[38;2;98;118;125m██[38;2;99;115;127m████[38;2;107;119;131m████[38;2;101;115;125m██[38;2;255;239;71m██[38;2;99;117;127m██[38;2;0;4;0m██[38;2;0;0;0m        
[38;2;0;0;0m            [38;2;0;4;0m██[38;2;78;88;106m██[38;2;66;66;71m██[38;2;99;115;131m██[38;2;101;115;125m██[38;2;255;239;71m██[38;2;98;118;125m██[38;2;247;231;71m██[38;2;66;66;66m████[38;2;0;8;8m██[38;2;71;82;90m██[38;2;101;115;125m██[38;2;255;239;71m██[38;2;99;117;127m██[38;2;0;4;0m██[38;2;0;0;0m        
[38;2;0;0;0m              [38;2;0;4;0m██[38;2;80;91;104m██[38;2;66;66;66m██[38;2;101;115;125m██[38;2;255;239;71m██[38;2;118;115;83m██[38;2;57;66;81m██[38;2;66;66;66m██[38;2;0;4;0m██[38;2;0;0;0m  [38;2;0;4;0m██[38;2;71;85;95m██[38;2;107;123;139m██[38;2;247;214;71m██[38;2;82;90;104m██[38;2;0;4;0m██[38;2;0;0;0m      
[38;2;0;0;0m              [38;2;0;4;0m██[38;2;80;91;104m██[38;2;66;66;66m██[38;2;101;115;125m████[38;2;239;214;87m██[38;2;57;66;81m██[38;2;66;66;66m████[38;2;0;4;0m██[38;2;0;0;0m  [38;2;0;8;8m██[38;2;71;85;95m██[38;2;82;90;104m████[38;2;0;4;0m██[38;2;0;0;0m      
[38;2;0;0;0m              [38;2;0;4;0m██[38;2;82;91;98m██[38;2;66;66;66m██[38;2;99;118;128m████[38;2;66;65;66m██[38;2;0;4;0m██[38;2;66;65;66m████[38;2;0;4;0m██[38;2;0;0;0m    [38;2;0;4;0m██[38;2;80;91;104m████[38;2;0;4;0m██[38;2;0;0;0m      
[38;2;0;0;0m            [38;2;0;4;0m██[38;2;78;88;106m██[38;2;66;66;66m██[38;2;99;115;131m██[38;2;99;118;128m████[38;2;0;4;0m██[38;2;0;0;0m  [38;2;0;4;0m████[38;2;0;0;0m    [38;2;0;4;0m██[38;2;78;88;106m██[38;2;66;66;66m██[38;2;80;91;104m██[38;2;0;4;0m██[38;2;0;0;0m      
[38;2;0;0;0m            [38;2;0;4;0m██[38;2;66;65;66m██[38;2;107;123;139m██[38;2;71;85;93m██[38;2;99;117;127m██[38;2;0;4;0m██[38;2;0;0;0m              [38;2;0;4;0m██████[38;2;0;0;0m        
[38;2;0;0;0m              [38;2;0;4;0m██[38;2;0;8;0m████[38;2;0;4;0m██[38;2;0;0;0m                              [0m
