
[38;2;0;0;0m    ██████                                                          
[38;2;0;0;0m  ██[38;2;80;88;104m██[38;2;184;176;200m████[38;2;0;0;0m██              ██                                        
[38;2;0;0;0m  ██[38;2;184;176;200m██[38;2;152;136;152m██[38;2;184;176;200m████[38;2;0;0;0m██          ██[38;2;160;152;216m██[38;2;0;0;0m██                                      
[38;2;0;0;0m  ██[38;2;184;176;200m██[38;2;152;136;152m██[38;2;184;176;200m████[38;2;0;0;0m██        ██[38;2;160;152;216m████[38;2;0;0;0m██                                      
[38;2;0;0;0m  ██[38;2;184;176;200m██[38;2;152;136;152m██[38;2;184;176;200m██████[38;2;0;0;0m██    ██[38;2;160;152;216m████[38;2;0;0;0m██                                        
[38;2;0;0;0m    ██[38;2;184;176;200m██[38;2;152;136;152m██[38;2;184;176;200m████[38;2;0;0;0m██  ██[38;2;160;152;216m██████[38;2;0;0;0m██                                        
[38;2;0;0;0m    ██[38;2;184;176;200m██[38;2;152;136;152m██[38;2;184;176;200m████[38;2;0;0;0m██  ██[38;2;160;152;216m████[38;2;0;0;0m██                                          
[38;2;0;0;0m    ██[38;2;184;176;200m██[38;2;152;136;152m██[38;2;64;64;64m██[38;2;184;176;200m████[38;2;0;0;0m██[38;2;160;152;216m██████[38;2;0;0;0m██                            ██████████    
[38;2;0;0;0m    ██[38;2;184;176;200m██[38;2;64;64;64m██[38;2;120;120;168m██[38;2;64;64;64m██[38;2;184;176;200m██[38;2;64;64;64m██[38;2;160;152;216m████[38;2;0;0;0m██                        ██████[38;2;224;208;216m██████████[38;2;0;0;0m██  
[38;2;0;0;0m    ██[38;2;184;176;200m██[38;2;64;64;64m██[38;2;120;120;168m██[38;2;64;64;64m████[38;2;160;152;216m██████[38;2;0;0;0m██                  ██████[38;2;224;208;216m████[38;2;184;176;200m████████████[38;2;224;208;216m██[38;2;0;0;0m██
[38;2;0;0;0m      ██[38;2;64;64;64m██[38;2;120;120;168m████[38;2;80;88;104m██[38;2;160;152;216m██████[38;2;0;0;0m██      ████    ████[38;2;224;208;216m████[38;2;184;176;200m██████[38;2;224;208;216m████████████[38;2;184;176;200m██[38;2;0;0;0m██
[38;2;0;0;0m      ██[38;2;120;120;168m████[38;2;80;88;104m██[38;2;160;152;216m██████[38;2;0;0;0m██    ████[38;2;160;152;216m████[38;2;0;0;0m████[38;2;224;208;216m██[38;2;184;176;200m██████[38;2;224;208;216m████████████████████[38;2;0;0;0m██
[38;2;0;0;0m      ██[38;2;120;120;168m████[38;2;80;88;104m██[38;2;160;152;216m██████[38;2;0;0;0m██  ██[38;2;160;152;216m██████[38;2;64;64;64m██[38;2;80;88;104m██[38;2;224;208;216m██[38;2;184;176;200m██[38;2;224;208;216m██████████████████████████[38;2;0;0;0m██
[38;2;0;0;0m      ██[38;2;120;120;168m██[38;2;80;88;104m██[38;2;160;152;216m████████[38;2;0;0;0m████[38;2;160;152;216m████[38;2;120;120;168m██[38;2;64;64;64m██[38;2;80;88;104m██[38;2;224;208;216m██[38;2;184;176;200m██[38;2;224;208;216m██████████████[38;2;184;176;200m████████████[38;2;0;0;0m██  
[38;2;0;0;0m    ██[38;2;120;120;168m██[38;2;80;88;104m██[38;2;160;152;216m████████[38;2;64;64;64m██[38;2;160;152;216m██████[38;2;64;64;64m████[38;2;80;88;104m██[38;2;224;208;216m██[38;2;184;176;200m██[38;2;224;208;216m████████[38;2;184;176;200m████████[38;2;224;208;216m██████████[38;2;0;0;0m██    
[38;2;0;0;0m    ██[38;2;120;120;168m██[38;2;160;152;216m██████[38;2;80;88;104m████[38;2;160;152;216m██████[38;2;64;64;64m████[38;2;80;88;104m██[38;2;184;176;200m██[38;2;152;136;152m██[38;2;224;208;216m██████[38;2;184;176;200m████████[38;2;224;208;216m████████████[38;2;0;0;0m██      
[38;2;0;0;0m  ██[38;2;248;248;248m██[38;2;160;152;216m████████████████[38;2;64;64;64m██[38;2;80;88;104m████[38;2;184;176;200m██[38;2;152;136;152m██[38;2;224;208;216m████[38;2;184;176;200m████[38;2;224;208;216m████████[38;2;184;176;200m████████[38;2;224;208;216m██[38;2;0;0;0m██        
[38;2;0;0;0m██[38;2;184;200;200m██[38;2;64;64;64m██[38;2;160;152;216m██████████[38;2;64;64;64m██████[38;2;80;88;104m████[38;2;184;176;200m██[38;2;152;136;152m██[38;2;184;176;200m████[38;2;152;136;152m██[38;2;224;208;216m██████████████████[38;2;0;0;0m████          
[38;2;0;0;0m██[38;2;208;240;248m██[38;2;64;64;64m██[38;2;160;152;216m████████[38;2;64;64;64m██[38;2;248;248;248m████[38;2;184;200;200m██[38;2;64;64;64m██[38;2;184;176;200m██[38;2;152;136;152m██[38;2;184;176;200m████[38;2;152;136;152m██[38;2;224;208;216m██████[38;2;184;176;200m██████████[38;2;224;208;216m██[38;2;0;0;0m██              
[38;2;0;0;0m  ██[38;2;208;240;248m██[38;2;160;152;216m████[38;2;120;120;168m██[38;2;64;64;64m██[38;2;184;200;200m██[38;2;248;248;248m████[38;2;80;88;104m██[38;2;184;200;200m██[38;2;64;64;64m████[38;2;184;176;200m██[38;2;152;136;152m██[38;2;184;176;200m██[38;2;224;208;216m██[38;2;184;176;200m████[38;2;224;208;216m██████████[38;2;0;0;0m██                
[38;2;0;0;0m    ██[38;2;120;120;168m██████[38;2;64;64;64m██[38;2;184;200;200m██[38;2;64;64;64m██████[38;2;208;240;248m██[38;2;64;64;64m██[38;2;160;152;216m██[38;2;64;64;64m██[38;2;184;176;200m████[38;2;152;136;152m██[38;2;224;208;216m████[38;2;184;176;200m████████[38;2;224;208;216m██[38;2;0;0;0m██                
[38;2;0;0;0m  ██[38;2;208;208;208m██[38;2;120;120;168m████[38;2;80;88;104m██[38;2;64;64;64m██[38;2;208;240;248m██[38;2;80;88;104m██[38;2;64;64;64m██[38;2;80;88;104m██[38;2;208;240;248m██[38;2;64;64;64m██[38;2;160;152;216m████[38;2;184;176;200m██[38;2;152;136;152m██[38;2;224;208;216m██████████████[38;2;0;0;0m██                  
[38;2;0;0;0m  ██[38;2;208;208;208m██[38;2;120;120;168m██[38;2;80;88;104m██[38;2;248;248;248m██[38;2;80;88;104m██[38;2;64;64;64m██[38;2;208;240;248m██████[38;2;64;64;64m██[38;2;160;152;216m████[38;2;120;120;168m██[38;2;64;64;64m██[38;2;224;208;216m████[38;2;80;88;104m████████[38;2;224;208;216m████[38;2;0;0;0m██                  
[38;2;0;0;0m    ██[38;2;64;64;64m████[38;2;248;248;248m██[38;2;64;64;64m██[38;2;160;152;216m██[38;2;64;64;64m██████[38;2;160;152;216m██[38;2;64;64;64m████[38;2;120;120;168m██[38;2;64;64;64m██[38;2;80;88;104m████[38;2;184;176;200m████████[38;2;80;88;104m██[38;2;0;0;0m██                    
[38;2;0;0;0m      ██[38;2;176;168;144m██[38;2;64;64;64m██[38;2;160;152;216m████████[38;2;120;120;168m██[38;2;64;64;64m██[38;2;216;208;192m████[38;2;80;88;104m██[38;2;64;64;64m██[38;2;152;136;152m████████[38;2;184;176;200m████[38;2;224;208;216m████[38;2;0;0;0m██                  
[38;2;0;0;0m      ██[38;2;176;168;144m██[38;2;80;88;104m██[38;2;120;120;168m██[38;2;160;152;216m████[38;2;64;64;64m████[38;2;216;208;192m████[38;2;80;88;104m██[38;2;176;168;144m██[38;2;80;88;104m██[38;2;64;64;64m██[38;2;152;136;152m██[38;2;184;176;200m████[38;2;152;136;152m████[38;2;224;208;216m██████[38;2;0;0;0m██                
[38;2;0;0;0m        ██[38;2;64;64;64m██[38;2;80;88;104m██[38;2;120;120;168m██[38;2;64;64;64m██[38;2;216;208;192m██████[38;2;80;88;104m██[38;2;176;168;144m██[38;2;80;88;104m██[38;2;176;168;144m██[38;2;64;64;64m██[38;2;184;176;200m██[38;2;152;136;152m████[38;2;224;208;216m████[38;2;184;176;200m████[38;2;224;208;216m██[38;2;0;0;0m██                
[38;2;0;0;0m          ██[38;2;176;168;144m██[38;2;80;88;104m██[38;2;120;120;168m██[38;2;64;64;64m██[38;2;80;88;104m████[38;2;176;168;144m██[38;2;80;88;104m██[38;2;176;168;144m██[38;2;64;64;64m██[38;2;176;168;144m██[38;2;64;64;64m██[38;2;0;0;0m██[38;2;224;208;216m██[38;2;184;176;200m████[38;2;224;208;216m████[38;2;0;0;0m██                  
[38;2;0;0;0m            ████[38;2;64;64;64m████[38;2;176;168;144m████[38;2;80;88;104m██[38;2;64;64;64m████[38;2;176;168;144m████[38;2;0;0;0m██  ██[38;2;224;208;216m████[38;2;184;176;200m██[38;2;224;208;216m████[38;2;0;0;0m████              
[38;2;0;0;0m                ██[38;2;216;208;192m██[38;2;64;64;64m██████[38;2;176;168;144m██[38;2;216;208;192m████[38;2;176;168;144m██[38;2;128;112;88m██[38;2;0;0;0m██  ████████[38;2;224;208;216m██████[38;2;0;0;0m██            
[38;2;0;0;0m                ██[38;2;128;112;88m██[38;2;216;208;192m██████████[38;2;128;112;88m████[38;2;176;168;144m██[38;2;0;0;0m██          ██[38;2;224;208;216m████[38;2;0;0;0m██            
[38;2;0;0;0m                  ██[38;2;128;112;88m██[38;2;216;208;192m██[38;2;128;112;88m██[38;2;216;208;192m██[38;2;128;112;88m████[38;2;176;168;144m██[38;2;128;112;88m██[38;2;0;0;0m██            ████              
[38;2;0;0;0m                  ██[38;2;176;168;144m██[38;2;128;112;88m██[38;2;176;168;144m██[38;2;128;112;88m██[38;2;176;168;144m██████[38;2;0;0;0m██                                
[38;2;0;0;0m                    ██[38;2;176;168;144m████████[38;2;128;112;88m████[38;2;0;0;0m██                                
[38;2;0;0;0m                      ████[38;2;128;112;88m████[38;2;176;168;144m██[38;2;0;0;0m██                                  
[38;2;0;0;0m                          ██████                                    [0m
