
[38;2;0;0;0m      ████                                            
[38;2;0;0;0m    ██[38;2;148;165;84m████[38;2;0;0;0m██                                          
[38;2;0;0;0m    ██[38;2;99;110;64m██[38;2;148;165;92m██[38;2;0;0;0m██                                          
[38;2;0;0;0m    ██[38;2;148;165;92m██[38;2;0;0;8m██[38;2;0;0;0m                                            
[38;2;0;0;0m    ██[38;2;148;165;84m████[38;2;0;0;0m██                                          
[38;2;0;0;0m    ██[38;2;148;165;84m██████[38;2;0;0;0m████████                    ██████        
[38;2;0;0;0m  ██[38;2;148;165;84m██[38;2;148;165;92m██[38;2;66;66;74m██[38;2;66;66;66m████[38;2;90;90;90m████[38;2;71;77;58m██[38;2;8;4;24m██[38;2;0;0;0m██████          ██[38;2;189;222;109m██[38;2;189;222;101m██[38;2;145;168;84m██[38;2;0;0;0m██      
[38;2;0;0;0m  ██[38;2;148;165;84m██[38;2;66;66;74m██[38;2;93;99;80m██[38;2;91;91;91m████[38;2;90;90;90m██[38;2;66;66;66m██[38;2;71;77;58m██[38;2;198;222;126m██[38;2;189;222;109m██████[38;2;0;0;0m██████████[38;2;189;222;109m████[38;2;101;115;66m██[38;2;145;168;84m██[38;2;148;165;84m██[38;2;0;0;0m██    
[38;2;0;0;0m  [38;2;0;0;8m██[38;2;148;156;92m██[38;2;66;66;66m██[38;2;90;90;90m██████[38;2;66;66;66m██[38;2;189;222;109m██████████████████████[38;2;99;115;64m████[38;2;148;165;84m████[38;2;0;0;0m██      
[38;2;0;0;0m  [38;2;0;0;8m██[38;2;74;78;50m██[38;2;90;90;90m██████[38;2;66;66;66m██[38;2;189;222;109m████████████████████[38;2;148;166;84m████[38;2;148;173;92m██[38;2;0;0;8m██[38;2;0;0;0m████        
[38;2;0;0;0m  ██[38;2;90;90;90m██████[38;2;66;66;66m██[38;2;189;222;109m██████████[38;2;99;115;75m██████[38;2;148;165;84m████████[38;2;0;0;0m████              
[38;2;0;0;0m  ██[38;2;90;90;90m████[38;2;66;66;66m██[38;2;189;222;109m████[38;2;148;170;95m██[38;2;66;66;66m████[38;2;107;118;80m██[38;2;148;165;84m██████████[38;2;0;0;0m████                  
[38;2;0;0;0m██[38;2;90;90;90m████[38;2;66;66;66m██[38;2;189;222;101m██[38;2;173;159;133m██[38;2;8;0;0m██[38;2;222;111;94m██[38;2;255;255;255m██[38;2;66;70;66m██[38;2;239;247;223m██[38;2;99;115;75m██[38;2;148;165;84m████[38;2;0;0;0m████                      
[38;2;0;0;0m██[38;2;90;90;90m██[38;2;66;66;66m██[38;2;148;170;89m████[38;2;255;239;199m██[38;2;173;159;133m██[38;2;233;159;148m██[38;2;255;255;255m██[38;2;181;188;171m██[38;2;239;247;223m██[38;2;99;115;75m██[38;2;148;165;84m██[38;2;0;0;0m██                          
[38;2;0;0;0m  ██[38;2;239;239;223m██[38;2;189;189;173m██[38;2;239;239;223m██████████[38;2;239;247;215m██[38;2;99;119;67m██[38;2;148;165;87m██[38;2;0;0;8m██[38;2;0;0;0m  ████                      
[38;2;0;0;0m    ██[38;2;239;239;223m██████[38;2;99;115;75m██[38;2;239;239;223m████[38;2;99;119;67m██[38;2;146;162;116m██[38;2;148;165;87m██[38;2;74;82;47m██[38;2;0;0;0m██[38;2;239;148;135m██[38;2;0;0;0m██                      
[38;2;0;0;0m      ██████[38;2;189;189;173m██[38;2;189;198;149m██[38;2;126;133;99m██[38;2;148;165;84m████[38;2;57;70;57m██[38;2;214;189;118m██[38;2;239;148;135m██[38;2;0;0;0m██        ██              
[38;2;0;0;0m            ██[38;2;0;4;0m██[38;2;126;133;99m██[38;2;148;165;84m██[38;2;189;222;109m██[38;2;109;110;77m██[38;2;214;189;118m██[38;2;239;148;135m██[38;2;0;0;0m██      ██[38;2;148;165;84m██[38;2;0;0;0m██  ██        
[38;2;0;0;0m                ██[38;2;189;222;109m████[38;2;148;166;84m██[38;2;189;222;109m██[38;2;0;0;0m██      ██[38;2;148;165;84m██[38;2;144;168;92m██[38;2;99;115;75m██[38;2;0;0;0m██[38;2;189;222;109m██[38;2;0;0;0m██      
[38;2;0;0;0m                ██[38;2;189;222;109m██████[38;2;148;166;84m██[38;2;189;222;109m██[38;2;0;0;0m██████[38;2;148;165;84m████[38;2;99;115;75m██[38;2;189;222;109m████[38;2;0;0;0m██        
[38;2;0;0;0m              ██[38;2;189;222;109m██████████████████████████[38;2;98;115;74m████[38;2;0;0;0m██      
[38;2;0;0;0m              ██[38;2;189;222;109m████████████[38;2;98;115;74m██[38;2;66;66;66m████[38;2;189;222;109m██████████████[38;2;0;0;0m██    
[38;2;0;0;0m            ██[38;2;189;222;109m████████████[38;2;98;115;74m██[38;2;189;222;109m██[38;2;231;255;167m████[38;2;66;66;66m██[38;2;189;222;109m██[38;2;181;193;152m██[38;2;66;70;58m██[38;2;66;66;66m████[38;2;148;165;87m████[38;2;0;0;0m██  
[38;2;0;0;0m            ██[38;2;98;115;74m██[38;2;189;222;109m██[38;2;98;115;74m██[38;2;189;222;109m████[38;2;98;115;74m██[38;2;189;222;109m████[38;2;176;195;131m██[38;2;66;74;58m██[38;2;66;66;66m██[38;2;189;222;109m██[38;2;66;70;58m██[38;2;239;255;199m██[38;2;239;239;223m████[38;2;74;82;47m██[38;2;0;0;8m██[38;2;148;165;84m██[38;2;0;0;0m██
[38;2;0;0;0m            ██[38;2;239;239;223m██[38;2;99;115;75m██[38;2;239;239;223m██[38;2;99;115;75m██[38;2;189;222;109m██████[38;2;98;115;74m████[38;2;189;222;109m██[38;2;239;255;191m██[38;2;66;66;74m██[38;2;239;239;223m████████[38;2;0;0;0m██  ████
[38;2;0;0;0m            ██[38;2;192;198;174m██[38;2;239;239;223m████[38;2;99;115;75m██[38;2;189;222;109m████████████[38;2;66;66;74m██[38;2;181;192;152m██[38;2;239;239;223m██████[38;2;0;0;0m██        
[38;2;0;0;0m              ██[38;2;189;189;173m██████[38;2;98;115;74m██[38;2;189;222;109m██████[38;2;115;129;86m██[38;2;57;66;49m██[38;2;148;148;140m██[38;2;66;66;66m██[38;2;187;188;171m██[38;2;247;247;223m██[38;2;189;189;173m██[38;2;66;66;66m██[38;2;0;0;0m██      
[38;2;0;0;0m                ██[38;2;66;66;66m████[38;2;98;115;74m██[38;2;189;222;109m██████[38;2;173;192;122m██[38;2;231;255;159m██[38;2;66;66;66m██[38;2;148;148;140m██[38;2;66;70;66m██[38;2;187;188;171m██[38;2;189;189;173m██[38;2;66;66;66m██[38;2;239;148;135m██[38;2;0;0;0m██    
[38;2;0;0;0m                ██[38;2;154;133;90m██[38;2;231;189;135m██[38;2;66;66;66m██[38;2;189;222;101m██[38;2;192;162;115m██[38;2;99;140;75m██[38;2;66;66;66m██[38;2;0;0;0m████[38;2;239;148;135m██[38;2;66;70;58m██[38;2;189;198;149m██[38;2;66;90;58m██[38;2;239;156;135m██[38;2;148;165;84m██[38;2;0;0;0m██    
[38;2;0;0;0m                  [38;2;0;20;0m██[38;2;154;133;90m██[38;2;66;66;66m██[38;2;148;170;89m██[38;2;239;173;135m████[38;2;0;0;0m██    ██[38;2;148;155;119m██[38;2;66;70;58m██[38;2;239;156;135m██[38;2;152;123;96m██[38;2;0;0;0m██      
[38;2;0;0;0m                  ██[38;2;148;165;84m██[38;2;66;66;66m██[38;2;206;198;118m██[38;2;189;222;109m██[38;2;0;0;0m██      ██[38;2;90;90;90m██[38;2;0;0;0m██[38;2;148;165;92m████[38;2;0;0;0m██      
[38;2;0;0;0m                    ██[38;2;206;198;118m████[38;2;189;222;109m██[38;2;0;0;0m██        ██  [38;2;0;0;8m██[38;2;99;110;64m██[38;2;0;0;0m██      
[38;2;0;0;0m                    ██[38;2;90;93;88m██[38;2;189;231;101m██[38;2;0;0;0m██              ██[38;2;90;90;90m██[38;2;0;0;0m██      
[38;2;0;0;0m                  ██[38;2;90;90;90m██[38;2;90;93;88m██[38;2;140;162;94m██[38;2;0;0;0m██              ████        
[38;2;0;0;0m                    ██████                            [0m
