
[38;2;0;0;0m                                                                            [38;2;0;4;0m████[38;2;0;0;0m              
[38;2;0;0;0m                                                                          [38;2;0;4;0m██[38;2;82;181;250m████[38;2;0;4;0m██████[38;2;0;0;0m        
[38;2;0;0;0m                                                                          [38;2;0;4;0m██[38;2;82;181;250m██████████[38;2;0;4;0m████████
[38;2;0;0;0m                                                                            [38;2;0;4;0m██[38;2;82;181;250m████████████████
[38;2;0;0;0m                                                                            [38;2;0;4;0m██[38;2;82;181;250m██████████████[38;2;90;181;250m██
[38;2;0;0;0m                                                                              [38;2;0;4;0m██[38;2;82;181;250m████[38;2;74;123;166m████████[38;2;0;4;0m██
[38;2;0;0;0m                                                                              [38;2;0;4;0m██[38;2;74;126;165m████[38;2;74;123;162m██[38;2;0;4;0m██████[38;2;0;0;0m  
[38;2;0;0;0m                                                                              [38;2;0;4;0m██[38;2;74;126;165m████[38;2;0;4;0m██[38;2;0;0;0m        
[38;2;0;0;0m                            [38;2;0;4;0m████████████████████[38;2;0;0;0m                            [38;2;0;4;0m██[38;2;74;123;162m████[38;2;0;4;0m██[38;2;0;0;0m          
[38;2;0;0;0m                    [38;2;0;4;0m████████[38;2;82;181;250m████████[38;2;107;206;251m████[38;2;255;255;255m████[38;2;198;239;254m████[38;2;0;4;0m████████████████████[38;2;0;0;0m        [38;2;0;4;0m██[38;2;74;123;162m████[38;2;0;4;0m██[38;2;0;0;0m          
[38;2;0;0;0m                [38;2;0;4;0m████[38;2;118;209;251m████[38;2;107;198;251m████[38;2;82;181;250m████████[38;2;255;255;255m████████████[38;2;82;181;250m████[38;2;139;226;251m██[38;2;255;255;255m████[38;2;82;189;250m██[38;2;82;181;250m████[38;2;107;170;230m██[38;2;41;127;217m██[38;2;0;4;0m████████[38;2;74;126;165m████[38;2;74;123;162m██[38;2;0;4;0m██[38;2;0;0;0m          
[38;2;0;0;0m            [38;2;0;4;0m████[38;2;115;206;251m████[38;2;118;209;251m████[38;2;107;198;251m██[38;2;66;66;66m██[38;2;115;206;251m██[38;2;82;181;250m██████[38;2;139;226;251m██[38;2;255;255;255m██████[38;2;140;211;252m██[38;2;82;189;250m██[38;2;82;181;250m████[38;2;255;255;255m████[38;2;140;211;252m██[38;2;82;189;250m██[38;2;82;181;250m██[38;2;255;255;255m██[38;2;239;255;255m██[38;2;107;170;230m██[38;2;90;181;250m██[38;2;60;122;167m██[38;2;74;123;162m████[38;2;74;126;165m████[38;2;74;123;162m████[38;2;0;4;0m██[38;2;0;0;0m        
[38;2;0;0;0m          [38;2;0;4;0m██[38;2;119;210;251m████[38;2;118;209;251m████████████[38;2;107;198;251m██[38;2;66;66;66m██[38;2;82;181;250m████████████████████████████████████████[38;2;74;123;166m████[38;2;74;126;165m████████[38;2;74;123;162m██[38;2;0;4;0m██[38;2;0;0;0m      
[38;2;0;0;0m        [38;2;0;4;0m██[38;2;82;181;250m████[38;2;119;210;251m██[38;2;118;209;251m████████████[38;2;107;198;251m████[38;2;82;181;250m██[38;2;115;206;251m██[38;2;82;181;250m██████████████████████████████████████[38;2;74;123;166m██[38;2;74;126;165m████████[38;2;74;123;162m██[38;2;0;4;0m██[38;2;0;0;0m      
[38;2;0;0;0m      [38;2;0;4;0m██[38;2;82;181;250m██████████[38;2;115;206;251m██[38;2;119;210;251m████[38;2;82;181;250m████[38;2;119;210;251m██[38;2;82;181;250m██[38;2;115;206;251m██[38;2;82;181;250m██████████████████████████████████████████[38;2;74;126;165m████████[38;2;96;123;160m██[38;2;66;90;146m██[38;2;0;4;0m██[38;2;0;0;0m    
[38;2;0;0;0m    [38;2;0;4;0m██[38;2;82;181;250m████████████████████[38;2;115;206;251m██[38;2;82;181;250m██[38;2;119;210;251m██[38;2;82;181;250m████████████████████████████████████████████[38;2;74;126;165m████████[38;2;66;90;146m██[38;2;156;189;188m██[38;2;0;4;0m██[38;2;0;0;0m    
[38;2;0;0;0m    [38;2;0;4;0m██[38;2;82;181;250m████████████████████████████████████████████████████████████████████████[38;2;74;123;158m██[38;2;74;123;162m████[38;2;90;104;114m██[38;2;156;189;196m██[38;2;60;66;63m██[38;2;8;4;0m██[38;2;0;4;0m██
[38;2;0;0;0m  [38;2;0;4;0m██[38;2;82;181;250m██████████████████████████████████████████████████████████████████████████[38;2;66;66;66m██████[38;2;57;61;73m████[38;2;165;189;189m██████
[38;2;0;0;0m  [38;2;0;4;0m██[38;2;82;181;250m████████████████████████████████████████████████████████████████████████████████████[38;2;66;65;66m██[38;2;0;4;0m████
[38;2;0;4;0m██[38;2;82;181;250m████████████████████████████████████████████████████████████████████[38;2;66;66;66m████[38;2;82;181;250m████████[38;2;74;113;190m████[38;2;82;181;250m██[38;2;0;4;0m██[38;2;0;0;0m    
[38;2;0;4;0m██[38;2;82;181;250m██[38;2;118;164;219m██[38;2;66;119;202m██[38;2;77;115;192m████████[38;2;66;119;202m██[38;2;118;164;219m██[38;2;82;181;250m██████████████████[38;2;77;144;191m██[38;2;71;82;85m██[38;2;143;165;169m██[38;2;82;181;250m██████████████████████[38;2;66;66;66m██[38;2;82;181;250m██[38;2;74;123;158m██[38;2;74;123;162m██[38;2;66;66;66m██████[38;2;82;181;250m██████[38;2;0;4;0m██[38;2;0;0;0m      
[38;2;0;4;0m██[38;2;82;181;250m██[38;2;66;119;202m██[38;2;222;255;254m██[38;2;231;247;255m████████[38;2;222;255;254m██[38;2;66;119;202m██[38;2;74;113;190m██████[38;2;82;181;250m████████████[38;2;66;70;74m██[38;2;214;247;254m██[38;2;0;0;0m██[38;2;82;181;250m████████████████████████[38;2;66;66;66m██████████[38;2;165;189;189m██[38;2;66;66;66m████[38;2;0;4;0m██[38;2;0;0;0m        
[38;2;0;4;0m██[38;2;74;115;186m██[38;2;228;247;255m████████████████████[38;2;231;247;255m██[38;2;77;115;192m██████[38;2;82;181;250m██████[38;2;82;155;205m██[38;2;0;4;0m██[38;2;82;173;234m██[38;2;82;181;250m██████████████████████████████████[38;2;66;66;66m██[38;2;165;189;189m██[38;2;0;4;0m██[38;2;0;0;0m          
[38;2;0;0;0m  [38;2;0;4;0m██[38;2;228;247;255m████████████████████[38;2;231;247;255m████████[38;2;74;113;190m████[38;2;82;181;250m████[38;2;82;173;234m████[38;2;82;181;250m████████████████[38;2;66;66;66m██[38;2;82;181;250m████████[38;2;74;113;190m████[38;2;82;181;250m████[38;2;66;66;66m██[38;2;0;4;0m██[38;2;0;0;0m            
[38;2;0;0;0m  [38;2;0;4;0m██[38;2;231;247;255m████████[38;2;228;247;255m████████████████████████[38;2;77;115;192m████[38;2;66;119;202m██[38;2;118;164;219m██[38;2;82;181;250m████████████[38;2;123;189;219m██[38;2;79;88;143m██[38;2;93;101;120m██[38;2;57;57;81m██[38;2;66;66;66m██[38;2;123;189;219m██[38;2;82;181;250m████[38;2;123;189;219m██[38;2;66;66;66m██[38;2;66;65;66m██[38;2;0;4;0m██[38;2;0;0;0m              
[38;2;0;0;0m    [38;2;0;4;0m██[38;2;231;247;255m██[38;2;165;193;189m██[38;2;231;247;255m██[38;2;228;247;255m████████████████████████[38;2;231;247;255m████[38;2;222;255;254m██[38;2;66;119;202m██[38;2;74;113;190m████████[38;2;77;88;143m████[38;2;79;88;143m██[38;2;123;189;219m██[38;2;165;189;197m████[38;2;123;189;219m██[38;2;66;66;66m████████[38;2;123;189;219m██[38;2;0;4;0m██[38;2;0;0;0m                
[38;2;0;0;0m    [38;2;0;4;0m██[38;2;165;189;189m██[38;2;228;247;255m████[38;2;165;193;189m██[38;2;231;247;255m██[38;2;228;247;255m████[38;2;165;193;189m██[38;2;231;247;255m██[38;2;228;247;255m████[38;2;165;193;189m██[38;2;231;247;255m██[38;2;228;247;255m████████████████████[38;2;165;189;189m████████████[38;2;99;115;127m████[38;2;165;189;189m████[38;2;0;4;0m████[38;2;0;0;0m                  
[38;2;0;0;0m      [38;2;0;4;0m██[38;2;228;247;255m████[38;2;165;193;189m██[38;2;231;247;255m██[38;2;228;247;255m████[38;2;165;193;189m██[38;2;231;247;255m██[38;2;228;247;255m████[38;2;231;247;255m██[38;2;165;193;189m██[38;2;228;247;255m████████████████████[38;2;165;189;189m████████[38;2;99;115;127m██████[38;2;165;189;189m██[38;2;0;4;0m████[38;2;0;0;0m                      
[38;2;0;0;0m        [38;2;0;4;0m██[38;2;231;247;255m██[38;2;231;255;255m██[38;2;154;174;173m██[38;2;231;247;255m██████[38;2;165;193;189m██[38;2;231;247;255m████[38;2;228;247;255m████[38;2;165;193;189m██[38;2;231;247;255m██████[38;2;228;247;255m████[38;2;231;247;255m████[38;2;231;255;255m██[38;2;165;189;192m██[38;2;165;189;189m████[38;2;99;115;127m████[38;2;156;181;188m██[38;2;104;122;125m██[38;2;0;4;0m████[38;2;0;0;0m                          
[38;2;0;0;0m          [38;2;0;4;0m██[38;2;0;12;8m██[38;2;231;255;255m██[38;2;165;193;189m██[38;2;231;247;255m██████[38;2;165;193;189m██[38;2;231;247;255m██[38;2;228;247;255m████[38;2;231;247;255m██[38;2;165;193;189m████[38;2;231;247;255m██[38;2;228;247;255m████[38;2;231;247;255m██[38;2;165;193;189m██[38;2;165;189;192m██[38;2;99;123;128m██[38;2;99;115;127m████[38;2;165;189;189m████[38;2;0;4;0m████[38;2;0;0;0m                              
[38;2;0;0;0m              [38;2;0;4;0m██████[38;2;231;247;255m████[38;2;231;255;255m██[38;2;154;173;170m██[38;2;165;184;192m██[38;2;231;247;255m██████[38;2;231;255;255m██[38;2;99;123;128m██[38;2;99;115;127m████[38;2;99;117;127m████[38;2;104;122;125m██[38;2;156;181;188m██[38;2;165;189;189m██[38;2;0;4;0m██████[38;2;0;0;0m                                  
[38;2;0;0;0m                    [38;2;0;4;0m████[38;2;0;8;0m████[38;2;231;247;255m██[38;2;99;120;128m██[38;2;99;115;128m████[38;2;165;189;192m████[38;2;165;189;189m████[38;2;0;4;0m██████████[38;2;0;0;0m                                        
[38;2;0;0;0m                            [38;2;0;4;0m████████████████[38;2;0;0;0m                                                  [0m
