
[38;2;0;0;0m        [38;2;49;49;49m████[38;2;0;0;0m                                            
[38;2;0;0;0m      [38;2;49;49;49m██[38;2;197;213;230m████[38;2;49;49;49m██[38;2;0;0;0m  [38;2;49;49;49m██████[38;2;0;0;0m    [38;2;49;49;49m████[38;2;0;0;0m                          
[38;2;0;0;0m    [38;2;49;49;49m██[38;2;131;131;115m██[38;2;197;213;230m██[38;2;82;82;82m██[38;2;49;49;49m████[38;2;255;255;255m██████[38;2;49;49;49m████[38;2;82;82;82m██[38;2;255;255;255m██[38;2;49;49;49m████[38;2;0;0;0m                      
[38;2;0;0;0m  [38;2;49;49;49m██[38;2;197;213;230m████[38;2;82;82;82m██[38;2;106;180;238m████[38;2;74;139;197m██[38;2;82;82;82m██[38;2;255;255;255m██[38;2;197;156;65m████[38;2;82;82;82m██[38;2;255;255;255m██████[38;2;49;49;49m██[38;2;0;0;0m                      
[38;2;0;0;0m  [38;2;49;49;49m██[38;2;197;213;230m████[38;2;82;82;82m██[38;2;74;139;197m██[38;2;106;180;238m████[38;2;82;82;82m██[38;2;49;49;49m██[38;2;255;213;65m████[38;2;82;82;82m██[38;2;255;255;255m████[38;2;49;49;49m██[38;2;0;0;0m                        
[38;2;0;0;0m    [38;2;49;49;49m██[38;2;197;213;230m████[38;2;82;82;82m██████[38;2;197;213;230m██[38;2;82;82;82m██████[38;2;255;255;255m████[38;2;197;213;230m████[38;2;49;49;49m██[38;2;0;0;0m        [38;2;49;49;49m██████[38;2;0;0;0m        
[38;2;0;0;0m  [38;2;49;49;49m██[38;2;197;213;230m██[38;2;82;82;82m████[38;2;197;213;230m████████████████████████[38;2;49;49;49m████[38;2;0;0;0m  [38;2;49;49;49m██[38;2;106;180;238m██[38;2;197;213;230m██[38;2;74;139;197m██[38;2;49;49;49m████[38;2;0;0;0m    
[38;2;49;49;49m██[38;2;197;213;230m████[38;2;82;82;82m██[38;2;222;197;106m██[38;2;82;82;82m██████████[38;2;197;213;230m████████████[38;2;131;131;115m████[38;2;197;213;230m██[38;2;49;49;49m██[38;2;106;180;238m██[38;2;197;213;230m██[38;2;74;139;197m██[38;2;106;180;238m████[38;2;197;213;230m██[38;2;49;49;49m██[38;2;0;0;0m  
[38;2;49;49;49m██[38;2;197;213;230m██[38;2;82;82;82m██[38;2;222;197;106m████[38;2;82;82;82m██[38;2;213;82;82m██[38;2;82;82;82m██[38;2;222;197;106m████[38;2;82;82;82m██[38;2;197;213;230m████████[38;2;131;131;115m██[38;2;197;213;230m████[38;2;131;131;115m██[38;2;82;82;82m██[38;2;197;213;230m██[38;2;74;139;197m██[38;2;106;180;238m████[38;2;197;213;230m██[38;2;74;139;197m██[38;2;106;180;238m██[38;2;49;49;49m██
[38;2;0;0;0m  [38;2;49;49;49m██[38;2;82;82;82m██[38;2;222;197;106m██[38;2;82;82;82m██[38;2;213;82;82m████[38;2;82;82;82m██[38;2;222;197;106m████[38;2;82;82;82m██[38;2;197;213;230m████[38;2;131;131;115m██[38;2;197;213;230m██[38;2;82;82;82m██[38;2;197;213;230m██████[38;2;82;82;82m██[38;2;197;213;230m██[38;2;74;139;197m████[38;2;197;213;230m██[38;2;74;139;197m██[38;2;106;180;238m████[38;2;49;49;49m██
[38;2;0;0;0m    [38;2;49;49;49m██[38;2;222;197;106m██[38;2;82;82;82m██[38;2;213;82;82m██[38;2;246;139;123m██[38;2;82;82;82m██[38;2;255;230;148m██[38;2;82;82;82m██[38;2;106;180;238m██[38;2;82;82;82m██[38;2;197;213;230m██[38;2;82;82;82m████[38;2;197;213;230m████████[38;2;82;82;82m██████[38;2;197;213;230m██[38;2;74;139;197m████[38;2;49;49;49m████[38;2;0;0;0m  
[38;2;0;0;0m      [38;2;49;49;49m████[38;2;82;82;82m██[38;2;246;139;123m██[38;2;82;82;82m██[38;2;255;230;148m██[38;2;82;82;82m██[38;2;106;180;238m██[38;2;74;139;197m██[38;2;82;82;82m██[38;2;197;213;230m████████[38;2;131;131;115m██[38;2;82;82;82m██[38;2;106;180;238m██████[38;2;82;82;82m██[38;2;74;139;197m██[38;2;49;49;49m██[38;2;0;0;0m      
[38;2;0;0;0m        [38;2;49;49;49m██[38;2;106;180;238m██[38;2;82;82;82m████[38;2;255;230;148m██[38;2;82;82;82m██[38;2;106;180;238m██[38;2;82;82;82m██[38;2;197;213;230m████[38;2;82;82;82m██[38;2;197;213;230m████[38;2;82;82;82m██[38;2;106;180;238m████████[38;2;74;139;197m██[38;2;49;49;49m██[38;2;0;0;0m        
[38;2;0;0;0m          [38;2;49;49;49m██[38;2;255;255;255m██[38;2;106;180;238m██[38;2;82;82;82m██[38;2;106;180;238m████[38;2;197;213;230m██[38;2;82;82;82m████[38;2;74;139;197m██[38;2;82;82;82m████[38;2;106;180;238m████████[38;2;74;139;197m████[38;2;49;49;49m██[38;2;0;0;0m        
[38;2;0;0;0m        [38;2;49;49;49m████[38;2;74;139;197m██[38;2;255;255;255m██████[38;2;197;213;230m██[38;2;74;139;197m██████[38;2;197;213;230m██[38;2;74;139;197m██[38;2;106;180;238m████[38;2;74;139;197m██[38;2;82;82;82m██[38;2;74;139;197m██████[38;2;49;49;49m██[38;2;0;0;0m        
[38;2;0;0;0m      [38;2;49;49;49m██[38;2;74;139;197m██[38;2;65;98;156m██[38;2;255;255;255m██[38;2;74;139;197m██████████[38;2;197;213;230m████[38;2;74;139;197m██[38;2;106;180;238m██[38;2;82;82;82m██[38;2;74;139;197m████[38;2;82;82;82m██[38;2;74;139;197m██████[38;2;49;49;49m██[38;2;0;0;0m        
[38;2;0;0;0m    [38;2;49;49;49m██[38;2;74;139;197m██████[38;2;65;98;156m██[38;2;255;255;255m████[38;2;197;213;230m██████[38;2;74;139;197m████[38;2;106;180;238m██████[38;2;82;82;82m██[38;2;74;139;197m████[38;2;82;82;82m██[38;2;74;139;197m██[38;2;49;49;49m██[38;2;0;0;0m          
[38;2;0;0;0m    [38;2;49;49;49m██[38;2;74;139;197m██████[38;2;49;49;49m██[38;2;65;98;156m██████████[38;2;106;180;238m██████████[38;2;82;82;82m██[38;2;74;139;197m██[38;2;82;82;82m██[38;2;74;139;197m██[38;2;49;49;49m██[38;2;0;0;0m            
[38;2;0;0;0m      [38;2;49;49;49m██████[38;2;0;0;0m  [38;2;49;49;49m████[38;2;74;139;197m██████[38;2;82;82;82m██[38;2;106;180;238m██████[38;2;74;139;197m██[38;2;106;180;238m██[38;2;82;82;82m████[38;2;49;49;49m██[38;2;0;0;0m              
[38;2;0;0;0m                  [38;2;49;49;49m██████████[38;2;106;180;238m██████[38;2;74;139;197m████[38;2;106;180;238m████[38;2;49;49;49m██[38;2;0;0;0m            
[38;2;0;0;0m                            [38;2;49;49;49m██[38;2;106;180;238m████████[38;2;49;49;49m████[38;2;0;0;0m              
[38;2;0;0;0m                              [38;2;49;49;49m████████[38;2;0;0;0m                  [0m
