
[38;2;0;0;0m                    [38;2;0;4;0m████████████[38;2;0;0;0m                      
[38;2;0;0;0m                [38;2;0;4;0m████[38;2;255;86;103m████████████[38;2;0;4;0m██████[38;2;0;0;0m                
[38;2;0;0;0m            [38;2;0;4;0m████[38;2;255;86;100m████████████████[38;2;131;43;55m██[38;2;255;86;103m████[38;2;0;4;0m████[38;2;0;0;0m            
[38;2;0;0;0m          [38;2;0;4;0m██[38;2;255;86;103m██[38;2;127;45;51m██[38;2;255;86;100m████████████████[38;2;131;43;55m██[38;2;255;86;103m████████[38;2;0;4;0m██[38;2;0;0;0m          
[38;2;0;0;0m        [38;2;0;4;0m██[38;2;255;86;103m████[38;2;131;43;55m██[38;2;255;86;100m████████████[38;2;255;86;103m██[38;2;131;43;55m██[38;2;255;86;100m████████████[38;2;0;4;0m██[38;2;0;0;0m        
[38;2;0;0;0m      [38;2;0;4;0m██[38;2;255;86;103m██████[38;2;131;43;55m██[38;2;255;86;100m████████████[38;2;255;86;103m██[38;2;131;43;55m██[38;2;255;86;100m████████████[38;2;255;86;103m██[38;2;0;4;0m██[38;2;0;0;0m      
[38;2;0;0;0m      [38;2;0;4;0m██[38;2;131;43;55m██[38;2;255;86;103m██[38;2;255;86;100m████[38;2;131;43;55m██[38;2;255;86;103m██[38;2;231;115;143m██[38;2;57;74;73m██[38;2;255;86;103m██████[38;2;131;43;55m██[38;2;255;86;103m████████████[38;2;255;86;111m██[38;2;24;8;8m██[38;2;0;0;0m      
[38;2;0;0;0m    [38;2;0;4;0m██[38;2;189;61;93m██[38;2;131;43;55m██[38;2;255;86;103m██[38;2;255;86;100m████[38;2;131;43;55m██[38;2;255;86;103m██[38;2;57;74;73m██[38;2;173;101;120m██[38;2;66;66;66m██[38;2;255;86;103m██[38;2;131;43;55m██[38;2;255;86;103m██[38;2;193;61;93m██[38;2;255;86;103m██[38;2;193;61;93m██[38;2;255;86;103m██[38;2;193;61;93m██[38;2;255;86;103m██[38;2;101;34;42m██[38;2;178;60;77m██[38;2;0;4;0m██[38;2;0;0;0m    
[38;2;0;0;0m    [38;2;0;4;0m██[38;2;189;61;93m██[38;2;193;61;93m██[38;2;132;41;60m██[38;2;57;74;73m██[38;2;231;115;143m██[38;2;132;57;73m██[38;2;66;62;61m██[38;2;104;104;142m██[38;2;140;140;180m██[38;2;74;61;58m██[38;2;140;100;124m██[38;2;132;41;60m██[38;2;193;61;93m██[38;2;255;78;103m██[38;2;192;74;91m██[38;2;255;86;103m██[38;2;193;61;93m██[38;2;255;86;103m██[38;2;132;41;60m██[38;2;192;63;93m████[38;2;0;4;0m██[38;2;0;0;0m    
[38;2;0;0;0m      [38;2;0;4;0m██[38;2;193;61;93m██[38;2;132;41;60m██[38;2;173;101;120m██[38;2;57;74;73m██[38;2;198;53;86m██[38;2;66;62;61m██[38;2;140;140;180m████[38;2;173;119;157m██[38;2;74;61;58m██[38;2;193;61;93m████[38;2;66;66;66m████[38;2;193;61;93m████[38;2;132;41;60m██[38;2;193;63;81m██[38;2;192;63;93m████[38;2;189;61;93m██[38;2;0;4;0m██[38;2;0;0;0m  
[38;2;0;0;0m        [38;2;0;4;0m██[38;2;66;65;66m██[38;2;140;141;180m████[38;2;66;61;66m██[38;2;140;140;180m██[38;2;140;141;180m████[38;2;140;140;180m██[38;2;66;61;66m██[38;2;66;66;66m████[38;2;140;140;180m██[38;2;66;66;66m██[38;2;193;61;93m██[38;2;132;41;60m██[38;2;192;63;93m████[38;2;189;61;93m██████[38;2;0;4;0m██[38;2;0;0;0m  
[38;2;0;0;0m          [38;2;0;4;0m██[38;2;140;141;180m████[38;2;140;140;180m██[38;2;115;114;142m██[38;2;140;141;180m████[38;2;140;140;180m██[38;2;115;114;142m██[38;2;140;140;180m██████[38;2;66;66;66m██[38;2;132;41;60m██[38;2;193;61;93m██[38;2;192;63;93m████[38;2;189;61;93m██[38;2;0;4;0m████[38;2;0;0;0m    
[38;2;0;0;0m        [38;2;8;12;8m██[38;2;55;57;68m██[38;2;140;140;180m██[38;2;104;104;142m██[38;2;143;140;177m██[38;2;104;107;150m██[38;2;143;144;180m██[38;2;104;107;139m██[38;2;140;141;180m████████[38;2;104;107;150m██[38;2;66;74;122m██[38;2;66;66;66m████[38;2;189;61;93m██[38;2;0;4;0m████[38;2;0;0;0m        
[38;2;0;0;0m      [38;2;0;4;0m██[38;2;148;148;188m██[38;2;101;103;128m██[38;2;140;140;180m████[38;2;66;74;122m████[38;2;104;107;139m██[38;2;143;144;180m██[38;2;140;141;180m████████[38;2;143;140;177m████[38;2;140;140;180m████[38;2;0;4;0m██[38;2;0;0;0m            
[38;2;0;0;0m      [38;2;0;4;0m██[38;2;66;66;66m██[38;2;140;140;180m████[38;2;66;74;122m██[38;2;231;189;71m██[38;2;255;255;255m██[38;2;66;74;122m██[38;2;140;140;180m██[38;2;140;141;180m████[38;2;140;140;180m████████[38;2;104;105;141m██[38;2;0;4;0m██[38;2;0;0;0m              
[38;2;0;0;0m  [38;2;0;4;0m████[38;2;189;61;93m██[38;2;66;66;66m████[38;2;140;140;180m██[38;2;66;74;122m██[38;2;231;189;71m████[38;2;66;74;122m██[38;2;140;140;180m██[38;2;140;141;180m████[38;2;140;140;180m██[38;2;66;66;66m██████[38;2;104;105;141m████[38;2;0;4;0m██████[38;2;0;0;0m        
[38;2;0;4;0m██[38;2;189;61;93m██[38;2;132;41;60m████[38;2;66;66;66m██[38;2;231;239;239m██[38;2;49;49;60m██[38;2;91;91;120m██[38;2;255;206;55m██[38;2;192;162;77m██[38;2;66;74;122m██[38;2;140;140;180m██[38;2;148;148;180m██[38;2;55;60;60m██[38;2;107;45;51m██[38;2;255;255;247m██[38;2;60;64;71m██[38;2;99;103;147m██[38;2;121;75;97m██[38;2;60;73;76m██[38;2;66;45;50m██[38;2;255;78;95m██[38;2;255;86;103m██[38;2;0;4;0m██████[38;2;0;0;0m  
[38;2;0;0;0m  [38;2;0;4;0m██[38;2;193;61;93m████[38;2;66;66;66m██[38;2;231;239;239m██[38;2;8;8;0m██[38;2;132;132;180m██[38;2;66;74;122m████[38;2;140;140;180m████[38;2;55;60;60m██[38;2;8;16;0m██[38;2;156;115;116m██[38;2;255;255;247m██[38;2;60;64;71m██[38;2;80;84;109m██[38;2;60;73;76m██[38;2;181;78;117m██[38;2;129;56;65m████[38;2;127;45;51m██[38;2;255;86;103m██████[38;2;0;4;0m██
[38;2;0;0;0m    [38;2;0;4;0m██████[38;2;66;65;66m██[38;2;222;86;86m██[38;2;118;117;153m██[38;2;140;140;180m██████[38;2;66;66;66m██[38;2;247;247;247m██[38;2;0;0;0m██[38;2;214;94;102m██[38;2;66;74;82m██[38;2;104;105;141m████[38;2;0;4;0m████[38;2;189;61;93m████████[38;2;0;4;0m████[38;2;0;0;0m  
[38;2;0;0;0m          [38;2;0;4;0m██[38;2;118;117;153m████[38;2;66;66;66m██[38;2;140;140;180m██████[38;2;82;82;82m████[38;2;66;74;82m██[38;2;115;81;89m██[38;2;104;105;141m██[38;2;0;4;0m██[38;2;0;0;0m    [38;2;0;4;0m████████[38;2;0;0;0m      
[38;2;0;0;0m            [38;2;0;4;0m██[38;2;107;107;139m██[38;2;104;107;141m████[38;2;104;107;139m████[38;2;90;96;133m████[38;2;104;107;141m████[38;2;66;66;66m██[38;2;192;63;91m██[38;2;0;4;0m██[38;2;0;0;0m                
[38;2;0;0;0m              [38;2;0;4;0m██[38;2;66;66;66m██[38;2;104;107;141m██[38;2;66;74;122m████[38;2;255;255;255m██[38;2;90;96;133m██[38;2;66;66;66m████[38;2;192;63;91m████[38;2;0;4;0m██[38;2;0;0;0m                
[38;2;0;0;0m              [38;2;0;4;0m██[38;2;192;74;91m██[38;2;66;66;66m██[38;2;74;61;58m████████[38;2;255;86;100m████[38;2;173;60;82m████[38;2;52;55;60m██[38;2;8;12;0m██[38;2;0;0;0m              
[38;2;0;0;0m            [38;2;0;4;0m██[38;2;107;107;139m██[38;2;66;66;66m██[38;2;255;78;103m██[38;2;134;68;70m██[38;2;255;82;95m████[38;2;134;68;70m██[38;2;255;86;100m████[38;2;255;90;119m██[38;2;8;0;8m██[38;2;140;140;180m████[38;2;0;4;0m██[38;2;0;0;0m            
[38;2;0;0;0m          [38;2;0;4;0m██[38;2;104;104;141m████[38;2;0;0;0m████[38;2;255;90;103m████[38;2;255;86;103m████[38;2;91;60;61m████[38;2;0;0;0m██  ██[38;2;140;140;180m██[38;2;159;165;175m██[38;2;0;0;16m██[38;2;0;0;0m          
[38;2;0;0;0m        [38;2;0;4;0m██[38;2;189;189;189m██[38;2;104;104;141m██[38;2;0;0;0m██    [38;2;0;16;16m██[38;2;85;41;45m██[38;2;66;66;66m████[38;2;91;60;61m██[38;2;140;140;180m██[38;2;0;0;0m██  ██[38;2;140;140;180m██[38;2;80;82;96m██[38;2;239;247;255m██[38;2;0;4;0m████[38;2;0;0;0m      
[38;2;0;0;0m      [38;2;0;4;0m██[38;2;189;189;189m████[38;2;0;0;0m██      ██[38;2;140;140;180m██[38;2;140;141;180m████████[38;2;0;0;0m██    [38;2;0;4;0m██[38;2;66;74;122m██[38;2;255;255;255m████[38;2;66;82;114m██[38;2;0;4;0m██[38;2;0;0;0m    
[38;2;0;0;0m    [38;2;0;4;0m██[38;2;189;189;189m██[38;2;66;66;66m██[38;2;189;189;189m██[38;2;0;0;0m██    ██[38;2;140;140;180m████[38;2;140;141;180m████████[38;2;140;140;180m██[38;2;0;0;0m██  [38;2;0;4;0m██[38;2;255;255;255m████[38;2;129;140;161m██[38;2;255;255;255m██[38;2;0;4;0m██[38;2;0;0;0m    
[38;2;0;0;0m    ██[38;2;189;189;189m██[38;2;63;63;63m██[38;2;0;0;0m██    ██[38;2;140;140;180m██[38;2;148;148;188m██[38;2;101;101;128m██[38;2;0;0;0m████[38;2;140;140;180m██████[38;2;0;0;0m██  [38;2;0;4;0m██[38;2;255;255;255m██[38;2;127;133;131m██[38;2;255;255;255m██[38;2;135;146;147m██[38;2;255;255;255m██[38;2;0;4;0m██[38;2;0;0;0m  
[38;2;0;0;0m      ██[38;2;189;189;189m██[38;2;0;0;0m██    ██[38;2;140;140;180m██[38;2;55;55;68m██[38;2;8;8;8m██[38;2;0;0;0m    ██[38;2;140;140;180m████[38;2;0;0;0m██    [38;2;0;12;8m██[38;2;255;255;255m██[38;2;135;146;147m████[38;2;255;255;255m██[38;2;0;4;0m██[38;2;0;0;0m  
[38;2;0;0;0m        ████    ██[38;2;104;104;141m████[38;2;0;0;0m██      ██[38;2;104;107;141m██[38;2;66;66;66m██[38;2;0;0;0m██  [38;2;0;4;0m██[38;2;255;255;255m██[38;2;127;133;131m██[38;2;255;255;255m██[38;2;140;148;148m██[38;2;0;4;0m██[38;2;0;0;0m  
[38;2;0;0;0m              ██[38;2;104;104;141m████████[38;2;0;0;0m██    ██[38;2;104;107;141m████[38;2;0;0;0m██    [38;2;0;4;0m██[38;2;0;12;8m██[38;2;255;255;255m██[38;2;0;4;0m██[38;2;0;0;0m    
[38;2;0;0;0m            ██[38;2;189;189;189m██[38;2;63;63;63m██[38;2;189;189;189m██[38;2;0;0;0m████    ██[38;2;159;165;170m██[38;2;140;140;180m██[38;2;115;114;142m██[38;2;123;123;127m██[38;2;0;0;0m██      [38;2;0;4;0m██[38;2;0;0;0m      
[38;2;0;0;0m              ██████      ██[38;2;239;247;255m██[38;2;80;82;85m██[38;2;140;140;180m██[38;2;66;61;66m██[38;2;247;247;255m██[38;2;0;0;0m██              
[38;2;0;0;0m                            ████[38;2;255;255;255m██[38;2;0;0;0m████                [0m
