
[38;2;0;0;0m                                ██  
[38;2;0;0;0m              ██████          ██[38;2;255;255;255m██[38;2;0;0;0m██
[38;2;0;0;0m        ████[38;2;0;0;24m██[38;2;115;119;139m██[38;2;74;115;202m████[38;2;0;0;0m██████  [38;2;8;4;0m██[38;2;255;255;255m████[38;2;0;0;0m██
[38;2;0;0;0m    ████[38;2;255;255;255m████[38;2;231;239;255m██[38;2;115;119;139m██[38;2;66;82;138m████[38;2;74;115;202m████[38;2;66;82;138m██[38;2;0;0;0m██[38;2;131;129;127m██[38;2;255;255;255m██[38;2;0;0;0m██  
[38;2;0;0;0m  ██[38;2;255;255;255m████████[38;2;49;78;145m██[38;2;239;247;255m██[38;2;49;74;129m██[38;2;115;134;168m██[38;2;66;82;138m████[38;2;247;255;255m██[38;2;211;217;211m██[38;2;137;137;132m██[38;2;206;206;198m██[38;2;206;206;206m██[38;2;0;0;0m██
[38;2;0;0;0m  ██[38;2;255;255;255m██████[38;2;66;66;66m██[38;2;112;134;182m██[38;2;49;78;145m██[38;2;247;255;247m██[38;2;115;134;168m██[38;2;255;255;255m████[38;2;140;140;124m████[38;2;0;0;0m████[38;2;206;206;206m██[38;2;0;0;0m██
[38;2;0;0;0m██[38;2;255;255;255m████████[38;2;74;70;66m██[38;2;140;166;184m██[38;2;49;78;113m██[38;2;255;255;255m██[38;2;148;123;204m██[38;2;148;124;204m████[38;2;181;181;173m██[38;2;0;0;0m██    ██  
[38;2;0;0;0m██[38;2;255;255;255m████████[38;2;134;132;129m██[38;2;231;255;255m██[38;2;49;78;113m██[38;2;255;255;255m██[38;2;148;123;204m██[38;2;181;181;173m████[38;2;0;0;0m██          
[38;2;0;0;0m██[38;2;140;140;124m██[38;2;66;66;66m████[38;2;255;255;255m████[38;2;66;66;66m██[38;2;206;206;206m██[38;2;148;148;124m██[38;2;159;148;178m██[38;2;57;66;81m██[38;2;0;0;0m██            
[38;2;0;0;0m  ██[38;2;206;206;206m████[38;2;66;70;66m██[38;2;192;193;192m██[38;2;206;206;206m████[38;2;148;148;124m██[38;2;165;148;205m██[38;2;0;0;0m██              
[38;2;0;0;0m    ████[38;2;206;206;206m████[38;2;66;66;66m██[38;2;0;0;0m████[38;2;165;156;189m████[38;2;0;0;0m██            
[38;2;0;0;0m        ██████  ██[38;2;165;156;189m████[38;2;0;0;0m██            
[38;2;0;0;0m                  ████              [0m
