
[38;2;0;0;0m          [38;2;0;4;0m████████████[38;2;0;0;0m                              
[38;2;0;0;0m    [38;2;0;4;0m██████[38;2;115;206;251m██[38;2;186;239;253m████[38;2;186;247;253m████[38;2;165;222;253m██[38;2;0;0;0m██                            
[38;2;0;0;0m  [38;2;0;4;0m██[38;2;115;206;251m██████████[38;2;186;239;253m██[38;2;186;247;253m████[38;2;110;148;169m██[38;2;55;74;84m██[38;2;0;4;0m██████[38;2;0;0;0m                      
[38;2;0;0;0m  [38;2;0;4;0m██[38;2;115;206;251m████████[38;2;148;231;252m████[38;2;181;247;253m████[38;2;66;66;66m██[38;2;181;247;253m██[38;2;186;247;253m████[38;2;181;247;253m██[38;2;0;4;0m████[38;2;0;0;0m                  
[38;2;0;4;0m██[38;2;82;156;202m██[38;2;82;154;206m██[38;2;115;206;251m████[38;2;66;66;66m██████████[38;2;181;247;253m████[38;2;186;247;253m████[38;2;181;247;253m████[38;2;115;206;251m██[38;2;0;4;0m████[38;2;0;0;0m              
[38;2;0;4;0m██[38;2;82;156;202m██[38;2;82;154;206m██[38;2;115;206;251m██[38;2;66;66;66m██████[38;2;115;206;251m██[38;2;115;208;251m██[38;2;181;247;253m██[38;2;186;247;253m████████[38;2;186;239;253m████[38;2;181;247;253m██[38;2;115;208;251m██[38;2;82;151;170m██[38;2;0;8;8m██[38;2;0;0;0m            
[38;2;0;4;0m██[38;2;82;156;202m██[38;2;82;154;206m████[38;2;66;66;66m██[38;2;82;156;202m██[38;2;115;206;251m██[38;2;66;66;66m██[38;2;115;208;251m████[38;2;186;247;253m████████[38;2;186;239;253m██[38;2;115;206;251m██[38;2;115;208;251m████[38;2;123;222;251m██[38;2;82;151;170m██[38;2;0;4;0m██[38;2;0;0;0m          
[38;2;0;4;0m██[38;2;82;156;202m██[38;2;82;148;210m██[38;2;77;119;165m██[38;2;57;66;73m██[38;2;115;206;251m██[38;2;74;111;190m████[38;2;66;66;66m██[38;2;115;206;251m██[38;2;118;209;251m████████████████[38;2;115;206;251m██[38;2;82;154;206m██[38;2;82;156;202m██[38;2;0;4;0m██[38;2;0;0;0m        
[38;2;0;4;0m██[38;2;82;156;202m██[38;2;82;148;210m██[38;2;66;61;74m██[38;2;96;159;192m██[38;2;115;206;251m██████████[38;2;118;209;251m████████████████[38;2;115;206;251m████[38;2;82;156;202m██[38;2;0;4;0m██[38;2;0;0;0m        
[38;2;0;4;0m██[38;2;82;156;202m████[38;2;66;66;66m██[38;2;115;206;251m██[38;2;66;66;66m██[38;2;115;206;251m████████[38;2;118;209;251m████[38;2;115;206;251m██[38;2;66;66;66m██████████[38;2;118;209;251m████[38;2;82;156;202m████[38;2;0;4;0m██[38;2;0;0;0m      
[38;2;0;4;0m██[38;2;82;156;202m████[38;2;66;66;66m██[38;2;115;206;251m██[38;2;66;66;66m██████[38;2;74;111;190m██[38;2;115;206;251m██[38;2;118;209;251m████[38;2;115;206;251m████[38;2;66;66;66m██[38;2;71;115;189m██[38;2;115;206;251m████[38;2;118;209;251m████[38;2;66;66;66m██[38;2;82;156;202m██[38;2;0;4;0m██[38;2;0;0;0m      
[38;2;0;0;0m  [38;2;0;4;0m██[38;2;82;156;202m██[38;2;66;66;66m██[38;2;115;206;251m████[38;2;159;66;76m██[38;2;195;61;94m██[38;2;66;66;66m██[38;2;115;206;251m██████[38;2;118;209;251m████[38;2;115;206;251m██[38;2;74;111;190m██[38;2;66;66;66m██[38;2;115;206;251m██[38;2;118;209;251m████[38;2;66;66;66m██[38;2;82;156;202m████[38;2;0;4;0m██[38;2;0;0;0m    
[38;2;0;0;0m  [38;2;0;4;0m██[38;2;82;156;202m████[38;2;66;66;66m██[38;2;115;206;251m██[38;2;159;66;76m██[38;2;195;61;94m██[38;2;66;66;66m████████[38;2;118;209;251m████[38;2;115;206;251m████████[38;2;118;209;251m████[38;2;82;156;202m██[38;2;66;66;66m██[38;2;82;156;202m██[38;2;0;4;0m██[38;2;0;0;0m    
[38;2;0;0;0m  [38;2;0;4;0m██[38;2;82;156;202m████[38;2;66;66;66m██[38;2;115;206;251m██[38;2;159;66;76m██[38;2;195;61;94m██[38;2;193;61;93m████[38;2;195;61;94m████[38;2;107;66;75m██[38;2;115;206;251m██[38;2;66;66;66m████[38;2;118;209;251m████████[38;2;82;156;202m██[38;2;66;66;66m██[38;2;82;156;202m██[38;2;0;4;0m██[38;2;0;0;0m    
[38;2;0;0;0m    [38;2;0;4;0m██[38;2;82;156;202m██[38;2;115;206;251m████[38;2;159;66;76m██[38;2;195;61;94m██[38;2;193;61;93m██[38;2;156;66;76m██[38;2;159;66;76m████[38;2;107;66;75m████[38;2;160;66;76m██[38;2;66;66;66m██[38;2;118;209;251m████████[38;2;66;66;66m██[38;2;82;156;202m██[38;2;0;4;0m██[38;2;0;0;0m      
[38;2;0;0;0m    [38;2;0;4;0m██[38;2;115;206;251m██[38;2;118;209;251m████[38;2;159;66;76m██[38;2;195;61;94m██[38;2;160;63;76m██[38;2;255;123;143m██[38;2;255;126;143m████[38;2;160;63;76m████[38;2;156;66;76m██[38;2;115;206;251m██[38;2;118;209;251m████[38;2;115;214;251m██[38;2;77;145;170m██[38;2;0;4;0m████[38;2;0;0;0m        
[38;2;0;0;0m    [38;2;0;4;0m██[38;2;115;206;251m██[38;2;118;209;251m████[38;2;159;66;76m████[38;2;255;123;143m████[38;2;255;126;143m████[38;2;255;123;143m████[38;2;156;66;76m██[38;2;115;206;251m██[38;2;118;209;251m████[38;2;115;214;251m██[38;2;0;8;8m██[38;2;0;0;0m            
[38;2;0;0;0m    [38;2;0;4;0m██[38;2;115;206;251m██[38;2;118;209;251m████[38;2;115;206;251m██[38;2;156;66;76m██[38;2;255;123;143m████[38;2;255;126;143m████[38;2;175;115;135m██[38;2;189;66;77m██[38;2;115;206;251m████[38;2;118;209;251m████[38;2;0;4;0m██[38;2;0;0;0m              
[38;2;0;0;0m    [38;2;0;4;0m██[38;2;115;206;251m██[38;2;118;209;251m████[38;2;115;206;251m██[38;2;156;66;76m██[38;2;160;63;76m██[38;2;255;123;143m██[38;2;255;126;143m████[38;2;189;66;77m██[38;2;148;214;252m██[38;2;74;111;190m██[38;2;115;206;251m██[38;2;118;209;251m████[38;2;0;4;0m██[38;2;0;0;0m              
[38;2;0;0;0m      [38;2;0;4;0m██[38;2;118;209;251m████████[38;2;156;66;76m████████[38;2;115;206;251m██[38;2;66;66;66m██[38;2;118;209;251m████[38;2;123;206;243m██[38;2;8;4;0m██[38;2;0;0;0m      [38;2;0;4;0m██████[38;2;0;0;0m    
[38;2;0;0;0m      [38;2;0;4;0m██[38;2;118;209;251m████████[38;2;115;206;251m████████[38;2;66;66;66m██[38;2;115;206;251m██[38;2;118;209;251m████[38;2;46;71;81m██[38;2;8;4;0m██[38;2;0;0;0m    [38;2;0;4;0m██[38;2;255;255;255m██[38;2;82;94;106m██[38;2;55;64;71m██[38;2;0;4;0m██[38;2;0;0;0m  
[38;2;0;0;0m      [38;2;0;4;0m██[38;2;82;151;170m██[38;2;123;222;251m██[38;2;118;209;251m████████[38;2;115;206;251m██[38;2;66;66;66m██[38;2;118;209;251m████[38;2;107;206;251m██[38;2;66;66;66m██[38;2;0;4;0m██[38;2;0;0;0m    [38;2;0;4;0m██[38;2;255;255;255m██[38;2;82;90;106m██[38;2;85;88;90m██[38;2;255;255;255m████[38;2;0;4;0m██
[38;2;0;0;0m        [38;2;0;8;8m██[38;2;82;151;170m██[38;2;118;209;251m████████[38;2;66;66;66m██[38;2;115;206;251m██[38;2;118;209;251m████[38;2;66;66;66m██[38;2;93;159;189m██[38;2;0;4;0m██[38;2;0;0;0m    [38;2;0;4;0m██[38;2;255;255;255m██[38;2;82;90;106m██[38;2;255;255;255m██[38;2;0;4;8m██[38;2;255;255;255m██[38;2;0;4;0m██
[38;2;0;0;0m        [38;2;0;4;0m██[38;2;82;156;202m██[38;2;82;156;205m████[38;2;107;206;251m██[38;2;66;66;66m██[38;2;115;206;251m████[38;2;82;156;202m████[38;2;35;57;67m██[38;2;8;8;0m██[38;2;0;0;0m    [38;2;0;4;0m██[38;2;78;88;106m██[38;2;79;91;103m████[38;2;255;255;255m████[38;2;78;88;106m██[38;2;0;4;0m██
[38;2;0;0;0m          [38;2;0;4;0m██[38;2;82;156;205m████[38;2;93;159;189m██[38;2;66;66;66m██[38;2;82;154;206m████[38;2;82;156;202m██[38;2;66;66;66m██[38;2;90;156;202m██[38;2;8;8;0m██[38;2;0;0;0m    [38;2;0;4;0m██[38;2;78;88;106m██[38;2;79;91;103m████[38;2;82;90;106m████[38;2;0;4;0m██[38;2;0;0;0m  
[38;2;0;0;0m          [38;2;0;4;0m██[38;2;82;156;205m████[38;2;66;66;66m██[38;2;82;156;202m██[38;2;82;156;205m████[38;2;66;66;66m██[38;2;82;156;202m██[38;2;0;4;0m██[38;2;0;0;0m    [38;2;0;4;0m██[38;2;79;91;103m████[38;2;78;88;106m████[38;2;0;4;0m████[38;2;0;0;0m    
[38;2;0;0;0m        [38;2;0;4;0m██[38;2;82;156;202m██[38;2;82;156;205m████[38;2;66;66;66m██[38;2;82;156;202m██[38;2;82;156;205m████[38;2;66;66;66m██[38;2;82;156;202m██[38;2;0;4;0m██[38;2;0;0;0m  [38;2;0;4;0m██[38;2;78;88;106m██[38;2;79;91;103m████[38;2;0;4;0m████[38;2;0;0;0m        
[38;2;0;0;0m    [38;2;0;8;8m████[38;2;82;154;206m████[38;2;82;156;205m████[38;2;82;156;202m██[38;2;66;66;66m██████[38;2;82;156;202m██████[38;2;0;4;0m██[38;2;44;55;65m██[38;2;71;101;130m██[38;2;0;4;0m████[38;2;0;0;0m            
[38;2;0;0;0m  [38;2;0;4;0m██[38;2;82;145;170m██[38;2;123;214;251m██[38;2;115;206;251m██[38;2;82;154;206m██[38;2;82;156;205m████[38;2;82;156;202m██████████[38;2;66;66;66m██[38;2;82;156;202m████[38;2;99;148;195m██[38;2;16;8;0m██[38;2;0;0;0m                
[38;2;0;0;0m  [38;2;0;4;0m██[38;2;35;57;67m██[38;2;90;156;202m██[38;2;82;156;202m████[38;2;0;4;0m██████[38;2;82;156;202m██[38;2;82;154;206m██[38;2;115;206;251m████[38;2;82;154;206m██[38;2;38;57;67m██[38;2;82;156;202m████[38;2;0;4;0m██[38;2;0;0;0m                
[38;2;0;0;0m    [38;2;8;8;0m████[38;2;0;4;0m████[38;2;0;0;0m      [38;2;0;4;0m██[38;2;115;206;251m████████[38;2;82;156;202m██[38;2;16;8;0m██[38;2;0;4;0m██[38;2;0;0;0m                  
[38;2;0;0;0m                    [38;2;61;99;117m██[38;2;123;198;235m██[38;2;123;214;251m██[38;2;82;145;170m██[38;2;0;4;0m██[38;2;0;0;0m                      
[38;2;0;0;0m                      ██[38;2;0;8;8m████[38;2;0;0;0m                        [0m
