
[38;2;0;0;0m                ████████████            
[38;2;0;0;0m            ████[38;2;214;198;198m██[38;2;255;255;255m████████[38;2;214;198;198m██[38;2;0;0;0m████        
[38;2;0;0;0m        ████[38;2;255;255;255m████████████████████[38;2;8;8;8m██[38;2;0;0;0m      
[38;2;0;0;0m      ██[38;2;103;86;83m██[38;2;255;255;255m██████████████████████[38;2;173;173;173m██[38;2;0;0;0m██    
[38;2;0;0;0m      ██[38;2;85;85;85m██[38;2;255;255;255m████████[38;2;90;70;66m██[38;2;255;255;255m██████████[38;2;214;199;201m██[38;2;255;255;255m██[38;2;173;171;170m██[38;2;8;4;0m██[38;2;0;0;0m  
[38;2;0;0;0m    ██[38;2;255;255;255m████[38;2;214;199;201m██[38;2;255;255;255m████[38;2;214;199;201m██[38;2;90;70;66m██[38;2;200;193;192m██[38;2;255;255;255m██████████████[38;2;8;4;0m██[38;2;0;0;0m  
[38;2;0;0;0m    ██[38;2;255;255;255m██████████████████████[38;2;195;193;192m██[38;2;255;255;255m████[38;2;214;199;201m██[38;2;255;255;255m██[38;2;0;0;0m██
[38;2;0;0;0m    ██[38;2;255;255;255m██[38;2;214;199;201m██[38;2;255;255;255m██████[38;2;214;199;201m██[38;2;255;255;255m██████████[38;2;74;70;66m██[38;2;255;255;255m██[38;2;214;199;201m██[38;2;255;255;255m██[38;2;214;199;201m██[38;2;0;0;0m██
[38;2;0;0;0m  ██[38;2;119;115;115m██[38;2;123;115;115m██[38;2;68;66;66m██[38;2;66;57;58m██[38;2;214;198;190m██[38;2;214;198;198m██[38;2;71;66;66m██[38;2;231;231;223m████[38;2;255;255;255m████[38;2;66;61;66m██[38;2;96;93;96m██[38;2;66;49;50m██[38;2;214;198;198m██████[38;2;0;0;0m██
[38;2;0;0;0m  ██[38;2;119;115;115m██[38;2;68;66;66m██[38;2;96;90;90m██[38;2;115;104;102m██[38;2;66;57;58m██[38;2;71;66;66m██[38;2;0;0;0m████[38;2;77;77;74m██[38;2;156;159;156m████[38;2;156;156;156m██[38;2;66;61;66m██[38;2;115;99;99m██[38;2;66;49;50m██[38;2;214;198;198m████[38;2;0;0;0m██
[38;2;0;0;0m    ██[38;2;66;49;50m██[38;2;126;96;102m██[38;2;102;86;86m████[38;2;90;85;85m██[38;2;255;255;255m████[38;2;85;85;85m██[38;2;126;126;126m██[38;2;156;156;156m██[38;2;181;154;160m██[38;2;66;66;66m██[38;2;82;74;74m██[38;2;255;198;215m██[38;2;71;66;66m██[38;2;214;198;198m██[38;2;0;0;0m██
[38;2;0;0;0m  ██[38;2;119;115;115m██[38;2;66;49;50m██[38;2;247;189;207m██[38;2;102;86;86m████[38;2;90;85;85m██[38;2;8;0;0m██[38;2;0;0;0m██[38;2;85;85;85m██[38;2;66;66;66m██[38;2;156;156;156m██[38;2;66;66;66m██[38;2;239;198;207m██[38;2;255;198;215m██[38;2;82;74;74m██[38;2;214;198;198m██[38;2;0;0;0m██  
[38;2;0;0;0m██[38;2;119;115;115m████[38;2;66;61;58m████[38;2;99;86;83m████████[38;2;66;61;58m████[38;2;113;113;113m██[38;2;159;159;159m████[38;2;66;66;66m████[38;2;214;198;198m████[38;2;0;0;0m██  
[38;2;0;0;0m  ██[38;2;119;115;115m██[38;2;66;61;58m██[38;2;214;198;198m██[38;2;70;53;54m████████[38;2;255;255;255m████[38;2;66;66;66m██[38;2;159;159;159m████[38;2;113;113;113m██[38;2;66;66;66m██[38;2;214;198;198m██[38;2;0;0;0m██    
[38;2;0;0;0m    ████[38;2;214;198;198m██████[38;2;255;255;255m██████[38;2;214;199;201m██[38;2;214;198;198m██[38;2;66;66;66m██[38;2;159;159;159m██████[38;2;0;0;0m██      
[38;2;0;0;0m        ████[38;2;214;198;198m██[38;2;214;199;201m████████[38;2;214;198;198m██[38;2;66;66;66m██[38;2;159;159;159m██[38;2;66;66;66m██[38;2;159;159;159m██[38;2;0;0;0m██      
[38;2;0;0;0m            ██[38;2;70;53;54m██[38;2;0;0;0m██[38;2;214;198;198m████████[38;2;0;0;0m██████        
[38;2;0;0;0m            ████  ██[38;2;71;66;66m████[38;2;0;0;0m██              
[38;2;0;0;0m                    ████                [0m
