
[38;2;0;0;0m            [38;2;49;49;49m████[38;2;0;0;0m                    
[38;2;0;0;0m          [38;2;49;49;49m██[38;2;255;180;164m████[38;2;49;49;49m██[38;2;0;0;0m                  
[38;2;0;0;0m          [38;2;49;49;49m██[38;2;255;180;164m██[38;2;246;139;131m██[38;2;49;49;49m██[38;2;0;0;0m                  
[38;2;0;0;0m  [38;2;49;49;49m████[38;2;0;0;0m  [38;2;49;49;49m██[38;2;255;180;164m██[38;2;246;139;131m██[38;2;238;90;98m██[38;2;49;49;49m██[38;2;0;0;0m                  
[38;2;0;0;0m  [38;2;49;49;49m██[38;2;246;246;123m██[38;2;49;49;49m██[38;2;189;74;90m██[38;2;255;180;164m██[38;2;238;90;98m████[38;2;189;74;90m██[38;2;49;49;49m██[38;2;0;0;0m      [38;2;49;49;49m██[38;2;0;0;0m        
[38;2;0;0;0m  [38;2;49;49;49m██[38;2;246;246;123m████[38;2;238;90;98m██████████[38;2;49;49;49m██[38;2;0;0;0m    [38;2;49;49;49m██[38;2;246;246;123m██[38;2;49;49;49m██[38;2;0;0;0m  [38;2;49;49;49m██[38;2;0;0;0m  
[38;2;0;0;0m  [38;2;49;49;49m██[38;2;246;246;123m██[38;2;197;148;65m██[38;2;238;90;98m██████████[38;2;49;49;49m██[38;2;0;0;0m    [38;2;49;49;49m██[38;2;246;246;123m██[38;2;82;82;82m██[38;2;49;49;49m██[38;2;246;246;123m██[38;2;49;49;49m██
[38;2;0;0;0m  [38;2;49;49;49m██[38;2;238;90;98m██████[38;2;197;148;65m██[38;2;246;246;123m██[38;2;238;90;98m████[38;2;189;74;90m██[38;2;49;49;49m████[38;2;238;90;98m██[38;2;246;246;123m██[38;2;197;148;65m██[38;2;246;246;123m████[38;2;49;49;49m██
[38;2;49;49;49m██[38;2;148;148;123m██[38;2;238;90;98m██[38;2;189;74;90m██[38;2;148;148;123m██[38;2;246;246;123m██[38;2;49;49;49m██[38;2;246;246;123m██[38;2;238;90;98m████[38;2;82;82;82m██[38;2;238;90;98m██████[38;2;197;148;65m██[38;2;246;246;123m██[38;2;49;49;49m██[38;2;0;0;0m  
[38;2;49;49;49m██[38;2;238;238;205m██[38;2;148;148;123m██[38;2;238;238;205m████[38;2;246;246;123m██[38;2;49;49;49m██[38;2;246;246;123m██[38;2;238;90;98m██████[38;2;246;139;131m██[38;2;255;180;164m██[38;2;238;90;98m████[38;2;49;49;49m██[38;2;0;0;0m    
[38;2;49;49;49m██[38;2;238;238;205m██[38;2;197;197;164m██[38;2;238;238;205m██████[38;2;246;246;123m██[38;2;238;90;98m██[38;2;246;139;131m██[38;2;255;180;164m██[38;2;238;90;98m████[38;2;255;180;164m██[38;2;238;90;98m██[38;2;189;74;90m██[38;2;49;49;49m██[38;2;0;0;0m    
[38;2;0;0;0m  [38;2;49;49;49m██[38;2;148;148;123m██[38;2;238;238;205m████[38;2;197;197;164m██[38;2;148;148;123m████[38;2;238;90;98m██[38;2;255;180;164m██[38;2;238;90;98m████[38;2;189;74;90m██[38;2;197;197;164m██[38;2;148;148;123m██[38;2;255;255;255m██[38;2;49;49;49m██[38;2;0;0;0m  
[38;2;0;0;0m    [38;2;49;49;49m██████[38;2;148;148;123m████[38;2;197;197;164m████[38;2;238;90;98m████[38;2;197;197;164m████[38;2;148;148;123m████[38;2;49;49;49m████[38;2;0;0;0m  
[38;2;0;0;0m          [38;2;49;49;49m██[38;2;197;197;164m████[38;2;148;148;123m████[38;2;197;197;164m██[38;2;148;148;123m████[38;2;255;255;255m██[38;2;49;49;49m██[38;2;0;0;0m      
[38;2;0;0;0m        [38;2;49;49;49m██[38;2;255;255;255m██[38;2;82;82;82m██[38;2;148;148;123m██[38;2;197;197;164m██[38;2;148;148;123m████[38;2;255;255;255m██[38;2;49;49;49m██████[38;2;0;0;0m      
[38;2;0;0;0m        [38;2;49;49;49m████████[38;2;148;148;123m██[38;2;255;255;255m██[38;2;49;49;49m██████[38;2;0;0;0m          
[38;2;0;0;0m                [38;2;49;49;49m██████[38;2;0;0;0m              [0m
