
[38;2;0;0;0m                  ████████                        
[38;2;0;0;0m              ██[38;2;8;16;0m██[38;2;135;175;89m██[38;2;148;214;92m██████[38;2;0;0;0m████                    
[38;2;0;0;0m            ██[38;2;198;239;134m██[38;2;198;255;134m████[38;2;148;214;92m██████████[38;2;0;0;0m██                  
[38;2;0;0;0m          ██[38;2;195;239;131m████████[38;2;197;236;131m██[38;2;148;214;92m██████████[38;2;0;0;0m██                
[38;2;0;0;0m        ██[38;2;148;214;92m██[38;2;195;239;131m████████[38;2;197;236;131m██[38;2;148;214;92m████████████[38;2;0;0;0m██              
[38;2;0;0;0m        ██[38;2;148;214;92m████[38;2;197;236;131m██████[38;2;148;214;92m██████████████[38;2;0;0;0m██              
[38;2;0;0;0m      ██[38;2;148;214;92m████████████████████████████[38;2;0;0;0m██            
[38;2;0;0;0m      ██[38;2;148;214;92m████████████████[38;2;66;63;63m████[38;2;66;78;50m██[38;2;156;166;140m██[38;2;156;222;84m██[38;2;129;171;75m██[38;2;0;0;0m██            
[38;2;0;0;0m      ██[38;2;148;214;92m██████████████[38;2;66;66;66m██[38;2;181;181;189m██[38;2;8;4;0m██[38;2;247;255;231m██[38;2;66;78;50m██[38;2;74;70;58m██[38;2;129;171;75m██[38;2;0;0;0m██            
[38;2;0;0;0m      ██[38;2;66;66;66m██████[38;2;148;214;92m██████[38;2;66;66;66m██[38;2;255;255;255m██[38;2;0;0;0m████[38;2;255;255;239m██[38;2;66;78;50m██[38;2;140;173;68m████[38;2;0;0;0m██            
[38;2;0;0;0m    ██[38;2;66;66;66m██[38;2;247;189;79m████[38;2;66;66;66m████[38;2;148;214;92m██[38;2;66;66;66m████[38;2;255;255;255m██[38;2;0;0;0m████[38;2;66;78;50m██[38;2;129;137;113m██[38;2;140;173;68m██[38;2;0;0;0m██              
[38;2;0;0;0m  ██[38;2;250;192;79m████[38;2;247;189;79m████[38;2;192;176;91m██[38;2;66;66;66m██[38;2;140;173;68m██████[38;2;66;66;66m██████[38;2;140;173;68m██████[38;2;0;0;0m██              
[38;2;0;0;0m██[38;2;247;189;79m██[38;2;250;192;79m████[38;2;247;189;79m██[38;2;193;172;93m██[38;2;192;176;91m██[38;2;66;66;66m██[38;2;140;173;68m████████████████[38;2;0;0;0m██                
[38;2;0;0;0m██[38;2;189;173;93m██[38;2;214;181;86m████[38;2;0;0;0m██████[38;2;140;173;68m██████████████[38;2;156;165;68m██[38;2;82;57;66m██[38;2;156;66;68m██[38;2;0;0;0m██              
[38;2;0;0;0m  ██[38;2;214;181;86m██[38;2;0;0;0m██      ██[38;2;66;66;66m██[38;2;140;173;68m████████[38;2;66;66;66m██[38;2;82;57;66m██[38;2;107;93;67m██[38;2;156;66;68m██[38;2;0;0;0m██              
[38;2;0;0;0m    ██        ██[38;2;88;93;104m██[38;2;66;66;66m████████[38;2;88;93;104m██[38;2;66;66;66m████[38;2;156;66;68m████[38;2;0;0;0m██            
[38;2;0;0;0m            ██[38;2;148;214;92m██[38;2;88;93;104m██████████████[38;2;66;66;66m██[38;2;156;66;68m████[38;2;0;0;0m██            
[38;2;0;0;0m          ██[38;2;140;214;100m████[38;2;87;93;101m██[38;2;148;214;92m██[38;2;93;104;88m████[38;2;66;78;50m██[38;2;156;166;140m██[38;2;87;93;101m██[38;2;148;214;92m██[38;2;66;66;66m██[38;2;156;66;68m████[38;2;0;0;0m██          
[38;2;0;0;0m          ██[38;2;231;90;103m██[38;2;140;214;100m██[38;2;148;214;92m████[38;2;148;206;100m██[38;2;66;53;82m██[38;2;247;255;231m██[38;2;66;78;50m██[38;2;148;214;92m████[38;2;66;66;66m██[38;2;156;66;68m████[38;2;0;0;0m██          
[38;2;0;0;0m        ██[38;2;255;255;255m██[38;2;148;214;92m████[38;2;231;115;111m████[38;2;66;66;66m██[38;2;255;255;255m██████[38;2;66;66;66m██[38;2;148;214;92m████[38;2;66;66;66m██[38;2;156;66;68m██[38;2;231;90;103m██[38;2;0;0;0m██        
[38;2;0;0;0m        ██[38;2;255;255;255m██[38;2;66;66;66m██[38;2;148;214;92m██[38;2;148;115;88m██[38;2;66;115;66m██[38;2;255;255;255m██[38;2;129;129;129m██[38;2;123;132;134m██[38;2;255;255;255m██[38;2;66;66;66m██[38;2;148;214;92m████[38;2;66;66;66m██[38;2;231;90;103m████[38;2;0;0;0m██        
[38;2;0;0;0m        ██[38;2;255;255;255m██[38;2;82;86;90m████[38;2;66;66;66m██[38;2;255;255;255m██[38;2;123;131;135m██[38;2;231;90;103m██[38;2;214;129;105m██[38;2;132;107;140m██[38;2;255;255;255m██[38;2;66;66;66m██[38;2;156;222;92m██[38;2;74;70;66m██[38;2;231;90;103m██████[38;2;0;0;0m██      
[38;2;0;0;0m      ██[38;2;255;255;255m████[38;2;82;86;90m██[38;2;255;255;255m██████[38;2;123;131;135m██[38;2;231;90;103m██[38;2;255;140;87m██[38;2;214;129;105m██[38;2;129;129;129m██[38;2;66;66;66m██[38;2;156;222;92m██[38;2;129;171;83m██[38;2;66;66;66m██[38;2;231;90;103m████[38;2;0;0;0m██      
[38;2;0;0;0m      ██[38;2;255;255;255m████[38;2;85;93;101m██[38;2;255;255;255m████████[38;2;123;132;134m██[38;2;214;129;105m██[38;2;255;140;87m██[38;2;66;66;66m██[38;2;156;222;84m██[38;2;140;173;68m████[38;2;66;66;66m██[38;2;231;90;103m██[38;2;231;90;106m████[38;2;0;0;0m██    
[38;2;0;0;0m      ██[38;2;255;255;255m██[38;2;85;93;101m██[38;2;255;255;255m████████████[38;2;132;107;140m██[38;2;214;129;105m██[38;2;66;66;66m██[38;2;126;170;78m██[38;2;140;173;68m████[38;2;66;66;66m██[38;2;231;90;103m██[38;2;231;90;106m████[38;2;0;0;0m██    
[38;2;0;0;0m      ██[38;2;214;214;214m██[38;2;87;93;103m██[38;2;255;255;255m████████[38;2;211;214;211m████[38;2;214;222;182m██[38;2;66;74;50m██[38;2;140;173;68m██████[38;2;247;189;79m██[38;2;66;66;66m██[38;2;231;90;103m██[38;2;231;90;106m████[38;2;231;90;103m██[38;2;0;0;0m██  
[38;2;0;0;0m      ██[38;2;214;214;214m██[38;2;87;93;103m██[38;2;255;255;255m██[38;2;123;132;134m██[38;2;255;255;255m██[38;2;211;211;211m██[38;2;123;132;139m██[38;2;211;214;211m██[38;2;66;74;50m██[38;2;140;148;116m██[38;2;140;173;68m██[38;2;247;189;79m████[38;2;140;173;68m██[38;2;66;66;66m██[38;2;231;90;103m██[38;2;231;90;106m████[38;2;231;90;103m██[38;2;0;0;0m██  
[38;2;0;0;0m      ██[38;2;231;90;103m██[38;2;82;86;90m██[38;2;231;198;199m██[38;2;156;125;128m██[38;2;214;214;214m████[38;2;156;125;128m██[38;2;231;198;199m██[38;2;66;74;66m██[38;2;247;206;79m██[38;2;247;189;79m██[38;2;140;173;68m██[38;2;165;141;61m██[38;2;247;206;87m██[38;2;0;0;0m██[38;2;231;90;103m██[38;2;231;90;106m████████[38;2;0;0;0m██
[38;2;0;0;0m      ██[38;2;82;86;90m████[38;2;156;125;128m██[38;2;82;53;58m██[38;2;231;90;108m████[38;2;82;53;58m██[38;2;156;125;128m██[38;2;66;74;66m██[38;2;156;140;72m██[38;2;140;173;68m██[38;2;247;189;79m██[38;2;247;206;87m██[38;2;0;12;8m██[38;2;0;0;0m  ██[38;2;231;90;106m████████[38;2;0;0;0m██
[38;2;0;0;0m        ██[38;2;66;66;66m██[38;2;88;93;104m██[38;2;66;66;66m██[38;2;88;93;104m████[38;2;60;63;65m██[38;2;90;94;98m██[38;2;82;63;48m██[38;2;247;189;95m████[38;2;82;63;48m██[38;2;0;0;0m██    ██[38;2;231;90;103m██████[38;2;0;0;0m██  
[38;2;0;0;0m          ██[38;2;66;66;66m████████[38;2;60;63;65m██[38;2;0;0;0m██[38;2;0;0;24m██[38;2;82;63;48m████[38;2;0;0;24m██[38;2;0;0;0m        ██████    
[38;2;0;0;0m        ██[38;2;214;214;214m██[38;2;231;198;199m██[38;2;119;99;99m██[38;2;156;66;68m████[38;2;0;0;0m██  ██[38;2;154;63;69m██[38;2;0;0;0m██                    
[38;2;0;0;0m          ██[38;2;8;0;0m████[38;2;0;0;0m████  ██[38;2;154;63;69m██[38;2;231;94;103m██[38;2;156;66;68m██[38;2;0;0;0m██                  
[38;2;0;0;0m                    ██[38;2;255;255;255m██[38;2;255;255;247m██[38;2;96;85;82m██[38;2;231;90;103m██[38;2;0;0;0m██                  
[38;2;0;0;0m                      ██[38;2;16;0;0m████[38;2;0;0;0m██                    [0m
