
[38;2;0;0;0m                                  [38;2;0;4;0m██[38;2;231;231;127m██[38;2;157;158;85m██[38;2;189;187;66m████[38;2;66;66;66m██[38;2;189;189;69m██████[38;2;189;187;66m████[38;2;189;189;69m██[38;2;0;4;0m██[38;2;0;0;0m  [38;2;0;4;0m████[38;2;255;255;183m██████[38;2;247;239;167m████[38;2;225;228;134m████[38;2;222;222;134m██[38;2;0;4;0m██[38;2;0;0;0m      
[38;2;0;0;0m                                [38;2;8;12;0m██[38;2;231;231;127m██[38;2;189;189;69m██████[38;2;66;66;66m██[38;2;189;187;66m████[38;2;189;189;69m████[38;2;66;66;66m████████[38;2;0;4;0m██[38;2;247;239;167m██[38;2;255;255;183m██[38;2;225;228;134m██[38;2;222;222;134m████████[38;2;66;66;66m████[38;2;0;4;0m██[38;2;0;0;0m        
[38;2;0;0;0m                              [38;2;0;4;0m██[38;2;231;231;127m██[38;2;157;158;85m██[38;2;66;66;66m████[38;2;189;189;69m████[38;2;189;187;66m████[38;2;66;66;66m████[38;2;74;123;162m██[38;2;66;66;66m████[38;2;255;255;183m██[38;2;247;239;167m████[38;2;225;228;134m████[38;2;222;222;134m██[38;2;66;66;66m████████[38;2;0;4;0m██[38;2;0;0;0m          
[38;2;0;0;0m                                [38;2;16;4;0m██[38;2;53;65;77m██[38;2;66;66;66m██[38;2;189;189;69m██████[38;2;66;66;66m████[38;2;74;107;130m████[38;2;74;74;66m██[38;2;255;255;183m██[38;2;239;239;159m████[38;2;225;225;134m████[38;2;66;66;66m████████[38;2;225;225;134m████[38;2;222;222;134m████[38;2;0;4;0m██[38;2;0;0;0m        
[38;2;0;0;0m                          [38;2;0;4;0m██[38;2;0;0;0m  [38;2;0;4;0m██[38;2;90;127;154m██[38;2;53;65;77m██[38;2;189;189;69m██████[38;2;66;66;66m██[38;2;74;123;162m████[38;2;189;189;69m██[38;2;74;107;130m██[38;2;255;255;183m██[38;2;195;195;144m██[38;2;66;66;66m████[38;2;225;225;134m████[38;2;222;222;134m████████[38;2;225;225;134m████[38;2;222;222;134m██[38;2;0;4;0m██[38;2;0;0;0m          
[38;2;0;0;0m                    [38;2;0;4;0m██[38;2;0;0;0m  [38;2;8;4;0m██[38;2;79;122;162m██[38;2;8;4;0m██[38;2;79;122;162m██[38;2;98;110;90m██[38;2;57;70;89m██[38;2;189;187;66m████████[38;2;189;189;69m██[38;2;66;66;66m████[38;2;189;189;69m██[38;2;66;66;66m██████[38;2;222;222;134m██████████[38;2;66;66;66m████████[38;2;0;4;0m██[38;2;0;0;0m            
[38;2;0;0;0m                  [38;2;0;4;0m██[38;2;189;189;69m██[38;2;0;4;0m██[38;2;44;63;81m██[38;2;79;122;162m██[38;2;44;63;81m██[38;2;79;122;162m██[38;2;57;70;89m██[38;2;181;189;93m██[38;2;189;187;66m████████[38;2;66;66;66m████[38;2;189;189;69m████████[38;2;66;66;66m██[38;2;222;222;134m████[38;2;66;66;66m██████[38;2;115;165;243m████████[38;2;0;4;0m██[38;2;0;0;0m            
[38;2;0;0;0m                  [38;2;0;4;0m██[38;2;189;189;69m██[38;2;66;66;66m██[38;2;74;123;162m██[38;2;66;66;66m██[38;2;74;123;162m████[38;2;66;66;58m██[38;2;176;176;93m██[38;2;189;187;66m████[38;2;115;133;131m██[38;2;82;78;50m██[38;2;115;165;243m██[38;2;66;66;66m██[38;2;115;133;131m██[38;2;82;78;50m██[38;2;66;66;66m████[38;2;222;222;134m████[38;2;57;70;73m██[38;2;107;173;251m██[38;2;123;162;177m██[38;2;74;127;186m██[38;2;103;119;115m████[38;2;0;4;0m████[38;2;0;0;0m              
[38;2;0;0;0m                [38;2;0;4;0m██[38;2;189;189;69m████[38;2;66;66;66m██[38;2;74;123;162m██[38;2;66;66;66m██[38;2;74;123;162m██[38;2;66;66;66m██[38;2;231;231;111m██[38;2;66;66;58m██[38;2;189;187;66m████[38;2;82;78;50m██[38;2;148;189;212m██[38;2;115;165;243m██[38;2;66;66;66m██[38;2;82;78;50m██[38;2;148;189;212m██[38;2;115;165;243m██[38;2;66;66;66m██[38;2;222;222;134m██[38;2;66;66;66m██[38;2;82;121;162m████[38;2;74;127;186m██[38;2;222;231;158m██[38;2;206;231;182m██[38;2;0;8;48m██[38;2;0;0;0m                  
[38;2;0;0;0m                [38;2;0;4;0m██[38;2;94;96;94m██[38;2;66;66;66m██[38;2;222;222;134m██[38;2;66;66;66m██[38;2;74;123;162m████[38;2;66;66;66m██[38;2;239;239;103m██[38;2;74;70;50m██[38;2;189;189;69m██[38;2;66;66;66m██[38;2;115;165;243m████[38;2;74;123;162m██[38;2;115;165;243m██████[38;2;66;66;66m██[38;2;222;222;134m██[38;2;225;225;134m████[38;2;222;222;134m████████[38;2;0;4;0m██[38;2;0;0;0m                    
[38;2;0;0;0m                [38;2;0;4;0m██[38;2;94;96;94m██[38;2;66;66;66m██[38;2;222;222;134m██[38;2;66;66;66m██[38;2;74;123;162m████[38;2;66;66;66m██[38;2;184;183;85m████[38;2;66;66;66m████[38;2;115;165;243m██[38;2;74;123;162m██[38;2;115;165;243m████[38;2;66;66;66m████[38;2;222;222;134m████[38;2;225;225;134m████[38;2;0;4;0m████████[38;2;0;0;0m                      
[38;2;0;0;0m                [38;2;16;4;0m██[38;2;53;65;77m██[38;2;222;222;134m████[38;2;247;206;143m██[38;2;74;61;66m██[38;2;98;110;90m██[38;2;57;70;89m██[38;2;96;96;93m██[38;2;222;222;134m██[38;2;66;66;66m██[38;2;115;165;243m████[38;2;74;123;162m██[38;2;115;165;243m████[38;2;66;66;66m██[38;2;222;222;134m██████[38;2;66;65;66m██[38;2;0;4;0m██[38;2;0;0;0m      [38;2;0;4;0m██[38;2;0;0;0m                      
[38;2;0;0;0m              [38;2;0;4;0m██[38;2;90;127;154m██[38;2;53;65;77m██[38;2;222;131;134m██[38;2;222;222;134m██[38;2;189;158;117m██[38;2;74;61;66m██[38;2;57;70;89m██[38;2;181;189;93m██[38;2;96;96;93m██[38;2;222;222;134m██[38;2;66;66;66m██[38;2;115;165;243m████████[38;2;66;66;66m██[38;2;222;222;134m████[38;2;66;66;66m████[38;2;0;4;0m██[38;2;0;0;0m      [38;2;0;4;0m██[38;2;222;222;134m██[38;2;0;4;0m██[38;2;0;0;0m                    
[38;2;0;0;0m            [38;2;0;8;48m██[38;2;103;119;115m██[38;2;109;121;104m██[38;2;57;66;81m██[38;2;222;131;134m████[38;2;66;66;66m██[38;2;189;189;69m██[38;2;165;156;53m████[38;2;99;99;83m██[38;2;222;231;118m██[38;2;66;66;66m████[38;2;115;165;243m████[38;2;66;66;66m██[38;2;222;222;134m██[38;2;214;231;150m██[38;2;57;66;81m██[38;2;66;66;66m██[38;2;189;189;69m██[38;2;0;4;0m██[38;2;0;0;0m  [38;2;0;0;8m████[38;2;222;222;134m████[38;2;0;4;0m██[38;2;0;0;0m            [38;2;0;4;0m██[38;2;0;0;0m  [38;2;0;4;0m████
[38;2;0;0;0m          [38;2;0;4;0m██[38;2;206;231;182m██[38;2;103;119;115m██[38;2;57;66;81m██[38;2;214;231;150m██[38;2;222;131;134m██[38;2;222;222;134m██[38;2;66;66;66m████[38;2;90;140;226m██[38;2;140;151;111m██[38;2;181;187;106m██[38;2;222;231;118m██[38;2;66;66;66m██[38;2;222;222;134m██[38;2;66;66;66m██[38;2;115;165;243m██[38;2;66;66;66m██[38;2;222;222;134m██[38;2;109;121;104m██[38;2;57;66;81m██[38;2;189;189;69m████[38;2;66;65;66m██[38;2;0;4;0m██[38;2;74;74;53m██[38;2;222;222;142m██[38;2;96;145;205m████[38;2;66;65;66m██[38;2;0;4;0m██[38;2;0;0;0m        [38;2;0;4;0m██[38;2;222;132;134m██[38;2;0;4;0m██[38;2;222;132;134m██[38;2;0;4;0m██
[38;2;0;0;0m          [38;2;0;4;0m██[38;2;222;222;134m██[38;2;74;74;50m██[38;2;222;222;134m██[38;2;222;131;134m██[38;2;206;146;118m██[38;2;239;214;151m██[38;2;222;222;134m████[38;2;66;66;66m████████[38;2;222;222;134m████[38;2;66;66;66m████[38;2;222;222;134m████[38;2;96;145;205m██[38;2;222;222;134m██[38;2;66;66;66m████[38;2;115;165;243m██[38;2;66;66;66m██[38;2;222;222;134m████[38;2;214;231;150m██[38;2;57;66;81m██[38;2;115;165;243m████[38;2;0;4;0m██[38;2;0;0;0m    [38;2;0;4;0m██[38;2;222;132;134m██[38;2;156;91;63m██[38;2;222;132;134m██[38;2;0;4;0m██[38;2;0;0;0m  
[38;2;0;0;0m            [38;2;0;0;8m██[38;2;222;222;134m██[38;2;222;131;134m████[38;2;173;78;85m██[38;2;206;146;118m██[38;2;222;131;134m██[38;2;222;222;134m██████████[38;2;115;165;243m████[38;2;66;66;66m████[38;2;222;222;134m██[38;2;74;123;162m██[38;2;96;145;205m██[38;2;222;222;134m████[38;2;66;66;66m██[38;2;115;165;243m██[38;2;66;66;66m██[38;2;222;222;134m██[38;2;66;66;66m██[38;2;57;66;81m██[38;2;109;121;104m██[38;2;74;123;162m██[38;2;115;165;243m████[38;2;0;4;0m████[38;2;66;65;66m██[38;2;222;132;134m██████[38;2;0;4;0m██[38;2;0;0;0m  
[38;2;0;0;0m            [38;2;0;0;8m██[38;2;222;222;142m██[38;2;173;78;85m██[38;2;206;146;118m██[38;2;222;132;134m████[38;2;132;109;84m██[38;2;231;222;135m██[38;2;192;193;173m██[38;2;66;70;58m██[38;2;66;66;66m██[38;2;170;192;191m██[38;2;173;198;189m██[38;2;63;69;63m██[38;2;123;165;243m██[38;2;52;60;81m██[38;2;222;222;142m██[38;2;107;121;112m██[38;2;167;170;183m██[38;2;57;66;73m██[38;2;33;66;97m██[38;2;154;176;191m██[38;2;115;165;246m████[38;2;33;70;105m██[38;2;102;124;142m██[38;2;107;165;251m██[38;2;66;66;66m██[38;2;74;123;162m████[38;2;66;66;66m████[38;2;225;132;134m████[38;2;222;132;134m████[38;2;0;4;0m██[38;2;0;0;0m    
[38;2;0;0;0m        [38;2;0;4;0m████[38;2;0;0;8m██[38;2;74;74;53m██[38;2;239;214;151m██[38;2;206;146;118m██[38;2;156;91;63m████[38;2;231;222;135m██[38;2;82;53;58m██[38;2;66;70;58m██[38;2;255;255;231m██[38;2;66;66;66m██[38;2;170;192;191m██[38;2;173;198;189m██[38;2;8;4;0m██[38;2;16;8;0m██[38;2;52;60;81m██[38;2;222;222;142m██[38;2;49;70;97m██[38;2;57;66;73m██[38;2;222;222;238m██[38;2;214;231;238m██[38;2;93;121;144m██[38;2;115;165;246m████[38;2;102;124;142m██[38;2;239;231;215m██[38;2;86;115;158m██[38;2;66;66;66m██████[38;2;222;132;134m████[38;2;225;132;134m████[38;2;0;4;0m████[38;2;0;0;0m      
[38;2;0;0;0m    [38;2;0;4;16m████[38;2;189;189;69m██[38;2;222;228;134m██[38;2;239;214;135m██[38;2;8;0;0m██[38;2;74;57;58m██[38;2;126;112;81m██[38;2;222;222;134m██[38;2;66;66;66m██[38;2;82;82;82m██[38;2;0;0;0m██[38;2;172;154;152m██[38;2;255;255;247m██[38;2;74;74;53m██[38;2;0;0;8m████[38;2;189;214;165m██[38;2;8;8;0m██[38;2;57;57;76m██[38;2;66;66;66m████[38;2;115;165;243m██[38;2;86;117;154m██[38;2;255;231;191m████[38;2;74;123;162m██[38;2;115;165;243m██[38;2;173;165;221m██[38;2;82;66;58m██[38;2;66;66;66m████[38;2;225;132;134m████[38;2;222;132;134m████[38;2;74;49;53m██[38;2;0;8;8m██[38;2;0;0;0m          
[38;2;0;0;0m  [38;2;0;4;0m██[38;2;110;122;83m██[38;2;165;181;117m██[38;2;189;189;69m██[38;2;222;228;134m██[38;2;8;0;0m██[38;2;123;107;67m██[38;2;74;57;58m██[38;2;231;222;127m██[38;2;66;66;66m████[38;2;82;82;82m██[38;2;247;247;247m██[38;2;255;255;247m██[38;2;90;53;58m██[38;2;0;0;8m██[38;2;222;222;142m██[38;2;126;143;113m██[38;2;0;0;8m██[38;2;82;82;114m██[38;2;57;57;76m██[38;2;115;165;243m██████[38;2;57;70;65m██[38;2;74;123;162m████[38;2;115;165;243m████[38;2;82;66;58m██[38;2;143;132;167m██[38;2;222;222;134m████[38;2;225;132;134m████[38;2;66;66;66m████[38;2;222;132;142m██[38;2;0;8;8m██[38;2;0;0;0m          
[38;2;0;8;0m██[38;2;115;173;243m██[38;2;115;165;243m██[38;2;74;123;162m██[38;2;190;188;67m██[38;2;148;137;55m██[38;2;148;143;63m██[38;2;66;66;66m██[38;2;255;231;191m██[38;2;66;66;66m██[38;2;252;231;194m████[38;2;66;66;66m████[38;2;0;8;0m████[38;2;222;222;134m██[38;2;74;123;162m██[38;2;123;165;243m██[38;2;8;8;0m██[38;2;99;74;67m██[38;2;115;165;243m██████[38;2;66;127;186m██[38;2;126;162;196m██[38;2;66;66;66m██[38;2;115;165;243m██[38;2;173;165;221m██[38;2;82;66;58m██[38;2;222;131;134m██[38;2;222;222;134m██[38;2;225;132;134m████[38;2;222;132;134m██[38;2;66;66;66m██[38;2;74;90;106m██[38;2;231;123;111m██[38;2;225;132;134m████[38;2;0;4;0m██[38;2;0;0;0m        
[38;2;0;8;0m██[38;2;77;118;162m██[38;2;74;123;162m████[38;2;190;188;67m████[38;2;189;181;61m██[38;2;66;66;66m██[38;2;255;231;191m████[38;2;252;231;194m████[38;2;255;231;191m██[38;2;66;66;66m██[38;2;77;118;162m██[38;2;115;173;243m██[38;2;74;123;162m██[38;2;222;222;134m██[38;2;8;8;0m██[38;2;46;60;81m██[38;2;99;74;67m████[38;2;115;165;243m██[38;2;74;123;162m██[38;2;247;231;215m██[38;2;66;127;186m██[38;2;66;66;66m██[38;2;115;165;243m██[38;2;82;66;58m██[38;2;143;132;167m██[38;2;222;222;134m██[38;2;222;131;134m██[38;2;225;132;134m████[38;2;66;66;66m████[38;2;74;90;106m██[38;2;152;106;108m██[38;2;225;132;134m████[38;2;0;4;0m██[38;2;0;0;0m        
[38;2;0;4;0m██[38;2;189;189;69m██[38;2;145;137;57m████[38;2;132;129;47m██[38;2;198;189;70m██[38;2;66;66;58m██[38;2;231;132;127m██[38;2;226;132;134m████[38;2;255;231;191m████[38;2;80;82;48m██[38;2;159;161;87m██[38;2;222;222;134m████[38;2;255;198;151m██[38;2;82;53;74m██[38;2;74;66;50m██[38;2;0;8;8m██[38;2;0;0;8m████[38;2;115;119;119m██[38;2;231;231;223m██[38;2;77;118;162m██[38;2;115;173;243m██[38;2;66;66;66m████[38;2;222;131;134m██[38;2;222;222;134m██[38;2;225;132;134m████[38;2;222;132;134m██[38;2;66;66;66m██[38;2;115;165;246m████[38;2;66;66;66m██[38;2;160;90;64m██[38;2;156;91;63m██[38;2;222;132;134m████[38;2;0;4;0m██[38;2;0;0;0m      
[38;2;0;4;0m██[38;2;189;189;69m██[38;2;222;222;134m████[38;2;0;8;0m████[38;2;148;99;92m██[38;2;66;66;58m██[38;2;226;132;134m██[38;2;255;231;191m████[38;2;66;66;66m██[38;2;0;4;8m██[38;2;239;239;127m██[38;2;222;222;134m██[38;2;222;131;134m██[38;2;197;150;125m████[38;2;222;181;134m████[38;2;189;214;165m██[38;2;126;143;113m██[38;2;0;8;16m████[38;2;0;8;0m████[38;2;0;4;0m██[38;2;66;66;66m██[38;2;222;131;134m████[38;2;225;132;134m████[38;2;222;132;134m██[38;2;66;66;66m██[38;2;115;165;246m████[38;2;66;66;66m██[38;2;160;90;64m██[38;2;156;91;63m████[38;2;222;132;134m████[38;2;0;4;0m██[38;2;0;0;0m    
[38;2;0;0;0m  [38;2;0;4;0m██[38;2;222;222;134m██[38;2;0;4;0m██[38;2;0;0;0m    [38;2;0;4;0m██[38;2;156;90;68m██[38;2;66;66;66m████████[38;2;0;8;0m██[38;2;77;118;162m██[38;2;115;165;243m██[38;2;222;222;134m██[38;2;239;214;151m██[38;2;176;165;133m██[38;2;222;131;134m██████[38;2;222;222;134m██[38;2;115;165;243m████[38;2;74;123;162m██[38;2;222;222;134m██[38;2;222;165;134m██[38;2;0;4;0m██████████[38;2;46;63;78m██[38;2;85;122;157m██[38;2;115;165;243m████[38;2;78;53;42m██[38;2;156;94;68m██[38;2;160;90;64m████[38;2;156;91;63m██[38;2;222;132;134m████[38;2;0;4;0m██[38;2;0;0;0m  
[38;2;0;0;0m    [38;2;0;4;0m██[38;2;0;0;0m        [38;2;0;4;0m██[38;2;160;90;64m████[38;2;66;66;66m██[38;2;74;123;162m██[38;2;115;173;243m██[38;2;0;8;0m██[38;2;222;222;134m████[38;2;112;115;115m██[38;2;49;66;97m██[38;2;222;222;134m████████████████[38;2;222;165;134m████[38;2;222;181;134m████[38;2;222;222;134m████[38;2;8;4;0m████[38;2;0;4;0m████[38;2;0;12;16m██[38;2;156;94;68m██[38;2;160;90;64m██[38;2;66;66;66m██[38;2;156;91;63m████[38;2;222;132;134m██[38;2;0;4;0m██[38;2;0;0;0m  
[38;2;0;0;0m              [38;2;0;4;0m██[38;2;159;89;63m████[38;2;160;90;64m██[38;2;66;66;66m██[38;2;123;165;243m██[38;2;8;8;0m██[38;2;222;222;134m██[38;2;74;123;162m██[38;2;123;165;243m██[38;2;8;8;0m██[38;2;0;4;0m████████[38;2;115;165;243m████[38;2;126;143;113m██[38;2;189;214;165m██[38;2;222;222;134m████[38;2;222;131;134m██████████[38;2;222;222;134m██[38;2;222;231;126m████[38;2;173;173;111m██[38;2;8;8;0m██[38;2;8;0;0m██[38;2;131;119;87m██[38;2;66;66;66m██[38;2;160;90;64m██[38;2;222;132;134m██[38;2;0;4;0m██[38;2;0;0;0m  
[38;2;0;0;0m                [38;2;0;4;0m██[38;2;159;89;63m██[38;2;160;90;64m████[38;2;46;60;81m██[38;2;8;8;0m██[38;2;222;222;134m██[38;2;74;123;162m██[38;2;8;8;0m██[38;2;46;60;81m██[38;2;0;4;0m██[38;2;0;0;0m  [38;2;0;4;0m██[38;2;222;132;134m██[38;2;0;4;0m████[38;2;0;0;8m████[38;2;0;4;0m██[38;2;222;222;134m██████████[38;2;222;131;134m████[38;2;206;140;102m██[38;2;211;170;110m██[38;2;255;255;167m████[38;2;255;239;175m██[38;2;8;0;0m██[38;2;66;66;66m██[38;2;160;90;64m██[38;2;0;4;0m██[38;2;0;0;0m    
[38;2;0;0;0m                  [38;2;0;4;0m████[38;2;156;90;68m██[38;2;53;65;77m██[38;2;90;127;154m██[38;2;0;4;0m██[38;2;222;222;134m██[38;2;0;5;0m████[38;2;0;0;0m      [38;2;0;4;0m██[38;2;66;61;66m██[38;2;192;163;149m██[38;2;222;132;134m██████[38;2;0;4;0m████████████[38;2;239;231;167m██[38;2;222;222;134m████[38;2;170;173;106m██[38;2;255;255;159m██[38;2;255;255;183m████[38;2;0;4;0m████[38;2;0;0;0m      
[38;2;0;0;0m                      [38;2;0;4;0m██[38;2;16;4;0m██[38;2;53;65;77m██[38;2;0;4;0m██[38;2;222;222;134m██[38;2;0;5;0m████[38;2;0;0;0m      [38;2;0;4;0m██[38;2;255;214;191m██[38;2;66;61;66m██[38;2;66;66;66m████[38;2;0;4;0m██[38;2;0;0;0m        [38;2;0;4;0m██[38;2;239;231;167m██[38;2;0;4;0m██████[38;2;0;8;0m████[38;2;0;4;0m████[38;2;0;0;0m          
[38;2;0;0;0m                          [38;2;0;4;0m██[38;2;143;139;127m██[38;2;0;4;0m████[38;2;0;0;0m        [38;2;0;4;0m██[38;2;252;231;194m████[38;2;255;231;191m██[38;2;0;4;0m██[38;2;0;0;0m          [38;2;0;4;0m██[38;2;165;155;133m██[38;2;247;231;199m██[38;2;0;4;0m██[38;2;0;0;0m                    
[38;2;0;0;0m                          [38;2;0;4;0m██[38;2;143;139;127m████[38;2;0;4;0m██[38;2;0;0;0m        [38;2;0;4;0m██[38;2;252;231;194m████[38;2;0;4;0m██[38;2;0;0;0m          [38;2;0;4;0m██[38;2;255;231;191m██[38;2;247;231;199m██[38;2;0;4;0m██[38;2;0;0;0m                      
[38;2;0;0;0m                        [38;2;0;4;0m██[38;2;66;66;66m██[38;2;140;140;132m████[38;2;0;4;0m██[38;2;0;0;0m        [38;2;0;4;0m██[38;2;252;231;194m████[38;2;0;4;0m██[38;2;0;0;0m        [38;2;0;4;0m██[38;2;66;65;66m██████[38;2;0;4;0m██[38;2;0;0;0m                      
[38;2;0;0;0m                      [38;2;0;4;0m██[38;2;66;66;66m████[38;2;70;72;66m██[38;2;0;4;0m██[38;2;0;0;0m          [38;2;0;4;0m██[38;2;252;231;194m████[38;2;0;4;0m██[38;2;0;0;0m          [38;2;0;4;0m██████[38;2;0;0;0m                        
[38;2;0;0;0m                        [38;2;0;4;0m██████[38;2;0;0;0m          ██[38;2;247;222;199m██[38;2;255;231;191m████[38;2;0;4;0m██[38;2;0;0;0m                                        
[38;2;0;0;0m                                      [38;2;0;4;0m██[38;2;82;74;66m████[38;2;255;231;191m██[38;2;0;4;0m██[38;2;0;0;0m                                          
[38;2;0;0;0m                                      [38;2;0;4;0m██[38;2;66;65;66m██████[38;2;0;4;0m██[38;2;0;0;0m                                          
[38;2;0;0;0m                                        [38;2;0;4;0m██████[38;2;0;0;0m                                            [0m
