
[38;2;0;0;0m                                                      [38;2;0;4;0m██[38;2;0;0;0m                                      
[38;2;0;0;0m                                      [38;2;0;4;0m██[38;2;0;0;0m            [38;2;0;4;0m██[38;2;90;99;186m██[38;2;0;4;0m██[38;2;0;0;0m                                    
[38;2;0;0;0m                                    [38;2;0;4;0m██[38;2;90;99;186m██[38;2;0;4;0m██[38;2;0;0;0m  [38;2;0;4;0m████[38;2;0;0;0m  [38;2;0;4;0m██[38;2;90;99;186m████[38;2;0;4;0m██[38;2;0;0;0m                                    
[38;2;0;0;0m                        [38;2;0;4;0m██[38;2;0;0;0m          [38;2;0;4;0m██[38;2;90;99;186m██[38;2;52;57;84m██[38;2;8;12;0m██[38;2;88;99;184m████[38;2;0;4;0m██[38;2;90;99;186m██[38;2;87;99;186m████[38;2;0;4;0m██[38;2;0;0;0m                                    
[38;2;0;0;0m                      [38;2;0;4;0m██[38;2;222;214;134m██[38;2;0;4;0m██[38;2;0;0;0m    [38;2;0;4;0m████[38;2;90;99;186m████[38;2;52;57;84m██[38;2;96;103;168m██[38;2;88;99;184m██[38;2;66;66;66m██[38;2;90;99;186m████[38;2;87;99;186m████[38;2;0;4;0m██[38;2;0;0;0m                                    
[38;2;0;0;0m                    [38;2;0;4;0m██[38;2;222;214;134m██[38;2;222;206;110m██[38;2;0;4;0m██[38;2;0;0;0m  [38;2;0;4;0m██[38;2;87;99;186m████[38;2;88;99;184m██[38;2;66;66;66m██[38;2;88;99;186m██[38;2;181;206;253m██[38;2;87;99;186m████████[38;2;90;99;186m██[38;2;0;4;0m██[38;2;0;0;0m                                      
[38;2;0;0;0m                [38;2;0;4;0m████[38;2;222;214;134m████[38;2;148;139;73m████[38;2;0;4;0m██[38;2;181;206;253m██[38;2;87;99;186m████[38;2;88;99;184m████[38;2;181;206;253m██[38;2;88;99;186m██[38;2;87;99;186m████████[38;2;90;99;186m██[38;2;0;4;0m██[38;2;0;0;0m                                      
[38;2;0;0;0m              [38;2;0;4;0m██[38;2;144;136;56m████[38;2;145;137;57m████[38;2;144;136;56m██[38;2;66;66;66m██[38;2;181;206;253m██[38;2;88;99;186m██[38;2;129;91;124m██[38;2;57;66;73m██[38;2;88;99;184m████[38;2;88;99;186m████[38;2;181;206;253m██[38;2;88;99;186m██[38;2;88;99;184m██[38;2;66;66;66m██[38;2;0;4;0m██[38;2;0;0;0m    [38;2;0;4;0m████████[38;2;0;0;0m              [38;2;0;4;0m████[38;2;0;0;0m          
[38;2;0;0;0m            [38;2;0;4;0m██[38;2;148;140;60m██[38;2;144;136;56m██[38;2;66;66;66m██[38;2;145;137;57m████[38;2;144;136;56m██[38;2;66;66;66m██[38;2;181;206;253m██[38;2;88;99;186m██[38;2;57;66;73m██[38;2;165;103;149m██[38;2;66;66;66m██[38;2;88;99;184m██[38;2;88;99;186m██[38;2;181;206;253m██[38;2;88;99;186m████[38;2;66;66;66m██[38;2;88;99;184m██[38;2;90;99;186m██[38;2;0;4;0m████[38;2;222;214;134m██[38;2;90;99;186m██████[38;2;0;4;0m████[38;2;0;0;0m  [38;2;0;4;0m████████[38;2;222;214;134m██[38;2;0;4;0m██[38;2;0;0;0m          
[38;2;0;0;0m            [38;2;0;4;0m██[38;2;148;139;57m██[38;2;66;66;66m██[38;2;192;181;69m██[38;2;66;66;66m██[38;2;144;136;56m████[38;2;66;66;66m██[38;2;129;91;124m██[38;2;57;66;73m██[38;2;198;94;110m████[38;2;74;78;106m████[38;2;87;99;186m████████[38;2;88;99;184m████[38;2;66;66;66m██[38;2;66;75;125m██[38;2;192;184;67m██[38;2;66;74;122m██[38;2;88;99;187m████[38;2;104;107;141m████[38;2;74;71;50m██[38;2;0;0;8m██[38;2;222;214;134m████[38;2;127;77;107m████[38;2;222;214;134m██[38;2;0;4;0m██[38;2;0;0;0m      [38;2;0;4;0m██[38;2;0;0;0m  
[38;2;0;0;0m        [38;2;0;4;0m██[38;2;0;0;0m  [38;2;0;4;0m██[38;2;148;139;57m██[38;2;66;66;66m██[38;2;192;181;69m██[38;2;66;66;66m██[38;2;144;136;56m██████[38;2;57;66;73m██[38;2;165;103;149m██[38;2;198;94;110m██[38;2;66;66;66m██[38;2;195;180;67m██[38;2;74;78;106m██[38;2;87;99;186m████████[38;2;88;99;184m██[38;2;66;66;66m██[38;2;66;75;125m████[38;2;66;74;122m██████[38;2;88;99;187m██[38;2;214;206;166m██[38;2;49;57;129m██[38;2;222;214;134m████[38;2;129;79;110m████[38;2;198;94;110m██[38;2;127;77;107m██[38;2;0;4;0m██[38;2;0;0;0m      [38;2;0;4;0m██[38;2;222;214;134m██[38;2;0;4;0m██
[38;2;0;0;0m      [38;2;0;4;0m██[38;2;189;181;69m██[38;2;0;4;16m██[38;2;145;137;57m████[38;2;66;66;74m██[38;2;189;181;77m██[38;2;192;181;69m██[38;2;66;66;66m██[38;2;144;136;56m██[38;2;66;66;66m██[38;2;140;70;108m██[38;2;170;115;117m██[38;2;167;124;82m██[38;2;74;61;74m██[38;2;192;181;69m██[38;2;66;66;66m██[38;2;88;99;184m████[38;2;66;66;66m████████[38;2;66;75;125m████[38;2;66;74;122m████[38;2;192;184;67m████[38;2;66;66;66m██[38;2;222;214;134m██[38;2;231;206;135m██[38;2;140;70;108m██[38;2;198;94;110m████[38;2;137;107;87m██[38;2;0;8;8m██[38;2;0;0;0m    [38;2;0;4;0m████[38;2;225;211;134m████[38;2;0;4;0m██
[38;2;0;0;0m      [38;2;0;4;0m██[38;2;189;181;69m██[38;2;63;63;34m██[38;2;145;137;57m████[38;2;66;66;74m██[38;2;107;104;75m██[38;2;192;181;69m██[38;2;66;66;66m██[38;2;144;136;56m██[38;2;66;66;66m██[38;2;231;206;135m██[38;2;140;70;108m██[38;2;74;61;74m██[38;2;214;156;86m██[38;2;192;181;69m██[38;2;66;66;66m██[38;2;88;99;184m██[38;2;66;66;66m██[38;2;127;78;107m████[38;2;66;66;66m██[38;2;222;214;134m██[38;2;66;66;66m██[38;2;66;75;125m██[38;2;66;74;122m██[38;2;192;184;67m██[38;2;66;74;122m████[38;2;66;66;66m██[38;2;222;214;134m██[38;2;140;70;108m██[38;2;170;115;117m██[38;2;198;94;110m██[38;2;127;77;107m██[38;2;69;57;47m██[38;2;137;107;87m██[38;2;0;4;0m████[38;2;222;214;134m████[38;2;225;211;134m████[38;2;0;4;0m██
[38;2;0;0;0m      [38;2;0;4;0m██[38;2;192;181;67m████[38;2;66;66;66m██[38;2;144;136;56m██[38;2;66;66;66m██[38;2;94;99;94m██[38;2;193;181;69m██[38;2;222;214;134m██[38;2;66;66;66m██[38;2;222;214;134m██[38;2;231;206;135m██[38;2;140;70;108m██[38;2;66;66;66m██[38;2;94;99;94m██[38;2;192;181;69m██[38;2;66;66;66m████[38;2;127;78;107m████[38;2;66;66;66m██[38;2;145;137;57m██[38;2;222;214;134m██[38;2;66;66;66m████[38;2;66;75;125m████[38;2;66;74;106m████[38;2;222;214;134m██[38;2;129;79;110m██[38;2;198;94;110m████[38;2;129;79;110m██[38;2;222;214;134m██[38;2;145;137;57m████[38;2;222;214;134m████[38;2;127;77;107m████[38;2;222;214;134m██[38;2;0;4;0m██[38;2;0;0;0m  
[38;2;0;0;0m      [38;2;0;4;0m██[38;2;192;181;67m████[38;2;66;66;66m██[38;2;144;136;56m██[38;2;66;66;66m██[38;2;94;99;94m██[38;2;193;181;69m██[38;2;222;214;134m██[38;2;66;66;66m██[38;2;222;214;134m██[38;2;140;70;108m██[38;2;170;115;117m██[38;2;66;66;66m██[38;2;94;99;94m██[38;2;192;181;69m██[38;2;66;66;66m██[38;2;127;78;107m██████[38;2;66;66;66m██[38;2;222;214;134m████[38;2;66;66;66m██[38;2;192;181;69m██[38;2;66;66;66m████[38;2;66;74;106m██[38;2;222;214;134m████[38;2;129;79;110m██[38;2;198;94;110m██[38;2;127;77;107m██[38;2;222;214;134m████████[38;2;129;79;110m████[38;2;198;94;110m██[38;2;127;77;107m██[38;2;222;214;134m██[38;2;0;4;0m██[38;2;0;0;0m  
[38;2;0;0;0m        [38;2;0;0;8m██[38;2;189;173;85m██[38;2;189;181;69m██[38;2;74;68;71m██[38;2;74;82;125m██[38;2;206;198;102m██[38;2;179;166;104m██[38;2;74;70;58m██[38;2;222;214;134m████[38;2;121;107;97m██[38;2;66;57;74m██[38;2;189;181;61m██[38;2;112;118;128m██[38;2;192;181;69m██[38;2;66;66;66m██[38;2;121;107;97m██[38;2;66;57;74m██[38;2;66;66;66m██[38;2;222;214;134m██████[38;2;66;66;66m██[38;2;192;181;69m██[38;2;176;171;93m██[38;2;231;222;111m██[38;2;225;211;134m████[38;2;231;206;135m██[38;2;140;70;108m██[38;2;198;94;110m██[38;2;127;77;107m██████████[38;2;198;94;110m████[38;2;123;101;94m██[38;2;222;206;134m██[38;2;0;4;0m██[38;2;0;0;0m    
[38;2;0;0;0m        [38;2;0;0;8m██[38;2;94;86;46m██[38;2;74;68;71m████[38;2;206;198;102m██[38;2;74;82;125m██[38;2;231;214;127m████[38;2;85;99;183m██[38;2;222;214;134m██[38;2;66;57;74m██[38;2;231;206;143m██[38;2;74;86;162m██[38;2;189;181;61m██[38;2;192;181;69m██[38;2;66;66;66m██[38;2;66;57;74m██[38;2;231;206;143m██[38;2;222;214;134m██████[38;2;66;66;66m██[38;2;192;181;69m████[38;2;66;70;58m████[38;2;225;211;134m████[38;2;140;70;108m██[38;2;170;115;117m██[38;2;198;94;110m████████████[38;2;127;77;107m████[38;2;222;206;134m██[38;2;74;49;74m██[38;2;0;4;0m██[38;2;0;0;0m    
[38;2;0;0;0m    [38;2;0;4;0m████[38;2;192;184;67m██[38;2;99;74;75m██[38;2;127;78;107m██[38;2;66;66;66m██[38;2;222;214;134m████[38;2;85;99;183m████████████[38;2;222;214;134m████[38;2;127;77;107m██[38;2;198;94;110m██[38;2;127;77;107m████[38;2;129;79;110m██[38;2;222;214;134m██[38;2;231;222;111m██[38;2;66;70;58m██[38;2;66;66;66m████[38;2;192;181;67m████[38;2;66;64;71m██[38;2;132;79;95m██[38;2;198;97;107m████[38;2;198;94;110m████[38;2;170;115;117m██[38;2;140;70;108m██[38;2;129;79;110m████[38;2;222;214;134m████[38;2;66;66;66m██[38;2;74;81;125m██[38;2;66;75;125m██[38;2;0;4;0m██[38;2;0;0;0m  
[38;2;0;0;0m    [38;2;0;4;0m██[38;2;189;181;69m██[38;2;192;184;67m██[38;2;99;74;75m██[38;2;127;78;107m████[38;2;66;66;66m██[38;2;222;214;134m████[38;2;85;99;183m██[38;2;222;214;134m████████[38;2;66;66;66m████[38;2;198;94;110m████████[38;2;129;79;110m██[38;2;222;214;134m██[38;2;66;70;58m██[38;2;176;171;93m██[38;2;192;181;69m████[38;2;192;181;67m████[38;2;66;64;71m██[38;2;198;94;118m██[38;2;198;97;107m████[38;2;127;77;107m████[38;2;140;70;108m██[38;2;231;206;135m██[38;2;222;214;134m████[38;2;66;66;66m████[38;2;82;96;183m██[38;2;66;66;66m██[38;2;66;75;125m████[38;2;0;4;0m██
[38;2;0;0;0m    [38;2;0;8;16m██[38;2;198;189;78m██[38;2;192;184;67m██[38;2;99;74;75m██[38;2;127;78;107m████[38;2;66;66;66m████[38;2;222;214;134m██████[38;2;66;66;66m██[38;2;66;52;50m████[38;2;255;255;255m██[38;2;66;66;66m██[38;2;198;94;110m████████[38;2;129;79;110m██[38;2;222;214;134m██[38;2;66;66;66m████[38;2;206;173;70m██[38;2;140;74;108m██[38;2;121;90;86m██[38;2;198;173;78m██[38;2;74;49;74m██[38;2;123;101;94m██[38;2;129;79;110m████[38;2;225;211;134m████[38;2;222;214;134m████[38;2;222;214;126m██[38;2;66;66;50m██[38;2;88;99;184m████[38;2;87;99;186m████[38;2;66;65;66m██[38;2;0;4;0m████
[38;2;0;0;0m  [38;2;0;4;0m██[38;2;132;129;57m██[38;2;66;68;37m██[38;2;192;184;67m██[38;2;99;74;75m██[38;2;127;78;107m██[38;2;66;66;66m██[38;2;192;181;69m████[38;2;222;214;134m██[38;2;145;137;57m██[38;2;66;66;66m████[38;2;0;24;16m██[38;2;198;107;118m██[38;2;255;255;255m██[38;2;66;66;66m██[38;2;77;81;127m████[38;2;198;94;110m██[38;2;127;77;107m██[38;2;222;214;134m██████[38;2;66;66;66m██[38;2;140;74;108m██[38;2;162;107;95m██[38;2;121;90;86m██[38;2;82;49;90m██[38;2;222;206;134m████[38;2;222;214;134m████[38;2;225;211;134m████[38;2;222;214;134m██[38;2;145;137;57m██[38;2;144;140;88m██[38;2;222;214;126m██[38;2;66;66;66m██[38;2;88;99;184m██[38;2;87;99;186m████[38;2;0;4;0m██[38;2;0;0;0m    
[38;2;0;0;0m  [38;2;0;4;0m██[38;2;144;136;56m██[38;2;66;66;66m██[38;2;192;181;69m████[38;2;74;68;71m████[38;2;74;70;58m██[38;2;231;214;127m██[38;2;144;140;88m██[38;2;222;214;126m██[38;2;222;214;134m██[38;2;66;66;66m██[38;2;255;255;199m██[38;2;195;193;149m██[38;2;77;81;127m████[38;2;66;66;66m██[38;2;198;94;110m██[38;2;170;115;117m██[38;2;140;70;108m██[38;2;225;211;134m████[38;2;66;64;71m██[38;2;198;94;118m██[38;2;162;107;95m██[38;2;140;74;108m██[38;2;198;173;78m██[38;2;74;57;74m██[38;2;222;214;134m████████[38;2;145;137;57m████[38;2;156;126;100m██[38;2;222;214;118m██[38;2;222;214;134m████[38;2;41;45;62m██[38;2;90;103;186m██[38;2;87;99;186m████[38;2;90;99;186m██[38;2;0;4;0m██[38;2;0;0;0m  
[38;2;0;4;0m██[38;2;148;140;60m██[38;2;144;136;56m████[38;2;66;66;66m██[38;2;192;181;69m██[38;2;189;181;69m██[38;2;74;68;71m██[38;2;179;166;104m██[38;2;231;214;127m██[38;2;222;214;126m██[38;2;66;66;50m██[38;2;66;66;66m████[38;2;74;70;50m████[38;2;198;94;110m████████[38;2;140;70;108m██[38;2;231;206;135m██[38;2;225;211;134m████[38;2;66;64;71m██[38;2;132;79;95m██[38;2;140;74;108m██[38;2;206;173;70m██[38;2;74;57;74m██[38;2;115;96;75m██[38;2;66;66;66m██[38;2;222;214;134m██[38;2;145;137;57m██[38;2;222;214;134m██████[38;2;123;82;91m████[38;2;222;214;134m██[38;2;66;66;66m██[38;2;65;74;124m██[38;2;16;16;0m██[38;2;87;99;186m████[38;2;90;99;186m██[38;2;0;4;0m██[38;2;0;0;0m  
[38;2;0;4;0m██[38;2;148;139;79m██[38;2;222;214;134m██[38;2;145;137;57m██[38;2;66;66;66m██[38;2;192;181;69m██[38;2;66;66;66m██[38;2;192;181;69m██[38;2;222;214;134m████████[38;2;66;66;66m██[38;2;222;222;222m██[38;2;66;66;66m██[38;2;198;94;110m██[38;2;170;115;117m██[38;2;140;70;108m██[38;2;129;79;110m████[38;2;225;211;134m████[38;2;231;222;111m██[38;2;66;70;58m██[38;2;192;181;69m████[38;2;198;173;78m██[38;2;74;57;74m██[38;2;127;78;107m████[38;2;66;66;50m██[38;2;144;140;88m██[38;2;222;214;134m████[38;2;127;77;107m████[38;2;198;94;118m██[38;2;132;79;97m██[38;2;66;66;66m██[38;2;66;75;125m██[38;2;0;4;0m██[38;2;0;0;0m  [38;2;0;4;0m██[38;2;90;99;186m██[38;2;87;99;186m████[38;2;0;4;0m██
[38;2;0;4;0m██[38;2;222;206;118m██[38;2;222;214;134m██[38;2;145;137;57m██[38;2;66;66;66m████[38;2;192;181;69m██[38;2;66;66;66m██[38;2;222;214;134m██[38;2;66;66;66m██████[38;2;222;222;222m██[38;2;66;66;66m██[38;2;198;94;110m████[38;2;140;70;108m██[38;2;231;206;135m██[38;2;222;214;134m████[38;2;225;211;134m████[38;2;66;70;58m██[38;2;176;171;93m██[38;2;192;181;69m██[38;2;66;66;66m██[38;2;74;57;74m██[38;2;115;96;75m██[38;2;127;78;107m██[38;2;66;66;66m██[38;2;222;214;126m████[38;2;129;79;110m████[38;2;198;94;110m████[38;2;132;79;97m██[38;2;66;64;77m██[38;2;66;66;66m██[38;2;66;75;125m██[38;2;66;72;126m██[38;2;0;4;0m██[38;2;0;0;0m  [38;2;0;4;0m██[38;2;87;99;186m████[38;2;0;4;0m██
[38;2;0;4;0m██[38;2;222;214;134m██[38;2;0;4;0m██[38;2;66;65;66m██[38;2;144;136;56m██[38;2;66;66;66m██[38;2;189;181;69m████[38;2;74;70;66m██[38;2;85;100;183m██[38;2;222;222;222m████[38;2;66;66;66m████[38;2;198;94;110m████[38;2;148;66;108m██[38;2;231;206;135m██[38;2;198;94;110m████[38;2;222;214;134m████[38;2;66;66;66m██[38;2;192;181;69m██[38;2;66;66;66m██[38;2;127;78;107m██[38;2;121;107;97m██[38;2;66;57;74m██[38;2;74;49;74m██[38;2;222;206;134m██[38;2;231;206;135m██[38;2;140;70;108m██[38;2;198;94;110m████[38;2;121;107;97m██[38;2;66;57;74m██[38;2;66;66;66m██[38;2;222;214;134m████[38;2;66;70;82m██[38;2;66;75;125m██[38;2;0;4;0m██[38;2;0;0;0m  [38;2;0;4;0m██[38;2;90;99;186m██[38;2;0;4;0m██[38;2;0;0;0m  
[38;2;0;0;0m  [38;2;0;4;0m██[38;2;0;0;0m  [38;2;0;4;0m██[38;2;144;136;56m████[38;2;0;4;0m██[38;2;189;181;69m██[38;2;74;70;66m████[38;2;66;66;66m██████[38;2;198;94;110m████[38;2;127;77;107m██[38;2;231;206;135m██[38;2;176;113;117m██[38;2;198;94;110m██[38;2;222;214;134m████[38;2;66;66;66m██[38;2;192;181;69m████[38;2;66;66;66m████[38;2;66;57;74m██[38;2;231;206;143m██[38;2;222;206;134m██[38;2;123;101;94m██[38;2;140;70;108m██[38;2;170;115;117m██[38;2;198;94;110m██[38;2;127;77;107m██[38;2;66;57;74m██[38;2;231;206;143m██[38;2;222;214;134m████[38;2;66;70;82m████[38;2;66;75;125m██[38;2;0;4;0m██[38;2;0;0;0m  [38;2;0;4;0m██[38;2;90;99;186m██[38;2;0;4;0m██[38;2;0;0;0m  
[38;2;0;0;0m    [38;2;0;4;0m██[38;2;148;139;57m██[38;2;148;140;60m██[38;2;0;4;0m██[38;2;0;0;0m  [38;2;0;4;0m██[38;2;192;184;67m██[38;2;99;74;75m██[38;2;132;78;108m██[38;2;66;70;66m██[38;2;127;77;107m██[38;2;198;94;110m██[38;2;148;61;100m██[38;2;239;206;135m██[38;2;198;94;110m████[38;2;222;214;134m████[38;2;66;66;66m██[38;2;192;181;69m██[38;2;198;173;78m██[38;2;74;57;74m██[38;2;66;57;74m██[38;2;231;206;143m████[38;2;121;107;97m██[38;2;132;79;95m██[38;2;198;94;118m██[38;2;198;94;110m██[38;2;127;77;107m██[38;2;198;94;110m██[38;2;127;77;107m██[38;2;225;211;134m████[38;2;222;206;142m██[38;2;74;69;58m██[38;2;66;75;125m████[38;2;0;4;0m██[38;2;0;0;0m      [38;2;0;4;0m██[38;2;0;0;0m    
[38;2;0;0;0m    [38;2;0;4;0m██[38;2;148;139;57m██[38;2;0;4;0m██[38;2;0;0;0m    [38;2;0;4;0m██[38;2;192;184;67m████[38;2;88;73;80m██[38;2;132;78;108m██[38;2;198;94;110m████[38;2;178;109;112m████[38;2;198;94;110m██[38;2;222;214;134m██[38;2;66;66;66m████[38;2;192;181;69m████[38;2;74;57;74m██[38;2;115;96;75m██[38;2;121;107;97m██[38;2;66;57;74m██████[38;2;66;64;71m████[38;2;127;77;107m██[38;2;198;94;110m████[38;2;127;77;107m██[38;2;225;211;134m████[38;2;0;0;16m██[38;2;74;69;58m██[38;2;66;75;125m████[38;2;0;4;0m██[38;2;0;0;0m            
[38;2;0;0;0m      [38;2;0;4;0m██[38;2;0;0;0m        [38;2;0;4;0m██[38;2;189;181;69m██[38;2;192;184;67m██[38;2;99;74;75m██[38;2;170;115;117m██[38;2;140;70;108m██[38;2;222;214;134m████[38;2;247;198;135m██[38;2;74;57;66m██[38;2;129;76;110m██[38;2;189;181;69m██[38;2;192;181;69m████[38;2;66;66;66m████[38;2;115;91;104m████[38;2;121;107;97m██[38;2;66;57;74m██[38;2;222;214;134m████[38;2;127;77;107m██[38;2;198;94;110m██[38;2;121;107;97m██[38;2;231;206;143m██[38;2;74;74;71m██[38;2;0;0;0m██  [38;2;0;4;0m██[38;2;66;72;126m██[38;2;0;4;0m██[38;2;0;0;0m              
[38;2;0;0;0m                  [38;2;0;4;0m██[38;2;192;184;67m████[38;2;140;70;108m██[38;2;231;206;135m██[38;2;222;214;134m██[38;2;66;66;66m██[38;2;74;57;66m██[38;2;160;127;100m██[38;2;129;76;110m████[38;2;192;181;69m██[38;2;66;66;66m████[38;2;66;75;125m██[38;2;156;132;140m██[38;2;74;49;69m██[38;2;66;57;74m██[38;2;231;206;143m██[38;2;129;79;110m████[38;2;198;94;110m██[38;2;127;77;107m██[38;2;66;57;74m████[38;2;222;222;214m██[38;2;0;0;0m██    [38;2;0;4;0m██[38;2;0;0;0m                
[38;2;0;0;0m                  [38;2;0;4;0m██[38;2;74;57;74m██[38;2;198;173;78m██[38;2;222;214;134m████[38;2;74;53;82m██[38;2;198;181;70m██[38;2;127;77;107m██[38;2;198;94;110m██[38;2;162;133;77m██[38;2;206;173;78m██[38;2;66;66;66m██[38;2;144;136;56m██[38;2;66;66;66m██[38;2;66;75;125m██[38;2;66;66;66m██[38;2;214;206;150m██[38;2;127;76;107m████[38;2;198;103;126m██[38;2;132;71;87m██[38;2;0;4;0m██████[38;2;222;222;214m██[38;2;222;222;222m██[38;2;0;4;0m██[38;2;0;0;0m                      
[38;2;0;0;0m                  [38;2;0;4;0m██[38;2;115;96;75m██[38;2;74;57;74m██[38;2;66;66;66m████[38;2;198;181;70m██[38;2;115;96;78m██[38;2;198;94;110m██[38;2;127;77;107m██[38;2;206;173;78m██[38;2;74;53;74m██[38;2;144;136;56m██[38;2;66;66;66m██[38;2;66;75;125m████[38;2;165;159;122m██[38;2;66;66;66m██[38;2;0;4;0m████[38;2;0;8;8m████[38;2;0;0;0m    [38;2;0;4;0m██[38;2;148;149;143m██[38;2;222;222;222m██[38;2;0;4;0m██[38;2;0;0;0m                      
[38;2;0;0;0m                    [38;2;0;8;0m██[38;2;123;82;107m██[38;2;192;181;67m████[38;2;148;70;116m██[38;2;165;107;101m██[38;2;115;96;78m██[38;2;198;181;70m██[38;2;82;61;90m██[38;2;148;132;60m██[38;2;107;103;35m██[38;2;93;95;83m██[38;2;66;66;66m██[38;2;121;126;163m██[38;2;148;148;140m██[38;2;0;0;0m██          [38;2;0;4;0m██[38;2;222;222;222m████[38;2;0;4;0m██[38;2;0;0;0m                        
[38;2;0;0;0m                    [38;2;0;8;0m██[38;2;82;57;71m██[38;2;192;181;67m████[38;2;198;181;70m██████[38;2;74;53;82m██[38;2;104;85;80m██[38;2;148;132;60m██[38;2;93;95;83m██[38;2;66;78;178m██[38;2;121;126;163m██[38;2;66;66;66m██[38;2;148;148;140m██[38;2;74;74;70m██[38;2;0;4;0m██[38;2;0;0;0m      [38;2;0;4;0m██[38;2;66;65;66m██[38;2;66;66;66m████[38;2;0;4;0m██[38;2;0;0;0m                        
[38;2;0;0;0m                      [38;2;0;4;0m██[38;2;66;66;66m██[38;2;189;181;61m██[38;2;189;181;69m██[38;2;74;68;71m██[38;2;66;66;66m██[38;2;144;136;56m██[38;2;127;76;107m██[38;2;0;4;0m████[38;2;90;99;186m██[38;2;87;99;186m████[38;2;49;55;89m██[38;2;90;103;178m██[38;2;0;4;0m██[38;2;0;0;0m        [38;2;0;4;0m██████[38;2;0;0;0m                          
[38;2;0;0;0m                      [38;2;0;4;0m██[38;2;148;143;63m██[38;2;66;66;66m██[38;2;74;68;71m████[38;2;144;136;56m████[38;2;0;4;0m██[38;2;0;0;0m    [38;2;0;4;0m██[38;2;87;99;186m████[38;2;90;103;178m██[38;2;8;8;0m██[38;2;0;0;0m                                          
[38;2;0;0;0m                        [38;2;0;4;0m██[38;2;148;140;60m██[38;2;110;77;94m████[38;2;148;140;60m██[38;2;0;4;0m██[38;2;0;0;0m    [38;2;0;4;0m██[38;2;66;65;66m██[38;2;66;66;66m██[38;2;88;99;184m██[38;2;0;4;0m██[38;2;0;0;0m                                            
[38;2;0;0;0m                          [38;2;0;4;0m██[38;2;145;137;57m████[38;2;0;4;0m██[38;2;0;0;0m      [38;2;0;4;0m██[38;2;66;65;66m██[38;2;66;66;66m████[38;2;0;4;0m██[38;2;0;0;0m                                            
[38;2;0;0;0m                            [38;2;0;4;0m████[38;2;0;0;0m          [38;2;0;4;0m██████[38;2;0;0;0m                                              [0m
